0.0 0
0.0001056 4294967295
0.000346797 4294967295
0.000815421 4294967295
0.000851469 4294967295
0.00175267 4294967295
0.00178872 4294967295
0.00182476 4294967295
0.00186081 4294967295
0.00362716 4294967295
0.00362716 13140
0.00366321 13140
0.00369926 13140
0.00373531 13140
0.00377136 13140
0.0038074 13140
0.00384345 13140
0.0038795 13140
0.00615052 13140
0.00615052 13140
0.00615052 14158
0.00625886 5110
0.00625886 5110
0.00994758 5110
0.0099596 5110
0.00997161 5110
0.01175 5110
0.011762 5110
0.011774 5110
0.011798 5110
0.011798 5110
0.011798 7284
0.013264 7284
0.013288 7284
0.0133 7284
0.0133241 7284
0.0149823 7284
0.0150063 7284
0.0150303 7284
0.0150424 7284
0.0150664 7284
0.0168327 7284
0.0168327 7284
0.0168327 9525
0.0168568 9525
0.0168808 9525
0.0168928 9525
0.0169048 9525
0.0169289 9525
0.0189476 9525
0.0189476 9525
0.0189476 10297
0.0189716 10297
0.0189956 10297
0.0190076 10297
0.0190197 10297
0.0190437 10297
0.0190557 10297
0.0212667 10297
0.0212667 10297
0.0212667 10486
0.0212907 10486
0.0213267 10486
0.0213387 10486
0.0213508 10486
0.0213748 10486
0.0213868 10486
0.0236578 10486
0.0236578 10486
0.0236578 10341
0.0236939 10341
0.0237299 10341
0.0237419 10341
0.023754 10341
0.023778 10341
0.02379 10341
0.026061 10341
0.026061 10341
0.026061 9957
0.0260971 9957
0.0261331 9957
0.0261451 9957
0.0261572 9957
0.0261812 9957
0.0261932 9957
0.0284042 9957
0.0284042 9957
0.0284042 9420
0.0284642 9420
0.0284883 9420
0.0285003 9420
0.0285243 9420
0.0285363 9420
0.0285483 9420
0.0306752 9420
0.0306752 9420
0.0306752 8811
0.0307473 8811
0.0307593 8811
0.0307833 8811
0.0307953 8811
0.0308074 8811
0.0308314 8811
0.032778 8811
0.032778 8811
0.032778 8002
0.0328621 8002
0.0328861 8002
0.0328981 8002
0.0329102 8002
0.0329342 8002
0.0347366 8002
0.0347366 8002
0.0347366 7149
0.0348327 7149
0.0348447 7149
0.0348567 7149
0.0348808 7149
0.0348928 7149
0.0365029 7149
0.0365991 7149
0.0366111 7149
0.0366351 7149
0.0366471 7149
0.0381972 7149
0.0382212 7149
0.0383053 7149
0.0383294 7149
0.0383534 7149
0.0383654 7149
0.0401798 7149
0.0401798 7149
0.0401798 8504
0.0402039 8504
0.040288 8504
0.040312 8504
0.040324 8504
0.0403481 8504
0.0403601 8504
0.0421144 8504
0.0421144 8504
0.0421144 7574
0.0422105 7574
0.0422346 7574
0.0422586 7574
0.0422826 7574
0.0422947 7574
0.0438327 7574
0.0439288 7574
0.0439529 7574
0.0439769 7574
0.0439889 7574
0.0440129 7574
0.0454549 7574
0.045563 7574
0.0455991 7574
0.0456231 7574
0.0456351 7574
0.0456591 7574
0.0456832 7574
0.0473173 7574
0.0473173 7574
0.0473173 9025
0.0474495 9025
0.0474856 9025
0.0475216 9025
0.0475336 9025
0.0475577 9025
0.0475817 9025
0.049312 9025
0.049312 9025
0.049312 7949
0.0494562 7949
0.0494922 7949
0.0495043 7949
0.0495283 7949
0.0495523 7949
0.0495763 7949
0.0510783 7949
0.0512346 7949
0.0512586 7949
0.0512706 7949
0.0512826 7949
0.0513067 7949
0.0527966 7949
0.0529889 7949
0.0530129 7949
0.0530249 7949
0.053037 7949
0.053061 7949
0.053073 7949
0.0546711 7949
0.0546711 7949
0.0546711 9387
0.0549115 9387
0.0549355 9387
0.0549595 9387
0.0549715 9387
0.0549956 9387
0.0550076 9387
0.0550316 9387
0.0566538 9387
0.0566538 9387
0.0566538 8255
0.0568821 8255
0.0568941 8255
0.0569061 8255
0.0569181 8255
0.0569301 8255
0.0569422 8255
0.0583721 8255
0.0585883 8255
0.0586004 8255
0.0586124 8255
0.0586244 8255
0.0586364 8255
0.0600783 8255
0.0603307 8255
0.0603427 8255
0.0603547 8255
0.0603667 8255
0.0603787 8255
0.0604028 8255
0.062049 8255
0.062049 8255
0.062049 9474
0.0623373 9474
0.0623494 9474
0.0623614 9474
0.0623734 9474
0.0623854 9474
0.0624094 9474
0.0624215 9474
0.0638994 9474
0.0638994 9474
0.0638994 8418
0.0641758 8418
0.0641878 8418
0.0641998 8418
0.0642239 8418
0.0642359 8418
0.0642479 8418
0.0655937 8418
0.065846 8418
0.065858 8418
0.0658821 8418
0.0658941 8418
0.0659061 8418
0.067324 8418
0.0676244 8418
0.0676364 8418
0.0676604 8418
0.0676724 8418
0.0676845 8418
0.0676965 8418
0.0693186 8418
0.0693186 8418
0.0693186 9549
0.0696671 9549
0.0696791 9549
0.0697031 9549
0.0697152 9549
0.0697272 9549
0.0697392 9549
0.0697632 9549
0.0712051 9549
0.0712051 9549
0.0712051 8410
0.0715296 8410
0.0715416 8410
0.0715536 8410
0.0715656 8410
0.0715776 8410
0.0715897 8410
0.0728874 8410
0.0731998 8410
0.0732118 8410
0.0732238 8410
0.0732359 8410
0.0732479 8410
0.0746537 8410
0.0750262 8410
0.0750262 8410
0.0750262 8576
0.0750383 8576
0.0750503 8576
0.0750623 8576
0.0750743 8576
0.0750983 8576
0.0766844 8576
0.077093 8576
0.077093 8576
0.077093 7473
0.077105 7473
0.077117 7473
0.077129 7473
0.0771531 7473
0.0784989 7473
0.0788834 7473
0.0788954 7473
0.0789074 7473
0.0789314 7473
0.080085 7473
0.080109 7473
0.0804815 7473
0.0804935 7473
0.0805055 7473
0.0805296 7473
0.0818754 7473
0.0818994 7473
0.082356 7473
0.082356 7473
0.082356 8718
0.082368 8718
0.08238 8718
0.0824041 8718
0.0824161 8718
0.0839421 8718
0.0839661 8718
0.0843747 8718
0.0843747 8718
0.0843747 7613
0.0843867 7613
0.0843987 7613
0.0844107 7613
0.0857325 7613
0.0857565 7613
0.086141 7613
0.0861531 7613
0.0861651 7613
0.0873667 7613
0.0873907 7613
0.0874027 7613
0.0877992 7613
0.0878113 7613
0.0878233 7613
0.0891691 7613
0.0891931 7613
0.0892051 7613
0.0892291 7613
0.0892291 7613
0.0892291 8931
0.0896617 8931
0.0896737 8931
0.0896858 8931
0.0912478 8931
0.0912719 8931
0.0912839 8931
0.0913079 8931
0.0913079 8931
0.0913079 7869
0.0916444 7869
0.0916564 7869
0.0930623 7869
0.0930863 7869
0.0930983 7869
0.0931223 7869
0.0931343 7869
0.0931343 7869
0.0931343 7055
0.0946964 7055
0.0947205 7055
0.0947445 7055
0.0947685 7055
0.0947805 7055
0.0947926 7055
0.0965469 7055
0.0965469 7055
0.0965469 6668
0.0965709 6668
0.096607 6668
0.096631 6668
0.096643 6668
0.0985776 6668
0.0985776 6668
0.0985776 5938
0.0986257 5938
0.0986377 5938
0.0986497 5938
0.0986737 5938
0.100368 5938
0.100404 5938
0.100416 5938
0.100428 5938
0.102026 5938
0.10205 5938
0.102074 5938
0.102086 5938
0.102098 5938
0.103913 5938
0.103913 5938
0.103913 7296
0.103937 7296
0.103961 7296
0.103985 7296
0.103997 7296
0.104009 7296
0.105871 7296
0.105871 7296
0.105871 6548
0.105895 6548
0.105919 6548
0.105931 6548
0.105943 6548
0.107626 6548
0.107662 6548
0.107674 6548
0.107686 6548
0.10771 6548
0.109332 6548
0.109368 6548
0.10938 6548
0.109392 6548
0.109416 6548
0.10944 6548
0.111315 6548
0.111315 6548
0.111315 7934
0.111351 7934
0.111363 7934
0.111375 7934
0.111399 7934
0.111423 7934
0.111459 7934
0.113177 7934
0.113177 7934
0.113177 6999
0.113213 6999
0.113237 6999
0.113261 6999
0.113285 6999
0.113321 6999
0.114847 6999
0.114883 6999
0.114907 6999
0.114931 6999
0.114967 6999
0.116578 6999
0.116614 6999
0.11665 6999
0.116662 6999
0.116686 6999
0.116722 6999
0.118596 6999
0.118596 6999
0.118596 8250
0.118632 8250
0.11868 8250
0.118692 8250
0.118716 8250
0.118728 8250
0.118764 8250
0.120447 8250
0.120447 8250
0.120447 7196
0.120531 7196
0.120555 7196
0.120567 7196
0.120579 7196
0.120615 7196
0.122141 7196
0.122237 7196
0.122249 7196
0.122261 7196
0.122297 7196
0.123883 7196
0.123919 7196
0.124015 7196
0.124027 7196
0.12404 7196
0.124076 7196
0.125878 7196
0.125878 7196
0.125878 8351
0.125926 8351
0.126034 8351
0.126046 8351
0.126058 8351
0.126082 8351
0.126106 8351
0.12774 8351
0.12774 8351
0.12774 7414
0.127873 7414
0.127885 7414
0.127897 7414
0.127921 7414
0.127945 7414
0.129399 7414
0.129519 7414
0.129531 7414
0.129543 7414
0.129567 7414
0.131093 7414
0.131117 7414
0.131237 7414
0.131261 7414
0.131273 7414
0.131297 7414
0.133003 7414
0.133003 7414
0.133003 8523
0.133039 8523
0.133064 8523
0.133184 8523
0.13322 8523
0.133232 8523
0.133256 8523
0.134902 8523
0.134902 8523
0.134902 7525
0.134938 7525
0.135046 7525
0.135094 7525
0.135106 7525
0.13513 7525
0.136632 7525
0.136716 7525
0.136776 7525
0.136788 7525
0.136813 7525
0.136825 7525
0.138266 7525
0.138375 7525
0.138435 7525
0.138459 7525
0.138483 7525
0.138495 7525
0.140129 7525
0.140129 7525
0.140129 8738
0.140153 8738
0.140273 8738
0.140333 8738
0.140369 8738
0.140393 8738
0.140405 8738
0.142148 8738
0.142148 8738
0.142148 7675
0.142268 7675
0.142316 7675
0.142364 7675
0.142388 7675
0.1424 7675
0.14395 7675
0.14407 7675
0.14413 7675
0.144154 7675
0.144166 7675
0.144178 7675
0.145512 7675
0.145608 7675
0.145668 7675
0.145692 7675
0.145716 7675
0.145728 7675
0.14574 7675
0.147242 7675
0.147339 7675
0.147411 7675
0.147447 7675
0.147471 7675
0.147483 7675
0.147495 7675
0.149237 7675
0.149237 7675
0.149237 10072
0.149261 10072
0.149357 10072
0.149441 10072
0.149489 10072
0.149513 10072
0.149525 10072
0.149537 10072
0.151124 10072
0.151124 10072
0.151124 8942
0.15122 8942
0.151292 8942
0.15134 8942
0.151352 8942
0.151364 8942
0.151376 8942
0.15283 8942
0.152986 8942
0.153046 8942
0.153058 8942
0.15307 8942
0.153082 8942
0.153094 8942
0.154536 8942
0.154716 8942
0.154776 8942
0.154788 8942
0.1548 8942
0.154812 8942
0.154824 8942
0.156495 8942
0.156495 8942
0.156495 10064
0.156519 10064
0.156687 10064
0.156747 10064
0.156759 10064
0.156771 10064
0.156783 10064
0.156795 10064
0.158381 10064
0.158381 10064
0.158381 8842
0.158561 8842
0.15861 8842
0.158622 8842
0.158634 8842
0.158646 8842
0.158658 8842
0.160075 8842
0.160256 8842
0.16028 8842
0.160292 8842
0.160304 8842
0.160316 8842
0.16183 8842
0.161854 8842
0.162046 8842
0.16207 8842
0.162094 8842
0.162106 8842
0.162118 8842
0.163824 8842
0.163824 8842
0.163824 9818
0.163849 9818
0.163873 9818
0.164077 9818
0.164101 9818
0.164125 9818
0.164149 9818
0.164161 9818
0.165675 9818
0.165675 9818
0.165675 8575
0.165687 8575
0.165867 8575
0.165891 8575
0.165915 8575
0.165951 8575
0.165963 8575
0.167393 8575
0.167525 8575
0.167549 8575
0.167585 8575
0.167622 8575
0.167634 8575
0.169136 8575
0.169292 8575
0.169328 8575
0.16934 8575
0.169376 8575
0.169424 8575
0.169436 8575
0.171118 8575
0.171118 8575
0.171118 9909
0.171286 9909
0.171334 9909
0.171346 9909
0.171371 9909
0.171395 9909
0.171443 9909
0.171467 9909
0.172981 9909
0.172981 9909
0.172981 8984
0.173161 8984
0.173173 8984
0.173185 8984
0.173209 8984
0.173269 8984
0.173293 8984
0.174699 8984
0.174867 8984
0.174879 8984
0.174891 8984
0.174951 8984
0.174975 8984
0.174987 8984
0.176477 8984
0.17667 8984
0.176682 8984
0.176694 8984
0.176754 8984
0.176778 8984
0.17679 8984
0.176802 8984
0.17852 8984
0.17852 8984
0.17852 10344
0.178736 10344
0.178748 10344
0.17876 10344
0.17882 10344
0.178856 10344
0.178869 10344
0.178881 10344
0.180358 10344
0.180358 10344
0.180358 9190
0.180575 9190
0.180587 9190
0.180647 9190
0.180683 9190
0.180695 9190
0.180707 9190
0.180731 9190
0.182029 9190
0.182269 9190
0.182305 9190
0.182329 9190
0.182341 9190
0.182365 9190
0.182389 9190
0.183747 9190
0.184035 9190
0.184071 9190
0.184095 9190
0.184107 9190
0.184132 9190
0.184156 9190
0.184168 9190
0.185718 9190
0.185718 9190
0.185718 10499
0.186042 10499
0.186078 10499
0.186102 10499
0.186114 10499
0.186138 10499
0.186162 10499
0.186174 10499
0.186198 10499
0.187604 10499
0.187604 10499
0.187604 9310
0.187953 9310
0.187965 9310
0.187989 9310
0.188001 9310
0.188013 9310
0.188037 9310
0.188049 9310
0.189262 9310
0.189599 9310
0.189611 9310
0.189623 9310
0.189647 9310
0.189659 9310
0.189671 9310
0.190788 9310
0.191125 9310
0.191137 9310
0.191149 9310
0.191173 9310
0.191197 9310
0.191209 9310
0.191233 9310
0.192531 9310
0.192903 9310
0.192915 9310
0.192927 9310
0.192951 9310
0.192975 9310
0.192999 9310
0.193023 9310
0.193035 9310
0.194549 9310
0.194549 9310
0.194549 11710
0.194958 11710
0.194982 11710
0.194994 11710
0.195018 11710
0.195042 11710
0.195066 11710
0.19509 11710
0.195114 11710
0.195138 11710
0.1964 11710
0.1964 11710
0.1964 10422
0.196832 10422
0.196856 10422
0.196868 10422
0.196893 10422
0.196917 10422
0.196941 10422
0.196965 10422
0.196989 10422
0.19813 10422
0.198551 10422
0.198563 10422
0.198587 10422
0.198611 10422
0.198635 10422
0.198659 10422
0.198671 10422
0.19986 10422
0.200281 10422
0.200293 10422
0.200317 10422
0.200341 10422
0.200365 10422
0.200389 10422
0.200413 10422
0.200437 10422
0.201783 10422
0.201783 10422
0.201783 11536
0.202252 11536
0.202264 11536
0.202288 11536
0.202312 11536
0.202336 11536
0.20236 11536
0.202384 11536
0.20242 11536
0.202444 11536
0.203706 11536
0.203706 11536
0.203706 10137
0.204138 10137
0.204162 10137
0.204186 10137
0.20421 10137
0.204222 10137
0.204258 10137
0.204282 10137
0.205424 10137
0.205808 10137
0.20582 10137
0.205844 10137
0.205856 10137
0.20588 10137
0.205917 10137
0.20707 10137
0.207094 10137
0.207443 10137
0.207455 10137
0.207479 10137
0.207491 10137
0.207515 10137
0.207551 10137
0.208957 10137
0.208957 10137
0.208957 10917
0.208993 10917
0.209389 10917
0.209401 10917
0.209425 10917
0.209437 10917
0.209449 10917
0.209473 10917
0.209509 10917
0.210987 10917
0.210987 10917
0.210987 9453
0.211324 9453
0.211348 9453
0.21136 9453
0.211372 9453
0.211384 9453
0.211396 9453
0.21142 9453
0.212886 9453
0.212886 9453
0.212886 8197
0.213174 8197
0.213186 8197
0.213198 8197
0.21321 8197
0.213222 8197
0.213234 8197
0.214664 8197
0.214904 8197
0.214917 8197
0.214929 8197
0.214941 8197
0.214953 8197
0.216443 8197
0.216707 8197
0.216719 8197
0.216731 8197
0.216743 8197
0.216755 8197
0.216779 8197
0.216779 8197
0.216779 9077
0.218509 9077
0.21881 9077
0.218834 9077
0.218846 9077
0.218858 9077
0.21887 9077
0.218894 9077
0.218906 9077
0.218906 9077
0.218906 7931
0.220768 7931
0.22078 7931
0.220792 7931
0.220804 7931
0.220828 7931
0.22084 7931
0.220852 7931
0.220852 7931
0.220852 6941
0.222535 6941
0.222547 6941
0.222571 6941
0.222583 6941
0.222595 6941
0.222607 6941
0.224337 6941
0.224361 6941
0.224385 6941
0.224397 6941
0.224409 6941
0.226452 6941
0.226452 6941
0.226452 7476
0.226476 7476
0.226488 7476
0.226512 7476
0.226536 7476
0.226548 7476
0.22841 7476
0.22841 7476
0.22841 6650
0.228435 6650
0.228459 6650
0.228483 6650
0.228495 6650
0.228519 6650
0.230237 6650
0.230237 6650
0.230237 6038
0.230273 6038
0.230285 6038
0.230309 6038
0.230333 6038
0.231871 6038
0.231895 6038
0.231919 6038
0.231943 6038
0.231967 6038
0.233637 6038
0.233661 6038
0.233698 6038
0.233722 6038
0.233746 6038
0.235716 6038
0.235716 6038
0.235716 7738
0.235752 7738
0.235764 7738
0.2358 7738
0.235836 7738
0.23586 7738
0.237627 7738
0.237627 7738
0.237627 6962
0.237651 6962
0.237687 6962
0.237723 6962
0.237747 6962
0.237759 6962
0.239393 6962
0.239429 6962
0.239477 6962
0.239501 6962
0.239513 6962
0.241027 6962
0.241075 6962
0.241099 6962
0.241135 6962
0.241171 6962
0.241183 6962
0.242962 6962
0.242962 6962
0.242962 8407
0.24301 8407
0.243046 8407
0.24307 8407
0.243094 8407
0.243142 8407
0.243154 8407
0.244993 8407
0.244993 8407
0.244993 7538
0.245041 7538
0.245065 7538
0.245101 7538
0.245149 7538
0.245161 7538
0.246771 7538
0.246819 7538
0.246855 7538
0.246903 7538
0.246915 7538
0.246939 7538
0.248477 7538
0.248525 7538
0.248561 7538
0.248609 7538
0.248621 7538
0.248645 7538
0.250436 7538
0.250436 7538
0.250436 8818
0.250472 8818
0.250508 8818
0.250544 8818
0.250592 8818
0.250616 8818
0.25064 8818
0.252394 8818
0.252394 8818
0.252394 7788
0.252454 7788
0.252503 7788
0.252551 7788
0.252563 7788
0.252587 7788
0.254137 7788
0.254245 7788
0.254305 7788
0.254317 7788
0.254341 7788
0.254353 7788
0.255867 7788
0.255975 7788
0.256035 7788
0.256059 7788
0.256083 7788
0.256107 7788
0.256131 7788
0.257778 7788
0.257778 7788
0.257778 9076
0.257898 9076
0.257958 9076
0.257982 9076
0.258006 9076
0.25803 9076
0.258054 9076
0.258078 9076
0.259664 9076
0.259664 9076
0.259664 7981
0.259844 7981
0.25988 7981
0.259892 7981
0.259904 7981
0.259916 7981
0.259928 7981
0.261358 7981
0.261527 7981
0.261539 7981
0.261551 7981
0.261563 7981
0.261575 7981
0.263101 7981
0.263293 7981
0.263305 7981
0.263317 7981
0.263329 7981
0.263341 7981
0.263365 7981
0.265143 7981
0.265143 7981
0.265143 9264
0.265372 9264
0.265384 9264
0.265396 9264
0.265408 9264
0.26542 9264
0.265444 9264
0.265456 9264
0.267042 9264
0.267042 9264
0.267042 8067
0.267234 8067
0.267246 8067
0.267258 8067
0.267282 8067
0.267294 8067
0.267306 8067
0.268772 8067
0.268964 8067
0.268989 8067
0.269001 8067
0.269013 8067
0.269025 8067
0.270454 8067
0.270659 8067
0.270683 8067
0.270695 8067
0.270707 8067
0.270719 8067
0.270743 8067
0.272413 8067
0.272413 8067
0.272413 9277
0.272641 9277
0.272677 9277
0.272689 9277
0.272701 9277
0.272713 9277
0.272738 9277
0.27275 9277
0.274432 9277
0.274432 9277
0.274432 8053
0.27466 8053
0.274672 8053
0.274684 8053
0.274708 8053
0.27472 8053
0.274732 8053
0.27627 8053
0.27627 8053
0.27627 7011
0.27645 7011
0.276474 7011
0.276486 7011
0.276499 7011
0.276511 7011
0.277892 7011
0.278061 7011
0.278073 7011
0.278085 7011
0.278097 7011
0.279635 7011
0.279827 7011
0.279839 7011
0.279851 7011
0.279863 7011
0.279887 7011
0.281701 7011
0.281701 7011
0.281701 8445
0.281918 8445
0.28193 8445
0.281942 8445
0.281954 8445
0.281978 8445
0.28199 8445
0.283588 8445
0.283588 8445
0.283588 7544
0.283804 7544
0.283816 7544
0.283828 7544
0.28384 7544
0.283852 7544
0.28533 7544
0.285535 7544
0.285547 7544
0.285559 7544
0.285571 7544
0.285595 7544
0.287061 7544
0.287313 7544
0.287337 7544
0.287349 7544
0.287361 7544
0.287373 7544
0.289067 7544
0.289067 7544
0.289067 8875
0.289091 8875
0.289368 8875
0.289392 8875
0.289416 8875
0.289428 8875
0.28944 8875
0.291026 8875
0.291026 8875
0.291026 7806
0.291266 7806
0.291302 7806
0.291326 7806
0.291338 7806
0.29135 7806
0.291374 7806
0.292792 7806
0.293021 7806
0.293033 7806
0.293045 7806
0.293069 7806
0.293081 7806
0.294414 7806
0.294631 7806
0.294655 7806
0.294667 7806
0.294691 7806
0.294703 7806
0.294727 7806
0.296265 7806
0.296265 7806
0.296265 9273
0.296505 9273
0.296541 9273
0.296553 9273
0.296577 9273
0.296589 9273
0.296613 9273
0.296625 9273
0.298296 9273
0.298296 9273
0.298296 8200
0.298512 8200
0.298536 8200
0.298548 8200
0.29856 8200
0.298572 8200
0.298584 8200
0.300074 8200
0.300278 8200
0.30029 8200
0.300302 8200
0.300314 8200
0.300326 8200
0.301672 8200
0.301888 8200
0.301912 8200
0.301924 8200
0.301936 8200
0.301948 8200
0.301972 8200
0.303486 8200
0.303486 8200
0.303486 9460
0.303739 9460
0.303763 9460
0.303787 9460
0.303799 9460
0.303811 9460
0.303835 9460
0.303847 9460
0.305637 9460
0.305637 9460
0.305637 8260
0.305878 8260
0.30589 8260
0.305902 8260
0.305926 8260
0.305938 8260
0.30595 8260
0.307536 8260
0.307536 8260
0.307536 7212
0.307728 7212
0.30774 7212
0.307764 7212
0.307776 7212
0.307788 7212
0.309254 7212
0.309434 7212
0.309446 7212
0.309458 7212
0.30947 7212
0.310948 7212
0.310972 7212
0.311177 7212
0.311189 7212
0.311201 7212
0.311213 7212
0.312979 7212
0.312979 7212
0.312979 8286
0.313003 8286
0.313231 8286
0.313243 8286
0.313255 8286
0.313267 8286
0.313292 8286
0.314902 8286
0.314902 8286
0.314902 7245
0.315142 7245
0.315154 7245
0.315166 7245
0.315178 7245
0.315202 7245
0.316668 7245
0.316896 7245
0.316908 7245
0.31692 7245
0.316944 7245
0.318422 7245
0.318434 7245
0.318687 7245
0.318699 7245
0.318711 7245
0.318735 7245
0.320465 7245
0.320465 7245
0.320465 8399
0.320477 8399
0.320765 8399
0.320777 8399
0.320789 8399
0.320814 8399
0.320826 8399
0.322388 8399
0.322388 8399
0.322388 7466
0.322652 7466
0.322664 7466
0.322676 7466
0.3227 7466
0.322712 7466
0.32413 7466
0.32437 7466
0.324382 7466
0.324406 7466
0.32443 7466
0.324454 7466
0.32574 7466
0.326028 7466
0.32604 7466
0.326052 7466
0.326077 7466
0.326101 7466
0.327603 7466
0.327603 7466
0.327603 8708
0.327627 8708
0.327975 8708
0.327987 8708
0.327999 8708
0.328023 8708
0.328047 8708
0.329669 8708
0.329669 8708
0.329669 7656
0.329982 7656
0.329994 7656
0.330006 7656
0.33003 7656
0.330054 7656
0.33152 7656
0.33152 7656
0.33152 6566
0.331796 6566
0.331808 6566
0.331832 6566
0.331856 6566
0.331868 6566
0.33325 6566
0.33349 6566
0.333514 6566
0.333526 6566
0.333538 6566
0.335137 6566
0.335137 6566
0.335137 7133
0.335425 7133
0.335437 7133
0.335449 7133
0.335461 7133
0.335485 7133
0.337131 7133
0.337131 7133
0.337131 6483
0.337384 6483
0.337396 6483
0.337408 6483
0.33742 6483
0.338898 6483
0.339114 6483
0.339126 6483
0.339138 6483
0.33915 6483
0.340568 6483
0.340784 6483
0.340808 6483
0.34082 6483
0.340832 6483
0.340856 6483
0.342502 6483
0.342502 6483
0.342502 7933
0.342755 7933
0.342779 7933
0.342803 7933
0.342815 7933
0.342839 7933
0.342863 7933
0.344485 7933
0.344485 7933
0.344485 7079
0.344749 7079
0.344761 7079
0.344773 7079
0.344785 7079
0.344809 7079
0.346239 7079
0.346504 7079
0.346516 7079
0.346528 7079
0.346552 7079
0.347886 7079
0.348186 7079
0.34821 7079
0.348222 7079
0.348246 7079
0.34827 7079
0.349844 7079
0.349844 7079
0.349844 8363
0.350181 8363
0.350217 8363
0.350229 8363
0.350253 8363
0.350265 8363
0.350289 8363
0.351803 8363
0.351803 8363
0.351803 7480
0.352127 7480
0.352139 7480
0.352163 7480
0.352175 7480
0.352187 7480
0.353593 7480
0.353918 7480
0.353942 7480
0.353954 7480
0.353966 7480
0.353978 7480
0.355203 7480
0.355564 7480
0.355588 7480
0.355612 7480
0.355624 7480
0.355636 7480
0.357066 7480
0.357066 7480
0.357066 8749
0.357102 8749
0.357498 8749
0.357522 8749
0.357546 8749
0.35757 8749
0.357582 8749
0.359133 8749
0.359133 8749
0.359133 7710
0.359493 7710
0.359517 7710
0.359529 7710
0.359553 7710
0.359565 7710
0.360959 7710
0.360959 7710
0.360959 6620
0.361271 6620
0.361283 6620
0.361295 6620
0.361307 6620
0.361331 6620
0.362653 6620
0.362942 6620
0.362954 6620
0.362966 6620
0.362978 6620
0.364504 6620
0.364504 6620
0.364504 7181
0.364852 7181
0.364864 7181
0.364876 7181
0.364888 7181
0.364912 7181
0.366594 7181
0.366594 7181
0.366594 6529
0.366883 6529
0.366895 6529
0.366907 6529
0.366931 6529
0.368433 6529
0.368433 6529
0.368433 5713
0.368709 5713
0.368721 5713
0.368745 5713
0.368757 5713
0.370187 5713
0.370404 5713
0.370428 5713
0.37044 5713
0.371954 5713
0.371978 5713
0.372242 5713
0.372242 5713
0.372242 6526
0.372266 6526
0.372278 6526
0.37402 6526
0.374056 6526
0.374297 6526
0.374297 6526
0.374297 5721
0.374321 5721
0.375883 5721
0.375907 5721
0.375931 5721
0.376147 5721
0.376147 5721
0.376147 5170
0.377553 5170
0.377577 5170
0.377601 5170
0.377805 5170
0.379392 5170
0.379392 5170
0.379392 5001
0.379404 5001
0.379416 5001
0.379644 5001
0.381434 5001
0.381434 5001
0.381434 4508
0.381446 4508
0.381639 4508
0.381675 4508
0.383249 4508
0.383249 4508
0.383249 4186
0.383417 4186
0.383453 4186
0.384895 4186
0.385087 4186
0.385123 4186
0.386757 4186
0.386757 4186
0.386757 4791
0.386998 4791
0.387022 4791
0.387046 4791
0.388752 4791
0.388752 4791
0.388752 4427
0.388968 4427
0.389004 4427
0.389016 4427
0.390566 4427
0.390566 4427
0.390566 4171
0.390771 4171
0.390783 4171
0.392213 4171
0.392441 4171
0.392453 4171
0.394099 4171
0.394099 4171
0.394099 4806
0.394375 4806
0.394387 4806
0.394412 4806
0.39607 4806
0.39607 4806
0.39607 4452
0.396346 4452
0.39637 4452
0.396394 4452
0.397932 4452
0.397932 4452
0.397932 4199
0.398209 4199
0.398221 4199
0.39959 4199
0.399843 4199
0.399855 4199
0.401309 4199
0.401633 4199
0.401645 4199
0.401669 4199
0.403375 4199
0.403375 4199
0.403375 5628
0.403736 5628
0.40376 5628
0.403784 5628
0.403808 5628
0.405274 5628
0.405274 5628
0.405274 5126
0.405598 5126
0.405622 5126
0.405646 5126
0.40698 5126
0.407305 5126
0.407329 5126
0.407341 5126
0.408626 5126
0.408999 5126
0.409023 5126
0.409035 5126
0.409059 5126
0.410597 5126
0.410597 5126
0.410597 6692
0.411006 6692
0.411042 6692
0.411054 6692
0.411078 6692
0.411102 6692
0.412544 6692
0.412544 6692
0.412544 6064
0.41294 6064
0.412952 6064
0.412964 6064
0.412988 6064
0.41431 6064
0.41467 6064
0.414683 6064
0.414695 6064
0.414719 6064
0.41592 6064
0.416317 6064
0.416329 6064
0.416341 6064
0.416365 6064
0.417795 6064
0.417795 6064
0.417795 7555
0.417819 7555
0.418275 7555
0.418287 7555
0.418299 7555
0.418323 7555
0.419861 7555
0.419861 7555
0.419861 6684
0.42027 6684
0.420294 6684
0.420306 6684
0.42033 6684
0.420354 6684
0.421724 6684
0.421724 6684
0.421724 5930
0.422084 5930
0.422096 5930
0.422108 5930
0.42212 5930
0.423382 5930
0.423719 5930
0.423731 5930
0.423743 5930
0.425209 5930
0.425209 5930
0.425209 6386
0.425233 6386
0.425593 6386
0.425605 6386
0.425617 6386
0.427311 6386
0.427311 6386
0.427311 5686
0.427636 5686
0.427648 5686
0.42766 5686
0.427684 5686
0.429186 5686
0.429186 5686
0.429186 5192
0.42945 5192
0.429462 5192
0.429486 5192
0.43082 5192
0.431072 5192
0.431096 5192
0.431108 5192
0.432586 5192
0.432899 5192
0.432899 5192
0.432899 6089
0.432935 6089
0.432947 6089
0.432971 6089
0.434665 6089
0.435002 6089
0.435002 6089
0.435002 5584
0.435038 5584
0.435062 5584
0.43648 5584
0.436504 5584
0.436852 5584
0.436852 5584
0.436852 5198
0.436912 5198
0.43815 5198
0.438186 5198
0.438546 5198
0.43988 5198
0.439904 5198
0.439928 5198
0.440373 5198
0.440373 5198
0.440373 5871
0.441923 5871
0.441947 5871
0.441971 5871
0.441995 5871
0.4425 5871
0.4425 5871
0.4425 5479
0.443833 5479
0.443857 5479
0.443881 5479
0.444326 5479
0.444326 5479
0.444326 4844
0.445564 4844
0.445588 4844
0.445612 4844
0.44608 4844
0.447378 4844
0.447402 4844
0.447426 4844
0.447955 4844
0.447955 4844
0.447955 5694
0.449445 5694
0.449469 5694
0.449493 5694
0.449517 5694
0.449961 5694
0.449961 5694
0.449961 5371
0.451331 5371
0.451355 5371
0.451391 5371
0.451776 5371
0.451776 5371
0.451776 4777
0.453014 4777
0.453038 4777
0.453062 4777
0.453398 4777
0.454756 4777
0.45478 4777
0.454816 4777
0.455237 4777
0.455237 4777
0.455237 5657
0.456811 5657
0.456835 5657
0.456883 5657
0.456907 5657
0.457339 5657
0.457339 5657
0.457339 5344
0.458685 5344
0.458733 5344
0.458757 5344
0.45919 5344
0.45919 5344
0.45919 4757
0.460451 4757
0.460475 4757
0.4605 4757
0.460896 4757
0.462254 4757
0.462278 4757
0.462314 4757
0.462734 4757
0.462734 4757
0.462734 5643
0.464345 5643
0.464369 5643
0.464417 5643
0.464441 5643
0.464765 5643
0.464765 5643
0.464765 5333
0.466231 5333
0.466291 5333
0.466315 5333
0.466616 5333
0.466616 5333
0.466616 4748
0.467949 4748
0.467961 4748
0.467973 4748
0.468238 4748
0.469584 4748
0.469596 4748
0.469608 4748
0.469896 4748
0.471542 4748
0.471542 4748
0.471542 5927
0.471566 5927
0.471578 5927
0.471602 5927
0.471903 5927
0.473477 5927
0.473477 5927
0.473477 5561
0.473501 5561
0.473525 5561
0.473813 5561
0.475231 5561
0.475255 5561
0.475291 5561
0.475568 5561
0.476853 5561
0.476877 5561
0.476925 5561
0.476949 5561
0.477286 5561
0.478788 5561
0.478788 5561
0.478788 7038
0.478812 7038
0.47886 7038
0.478884 7038
0.478908 7038
0.479281 7038
0.480746 7038
0.480746 7038
0.480746 6340
0.480807 6340
0.480843 6340
0.480855 6340
0.481179 6340
0.482477 6340
0.482573 6340
0.482585 6340
0.482921 6340
0.482945 6340
0.484135 6340
0.484255 6340
0.484267 6340
0.484628 6340
0.484652 6340
0.484676 6340
0.486022 6340
0.486022 6340
0.486022 7938
0.486154 7938
0.486166 7938
0.486562 7938
0.486586 7938
0.48661 7938
0.486634 7938
0.488052 7938
0.488052 7938
0.488052 7172
0.488545 7172
0.488569 7172
0.488593 7172
0.488605 7172
0.488629 7172
0.489855 7172
0.490323 7172
0.490359 7172
0.490371 7172
0.490395 7172
0.491549 7172
0.491561 7172
0.491993 7172
0.49203 7172
0.492054 7172
0.492078 7172
0.493471 7172
0.493471 7172
0.493471 8413
0.493483 8413
0.493976 8413
0.494 8413
0.494024 8413
0.494048 8413
0.494084 8413
0.495478 8413
0.495478 8413
0.495478 7436
0.495911 7436
0.495935 7436
0.495959 7436
0.495995 7436
0.496031 7436
0.497341 7436
0.497341 7436
0.497341 6537
0.497737 6537
0.497761 6537
0.497797 6537
0.497833 6537
0.497857 6537
0.499011 6537
0.499371 6537
0.499395 6537
0.499431 6537
0.499467 6537
0.500717 6537
0.501126 6537
0.50115 6537
0.501174 6537
0.501198 6537
0.501246 6537
0.502772 6537
0.502772 6537
0.502772 8322
0.503228 8322
0.503252 8322
0.503276 8322
0.503301 8322
0.503325 8322
0.503361 8322
0.504682 8322
0.504682 8322
0.504682 7592
0.505127 7592
0.505151 7592
0.505175 7592
0.505199 7592
0.505235 7592
0.506461 7592
0.506869 7592
0.506893 7592
0.506917 7592
0.506941 7592
0.506965 7592
0.508155 7592
0.508636 7592
0.50866 7592
0.508684 7592
0.508708 7592
0.508732 7592
0.508756 7592
0.510162 7592
0.510162 7592
0.510162 9067
0.510714 9067
0.51075 9067
0.510774 9067
0.510798 9067
0.510823 9067
0.510847 9067
0.51206 9067
0.51206 9067
0.51206 8072
0.512577 8072
0.512601 8072
0.512613 8072
0.512625 8072
0.512649 8072
0.512673 8072
0.513802 8072
0.514295 8072
0.514307 8072
0.514331 8072
0.514343 8072
0.514355 8072
0.515521 8072
0.516098 8072
0.516122 8072
0.516122 8072
0.516122 8672
0.516134 8672
0.516146 8672
0.516158 8672
0.516182 8672
0.517515 8672
0.518188 8672
0.518212 8672
0.518212 8672
0.518212 7915
0.518224 7915
0.518236 7915
0.51826 7915
0.519486 7915
0.520087 7915
0.520123 7915
0.520123 7915
0.520123 6948
0.520135 6948
0.520159 6948
0.521228 6948
0.521252 6948
0.521793 6948
0.521841 6948
0.521865 6948
0.522935 6948
0.522971 6948
0.523547 6948
0.523596 6948
0.52362 6948
0.523644 6948
0.524905 6948
0.524905 6948
0.524905 7999
0.524941 7999
0.525614 7999
0.525674 7999
0.525698 7999
0.525722 7999
0.52684 7999
0.52684 7999
0.52684 7115
0.527441 7115
0.527501 7115
0.527537 7115
0.527549 7115
0.527561 7115
0.528606 7115
0.529183 7115
0.529219 7115
0.529231 7115
0.529243 7115
0.530216 7115
0.530805 7115
0.530829 7115
0.530865 7115
0.530877 7115
0.530889 7115
0.532055 7115
0.532055 7115
0.532055 8455
0.532752 8455
0.532788 8455
0.532812 8455
0.532836 8455
0.532848 8455
0.53286 8455
0.534158 8455
0.534158 8455
0.534158 7518
0.53477 7518
0.534794 7518
0.534818 7518
0.53483 7518
0.534843 7518
0.535984 7518
0.535984 7518
0.535984 6633
0.536585 6633
0.536621 6633
0.536633 6633
0.536645 6633
0.536657 6633
0.537726 6633
0.538243 6633
0.538255 6633
0.538267 6633
0.538279 6633
0.539469 6633
0.54013 6633
0.54013 6633
0.54013 7550
0.540142 7550
0.540154 7550
0.540166 7550
0.54019 7550
0.541511 7550
0.542148 7550
0.542148 7550
0.542148 6924
0.54216 6924
0.542172 6924
0.542196 6924
0.543458 6924
0.54347 6924
0.544035 6924
0.544035 6924
0.544035 6266
0.544047 6266
0.544071 6266
0.545188 6266
0.5452 6266
0.545729 6266
0.545753 6266
0.546883 6266
0.546907 6266
0.546931 6266
0.547519 6266
0.547543 6266
0.548877 6266
0.548877 6266
0.548877 7285
0.548901 7285
0.548937 7285
0.548961 7285
0.549586 7285
0.54961 7285
0.550788 7285
0.550788 7285
0.550788 6635
0.550836 6635
0.55086 6635
0.551461 6635
0.551485 6635
0.552542 6635
0.55259 6635
0.553107 6635
0.553131 6635
0.553143 6635
0.554188 6635
0.554236 6635
0.554873 6635
0.554897 6635
0.554909 6635
0.554933 6635
0.556123 6635
0.556123 6635
0.556123 8082
0.556183 8082
0.556928 8082
0.556964 8082
0.556976 8082
0.557 8082
0.557012 8082
0.558093 8082
0.558093 8082
0.558093 7176
0.558802 7176
0.558814 7176
0.558838 7176
0.55885 7176
0.558862 7176
0.559824 7176
0.560497 7176
0.560521 7176
0.560533 7176
0.560545 7176
0.561506 7176
0.56153 7176
0.562251 7176
0.562287 7176
0.562299 7176
0.562311 7176
0.563477 7176
0.563477 7176
0.563477 8419
0.563513 8419
0.564342 8419
0.564366 8419
0.56439 8419
0.564414 8419
0.564426 8419
0.565423 8419
0.565423 8419
0.565423 7521
0.566228 7521
0.566264 7521
0.566288 7521
0.566312 7521
0.566324 7521
0.56719 7521
0.567971 7521
0.567995 7521
0.568019 7521
0.568031 7521
0.568043 7521
0.568884 7521
0.569665 7521
0.569689 7521
0.569713 7521
0.569725 7521
0.569737 7521
0.570674 7521
0.570698 7521
0.571611 7521
0.571611 7521
0.571611 9051
0.571648 9051
0.571672 9051
0.571684 9051
0.571696 9051
0.572813 9051
0.572837 9051
0.572861 9051
0.573606 9051
0.573606 9051
0.573606 7994
0.573654 7994
0.573666 7994
0.574688 7994
0.574712 7994
0.574736 7994
0.574748 7994
0.575409 7994
0.57643 7994
0.576454 7994
0.576466 7994
0.57649 7994
0.576502 7994
0.577067 7994
0.578256 7994
0.578256 7994
0.578256 8282
0.578292 8282
0.578304 8282
0.578328 8282
0.57834 8282
0.578352 8282
0.579061 8282
0.580359 8282
0.580359 8282
0.580359 7339
0.580395 7339
0.580419 7339
0.580431 7339
0.580443 7339
0.580996 7339
0.582198 7339
0.582198 7339
0.582198 6339
0.582246 6339
0.582258 6339
0.58227 6339
0.582762 6339
0.583904 6339
0.583916 6339
0.583928 6339
0.584421 6339
0.584445 6339
0.585766 6339
0.585766 6339
0.585766 6605
0.58579 6605
0.585802 6605
0.586355 6605
0.586379 6605
0.586403 6605
0.587677 6605
0.587677 6605
0.587677 5929
0.588182 5929
0.588206 5929
0.58823 5929
0.588242 5929
0.589455 5929
0.589912 5929
0.589936 5929
0.589948 5929
0.591101 5929
0.591125 5929
0.591606 5929
0.591642 5929
0.591654 5929
0.592964 5929
0.592964 5929
0.592964 7184
0.593 7184
0.593024 7184
0.593577 7184
0.593613 7184
0.593637 7184
0.595031 7184
0.595031 7184
0.595031 6318
0.595079 6318
0.595547 6318
0.595583 6318
0.595607 6318
0.596905 6318
0.596905 6318
0.596905 5526
0.597338 5526
0.597362 5526
0.597386 5526
0.59741 5526
0.598611 5526
0.599008 5526
0.59902 5526
0.599044 5526
0.600318 5526
0.600774 5526
0.600798 5526
0.600822 5526
0.600834 5526
0.602324 5526
0.602324 5526
0.602324 7285
0.602877 7285
0.602901 7285
0.602925 7285
0.602937 7285
0.602949 7285
0.604259 7285
0.604259 7285
0.604259 6689
0.6048 6689
0.604812 6689
0.604824 6689
0.604836 6689
0.606013 6689
0.606554 6689
0.606566 6689
0.606578 6689
0.60659 6689
0.60772 6689
0.608332 6689
0.608356 6689
0.608368 6689
0.60838 6689
0.608392 6689
0.609738 6689
0.609738 6689
0.609738 8133
0.610387 8133
0.610411 8133
0.610423 8133
0.610435 8133
0.610447 8133
0.610471 8133
0.611673 8133
0.611673 8133
0.611673 7228
0.612334 7228
0.612346 7228
0.612358 7228
0.612382 7228
0.612394 7228
0.613451 7228
0.614016 7228
0.614028 7228
0.614052 7228
0.614064 7228
0.615085 7228
0.615121 7228
0.615794 7228
0.615818 7228
0.615842 7228
0.615854 7228
0.617056 7228
0.617056 7228
0.617056 8462
0.617092 8462
0.617885 8462
0.617909 8462
0.617933 8462
0.617957 8462
0.617969 8462
0.619039 8462
0.619039 8462
0.619039 7563
0.619736 7563
0.61976 7563
0.619784 7563
0.619808 7563
0.61982 7563
0.620817 7563
0.62143 7563
0.621454 7563
0.62149 7563
0.621502 7563
0.621514 7563
0.622451 7563
0.62316 7563
0.623184 7563
0.623232 7563
0.623256 7563
0.623268 7563
0.62328 7563
0.624374 7563
0.624374 7563
0.624374 8946
0.625203 8946
0.625227 8946
0.625275 8946
0.625299 8946
0.625311 8946
0.625323 8946
0.626368 8946
0.626368 8946
0.626368 7907
0.627101 7907
0.627149 7907
0.627173 7907
0.627185 7907
0.627197 7907
0.627222 7907
0.628147 7907
0.628868 7907
0.62888 7907
0.628892 7907
0.628916 7907
0.628928 7907
0.629841 7907
0.63055 7907
0.630562 7907
0.630574 7907
0.630598 7907
0.63061 7907
0.630622 7907
0.631703 7907
0.631703 7907
0.631703 9271
0.632521 9271
0.632533 9271
0.632545 9271
0.632569 9271
0.632581 9271
0.632593 9271
0.632617 9271
0.633746 9271
0.633746 9271
0.633746 8223
0.634443 8223
0.634467 8223
0.634479 8223
0.634491 8223
0.634503 8223
0.634515 8223
0.635561 8223
0.635561 8223
0.635561 7115
0.636222 7115
0.636234 7115
0.636246 7115
0.636258 7115
0.63627 7115
0.637267 7115
0.637952 7115
0.637964 7115
0.637976 7115
0.637988 7115
0.639117 7115
0.639117 7115
0.639117 7463
0.639922 7463
0.639946 7463
0.639958 7463
0.63997 7463
0.639995 7463
0.641148 7463
0.641148 7463
0.641148 6721
0.641869 6721
0.641881 6721
0.641893 6721
0.641905 6721
0.641917 6721
0.642999 6721
0.642999 6721
0.642999 6027
0.643623 6027
0.643635 6027
0.643647 6027
0.643659 6027
0.644693 6027
0.64527 6027
0.645282 6027
0.645294 6027
0.645318 6027
0.646495 6027
0.647156 6027
0.647156 6027
0.647156 6937
0.64718 6937
0.647192 6937
0.647216 6937
0.648586 6937
0.64861 6937
0.649187 6937
0.649187 6937
0.649187 6377
0.649211 6377
0.649223 6377
0.650412 6377
0.650436 6377
0.650989 6377
0.651025 6377
0.652107 6377
0.652131 6377
0.652143 6377
0.652623 6377
0.652659 6377
0.653921 6377
0.653921 6377
0.653921 7208
0.653957 7208
0.653969 7208
0.653993 7208
0.654534 7208
0.654582 7208
0.656012 7208
0.656012 7208
0.656012 6531
0.656036 6531
0.65606 6531
0.656553 6531
0.656589 6531
0.657886 6531
0.657886 6531
0.657886 5703
0.65791 5703
0.658331 5703
0.658343 5703
0.658367 5703
0.659581 5703
0.659953 5703
0.659965 5703
0.659989 5703
0.661395 5703
0.661395 5703
0.661395 6252
0.661419 6252
0.66184 6252
0.661864 6252
0.661888 6252
0.663474 6252
0.663474 6252
0.663474 5592
0.66387 5592
0.663894 5592
0.663918 5592
0.663942 5592
0.66536 5592
0.66536 5592
0.66536 5126
0.665709 5126
0.665733 5126
0.665757 5126
0.667055 5126
0.667391 5126
0.667415 5126
0.667427 5126
0.668701 5126
0.669133 5126
0.669169 5126
0.669181 5126
0.669205 5126
0.670671 5126
0.670671 5126
0.670671 6656
0.671212 6656
0.67126 6656
0.671272 6656
0.671296 6656
0.67132 6656
0.672606 6656
0.672606 6656
0.672606 6021
0.673135 6021
0.673159 6021
0.673171 6021
0.673195 6021
0.674336 6021
0.674877 6021
0.674889 6021
0.674913 6021
0.674937 6021
0.675994 6021
0.676643 6021
0.676667 6021
0.676691 6021
0.676715 6021
0.677953 6021
0.677953 6021
0.677953 7444
0.677977 7444
0.678746 7444
0.67877 7444
0.678806 7444
0.67883 7444
0.679936 7444
0.679936 7444
0.679936 6571
0.680597 6571
0.680633 6571
0.680669 6571
0.680693 6571
0.680705 6571
0.681714 6571
0.682399 6571
0.682423 6571
0.682435 6571
0.682447 6571
0.683336 6571
0.684165 6571
0.684189 6571
0.684201 6571
0.684213 6571
0.684225 6571
0.685235 6571
0.685235 6571
0.685235 8087
0.686184 8087
0.686208 8087
0.68622 8087
0.686232 8087
0.686244 8087
0.686268 8087
0.68729 8087
0.68729 8087
0.68729 7142
0.688155 7142
0.688167 7142
0.688179 7142
0.688203 7142
0.688215 7142
0.689116 7142
0.689116 7142
0.689116 6283
0.689873 6283
0.689885 6283
0.689909 6283
0.689921 6283
0.690774 6283
0.691579 6283
0.691603 6283
0.691615 6283
0.691639 6283
0.692601 6283
0.692601 6283
0.692601 6839
0.693538 6839
0.693562 6839
0.693574 6839
0.693598 6839
0.693622 6839
0.694727 6839
0.694727 6839
0.694727 6277
0.69552 6277
0.695532 6277
0.695557 6277
0.695581 6277
0.696554 6277
0.696554 6277
0.696554 5638
0.697227 5638
0.697251 5638
0.697275 5638
0.697299 5638
0.698272 5638
0.698957 5638
0.698981 5638
0.699005 5638
0.700171 5638
0.700171 5638
0.700171 6333
0.700195 6333
0.700976 6333
0.701 6333
0.701024 6333
0.702129 6333
0.702129 6333
0.702129 5789
0.702898 5789
0.702922 5789
0.702946 5789
0.70297 5789
0.703932 5789
0.704653 5789
0.704665 5789
0.704689 5789
0.705602 5789
0.705626 5789
0.706251 5789
0.706275 5789
0.706299 5789
0.707392 5789
0.707416 5789
0.70744 5789
0.708149 5789
0.708149 5789
0.708149 7856
0.708173 7856
0.708197 7856
0.709471 7856
0.709495 7856
0.709519 7856
0.710144 7856
0.710144 7856
0.710144 6954
0.710168 6954
0.711334 6954
0.711358 6954
0.711382 6954
0.711406 6954
0.711934 6954
0.71298 6954
0.712992 6954
0.713016 6954
0.71304 6954
0.713544 6954
0.714722 6954
0.714746 6954
0.714758 6954
0.71477 6954
0.714794 6954
0.715431 6954
0.715431 6954
0.715431 8310
0.716801 8310
0.716825 8310
0.716849 8310
0.716861 8310
0.716885 8310
0.716897 8310
0.717522 8310
0.717522 8310
0.717522 7373
0.718687 7373
0.718711 7373
0.718723 7373
0.718747 7373
0.718759 7373
0.719336 7373
0.719336 7373
0.719336 6499
0.720394 6499
0.720418 6499
0.720442 6499
0.720454 6499
0.72097 6499
0.722124 6499
0.722148 6499
0.72216 6499
0.722184 6499
0.722809 6499
0.722809 6499
0.722809 7020
0.724155 7020
0.724179 7020
0.724191 7020
0.724215 7020
0.724227 7020
0.724936 7020
0.724936 7020
0.724936 6445
0.726125 6445
0.726137 6445
0.726161 6445
0.726173 6445
0.726834 6445
0.726834 6445
0.726834 5787
0.727844 5787
0.727868 5787
0.72788 5787
0.727892 5787
0.728552 5787
0.729538 5787
0.72955 5787
0.729562 5787
0.730283 5787
0.730307 5787
0.731484 5787
0.731484 5787
0.731484 6826
0.731508 6826
0.73152 6826
0.73235 6826
0.732374 6826
0.732398 6826
0.733527 6826
0.733527 6826
0.733527 6311
0.733539 6311
0.734296 6311
0.734332 6311
0.734356 6311
0.735354 6311
0.735354 6311
0.735354 5694
0.736038 5694
0.736074 5694
0.736098 5694
0.736123 5694
0.737012 5694
0.737745 5694
0.737769 5694
0.737805 5694
0.738874 5694
0.738874 5694
0.738874 6471
0.73891 6471
0.739739 6471
0.739763 6471
0.739799 6471
0.740965 6471
0.740965 6471
0.740965 5967
0.74171 5967
0.741734 5967
0.741746 5967
0.74177 5967
0.742815 5967
0.742815 5967
0.742815 5442
0.7435 5442
0.743512 5442
0.743536 5442
0.74451 5442
0.745147 5442
0.745171 5442
0.745183 5442
0.746288 5442
0.747045 5442
0.747045 5442
0.747045 6284
0.747081 6284
0.747105 6284
0.747129 6284
0.748379 6284
0.749088 6284
0.749088 6284
0.749088 5801
0.749124 5801
0.749148 5801
0.750289 5801
0.750301 5801
0.750902 5801
0.750902 5801
0.750902 5304
0.75095 5304
0.751984 5304
0.751996 5304
0.752572 5304
0.753714 5304
0.753738 5304
0.753762 5304
0.754387 5304
0.754387 5304
0.754387 5932
0.755757 5932
0.755781 5932
0.755805 5932
0.755829 5932
0.756514 5932
0.756514 5932
0.756514 5486
0.757667 5486
0.757691 5486
0.757703 5486
0.758388 5486
0.758388 5486
0.758388 4917
0.759422 4917
0.759446 4917
0.759458 4917
0.760143 4917
0.761056 4917
0.76108 4917
0.761104 4917
0.761837 4917
0.76299 4917
0.76299 4917
0.76299 6010
0.763014 6010
0.76305 6010
0.763074 6010
0.763867 6010
0.765021 6010
0.765021 6010
0.765021 5578
0.765045 5578
0.765069 5578
0.76585 5578
0.765874 5578
0.766859 5578
0.766859 5578
0.766859 5229
0.766871 5229
0.76758 5229
0.767604 5229
0.768494 5229
0.769263 5229
0.769287 5229
0.769299 5229
0.770356 5229
0.770356 5229
0.770356 5989
0.771245 5989
0.771269 5989
0.771281 5989
0.771305 5989
0.772411 5989
0.772411 5989
0.772411 5640
0.773216 5640
0.773228 5640
0.773252 5640
0.773276 5640
0.774297 5640
0.774297 5640
0.774297 5225
0.77497 5225
0.774994 5225
0.775018 5225
0.775932 5225
0.776568 5225
0.776592 5225
0.776604 5225
0.777686 5225
0.778431 5225
0.778431 5225
0.778431 6147
0.778455 6147
0.778479 6147
0.778503 6147
0.779777 6147
0.78051 6147
0.78051 6147
0.78051 5691
0.780534 5691
0.780558 5691
0.781651 5691
0.781675 5691
0.782384 5691
0.782384 5691
0.782384 5219
0.782408 5219
0.783357 5219
0.783381 5219
0.78403 5219
0.785064 5219
0.785088 5219
0.7851 5219
0.785821 5219
0.787094 5219
0.787094 5219
0.787094 6039
0.78713 6039
0.787154 6039
0.787179 6039
0.787948 6039
0.788993 6039
0.788993 6039
0.788993 5537
0.789041 5537
0.789053 5537
0.789786 5537
0.78981 5537
0.790699 5537
0.790771 5537
0.791516 5537
0.79154 5537
0.792357 5537
0.792442 5537
0.792466 5537
0.793331 5537
0.793331 5537
0.793331 6698
0.793355 6698
0.794328 6698
0.794436 6698
0.79446 6698
0.794484 6698
0.795458 6698
0.795458 6698
0.795458 6073
0.796227 6073
0.796335 6073
0.796359 6073
0.796383 6073
0.797344 6073
0.797344 6073
0.797344 5418
0.798113 5418
0.798137 5418
0.798149 5418
0.798173 5418
0.799014 5418
0.799675 5418
0.799687 5418
0.799699 5418
0.800624 5418
0.801393 5418
0.801417 5418
0.801429 5418
0.801454 5418
0.802559 5418
0.802559 5418
0.802559 7186
0.803448 7186
0.803472 7186
0.803496 7186
0.80352 7186
0.803532 7186
0.804566 7186
0.804566 7186
0.804566 6580
0.805347 6580
0.805371 6580
0.805383 6580
0.805395 6580
0.806392 6580
0.806392 6580
0.806392 5781
0.807149 5781
0.807161 5781
0.807173 5781
0.807185 5781
0.808002 5781
0.808831 5781
0.808843 5781
0.808855 5781
0.809733 5781
0.809757 5781
0.810742 5781
0.810742 5781
0.810742 6841
0.810754 6841
0.810766 6841
0.811787 6841
0.811811 6841
0.811835 6841
0.812725 6841
0.812725 6841
0.812725 6340
0.812737 6340
0.813626 6340
0.813638 6340
0.813662 6340
0.814563 6340
0.814563 6340
0.814563 5727
0.815344 5727
0.815356 5727
0.815368 5727
0.815392 5727
0.816221 5727
0.817074 5727
0.817086 5727
0.81711 5727
0.818024 5727
0.818048 5727
0.818048 5727
0.818048 6614
0.819033 6614
0.819057 6614
0.819081 6614
0.820138 6614
0.820162 6614
0.820162 6614
0.820162 5934
0.820968 5934
0.820992 5934
0.821016 5934
0.822085 5934
0.822109 5934
0.822109 5934
0.822109 5428
0.822806 5428
0.822842 5428
0.823803 5428
0.823839 5428
0.824464 5428
0.824488 5428
0.825474 5428
0.825522 5428
0.826279 5428
0.826279 5428
0.826279 6140
0.826303 6140
0.826327 6140
0.827492 6140
0.82754 6140
0.828405 6140
0.828405 6140
0.828405 5546
0.828441 5546
0.829355 5546
0.829391 5546
0.829415 5546
0.83028 5546
0.83028 5546
0.83028 5116
0.831073 5116
0.831097 5116
0.831121 5116
0.831974 5116
0.832791 5116
0.832815 5116
0.832827 5116
0.833813 5116
0.833813 5116
0.833813 5850
0.834738 5850
0.834774 5850
0.834798 5850
0.834822 5850
0.835891 5850
0.835891 5850
0.835891 5376
0.836696 5376
0.83672 5376
0.836745 5376
0.837718 5376
0.837718 5376
0.837718 4801
0.838427 4801
0.838451 4801
0.838463 4801
0.839376 4801
0.840049 4801
0.840061 4801
0.840085 4801
0.841094 4801
0.841899 4801
0.841899 4801
0.841899 5905
0.841911 5905
0.841935 5905
0.841959 5905
0.843125 5905
0.843954 5905
0.843954 5905
0.843954 5473
0.843978 5473
0.84399 5473
0.844963 5473
0.845744 5473
0.845769 5473
0.845781 5473
0.846634 5473
0.847463 5473
0.847487 5473
0.847499 5473
0.847523 5473
0.848436 5473
0.849433 5473
0.849433 5473
0.849433 7025
0.849457 7025
0.849469 7025
0.849493 7025
0.849518 7025
0.850527 7025
0.851356 7025
0.851356 7025
0.851356 6419
0.851368 6419
0.851392 6419
0.851416 6419
0.852365 6419
0.853122 6419
0.853146 6419
0.85317 6419
0.853194 6419
0.85412 6419
0.854865 6419
0.854889 6419
0.854913 6419
0.854937 6419
0.856018 6419
0.856018 6419
0.856018 7546
0.856042 7546
0.856895 7546
0.856931 7546
0.856955 7546
0.856979 7546
0.858013 7546
0.858013 7546
0.858013 6698
0.85883 6698
0.858854 6698
0.858878 6698
0.85889 6698
0.858914 6698
0.859791 6698
0.860524 6698
0.860536 6698
0.860548 6698
0.86056 6698
0.861365 6698
0.862194 6698
0.862206 6698
0.862218 6698
0.86223 6698
0.862254 6698
0.863204 6698
0.863204 6698
0.863204 8207
0.864201 8207
0.864213 8207
0.864225 8207
0.864237 8207
0.864261 8207
0.864273 8207
0.865319 8207
0.865319 8207
0.865319 7264
0.866208 7264
0.86622 7264
0.866244 7264
0.866256 7264
0.866268 7264
0.867241 7264
0.867241 7264
0.867241 6396
0.867998 6396
0.868022 6396
0.868034 6396
0.868046 6396
0.868995 6396
0.869728 6396
0.86974 6396
0.869752 6396
0.869764 6396
0.87075 6396
0.871615 6396
0.871615 6396
0.871615 7183
0.871627 7183
0.871639 7183
0.871651 7183
0.871675 7183
0.872805 7183
0.873682 7183
0.873682 7183
0.873682 6577
0.873694 6577
0.873706 6577
0.87373 6577
0.874715 6577
0.875568 6577
0.875568 6577
0.875568 5778
0.875592 5778
0.875616 5778
0.875628 5778
0.876457 5778
0.877226 5778
0.877262 5778
0.877274 5778
0.878068 5778
0.878945 5778
0.878969 5778
0.879005 5778
0.879029 5778
0.879978 5778
0.879978 5778
0.879978 7069
0.880987 7069
0.881011 7069
0.881035 7069
0.881072 7069
0.881096 7069
0.881997 7069
0.881997 7069
0.881997 6422
0.882874 6422
0.882898 6422
0.882922 6422
0.882946 6422
0.883751 6422
0.884652 6422
0.884676 6422
0.8847 6422
0.884712 6422
0.885517 6422
0.886551 6422
0.886551 6422
0.886551 6917
0.886575 6917
0.886599 6917
0.886623 6917
0.886647 6917
0.887584 6917
0.888509 6917
0.888509 6917
0.888509 6126
0.888545 6126
0.88857 6126
0.888582 6126
0.889399 6126
0.890228 6126
0.890264 6126
0.890276 6126
0.891105 6126
0.891129 6126
0.891958 6126
0.891994 6126
0.892006 6126
0.892991 6126
0.892991 6126
0.892991 7128
0.893015 7128
0.893977 7128
0.894001 7128
0.894025 7128
0.894037 7128
0.895046 7128
0.895046 7128
0.895046 6375
0.895875 6375
0.895899 6375
0.895923 6375
0.895935 6375
0.896921 6375
0.896921 6375
0.896921 5527
0.897666 5527
0.89769 5527
0.897714 5527
0.897726 5527
0.898615 5527
0.899312 5527
0.899336 5527
0.899348 5527
0.900345 5527
0.901174 5527
0.901174 5527
0.901174 6336
0.901198 6336
0.901222 6336
0.901234 6336
0.902364 6336
0.903229 6336
0.903229 6336
0.903229 5682
0.903265 5682
0.903289 5682
0.904238 5682
0.904262 5682
0.905043 5682
0.905043 5682
0.905043 5212
0.90508 5212
0.905885 5212
0.905909 5212
0.906702 5212
0.907627 5212
0.907651 5212
0.907675 5212
0.908588 5212
0.908588 5212
0.908588 5915
0.909694 5915
0.909718 5915
0.909742 5915
0.909754 5915
0.910595 5915
0.910595 5915
0.910595 5538
0.911568 5538
0.911604 5538
0.911616 5538
0.912361 5538
0.913274 5538
0.91331 5538
0.913322 5538
0.914031 5538
0.915053 5538
0.915101 5538
0.915113 5538
0.915137 5538
0.915954 5538
0.915954 5538
0.915954 7012
0.91712 7012
0.917168 7012
0.917192 7012
0.917216 7012
0.917228 7012
0.917913 7012
0.917913 7012
0.917913 6312
0.919006 6312
0.919042 6312
0.919066 6312
0.919078 6312
0.919691 6312
0.920748 6312
0.920772 6312
0.920784 6312
0.920808 6312
0.921361 6312
0.922491 6312
0.922503 6312
0.922515 6312
0.922539 6312
0.922563 6312
0.9232 6312
0.9232 6312
0.9232 7912
0.924509 7912
0.924521 7912
0.924533 7912
0.924557 7912
0.924581 7912
0.924606 7912
0.925278 7912
0.925278 7912
0.925278 7146
0.926432 7146
0.926444 7146
0.926468 7146
0.92648 7146
0.926504 7146
0.927141 7146
0.927141 7146
0.927141 6378
0.928162 6378
0.928174 6378
0.928186 6378
0.92821 6378
0.928835 6378
0.929832 6378
0.929844 6378
0.929856 6378
0.929869 6378
0.930601 6378
0.931791 6378
0.931791 6378
0.931791 7151
0.931803 7151
0.931815 7151
0.931827 7151
0.931851 7151
0.932704 7151
0.933786 7151
0.933786 7151
0.933786 6470
0.933798 6470
0.93381 6470
0.933834 6470
0.934567 6470
0.935588 6470
0.935612 6470
0.935636 6470
0.93566 6470
0.93566 6470
0.93566 6400
0.936333 6400
0.937198 6400
0.937222 6400
0.937246 6400
0.93727 6400
0.939061 6400
0.939061 6400
0.939061 6127
0.939085 6127
0.939109 6127
0.939121 6127
0.939145 6127
0.941115 6127
0.941115 6127
0.941115 5588
0.941164 5588
0.941176 5588
0.9412 5588
0.941224 5588
0.942954 5588
0.942954 5588
0.942954 5183
0.943002 5183
0.943026 5183
0.943038 5183
0.944648 5183
0.94472 5183
0.944732 5183
0.944744 5183
0.946571 5183
0.946571 5183
0.946571 5663
0.946667 5663
0.946679 5663
0.946691 5663
0.946715 5663
0.948589 5663
0.948589 5663
0.948589 5092
0.948674 5092
0.948686 5092
0.948698 5092
0.95032 5092
0.950404 5092
0.950416 5092
0.950428 5092
0.952002 5092
0.952098 5092
0.952122 5092
0.952134 5092
0.952158 5092
0.954033 5092
0.954033 5092
0.954033 6628
0.954141 6628
0.954165 6628
0.954189 6628
0.954213 6628
0.954237 6628
0.955907 6628
0.955907 6628
0.955907 5983
0.956027 5983
0.956039 5983
0.956051 5983
0.956063 5983
0.957686 5983
0.957818 5983
0.95783 5983
0.957842 5983
0.959356 5983
0.959392 5983
0.959524 5983
0.959536 5983
0.959548 5983
0.961326 5983
0.961326 5983
0.961326 7241
0.961362 7241
0.961386 7241
0.961507 7241
0.961519 7241
0.961531 7241
0.963297 7241
0.963297 7241
0.963297 6397
0.963357 6397
0.963477 6397
0.963501 6397
0.963513 6397
0.965099 6397
0.965232 6397
0.965268 6397
0.96528 6397
0.965304 6397
0.966758 6397
0.96689 6397
0.966938 6397
0.96695 6397
0.966974 6397
0.966998 6397
0.968644 6397
0.968644 6397
0.968644 7878
0.968788 7878
0.968836 7878
0.96886 7878
0.968884 7878
0.968908 7878
0.968933 7878
0.970663 7878
0.970663 7878
0.970663 7061
0.970867 7061
0.970891 7061
0.970915 7061
0.970927 7061
0.970951 7061
0.972513 7061
0.972513 7061
0.972513 6153
0.972694 6153
0.972706 6153
0.972718 6153
0.972742 6153
0.974147 6153
0.97434 6153
0.974352 6153
0.974364 6153
0.974376 6153
0.975974 6153
0.975974 6153
0.975974 6689
0.976202 6689
0.976226 6689
0.976238 6689
0.97625 6689
0.976274 6689
0.978077 6689
0.978077 6689
0.978077 6120
0.978269 6120
0.978281 6120
0.978293 6120
0.978305 6120
0.979927 6120
0.979927 6120
0.979927 5489
0.980095 5489
0.980107 5489
0.980119 5489
0.980131 5489
0.981669 5489
0.981814 5489
0.981826 5489
0.981838 5489
0.983508 5489
0.983508 5489
0.983508 5967
0.983664 5967
0.983688 5967
0.9837 5967
0.983724 5967
0.985623 5967
0.985623 5967
0.985623 5328
0.985755 5328
0.985767 5328
0.985791 5328
0.987485 5328
0.987485 5328
0.987485 4600
0.987605 4600
0.987617 4600
0.987629 4600
0.989204 4600
0.9893 4600
0.989312 4600
0.989324 4600
0.990898 4600
0.99103 4600
0.991042 4600
0.991054 4600
0.992892 4600
0.992892 4600
0.992892 6228
0.992916 6228
0.993085 6228
0.993097 6228
0.993109 6228
0.994851 6228
0.994851 6228
0.994851 5539
0.994995 5539
0.995007 5539
0.995019 5539
0.995043 5539
0.996593 5539
0.99675 5539
0.996762 5539
0.996786 5539
0.99824 5539
0.99842 5539
0.998444 5539
0.998468 5539
0.99848 5539
1.00017 5539
1.00017 5539
1.00017 6991
1.00038 6991
1.0004 6991
1.00044 6991
1.00045 6991
1.00046 6991
1.00217 6991
1.00217 6991
1.00217 6253
1.00235 6253
1.00239 6253
1.0024 6253
1.00241 6253
1.00392 6253
1.00412 6253
1.00413 6253
1.00414 6253
1.00416 6253
1.00564 6253
1.00583 6253
1.00586 6253
1.00587 6253
1.00589 6253
1.00592 6253
1.00766 6253
1.00766 6253
1.00766 7696
1.00788 7696
1.0079 7696
1.00792 7696
1.00795 7696
1.00797 7696
1.00956 7696
1.00956 7696
1.00956 6664
1.00977 6664
1.0098 6664
1.00982 6664
1.00985 6664
1.00986 6664
1.01126 6664
1.01152 6664
1.01154 6664
1.01155 6664
1.01157 6664
1.01302 6664
1.01333 6664
1.01333 6664
1.01333 7130
1.01337 7130
1.01339 7130
1.0134 7130
1.01343 7130
1.01507 7130
1.01545 7130
1.01545 7130
1.01545 6230
1.01548 6230
1.01549 6230
1.01552 6230
1.01692 6230
1.01732 6230
1.01732 6230
1.01732 5430
1.01736 5430
1.01738 5430
1.01862 5430
1.01864 5430
1.01899 5430
1.01904 5430
1.02031 5430
1.02034 5430
1.02073 5430
1.02081 5430
1.02083 5430
1.02231 5430
1.02231 5430
1.02231 6624
1.02233 6624
1.02279 6624
1.02287 6624
1.02291 6624
1.02293 6624
1.02427 6624
1.02427 6624
1.02427 6006
1.02472 6006
1.02475 6006
1.02477 6006
1.02478 6006
1.02604 6006
1.02644 6006
1.02648 6006
1.02649 6006
1.0265 6006
1.02769 6006
1.0281 6006
1.02814 6006
1.02816 6006
1.02817 6006
1.02958 6006
1.02958 6006
1.02958 7513
1.0296 7513
1.03007 7513
1.03011 7513
1.03013 7513
1.03015 7513
1.03156 7513
1.03156 7513
1.03156 6645
1.03197 6645
1.03202 6645
1.03205 6645
1.03208 6645
1.03209 6645
1.03337 6645
1.03337 6645
1.03337 5897
1.03379 5897
1.03382 5897
1.03383 5897
1.03384 5897
1.03503 5897
1.03544 5897
1.03547 5897
1.03548 5897
1.0368 5897
1.03682 5897
1.03732 5897
1.03732 5897
1.03732 6797
1.03734 6797
1.03736 6797
1.0389 6797
1.03894 6797
1.03896 6797
1.03941 6797
1.03941 6797
1.03941 6226
1.03944 6226
1.04079 6226
1.04082 6226
1.04085 6226
1.04122 6226
1.04122 6226
1.04122 5588
1.04252 5588
1.04255 5588
1.04258 5588
1.04261 5588
1.04294 5588
1.04439 5588
1.04439 5588
1.04439 5553
1.04442 5553
1.04447 5553
1.04485 5553
1.04636 5553
1.04636 5553
1.04636 4994
1.04639 4994
1.04644 4994
1.04676 4994
1.04814 4994
1.04819 4994
1.04848 4994
1.0485 4994
1.0498 4994
1.04985 4994
1.05021 4994
1.05023 4994
1.05026 4994
1.05181 4994
1.05181 4994
1.05181 6666
1.05185 6666
1.05226 6666
1.05229 6666
1.05231 6666
1.05234 6666
1.05374 6666
1.05374 6666
1.05374 6079
1.05414 6079
1.05415 6079
1.05416 6079
1.05419 6079
1.05551 6079
1.0559 6079
1.05592 6079
1.05593 6079
1.05595 6079
1.05727 6079
1.05768 6079
1.05771 6079
1.05772 6079
1.05774 6079
1.05933 6079
1.05933 6079
1.05933 7520
1.05935 7520
1.0598 7520
1.05982 7520
1.05985 7520
1.05987 7520
1.06124 7520
1.06124 7520
1.06124 6658
1.06171 6658
1.06174 6658
1.06177 6658
1.06179 6658
1.0618 6658
1.06299 6658
1.06345 6658
1.06346 6658
1.06347 6658
1.06349 6658
1.06459 6658
1.06513 6658
1.06514 6658
1.06516 6658
1.06517 6658
1.06518 6658
1.06648 6658
1.06648 6658
1.06648 8166
1.06714 8166
1.06715 8166
1.06716 8166
1.06718 8166
1.06719 8166
1.06721 8166
1.06853 8166
1.06853 8166
1.06853 7220
1.06907 7220
1.06909 7220
1.0691 7220
1.06911 7220
1.06912 7220
1.07032 7220
1.07078 7220
1.07079 7220
1.0708 7220
1.07082 7220
1.07197 7220
1.07199 7220
1.07252 7220
1.07253 7220
1.07255 7220
1.07256 7220
1.07388 7220
1.07388 7220
1.07388 8433
1.0739 8433
1.07453 8433
1.07454 8433
1.07455 8433
1.07457 8433
1.07459 8433
1.07581 8433
1.07581 8433
1.07581 7524
1.07637 7524
1.07638 7524
1.07639 7524
1.0764 7524
1.07643 7524
1.07758 7524
1.07809 7524
1.0781 7524
1.07811 7524
1.07812 7524
1.07815 7524
1.07937 7524
1.0799 7524
1.0799 7524
1.0799 7866
1.07991 7866
1.07992 7866
1.07994 7866
1.07996 7866
1.08137 7866
1.08139 7866
1.08188 7866
1.08188 7866
1.08188 6888
1.08191 6888
1.08193 6888
1.08194 6888
1.08319 6888
1.08322 6888
1.08367 6888
1.08371 6888
1.08372 6888
1.08483 6888
1.08485 6888
1.08532 6888
1.08537 6888
1.08538 6888
1.0854 6888
1.08664 6888
1.08664 6888
1.08664 7838
1.08667 7838
1.08723 7838
1.08728 7838
1.0873 7838
1.08733 7838
1.08735 7838
1.08876 7838
1.08876 7838
1.08876 6941
1.08926 6941
1.08928 6941
1.08931 6941
1.08932 6941
1.08934 6941
1.09068 6941
1.09068 6941
1.09068 6010
1.09109 6010
1.09111 6010
1.09112 6010
1.09115 6010
1.09238 6010
1.09273 6010
1.09275 6010
1.09277 6010
1.09279 6010
1.09422 6010
1.09422 6010
1.09422 6550
1.09461 6550
1.09462 6550
1.09464 6550
1.09467 6550
1.0963 6550
1.0963 6550
1.0963 5793
1.09663 5793
1.09665 5793
1.09666 5793
1.09667 5793
1.09818 5793
1.09818 5793
1.09818 5260
1.09847 5260
1.09848 5260
1.09849 5260
1.09982 5260
1.10008 5260
1.10009 5260
1.1001 5260
1.10159 5260
1.10188 5260
1.10189 5260
1.1019 5260
1.10193 5260
1.10193 5260
1.10193 6562
1.10366 6562
1.104 6562
1.10403 6562
1.10404 6562
1.10406 6562
1.10406 6562
1.10406 5790
1.10587 5790
1.10589 5790
1.1059 5790
1.10593 5790
1.10595 5790
1.10595 5790
1.10595 5155
1.10759 5155
1.1076 5155
1.10762 5155
1.10765 5155
1.10928 5155
1.1093 5155
1.10933 5155
1.10935 5155
1.11132 5155
1.11132 5155
1.11132 5977
1.11135 5977
1.11137 5977
1.11139 5977
1.11142 5977
1.11323 5977
1.11323 5977
1.11323 5474
1.11326 5474
1.11328 5474
1.1133 5474
1.11501 5474
1.11505 5474
1.11506 5474
1.11508 5474
1.11677 5474
1.11681 5474
1.11683 5474
1.11685 5474
1.11687 5474
1.11883 5474
1.11883 5474
1.11883 6974
1.11888 6974
1.1189 6974
1.11893 6974
1.11895 6974
1.11898 6974
1.12073 6974
1.12073 6974
1.12073 6345
1.1208 6345
1.12081 6345
1.12084 6345
1.12086 6345
1.12238 6345
1.12245 6345
1.12246 6345
1.12248 6345
1.1225 6345
1.12418 6345
1.12428 6345
1.12428 6345
1.12428 6884
1.12429 6884
1.12431 6884
1.12432 6884
1.12435 6884
1.12631 6884
1.1264 6884
1.1264 6884
1.1264 6110
1.12641 6110
1.12643 6110
1.12645 6110
1.12813 6110
1.12823 6110
1.12823 6110
1.12823 5381
1.12825 5381
1.12826 5381
1.12985 5381
1.12987 5381
1.12995 5381
1.12997 5381
1.13164 5381
1.13167 5381
1.13175 5381
1.13179 5381
1.13179 5381
1.13179 6175
1.13181 6175
1.13374 6175
1.13377 6175
1.13386 6175
1.13389 6175
1.13389 6175
1.13389 5458
1.13565 5458
1.13567 5458
1.13577 5458
1.1358 5458
1.13581 5458
1.13581 5458
1.13581 4978
1.13736 4978
1.13747 4978
1.13749 4978
1.1375 4978
1.13904 4978
1.13907 4978
1.13908 4978
1.1391 4978
1.14094 4978
1.14094 4978
1.14094 5906
1.14097 5906
1.14098 5906
1.141 5906
1.14101 5906
1.14298 5906
1.14298 5906
1.14298 5409
1.14302 5409
1.14304 5409
1.14306 5409
1.14476 5409
1.14481 5409
1.14482 5409
1.14483 5409
1.14648 5409
1.14654 5409
1.14655 5409
1.14657 5409
1.14659 5409
1.14849 5409
1.14849 5409
1.14849 6936
1.14856 6936
1.14857 6936
1.14858 6936
1.14861 6936
1.14862 6936
1.15031 6936
1.15031 6936
1.15031 6313
1.15039 6313
1.1504 6313
1.15042 6313
1.15043 6313
1.15197 6313
1.15206 6313
1.15208 6313
1.15209 6313
1.15212 6313
1.15377 6313
1.15386 6313
1.15389 6313
1.15389 6313
1.15389 7119
1.15391 7119
1.15393 7119
1.15397 7119
1.15588 7119
1.15597 7119
1.15601 7119
1.15601 7119
1.15601 6428
1.15603 6428
1.15606 6428
1.15774 6428
1.15784 6428
1.15788 6428
1.15788 6428
1.15788 5605
1.15792 5605
1.15946 5605
1.15948 5605
1.15957 5605
1.15961 5605
1.1613 5605
1.1613 5605
1.1613 5438
1.16132 5438
1.1614 5438
1.16146 5438
1.16149 5438
1.16333 5438
1.16333 5438
1.16333 5021
1.16342 5021
1.16348 5021
1.16351 5021
1.16511 5021
1.16526 5021
1.16529 5021
1.16531 5021
1.16681 5021
1.16698 5021
1.16702 5021
1.16704 5021
1.16708 5021
1.16878 5021
1.16878 5021
1.16878 6716
1.16896 6716
1.16901 6716
1.16905 6716
1.1691 6716
1.16912 6716
1.17071 6716
1.17071 6716
1.17071 6134
1.17091 6134
1.17093 6134
1.17096 6134
1.17098 6134
1.17241 6134
1.1726 6134
1.17262 6134
1.17264 6134
1.17265 6134
1.17412 6134
1.17436 6134
1.17437 6134
1.17439 6134
1.17442 6134
1.17616 6134
1.17616 6134
1.17616 7523
1.17618 7523
1.17644 7523
1.17645 7523
1.17647 7523
1.1765 7523
1.17795 7523
1.17822 7523
1.17823 7523
1.17825 7523
1.17829 7523
1.1783 7523
1.17965 7523
1.17991 7523
1.17993 7523
1.17996 7523
1.17999 7523
1.18001 7523
1.18134 7523
1.18136 7523
1.18165 7523
1.18168 7523
1.18171 7523
1.18175 7523
1.18177 7523
1.18332 7523
1.18332 7523
1.18332 10012
1.18335 10012
1.18337 10012
1.18368 10012
1.18371 10012
1.18374 10012
1.18378 10012
1.1838 10012
1.18529 10012
1.18529 10012
1.18529 8915
1.18532 8915
1.18562 8915
1.18564 8915
1.18569 8915
1.18571 8915
1.18574 8915
1.18707 8915
1.18735 8915
1.18737 8915
1.18743 8915
1.18744 8915
1.18747 8915
1.18749 8915
1.18877 8915
1.18904 8915
1.18907 8915
1.18914 8915
1.18915 8915
1.18917 8915
1.1892 8915
1.19069 8915
1.19069 8915
1.19069 10144
1.19071 10144
1.191 10144
1.19102 10144
1.1911 10144
1.19112 10144
1.19114 10144
1.19117 10144
1.19262 10144
1.19262 10144
1.19262 8920
1.19287 8920
1.1929 8920
1.19297 8920
1.19301 8920
1.19302 8920
1.19303 8920
1.19442 8920
1.19465 8920
1.19471 8920
1.19476 8920
1.19477 8920
1.19479 8920
1.1948 8920
1.19608 8920
1.1963 8920
1.19637 8920
1.19642 8920
1.19644 8920
1.19646 8920
1.19647 8920
1.19785 8920
1.19787 8920
1.19811 8920
1.19811 8920
1.19811 10401
1.1982 10401
1.19825 10401
1.19828 10401
1.19829 10401
1.19831 10401
1.19995 10401
1.19998 10401
