0.0 0
0.00101034 0.001
0.00300661 0.001125
0.00301783 0.00123438
0.00302904 0.00133008
0.00304026 0.00141382
0.00305147 0.00148709
0.00306269 0.0015512
0.0030739 0.0016073
0.00308512 0.00165639
0.00309633 0.00157434
0.00310755 0.00150255
0.00311876 0.00143973
0.00312998 0.00138476
0.00314119 0.00133667
0.00315241 0.00129458
0.00316362 0.00125776
0.00317484 0.00122554
0.00318605 0.00119735
0.00319727 0.00117268
0.00320848 0.00115109
0.0032197 0.0011322
0.00323091 0.00111568
0.00324213 0.00110122
0.00325334 0.00108857
0.00326456 0.00107749
0.00327577 0.00106781
0.00328699 0.00105933
0.0032982 0.00105192
0.00330942 0.00104543
0.00332063 0.00103975
0.00333185 0.00103478
0.00334306 0.00103043
0.00335428 0.00102662
0.00336549 0.0010233
0.00337671 0.00102038
0.00338792 0.00101784
0.00339914 0.00101561
0.00341035 0.00101366
0.00342157 0.00101195
0.00343278 0.00101045
0.003444 0.00100915
0.00345521 0.001008
0.00346643 0.001007
0.00347764 0.00100613
0.00348886 0.00100536
0.00350007 0.00100469
0.00351129 0.0010041
0.0035225 0.00100359
0.00353372 0.00100314
0.00354493 0.00100275
0.00355615 0.0010024
0.00356736 0.0010021
0.00357858 0.00100184
0.00358979 0.00100161
0.00360101 0.00100141
0.00361222 0.00100123
0.00362344 0.00100108
0.00363465 0.00100094
0.00364587 0.00100082
0.00365708 0.00100072
0.0036683 0.00100063
0.00367951 0.00100055
0.00369073 0.00100048
0.00370194 0.00100042
0.00371316 0.00100037
0.00372437 0.00100032
0.00373559 0.00100028
0.0037468 0.00100024
0.00375802 0.00100021
0.00376923 0.00100019
0.00378045 0.00100016
0.00379166 0.00100014
0.00380288 0.00100012
0.00381409 0.00100011
0.00382531 0.00100009
0.00383652 0.00100008
0.00384774 0.00100007
0.00385895 0.00100006
0.00387017 0.00100005
0.00388138 0.00100005
0.0038926 0.00100004
0.00390381 0.00100004
0.00391503 0.00100003
0.00392624 0.00100003
0.00393746 0.00100002
0.00394867 0.00100002
0.00395989 0.00100002
0.0039711 0.00100001
0.00398232 0.00100001
0.00399353 0.00100001
0.00400475 0.00112501
0.00401596 0.00123438
0.00402718 0.00133008
0.00403839 0.00141382
0.00404961 0.00148709
0.00406082 0.00155121
0.00407204 0.00160731
0.00408325 0.00165639
0.00409447 0.00157434
0.00410568 0.00150255
0.0041169 0.00143973
0.00412811 0.00138476
0.00413933 0.00133667
0.00415054 0.00129458
0.00416176 0.00125776
0.00417297 0.00122554
0.00418419 0.00119735
0.0041954 0.00117268
0.00420662 0.00115109
0.00421783 0.00113221
0.00422905 0.00111568
0.00424026 0.00110122
0.00425148 0.00108857
0.00426269 0.0010775
0.00427391 0.00106781
0.00428512 0.00105933
0.00429634 0.00105192
0.00430755 0.00104543
0.00431877 0.00103975
0.00432998 0.00103478
0.0043412 0.00103043
0.00435241 0.00102662
0.00436363 0.0010233
0.00437484 0.00102038
0.00438606 0.00101784
0.00439727 0.00101561
0.00440849 0.00101366
0.0044197 0.00101195
0.00443092 0.00101045
0.00444213 0.00100915
0.00445335 0.001008
0.00446456 0.001007
0.00447578 0.00100613
0.00448699 0.00100536
0.00449821 0.00100469
0.00450942 0.0010041
0.00452064 0.00100359
0.00453185 0.00100314
0.00454307 0.00100275
0.00455428 0.0010024
0.0045655 0.0010021
0.00457671 0.00100184
0.00458793 0.00100161
0.00459914 0.00100141
0.00461036 0.00100123
0.00462157 0.00100108
0.00463279 0.00100094
0.004644 0.00100082
0.00465522 0.00100072
0.00466643 0.00100063
0.00467765 0.00100055
0.00468886 0.00100048
0.00470008 0.00100042
0.00471129 0.00100037
0.00472251 0.00100032
0.00473372 0.00100028
0.00474494 0.00100024
0.00475615 0.00100021
0.00476737 0.00100019
0.00477858 0.00100016
0.0047898 0.00100014
0.00480101 0.00100012
0.00481223 0.00100011
0.00482344 0.00100009
0.00483466 0.00100008
0.00484587 0.00100007
0.00485709 0.00100006
0.0048683 0.00100005
0.00487952 0.00100005
0.00489073 0.00100004
0.00490195 0.00100004
0.00491316 0.00100003
0.00492438 0.00100003
0.00493559 0.00100002
0.00494681 0.00100002
0.00495802 0.00100002
0.00496924 0.00100001
0.00498045 0.00100001
0.00499167 0.00100001
0.00500288 0.00112501
0.0050141 0.00123438
0.00502531 0.00133008
0.00503653 0.00141382
0.00504774 0.00148709
0.00505896 0.00155121
0.00507017 0.00160731
0.00508139 0.00165639
0.0050926 0.00157434
0.00510382 0.00150255
0.00511503 0.00143973
0.00512625 0.00138476
0.00513746 0.00133667
0.00514868 0.00129458
0.00515989 0.00125776
0.00517111 0.00122554
0.00518232 0.00119735
0.00519354 0.00117268
0.00520475 0.00115109
0.00521597 0.00113221
0.00522718 0.00111568
0.0052384 0.00110122
0.00524961 0.00108857
0.00526083 0.0010775
0.00527204 0.00106781
0.00528326 0.00105933
0.00529447 0.00105192
0.00530569 0.00104543
0.0053169 0.00103975
0.00532812 0.00103478
0.00533933 0.00103043
0.00535055 0.00102662
0.00536176 0.0010233
0.00537298 0.00102038
0.00538419 0.00101784
0.00539541 0.00101561
0.00540662 0.00101366
0.00541784 0.00101195
0.00542905 0.00101045
0.00544027 0.00100915
0.00545148 0.001008
0.0054627 0.001007
0.00547391 0.00100613
0.00548513 0.00100536
0.00549634 0.00100469
0.00550756 0.0010041
0.00551877 0.00100359
0.00552999 0.00100314
0.0055412 0.00100275
0.00555242 0.0010024
0.00556363 0.0010021
0.00557485 0.00100184
0.00558606 0.00100161
0.00559728 0.00100141
0.00560849 0.00100123
0.00561971 0.00100108
0.00563092 0.00100094
0.00564214 0.00100082
0.00565335 0.00100072
0.00566457 0.00100063
0.00567578 0.00100055
0.005687 0.00100048
0.00569821 0.00100042
0.00570943 0.00100037
0.00572064 0.00100032
0.00573186 0.00100028
0.00574307 0.00100024
0.00575429 0.00100021
0.0057655 0.00100019
0.00577672 0.00100016
0.00578793 0.00100014
0.00579915 0.00100012
0.00581036 0.00100011
0.00582158 0.00100009
0.00583279 0.00100008
0.00584401 0.00100007
0.00585522 0.00100006
0.00586644 0.00100005
0.00587765 0.00100005
0.00588887 0.00100004
0.00590008 0.00100004
0.0059113 0.00100003
0.00592251 0.00100003
0.00593373 0.00100002
0.00594494 0.00100002
0.00595616 0.00100002
0.00596737 0.00100001
0.00597859 0.00100001
0.0059898 0.00100001
0.00600102 0.00112501
0.00601223 0.00123438
0.00602345 0.00133008
0.00603466 0.00141382
0.00604588 0.00148709
0.00605709 0.00155121
0.00606831 0.00160731
0.00607952 0.00165639
0.00609074 0.00157434
0.00610195 0.00150255
0.00611317 0.00143973
0.00612438 0.00138476
0.0061356 0.00133667
0.00614681 0.00129458
0.00615803 0.00125776
0.00616924 0.00122554
0.00618046 0.00119735
0.00619167 0.00117268
0.00620289 0.00115109
0.0062141 0.00113221
0.00622532 0.00111568
0.00623653 0.00110122
0.00624775 0.00108857
0.00625896 0.0010775
0.00627018 0.00106781
0.00628139 0.00105933
0.00629261 0.00105192
0.00630382 0.00104543
0.00631504 0.00103975
0.00632625 0.00103478
0.00633747 0.00103043
0.00634868 0.00102662
0.0063599 0.0010233
0.00637111 0.00102038
0.00638233 0.00101784
0.00639354 0.00101561
0.00640476 0.00101366
0.00641597 0.00101195
0.00642719 0.00101045
0.0064384 0.00100915
0.00644962 0.001008
0.00646083 0.001007
0.00647205 0.00100613
0.00648326 0.00100536
0.00649448 0.00100469
0.00650569 0.0010041
0.00651691 0.00100359
0.00652812 0.00100314
0.00653934 0.00100275
0.00655055 0.0010024
0.00656177 0.0010021
0.00657298 0.00100184
0.0065842 0.00100161
0.00659541 0.00100141
0.00660663 0.00100123
0.00661784 0.00100108
0.00662906 0.00100094
0.00664027 0.00100082
0.00665149 0.00100072
0.0066627 0.00100063
0.00667392 0.00100055
0.00668513 0.00100048
0.00669635 0.00100042
0.00670756 0.00100037
0.00671878 0.00100032
0.00672999 0.00100028
0.00674121 0.00100024
0.00675242 0.00100021
0.00676364 0.00100019
0.00677485 0.00100016
0.00678607 0.00100014
0.00679728 0.00100012
0.0068085 0.00100011
0.00681971 0.00100009
0.00683093 0.00100008
0.00684214 0.00100007
0.00685336 0.00100006
0.00686457 0.00100005
0.00687579 0.00100005
0.006887 0.00100004
0.00689822 0.00100004
0.00690943 0.00100003
0.00692065 0.00100003
0.00693186 0.00100002
0.00694308 0.00100002
0.00695429 0.00100002
0.00696551 0.00100001
0.00697672 0.00100001
0.00698794 0.00100001
0.00699915 0.00100001
0.00701037 0.00112501
0.00702158 0.00123438
0.0070328 0.00133008
0.00704401 0.00141382
0.00705523 0.00148709
0.00706644 0.00155121
0.00707766 0.00160731
0.00708887 0.00153139
0.00710009 0.00146497
0.0071113 0.00140685
0.00712252 0.00135599
0.00713373 0.00131149
0.00714495 0.00127255
0.00715616 0.00123849
0.00716738 0.00120867
0.00717859 0.00118259
0.00718981 0.00115977
0.00720102 0.00113979
0.00721224 0.00112232
0.00722345 0.00110703
0.00723467 0.00109365
0.00724588 0.00108194
0.0072571 0.0010717
0.00726831 0.00106274
0.00727953 0.00105489
0.00729074 0.00104803
0.00730196 0.00104203
0.00731317 0.00103677
0.00732439 0.00103218
0.0073356 0.00102815
0.00734682 0.00102463
0.00735803 0.00102155
0.00736925 0.00101886
0.00738046 0.0010165
0.00739168 0.00101444
0.00740289 0.00101263
0.00741411 0.00101105
0.00742532 0.00100967
0.00743654 0.00100846
0.00744775 0.0010074
0.00745897 0.00100648
0.00747018 0.00100567
0.0074814 0.00100496
0.00749261 0.00100434
0.00750383 0.0010038
0.00751504 0.00100332
0.00752626 0.0010029
0.00753747 0.00100254
0.00754869 0.00100222
0.0075599 0.00100194
0.00757112 0.0010017
0.00758233 0.00100149
0.00759355 0.0010013
0.00760476 0.00100114
0.00761598 0.001001
0.00762719 0.00100087
0.00763841 0.00100076
0.00764962 0.00100067
0.00766084 0.00100058
0.00767205 0.00100051
0.00768327 0.00100044
0.00769448 0.00100039
0.0077057 0.00100034
0.00771691 0.0010003
0.00772813 0.00100026
0.00773934 0.00100023
0.00775056 0.0010002
0.00776177 0.00100017
0.00777299 0.00100015
0.0077842 0.00100013
0.00779542 0.00100011
0.00780663 0.0010001
0.00781785 0.00100009
0.00782906 0.00100008
0.00784028 0.00100007
0.00785149 0.00100006
0.00786271 0.00100005
0.00787392 0.00100004
0.00788514 0.00100004
0.00789635 0.00100003
0.00790757 0.00100003
0.00791878 0.00100002
0.00793 0.00100002
0.00794121 0.00100002
0.00795243 0.00100001
0.00796364 0.00100001
0.00797486 0.00100001
0.00798607 0.00100001
0.00799729 0.00100001
0.0080085 0.00112501
0.00801972 0.00123438
0.00803093 0.00133008
0.00804215 0.00141382
0.00805336 0.00148709
0.00806458 0.00155121
0.00807579 0.0016073
0.00808701 0.00165639
0.00809822 0.00157434
0.00810944 0.00150255
0.00812065 0.00143973
0.00813187 0.00138476
0.00814308 0.00133667
0.0081543 0.00129458
0.00816551 0.00125776
0.00817673 0.00122554
0.00818794 0.00119735
0.00819916 0.00117268
0.00821037 0.00115109
0.00822159 0.00113221
0.0082328 0.00111568
0.00824402 0.00110122
0.00825523 0.00108857
0.00826645 0.0010775
0.00827766 0.00106781
0.00828888 0.00105933
0.00830009 0.00105192
0.00831131 0.00104543
0.00832252 0.00103975
0.00833374 0.00103478
0.00834495 0.00103043
0.00835617 0.00102662
0.00836738 0.0010233
0.0083786 0.00102038
0.00838981 0.00101784
0.00840103 0.00101561
0.00841224 0.00101366
0.00842346 0.00101195
0.00843467 0.00101045
0.00844589 0.00100915
0.0084571 0.001008
0.00846832 0.001007
0.00847953 0.00100613
0.00849075 0.00100536
0.00850196 0.00100469
0.00851318 0.0010041
0.00852439 0.00100359
0.00853561 0.00100314
0.00854682 0.00100275
0.00855804 0.0010024
0.00856925 0.0010021
0.00858047 0.00100184
0.00859168 0.00100161
0.0086029 0.00100141
0.00861411 0.00100123
0.00862533 0.00100108
0.00863654 0.00100094
0.00864776 0.00100082
0.00865897 0.00100072
0.00867019 0.00100063
0.0086814 0.00100055
0.00869262 0.00100048
0.00870383 0.00100042
0.00871505 0.00100037
0.00872626 0.00100032
0.00873748 0.00100028
0.00874869 0.00100024
0.00875991 0.00100021
0.00877112 0.00100019
0.00878234 0.00100016
0.00879355 0.00100014
0.00880477 0.00100012
0.00881598 0.00100011
0.0088272 0.00100009
0.00883841 0.00100008
0.00884963 0.00100007
0.00886084 0.00100006
0.00887206 0.00100005
0.00888327 0.00100005
0.00889449 0.00100004
0.0089057 0.00100004
0.00891692 0.00100003
0.00892813 0.00100003
0.00893935 0.00100002
0.00895056 0.00100002
0.00896178 0.00100002
0.00897299 0.00100001
0.00898421 0.00100001
0.00899542 0.00100001
0.00900664 0.00112501
0.00901785 0.00123438
0.00902907 0.00133008
0.00904028 0.00141382
0.0090515 0.00148709
0.00906271 0.00155121
0.00907393 0.00160731
0.00908514 0.00165639
0.00909636 0.00157434
0.00910757 0.00150255
0.00911879 0.00143973
0.00913 0.00138476
0.00914122 0.00133667
0.00915243 0.00129458
0.00916365 0.00125776
0.00917486 0.00122554
0.00918608 0.00119735
0.00919729 0.00117268
0.00920851 0.00115109
0.00921972 0.00113221
0.00923094 0.00111568
0.00924215 0.00110122
0.00925337 0.00108857
0.00926458 0.0010775
0.0092758 0.00106781
0.00928701 0.00105933
0.00929823 0.00105192
0.00930944 0.00104543
0.00932066 0.00103975
0.00933187 0.00103478
0.00934309 0.00103043
0.0093543 0.00102662
0.00936552 0.0010233
0.00937673 0.00102038
0.00938795 0.00101784
0.00939916 0.00101561
0.00941038 0.00101366
0.00942159 0.00101195
0.00943281 0.00101045
0.00944402 0.00100915
0.00945524 0.001008
0.00946645 0.001007
0.00947767 0.00100613
0.00948888 0.00100536
0.0095001 0.00100469
0.00951131 0.0010041
0.00952253 0.00100359
0.00953374 0.00100314
0.00954496 0.00100275
0.00955617 0.0010024
0.00956739 0.0010021
0.0095786 0.00100184
0.00958982 0.00100161
0.00960103 0.00100141
0.00961225 0.00100123
0.00962346 0.00100108
0.00963468 0.00100094
0.00964589 0.00100082
0.00965711 0.00100072
0.00966832 0.00100063
0.00967954 0.00100055
0.00969075 0.00100048
0.00970197 0.00100042
0.00971318 0.00100037
0.0097244 0.00100032
0.00973561 0.00100028
0.00974683 0.00100024
0.00975804 0.00100021
0.00976926 0.00100019
0.00978047 0.00100016
0.00979169 0.00100014
0.0098029 0.00100012
0.00981412 0.00100011
0.00982533 0.00100009
0.00983655 0.00100008
0.00984776 0.00100007
0.00985898 0.00100006
0.00987019 0.00100005
0.00988141 0.00100005
0.00989262 0.00100004
0.00990384 0.00100004
0.00991505 0.00100003
0.00992627 0.00100003
0.00993748 0.00100002
0.0099487 0.00100002
0.00995991 0.00100002
0.00997113 0.00100001
0.00998234 0.00100001
0.00999356 0.00100001
0.0100048 0.00112501
0.010016 0.00123438
0.0100272 0.00133008
0.0100384 0.00141382
0.0100496 0.00148709
0.0100608 0.00155121
0.0100721 0.00160731
0.0100833 0.00165639
0.0100945 0.00157434
0.0101057 0.00150255
0.0101169 0.00143973
0.0101281 0.00138476
0.0101394 0.00133667
0.0101506 0.00129458
0.0101618 0.00125776
0.010173 0.00122554
0.0101842 0.00119735
0.0101954 0.00117268
0.0102066 0.00115109
0.0102179 0.00113221
0.0102291 0.00111568
0.0102403 0.00110122
0.0102515 0.00108857
0.0102627 0.0010775
0.0102739 0.00106781
0.0102851 0.00105933
0.0102964 0.00105192
0.0103076 0.00104543
0.0103188 0.00103975
0.01033 0.00103478
0.0103412 0.00103043
0.0103524 0.00102662
0.0103637 0.0010233
0.0103749 0.00102038
0.0103861 0.00101784
0.0103973 0.00101561
0.0104085 0.00101366
0.0104197 0.00101195
0.0104309 0.00101045
0.0104422 0.00100915
0.0104534 0.001008
0.0104646 0.001007
0.0104758 0.00100613
0.010487 0.00100536
0.0104982 0.00100469
0.0105094 0.0010041
0.0105207 0.00100359
0.0105319 0.00100314
0.0105431 0.00100275
0.0105543 0.0010024
0.0105655 0.0010021
0.0105767 0.00100184
0.010588 0.00100161
0.0105992 0.00100141
0.0106104 0.00100123
0.0106216 0.00100108
0.0106328 0.00100094
0.010644 0.00100082
0.0106552 0.00100072
0.0106665 0.00100063
0.0106777 0.00100055
0.0106889 0.00100048
0.0107001 0.00100042
0.0107113 0.00100037
0.0107225 0.00100032
0.0107337 0.00100028
0.010745 0.00100024
0.0107562 0.00100021
0.0107674 0.00100019
0.0107786 0.00100016
0.0107898 0.00100014
0.010801 0.00100012
0.0108123 0.00100011
0.0108235 0.00100009
0.0108347 0.00100008
0.0108459 0.00100007
0.0108571 0.00100006
0.0108683 0.00100005
0.0108795 0.00100005
0.0108908 0.00100004
0.010902 0.00100004
0.0109132 0.00100003
0.0109244 0.00100003
0.0109356 0.00100002
0.0109468 0.00100002
0.010958 0.00100002
0.0109693 0.00100001
0.0109805 0.00100001
0.0109917 0.00100001
0.0110029 0.00112501
0.0110141 0.00123438
0.0110253 0.00133008
0.0110366 0.00141382
0.0110478 0.00148709
0.011059 0.00155121
0.0110702 0.00160731
0.0110814 0.00165639
0.0110926 0.00157434
0.0111038 0.00150255
0.0111151 0.00143973
0.0111263 0.00138476
0.0111375 0.00133667
0.0111487 0.00129458
0.0111599 0.00125776
0.0111711 0.00122554
0.0111823 0.00119735
0.0111936 0.00117268
0.0112048 0.00115109
0.011216 0.00113221
0.0112272 0.00111568
0.0112384 0.00110122
0.0112496 0.00108857
0.0112609 0.0010775
0.0112721 0.00106781
0.0112833 0.00105933
0.0112945 0.00105192
0.0113057 0.00104543
0.0113169 0.00103975
0.0113281 0.00103478
0.0113394 0.00103043
0.0113506 0.00102662
0.0113618 0.0010233
0.011373 0.00102038
0.0113842 0.00101784
0.0113954 0.00101561
0.0114066 0.00101366
0.0114179 0.00101195
0.0114291 0.00101045
0.0114403 0.00100915
0.0114515 0.001008
0.0114627 0.001007
0.0114739 0.00100613
0.0114852 0.00100536
0.0114964 0.00100469
0.0115076 0.0010041
0.0115188 0.00100359
0.01153 0.00100314
0.0115412 0.00100275
0.0115524 0.0010024
0.0115637 0.0010021
0.0115749 0.00100184
0.0115861 0.00100161
0.0115973 0.00100141
0.0116085 0.00100123
0.0116197 0.00100108
0.0116309 0.00100094
0.0116422 0.00100082
0.0116534 0.00100072
0.0116646 0.00100063
0.0116758 0.00100055
0.011687 0.00100048
0.0116982 0.00100042
0.0117095 0.00100037
0.0117207 0.00100032
0.0117319 0.00100028
0.0117431 0.00100024
0.0117543 0.00100021
0.0117655 0.00100019
0.0117767 0.00100016
0.011788 0.00100014
0.0117992 0.00100012
0.0118104 0.00100011
0.0118216 0.00100009
0.0118328 0.00100008
0.011844 0.00100007
0.0118552 0.00100006
0.0118665 0.00100005
0.0118777 0.00100005
0.0118889 0.00100004
0.0119001 0.00100004
0.0119113 0.00100003
0.0119225 0.00100003
0.0119338 0.00100002
0.011945 0.00100002
0.0119562 0.00100002
0.0119674 0.00100001
0.0119786 0.00100001
0.0119898 0.00100001
0.012001 0.00112501
0.0120123 0.00123438
0.0120235 0.00133008
0.0120347 0.00141382
0.0120459 0.00148709
0.0120571 0.00155121
0.0120683 0.00160731
0.0120795 0.00165639
0.0120908 0.00157434
0.012102 0.00150255
0.0121132 0.00143973
0.0121244 0.00138476
0.0121356 0.00133667
0.0121468 0.00129458
0.0121581 0.00125776
0.0121693 0.00122554
0.0121805 0.00119735
0.0121917 0.00117268
0.0122029 0.00115109
0.0122141 0.00113221
0.0122253 0.00111568
0.0122366 0.00110122
0.0122478 0.00108857
0.012259 0.0010775
0.0122702 0.00106781
0.0122814 0.00105933
0.0122926 0.00105192
0.0123038 0.00104543
0.0123151 0.00103975
0.0123263 0.00103478
0.0123375 0.00103043
0.0123487 0.00102662
0.0123599 0.0010233
0.0123711 0.00102038
0.0123824 0.00101784
0.0123936 0.00101561
0.0124048 0.00101366
0.012416 0.00101195
0.0124272 0.00101045
0.0124384 0.00100915
0.0124496 0.001008
0.0124609 0.001007
0.0124721 0.00100613
0.0124833 0.00100536
0.0124945 0.00100469
0.0125057 0.0010041
0.0125169 0.00100359
0.0125281 0.00100314
0.0125394 0.00100275
0.0125506 0.0010024
0.0125618 0.0010021
0.012573 0.00100184
0.0125842 0.00100161
0.0125954 0.00100141
0.0126067 0.00100123
0.0126179 0.00100108
0.0126291 0.00100094
0.0126403 0.00100082
0.0126515 0.00100072
0.0126627 0.00100063
0.0126739 0.00100055
0.0126852 0.00100048
0.0126964 0.00100042
0.0127076 0.00100037
0.0127188 0.00100032
0.01273 0.00100028
0.0127412 0.00100024
0.0127524 0.00100021
0.0127637 0.00100019
0.0127749 0.00100016
0.0127861 0.00100014
0.0127973 0.00100012
0.0128085 0.00100011
0.0128197 0.00100009
0.012831 0.00100008
0.0128422 0.00100007
0.0128534 0.00100006
0.0128646 0.00100005
0.0128758 0.00100005
0.012887 0.00100004
0.0128982 0.00100004
0.0129095 0.00100003
0.0129207 0.00100003
0.0129319 0.00100002
0.0129431 0.00100002
0.0129543 0.00100002
0.0129655 0.00100001
0.0129767 0.00100001
0.012988 0.00100001
0.0129992 0.00100001
0.0130104 0.00112501
0.0130216 0.00123438
0.0130328 0.00133008
0.013044 0.00141382
0.0130553 0.00148709
0.0130665 0.00155121
0.0130777 0.00160731
0.0130889 0.00153139
0.0131001 0.00146497
0.0131113 0.00140685
0.0131225 0.00135599
0.0131338 0.00131149
0.013145 0.00127255
0.0131562 0.00123849
0.0131674 0.00120867
0.0131786 0.00118259
0.0131898 0.00115977
0.013201 0.00113979
0.0132123 0.00112232
0.0132235 0.00110703
0.0132347 0.00109365
0.0132459 0.00108194
0.0132571 0.0010717
0.0132683 0.00106274
0.0132796 0.00105489
0.0132908 0.00104803
0.013302 0.00104203
0.0133132 0.00103677
0.0133244 0.00103218
0.0133356 0.00102815
0.0133468 0.00102463
0.0133581 0.00102155
0.0133693 0.00101886
0.0133805 0.0010165
0.0133917 0.00101444
0.0134029 0.00101263
0.0134141 0.00101105
0.0134253 0.00100967
0.0134366 0.00100846
0.0134478 0.0010074
0.013459 0.00100648
0.0134702 0.00100567
0.0134814 0.00100496
0.0134926 0.00100434
0.0135039 0.0010038
0.0135151 0.00100332
0.0135263 0.0010029
0.0135375 0.00100254
0.0135487 0.00100222
0.0135599 0.00100194
0.0135711 0.0010017
0.0135824 0.00100149
0.0135936 0.0010013
0.0136048 0.00100114
0.013616 0.001001
0.0136272 0.00100087
0.0136384 0.00100076
0.0136496 0.00100067
0.0136609 0.00100058
0.0136721 0.00100051
0.0136833 0.00100044
0.0136945 0.00100039
0.0137057 0.00100034
0.0137169 0.0010003
0.0137282 0.00100026
0.0137394 0.00100023
0.0137506 0.0010002
0.0137618 0.00100017
0.013773 0.00100015
0.0137842 0.00100013
0.0137954 0.00100011
0.0138067 0.0010001
0.0138179 0.00100009
0.0138291 0.00100008
0.0138403 0.00100007
0.0138515 0.00100006
0.0138627 0.00100005
0.0138739 0.00100004
0.0138852 0.00100004
0.0138964 0.00100003
0.0139076 0.00100003
0.0139188 0.00100002
0.01393 0.00100002
0.0139412 0.00100002
0.0139525 0.00100001
0.0139637 0.00100001
0.0139749 0.00100001
0.0139861 0.00100001
0.0139973 0.00100001
0.0140085 0.00112501
0.0140197 0.00123438
0.014031 0.00133008
0.0140422 0.00141382
0.0140534 0.00148709
0.0140646 0.00155121
0.0140758 0.0016073
0.014087 0.00165639
0.0140982 0.00157434
0.0141095 0.00150255
0.0141207 0.00143973
0.0141319 0.00138476
0.0141431 0.00133667
0.0141543 0.00129458
0.0141655 0.00125776
0.0141768 0.00122554
0.014188 0.00119735
0.0141992 0.00117268
0.0142104 0.00115109
0.0142216 0.00113221
0.0142328 0.00111568
0.014244 0.00110122
0.0142553 0.00108857
0.0142665 0.0010775
0.0142777 0.00106781
0.0142889 0.00105933
0.0143001 0.00105192
0.0143113 0.00104543
0.0143225 0.00103975
0.0143338 0.00103478
0.014345 0.00103043
0.0143562 0.00102662
0.0143674 0.0010233
0.0143786 0.00102038
0.0143898 0.00101784
0.0144011 0.00101561
0.0144123 0.00101366
0.0144235 0.00101195
0.0144347 0.00101045
0.0144459 0.00100915
0.0144571 0.001008
0.0144683 0.001007
0.0144796 0.00100613
0.0144908 0.00100536
0.014502 0.00100469
0.0145132 0.0010041
0.0145244 0.00100359
0.0145356 0.00100314
0.0145468 0.00100275
0.0145581 0.0010024
0.0145693 0.0010021
0.0145805 0.00100184
0.0145917 0.00100161
0.0146029 0.00100141
0.0146141 0.00100123
0.0146254 0.00100108
0.0146366 0.00100094
0.0146478 0.00100082
0.014659 0.00100072
0.0146702 0.00100063
0.0146814 0.00100055
0.0146926 0.00100048
0.0147039 0.00100042
0.0147151 0.00100037
0.0147263 0.00100032
0.0147375 0.00100028
0.0147487 0.00100024
0.0147599 0.00100021
0.0147711 0.00100019
0.0147824 0.00100016
0.0147936 0.00100014
0.0148048 0.00100012
0.014816 0.00100011
0.0148272 0.00100009
0.0148384 0.00100008
0.0148497 0.00100007
0.0148609 0.00100006
0.0148721 0.00100005
0.0148833 0.00100005
0.0148945 0.00100004
0.0149057 0.00100004
0.0149169 0.00100003
0.0149282 0.00100003
0.0149394 0.00100002
0.0149506 0.00100002
0.0149618 0.00100002
0.014973 0.00100001
0.0149842 0.00100001
0.0149954 0.00100001
0.0150067 0.00112501
0.0150179 0.00123438
0.0150291 0.00133008
0.0150403 0.00141382
0.0150515 0.00148709
0.0150627 0.00155121
0.015074 0.00160731
0.0150852 0.00165639
0.0150964 0.00157434
0.0151076 0.00150255
0.0151188 0.00143973
0.01513 0.00138476
0.0151412 0.00133667
0.0151525 0.00129458
0.0151637 0.00125776
0.0151749 0.00122554
0.0151861 0.00119735
0.0151973 0.00117268
0.0152085 0.00115109
0.0152197 0.00113221
0.015231 0.00111568
0.0152422 0.00110122
0.0152534 0.00108857
0.0152646 0.0010775
0.0152758 0.00106781
0.015287 0.00105933
0.0152983 0.00105192
0.0153095 0.00104543
0.0153207 0.00103975
0.0153319 0.00103478
0.0153431 0.00103043
0.0153543 0.00102662
0.0153655 0.0010233
0.0153768 0.00102038
0.015388 0.00101784
0.0153992 0.00101561
0.0154104 0.00101366
0.0154216 0.00101195
0.0154328 0.00101045
0.015444 0.00100915
0.0154553 0.001008
0.0154665 0.001007
0.0154777 0.00100613
0.0154889 0.00100536
0.0155001 0.00100469
0.0155113 0.0010041
0.0155226 0.00100359
0.0155338 0.00100314
0.015545 0.00100275
0.0155562 0.0010024
0.0155674 0.0010021
0.0155786 0.00100184
0.0155898 0.00100161
0.0156011 0.00100141
0.0156123 0.00100123
0.0156235 0.00100108
0.0156347 0.00100094
0.0156459 0.00100082
0.0156571 0.00100072
0.0156683 0.00100063
0.0156796 0.00100055
0.0156908 0.00100048
0.015702 0.00100042
0.0157132 0.00100037
0.0157244 0.00100032
0.0157356 0.00100028
0.0157469 0.00100024
0.0157581 0.00100021
0.0157693 0.00100019
0.0157805 0.00100016
0.0157917 0.00100014
0.0158029 0.00100012
0.0158141 0.00100011
0.0158254 0.00100009
0.0158366 0.00100008
0.0158478 0.00100007
0.015859 0.00100006
0.0158702 0.00100005
0.0158814 0.00100005
0.0158926 0.00100004
0.0159039 0.00100004
0.0159151 0.00100003
0.0159263 0.00100003
0.0159375 0.00100002
0.0159487 0.00100002
0.0159599 0.00100002
0.0159712 0.00100001
0.0159824 0.00100001
0.0159936 0.00100001
0.0160048 0.00112501
0.016016 0.00123438
0.0160272 0.00133008
0.0160384 0.00141382
0.0160497 0.00148709
0.0160609 0.00155121
0.0160721 0.00160731
0.0160833 0.00165639
0.0160945 0.00157434
0.0161057 0.00150255
0.0161169 0.00143973
0.0161282 0.00138476
0.0161394 0.00133667
0.0161506 0.00129458
0.0161618 0.00125776
0.016173 0.00122554
0.0161842 0.00119735
0.0161955 0.00117268
0.0162067 0.00115109
0.0162179 0.00113221
0.0162291 0.00111568
0.0162403 0.00110122
0.0162515 0.00108857
0.0162627 0.0010775
0.016274 0.00106781
0.0162852 0.00105933
0.0162964 0.00105192
0.0163076 0.00104543
0.0163188 0.00103975
0.01633 0.00103478
0.0163412 0.00103043
0.0163525 0.00102662
0.0163637 0.0010233
0.0163749 0.00102038
0.0163861 0.00101784
0.0163973 0.00101561
0.0164085 0.00101366
0.0164198 0.00101195
0.016431 0.00101045
0.0164422 0.00100915
0.0164534 0.001008
0.0164646 0.001007
0.0164758 0.00100613
0.016487 0.00100536
0.0164983 0.00100469
0.0165095 0.0010041
0.0165207 0.00100359
0.0165319 0.00100314
0.0165431 0.00100275
0.0165543 0.0010024
0.0165655 0.0010021
0.0165768 0.00100184
0.016588 0.00100161
0.0165992 0.00100141
0.0166104 0.00100123
0.0166216 0.00100108
0.0166328 0.00100094
0.0166441 0.00100082
0.0166553 0.00100072
0.0166665 0.00100063
0.0166777 0.00100055
0.0166889 0.00100048
0.0167001 0.00100042
0.0167113 0.00100037
0.0167226 0.00100032
0.0167338 0.00100028
0.016745 0.00100024
0.0167562 0.00100021
0.0167674 0.00100019
0.0167786 0.00100016
0.0167898 0.00100014
0.0168011 0.00100012
0.0168123 0.00100011
0.0168235 0.00100009
0.0168347 0.00100008
0.0168459 0.00100007
0.0168571 0.00100006
0.0168684 0.00100005
0.0168796 0.00100005
0.0168908 0.00100004
0.016902 0.00100004
0.0169132 0.00100003
0.0169244 0.00100003
0.0169356 0.00100002
0.0169469 0.00100002
0.0169581 0.00100002
0.0169693 0.00100001
0.0169805 0.00100001
0.0169917 0.00100001
0.0170029 0.00112501
0.0170141 0.00123438
0.0170254 0.00133008
0.0170366 0.00141382
0.0170478 0.00148709
0.017059 0.00155121
0.0170702 0.00160731
0.0170814 0.00165639
0.0170927 0.00157434
0.0171039 0.00150255
0.0171151 0.00143973
0.0171263 0.00138476
0.0171375 0.00133667
0.0171487 0.00129458
0.0171599 0.00125776
0.0171712 0.00122554
0.0171824 0.00119735
0.0171936 0.00117268
0.0172048 0.00115109
0.017216 0.00113221
0.0172272 0.00111568
0.0172384 0.00110122
0.0172497 0.00108857
0.0172609 0.0010775
0.0172721 0.00106781
0.0172833 0.00105933
0.0172945 0.00105192
0.0173057 0.00104543
0.017317 0.00103975
0.0173282 0.00103478
0.0173394 0.00103043
0.0173506 0.00102662
0.0173618 0.0010233
0.017373 0.00102038
0.0173842 0.00101784
0.0173955 0.00101561
0.0174067 0.00101366
0.0174179 0.00101195
0.0174291 0.00101045
0.0174403 0.00100915
0.0174515 0.001008
0.0174627 0.001007
0.017474 0.00100613
0.0174852 0.00100536
0.0174964 0.00100469
0.0175076 0.0010041
0.0175188 0.00100359
0.01753 0.00100314
0.0175413 0.00100275
0.0175525 0.0010024
0.0175637 0.0010021
0.0175749 0.00100184
0.0175861 0.00100161
0.0175973 0.00100141
0.0176085 0.00100123
0.0176198 0.00100108
0.017631 0.00100094
0.0176422 0.00100082
0.0176534 0.00100072
0.0176646 0.00100063
0.0176758 0.00100055
0.017687 0.00100048
0.0176983 0.00100042
0.0177095 0.00100037
0.0177207 0.00100032
0.0177319 0.00100028
0.0177431 0.00100024
0.0177543 0.00100021
0.0177656 0.00100019
0.0177768 0.00100016
0.017788 0.00100014
0.0177992 0.00100012
0.0178104 0.00100011
0.0178216 0.00100009
0.0178328 0.00100008
0.0178441 0.00100007
0.0178553 0.00100006
0.0178665 0.00100005
0.0178777 0.00100005
0.0178889 0.00100004
0.0179001 0.00100004
0.0179113 0.00100003
0.0179226 0.00100003
0.0179338 0.00100002
0.017945 0.00100002
0.0179562 0.00100002
0.0179674 0.00100001
0.0179786 0.00100001
0.0179899 0.00100001
0.0180011 0.00112501
0.0180123 0.00123438
0.0180235 0.00133008
0.0180347 0.00141382
0.0180459 0.00148709
0.0180571 0.00155121
0.0180684 0.00160731
0.0180796 0.00165639
0.0180908 0.00157434
0.018102 0.00150255
0.0181132 0.00143973
0.0181244 0.00138476
0.0181356 0.00133667
0.0181469 0.00129458
0.0181581 0.00125776
0.0181693 0.00122554
0.0181805 0.00119735
0.0181917 0.00117268
0.0182029 0.00115109
0.0182142 0.00113221
0.0182254 0.00111568
0.0182366 0.00110122
0.0182478 0.00108857
0.018259 0.0010775
0.0182702 0.00106781
0.0182814 0.00105933
0.0182927 0.00105192
0.0183039 0.00104543
0.0183151 0.00103975
0.0183263 0.00103478
0.0183375 0.00103043
0.0183487 0.00102662
0.0183599 0.0010233
0.0183712 0.00102038
0.0183824 0.00101784
0.0183936 0.00101561
0.0184048 0.00101366
0.018416 0.00101195
0.0184272 0.00101045
0.0184385 0.00100915
0.0184497 0.001008
0.0184609 0.001007
0.0184721 0.00100613
0.0184833 0.00100536
0.0184945 0.00100469
0.0185057 0.0010041
0.018517 0.00100359
0.0185282 0.00100314
0.0185394 0.00100275
0.0185506 0.0010024
0.0185618 0.0010021
0.018573 0.00100184
0.0185842 0.00100161
0.0185955 0.00100141
0.0186067 0.00100123
0.0186179 0.00100108
0.0186291 0.00100094
0.0186403 0.00100082
0.0186515 0.00100072
0.0186628 0.00100063
0.018674 0.00100055
0.0186852 0.00100048
0.0186964 0.00100042
0.0187076 0.00100037
0.0187188 0.00100032
0.01873 0.00100028
0.0187413 0.00100024
0.0187525 0.00100021
0.0187637 0.00100019
0.0187749 0.00100016
0.0187861 0.00100014
0.0187973 0.00100012
0.0188085 0.00100011
0.0188198 0.00100009
0.018831 0.00100008
0.0188422 0.00100007
0.0188534 0.00100006
0.0188646 0.00100005
0.0188758 0.00100005
0.0188871 0.00100004
0.0188983 0.00100004
0.0189095 0.00100003
0.0189207 0.00100003
0.0189319 0.00100002
0.0189431 0.00100002
0.0189543 0.00100002
0.0189656 0.00100001
0.0189768 0.00100001
0.018988 0.00100001
0.0189992 0.00100001
0.0190104 0.00112501
0.0190216 0.00123438
0.0190328 0.00133008
0.0190441 0.00141382
0.0190553 0.00148709
0.0190665 0.00155121
0.0190777 0.00160731
0.0190889 0.00153139
0.0191001 0.00146497
0.0191114 0.00140685
0.0191226 0.00135599
0.0191338 0.00131149
0.019145 0.00127255
0.0191562 0.00123849
0.0191674 0.00120867
0.0191786 0.00118259
0.0191899 0.00115977
0.0192011 0.00113979
0.0192123 0.00112232
0.0192235 0.00110703
0.0192347 0.00109365
0.0192459 0.00108194
0.0192571 0.0010717
0.0192684 0.00106274
0.0192796 0.00105489
0.0192908 0.00104803
0.019302 0.00104203
0.0193132 0.00103677
0.0193244 0.00103218
0.0193357 0.00102815
0.0193469 0.00102463
0.0193581 0.00102155
0.0193693 0.00101886
0.0193805 0.0010165
0.0193917 0.00101444
0.0194029 0.00101263
0.0194142 0.00101105
0.0194254 0.00100967
0.0194366 0.00100846
0.0194478 0.0010074
0.019459 0.00100648
0.0194702 0.00100567
0.0194814 0.00100496
0.0194927 0.00100434
0.0195039 0.0010038
0.0195151 0.00100332
0.0195263 0.0010029
0.0195375 0.00100254
0.0195487 0.00100222
0.01956 0.00100194
0.0195712 0.0010017
0.0195824 0.00100149
0.0195936 0.0010013
0.0196048 0.00100114
0.019616 0.001001
0.0196272 0.00100087
0.0196385 0.00100076
0.0196497 0.00100067
0.0196609 0.00100058
0.0196721 0.00100051
0.0196833 0.00100044
0.0196945 0.00100039
0.0197057 0.00100034
0.019717 0.0010003
0.0197282 0.00100026
0.0197394 0.00100023
0.0197506 0.0010002
0.0197618 0.00100017
0.019773 0.00100015
0.0197843 0.00100013
0.0197955 0.00100011
0.0198067 0.0010001
0.0198179 0.00100009
0.0198291 0.00100008
0.0198403 0.00100007
0.0198515 0.00100006
0.0198628 0.00100005
0.019874 0.00100004
0.0198852 0.00100004
0.0198964 0.00100003
0.0199076 0.00100003
0.0199188 0.00100002
0.01993 0.00100002
0.0199413 0.00100002
0.0199525 0.00100001
0.0199637 0.00100001
0.0199749 0.00100001
0.0199861 0.00100001
0.0199973 0.00100001
0.0200086 0.00112501
0.0200198 0.00123438
0.020031 0.00133008
0.0200422 0.00141382
0.0200534 0.00148709
0.0200646 0.00155121
0.0200758 0.0016073
0.0200871 0.00165639
0.0200983 0.00157434
0.0201095 0.00150255
0.0201207 0.00143973
0.0201319 0.00138476
0.0201431 0.00133667
0.0201543 0.00129458
0.0201656 0.00125776
0.0201768 0.00122554
0.020188 0.00119735
0.0201992 0.00117268
0.0202104 0.00115109
0.0202216 0.00113221
0.0202329 0.00111568
0.0202441 0.00110122
0.0202553 0.00108857
0.0202665 0.0010775
0.0202777 0.00106781
0.0202889 0.00105933
0.0203001 0.00105192
0.0203114 0.00104543
0.0203226 0.00103975
0.0203338 0.00103478
0.020345 0.00103043
0.0203562 0.00102662
0.0203674 0.0010233
0.0203786 0.00102038
0.0203899 0.00101784
0.0204011 0.00101561
0.0204123 0.00101366
0.0204235 0.00101195
0.0204347 0.00101045
0.0204459 0.00100915
0.0204572 0.001008
0.0204684 0.001007
0.0204796 0.00100613
0.0204908 0.00100536
0.020502 0.00100469
0.0205132 0.0010041
0.0205244 0.00100359
0.0205357 0.00100314
0.0205469 0.00100275
0.0205581 0.0010024
0.0205693 0.0010021
0.0205805 0.00100184
0.0205917 0.00100161
0.0206029 0.00100141
0.0206142 0.00100123
0.0206254 0.00100108
0.0206366 0.00100094
0.0206478 0.00100082
0.020659 0.00100072
0.0206702 0.00100063
0.0206815 0.00100055
0.0206927 0.00100048
0.0207039 0.00100042
0.0207151 0.00100037
0.0207263 0.00100032
0.0207375 0.00100028
0.0207487 0.00100024
0.02076 0.00100021
0.0207712 0.00100019
0.0207824 0.00100016
0.0207936 0.00100014
0.0208048 0.00100012
0.020816 0.00100011
0.0208272 0.00100009
0.0208385 0.00100008
0.0208497 0.00100007
0.0208609 0.00100006
0.0208721 0.00100005
0.0208833 0.00100005
0.0208945 0.00100004
0.0209058 0.00100004
0.020917 0.00100003
0.0209282 0.00100003
0.0209394 0.00100002
0.0209506 0.00100002
0.0209618 0.00100002
0.020973 0.00100001
0.0209843 0.00100001
0.0209955 0.00100001
0.0210067 0.00112501
0.0210179 0.00123438
0.0210291 0.00133008
0.0210403 0.00141382
0.0210515 0.00148709
0.0210628 0.00155121
0.021074 0.00160731
0.0210852 0.00165639
0.0210964 0.00157434
0.0211076 0.00150255
0.0211188 0.00143973
0.0211301 0.00138476
0.0211413 0.00133667
0.0211525 0.00129458
0.0211637 0.00125776
0.0211749 0.00122554
0.0211861 0.00119735
0.0211973 0.00117268
0.0212086 0.00115109
0.0212198 0.00113221
0.021231 0.00111568
0.0212422 0.00110122
0.0212534 0.00108857
0.0212646 0.0010775
0.0212758 0.00106781
0.0212871 0.00105933
0.0212983 0.00105192
0.0213095 0.00104543
0.0213207 0.00103975
0.0213319 0.00103478
0.0213431 0.00103043
0.0213544 0.00102662
0.0213656 0.0010233
0.0213768 0.00102038
0.021388 0.00101784
0.0213992 0.00101561
0.0214104 0.00101366
0.0214216 0.00101195
0.0214329 0.00101045
0.0214441 0.00100915
0.0214553 0.001008
0.0214665 0.001007
0.0214777 0.00100613
0.0214889 0.00100536
0.0215001 0.00100469
0.0215114 0.0010041
0.0215226 0.00100359
0.0215338 0.00100314
0.021545 0.00100275
0.0215562 0.0010024
0.0215674 0.0010021
0.0215787 0.00100184
0.0215899 0.00100161
0.0216011 0.00100141
0.0216123 0.00100123
0.0216235 0.00100108
0.0216347 0.00100094
0.0216459 0.00100082
0.0216572 0.00100072
0.0216684 0.00100063
0.0216796 0.00100055
0.0216908 0.00100048
0.021702 0.00100042
0.0217132 0.00100037
0.0217244 0.00100032
0.0217357 0.00100028
0.0217469 0.00100024
0.0217581 0.00100021
0.0217693 0.00100019
0.0217805 0.00100016
0.0217917 0.00100014
0.021803 0.00100012
0.0218142 0.00100011
0.0218254 0.00100009
0.0218366 0.00100008
0.0218478 0.00100007
0.021859 0.00100006
0.0218702 0.00100005
0.0218815 0.00100005
0.0218927 0.00100004
0.0219039 0.00100004
0.0219151 0.00100003
0.0219263 0.00100003
0.0219375 0.00100002
0.0219487 0.00100002
0.02196 0.00100002
0.0219712 0.00100001
0.0219824 0.00100001
0.0219936 0.00100001
0.0220048 0.00112501
0.022016 0.00123438
0.0220273 0.00133008
0.0220385 0.00141382
0.0220497 0.00148709
0.0220609 0.00155121
0.0220721 0.00160731
0.0220833 0.00165639
0.0220945 0.00157434
0.0221058 0.00150255
0.022117 0.00143973
0.0221282 0.00138476
0.0221394 0.00133667
0.0221506 0.00129458
0.0221618 0.00125776
0.022173 0.00122554
0.0221843 0.00119735
0.0221955 0.00117268
0.0222067 0.00115109
0.0222179 0.00113221
0.0222291 0.00111568
0.0222403 0.00110122
0.0222516 0.00108857
0.0222628 0.0010775
0.022274 0.00106781
0.0222852 0.00105933
0.0222964 0.00105192
0.0223076 0.00104543
0.0223188 0.00103975
0.0223301 0.00103478
0.0223413 0.00103043
0.0223525 0.00102662
0.0223637 0.0010233
0.0223749 0.00102038
0.0223861 0.00101784
0.0223973 0.00101561
0.0224086 0.00101366
0.0224198 0.00101195
0.022431 0.00101045
0.0224422 0.00100915
0.0224534 0.001008
0.0224646 0.001007
0.0224759 0.00100613
0.0224871 0.00100536
0.0224983 0.00100469
0.0225095 0.0010041
0.0225207 0.00100359
0.0225319 0.00100314
0.0225431 0.00100275
0.0225544 0.0010024
0.0225656 0.0010021
0.0225768 0.00100184
0.022588 0.00100161
0.0225992 0.00100141
0.0226104 0.00100123
0.0226216 0.00100108
0.0226329 0.00100094
0.0226441 0.00100082
0.0226553 0.00100072
0.0226665 0.00100063
0.0226777 0.00100055
0.0226889 0.00100048
0.0227002 0.00100042
0.0227114 0.00100037
0.0227226 0.00100032
0.0227338 0.00100028
0.022745 0.00100024
0.0227562 0.00100021
0.0227674 0.00100019
0.0227787 0.00100016
0.0227899 0.00100014
0.0228011 0.00100012
0.0228123 0.00100011
0.0228235 0.00100009
0.0228347 0.00100008
0.0228459 0.00100007
0.0228572 0.00100006
0.0228684 0.00100005
0.0228796 0.00100005
0.0228908 0.00100004
0.022902 0.00100004
0.0229132 0.00100003
0.0229245 0.00100003
0.0229357 0.00100002
0.0229469 0.00100002
0.0229581 0.00100002
0.0229693 0.00100001
0.0229805 0.00100001
0.0229917 0.00100001
0.023003 0.00112501
0.0230142 0.00123438
0.0230254 0.00133008
0.0230366 0.00141382
0.0230478 0.00148709
0.023059 0.00155121
0.0230702 0.00160731
0.0230815 0.00165639
0.0230927 0.00157434
0.0231039 0.00150255
0.0231151 0.00143973
0.0231263 0.00138476
0.0231375 0.00133667
0.0231488 0.00129458
0.02316 0.00125776
0.0231712 0.00122554
0.0231824 0.00119735
0.0231936 0.00117268
0.0232048 0.00115109
0.023216 0.00113221
0.0232273 0.00111568
0.0232385 0.00110122
0.0232497 0.00108857
0.0232609 0.0010775
0.0232721 0.00106781
0.0232833 0.00105933
0.0232945 0.00105192
0.0233058 0.00104543
0.023317 0.00103975
0.0233282 0.00103478
0.0233394 0.00103043
0.0233506 0.00102662
0.0233618 0.0010233
0.0233731 0.00102038
0.0233843 0.00101784
0.0233955 0.00101561
0.0234067 0.00101366
0.0234179 0.00101195
0.0234291 0.00101045
0.0234403 0.00100915
0.0234516 0.001008
0.0234628 0.001007
0.023474 0.00100613
0.0234852 0.00100536
0.0234964 0.00100469
0.0235076 0.0010041
0.0235188 0.00100359
0.0235301 0.00100314
0.0235413 0.00100275
0.0235525 0.0010024
0.0235637 0.0010021
0.0235749 0.00100184
0.0235861 0.00100161
0.0235974 0.00100141
0.0236086 0.00100123
0.0236198 0.00100108
0.023631 0.00100094
0.0236422 0.00100082
0.0236534 0.00100072
0.0236646 0.00100063
0.0236759 0.00100055
0.0236871 0.00100048
0.0236983 0.00100042
0.0237095 0.00100037
0.0237207 0.00100032
0.0237319 0.00100028
0.0237431 0.00100024
0.0237544 0.00100021
0.0237656 0.00100019
0.0237768 0.00100016
0.023788 0.00100014
0.0237992 0.00100012
0.0238104 0.00100011
0.0238217 0.00100009
0.0238329 0.00100008
0.0238441 0.00100007
0.0238553 0.00100006
0.0238665 0.00100005
0.0238777 0.00100005
0.0238889 0.00100004
0.0239002 0.00100004
0.0239114 0.00100003
0.0239226 0.00100003
0.0239338 0.00100002
0.023945 0.00100002
0.0239562 0.00100002
0.0239674 0.00100001
0.0239787 0.00100001
0.0239899 0.00100001
0.0240011 0.00112501
0.0240123 0.00123438
0.0240235 0.00133008
0.0240347 0.00141382
0.024046 0.00148709
0.0240572 0.00155121
0.0240684 0.00160731
0.0240796 0.00165639
0.0240908 0.00157434
0.024102 0.00150255
0.0241132 0.00143973
0.0241245 0.00138476
0.0241357 0.00133667
0.0241469 0.00129458
0.0241581 0.00125776
0.0241693 0.00122554
0.0241805 0.00119735
0.0241917 0.00117268
0.024203 0.00115109
0.0242142 0.00113221
0.0242254 0.00111568
0.0242366 0.00110122
0.0242478 0.00108857
0.024259 0.0010775
0.0242703 0.00106781
0.0242815 0.00105933
0.0242927 0.00105192
0.0243039 0.00104543
0.0243151 0.00103975
0.0243263 0.00103478
0.0243375 0.00103043
0.0243488 0.00102662
0.02436 0.0010233
0.0243712 0.00102038
0.0243824 0.00101784
0.0243936 0.00101561
0.0244048 0.00101366
0.024416 0.00101195
0.0244273 0.00101045
0.0244385 0.00100915
0.0244497 0.001008
0.0244609 0.001007
0.0244721 0.00100613
0.0244833 0.00100536
0.0244946 0.00100469
0.0245058 0.0010041
0.024517 0.00100359
0.0245282 0.00100314
0.0245394 0.00100275
0.0245506 0.0010024
0.0245618 0.0010021
0.0245731 0.00100184
0.0245843 0.00100161
0.0245955 0.00100141
0.0246067 0.00100123
0.0246179 0.00100108
0.0246291 0.00100094
0.0246403 0.00100082
0.0246516 0.00100072
0.0246628 0.00100063
0.024674 0.00100055
0.0246852 0.00100048
0.0246964 0.00100042
0.0247076 0.00100037
0.0247189 0.00100032
0.0247301 0.00100028
0.0247413 0.00100024
0.0247525 0.00100021
0.0247637 0.00100019
0.0247749 0.00100016
0.0247861 0.00100014
0.0247974 0.00100012
0.0248086 0.00100011
0.0248198 0.00100009
0.024831 0.00100008
0.0248422 0.00100007
0.0248534 0.00100006
0.0248646 0.00100005
0.0248759 0.00100005
0.0248871 0.00100004
0.0248983 0.00100004
0.0249095 0.00100003
0.0249207 0.00100003
0.0249319 0.00100002
0.0249432 0.00100002
0.0249544 0.00100002
0.0249656 0.00100001
0.0249768 0.00100001
0.024988 0.00100001
0.0249992 0.00100001
0.0250104 0.00112501
0.0250217 0.00123438
0.0250329 0.00133008
0.0250441 0.00141382
0.0250553 0.00148709
0.0250665 0.00155121
0.0250777 0.00160731
0.0250889 0.00153139
0.0251002 0.00146497
0.0251114 0.00140685
0.0251226 0.00135599
0.0251338 0.00131149
0.025145 0.00127255
0.0251562 0.00123849
0.0251675 0.00120867
0.0251787 0.00118259
0.0251899 0.00115977
0.0252011 0.00113979
0.0252123 0.00112232
0.0252235 0.00110703
0.0252347 0.00109365
0.025246 0.00108194
0.0252572 0.0010717
0.0252684 0.00106274
0.0252796 0.00105489
0.0252908 0.00104803
0.025302 0.00104203
0.0253132 0.00103677
0.0253245 0.00103218
0.0253357 0.00102815
0.0253469 0.00102463
0.0253581 0.00102155
0.0253693 0.00101886
0.0253805 0.0010165
0.0253918 0.00101444
0.025403 0.00101263
0.0254142 0.00101105
0.0254254 0.00100967
0.0254366 0.00100846
0.0254478 0.0010074
0.025459 0.00100648
0.0254703 0.00100567
0.0254815 0.00100496
0.0254927 0.00100434
0.0255039 0.0010038
0.0255151 0.00100332
0.0255263 0.0010029
0.0255375 0.00100254
0.0255488 0.00100222
0.02556 0.00100194
0.0255712 0.0010017
0.0255824 0.00100149
0.0255936 0.0010013
0.0256048 0.00100114
0.0256161 0.001001
0.0256273 0.00100087
0.0256385 0.00100076
0.0256497 0.00100067
0.0256609 0.00100058
0.0256721 0.00100051
0.0256833 0.00100044
0.0256946 0.00100039
0.0257058 0.00100034
0.025717 0.0010003
0.0257282 0.00100026
0.0257394 0.00100023
0.0257506 0.0010002
0.0257618 0.00100017
0.0257731 0.00100015
0.0257843 0.00100013
0.0257955 0.00100011
0.0258067 0.0010001
0.0258179 0.00100009
0.0258291 0.00100008
0.0258404 0.00100007
0.0258516 0.00100006
0.0258628 0.00100005
0.025874 0.00100004
0.0258852 0.00100004
0.0258964 0.00100003
0.0259076 0.00100003
0.0259189 0.00100002
0.0259301 0.00100002
0.0259413 0.00100002
0.0259525 0.00100001
0.0259637 0.00100001
0.0259749 0.00100001
0.0259861 0.00100001
0.0259974 0.00100001
0.0260086 0.00112501
0.0260198 0.00123438
0.026031 0.00133008
0.0260422 0.00141382
0.0260534 0.00148709
0.0260647 0.00155121
0.0260759 0.0016073
0.0260871 0.00165639
0.0260983 0.00157434
0.0261095 0.00150255
0.0261207 0.00143973
0.0261319 0.00138476
0.0261432 0.00133667
0.0261544 0.00129458
0.0261656 0.00125776
0.0261768 0.00122554
0.026188 0.00119735
0.0261992 0.00117268
0.0262104 0.00115109
0.0262217 0.00113221
0.0262329 0.00111568
0.0262441 0.00110122
0.0262553 0.00108857
0.0262665 0.0010775
0.0262777 0.00106781
0.026289 0.00105933
0.0263002 0.00105192
0.0263114 0.00104543
0.0263226 0.00103975
0.0263338 0.00103478
0.026345 0.00103043
0.0263562 0.00102662
0.0263675 0.0010233
0.0263787 0.00102038
0.0263899 0.00101784
0.0264011 0.00101561
0.0264123 0.00101366
0.0264235 0.00101195
0.0264347 0.00101045
0.026446 0.00100915
0.0264572 0.001008
0.0264684 0.001007
0.0264796 0.00100613
0.0264908 0.00100536
0.026502 0.00100469
0.0265133 0.0010041
0.0265245 0.00100359
0.0265357 0.00100314
0.0265469 0.00100275
0.0265581 0.0010024
0.0265693 0.0010021
0.0265805 0.00100184
0.0265918 0.00100161
0.026603 0.00100141
0.0266142 0.00100123
0.0266254 0.00100108
0.0266366 0.00100094
0.0266478 0.00100082
0.026659 0.00100072
0.0266703 0.00100063
0.0266815 0.00100055
0.0266927 0.00100048
0.0267039 0.00100042
0.0267111 0.00100037
