0.0 0
0.000101852 4294967295
0.000225578 4294967295
0.000348872 4294967295
0.000360087 4294967295
0.000472166 4294967295
0.000483381 4294967295
0.000494596 4294967295
0.000505811 4294967295
0.00059546 4294967295
0.000606675 4294967295
0.00061789 4294967295
0.000629105 4294967295
0.00064032 4294967295
0.000651535 4294967295
0.00066275 4294967295
0.000673965 4294967295
0.000718754 4294967295
0.000729969 4294967295
0.000741184 4294967295
0.000752399 4294967295
0.000763614 4294967295
0.000774829 4294967295
0.000786044 4294967295
0.000797259 4294967295
0.000808474 4294967295
0.000819689 4294967295
0.000830904 4294967295
0.000842119 4294967295
0.000853334 4294967295
0.000864549 4294967295
0.000875764 4294967295
0.000886979 4294967295
0.000898194 4294967295
0.000909409 4294967295
0.000920624 4294967295
0.000931839 4294967295
0.000943054 4294967295
0.000954269 4294967295
0.000965484 4294967295
0.000976699 4294967295
0.000987914 4294967295
0.000999129 4294967295
0.00101034 4294967295
0.00102156 4294967295
0.00103277 4294967295
0.00104399 4294967295
0.0010552 4294967295
0.00106642 4294967295
0.00107763 4294967295
0.00108885 4294967295
0.00110006 4294967295
0.00111128 4294967295
0.00112249 4294967295
0.00113371 4294967295
0.00114492 4294967295
0.00115614 4294967295
0.00116735 4294967295
0.00117857 4294967295
0.00118978 4294967295
0.001201 4294967295
0.00121221 4294967295
0.00122343 4294967295
0.00123464 4294967295
0.00124586 4294967295
0.00125707 4294967295
0.00126829 4294967295
0.0012795 4294967295
0.00129072 4294967295
0.00130193 4294967295
0.00131315 4294967295
0.00132436 4294967295
0.00133558 4294967295
0.00134679 4294967295
0.00135801 4294967295
0.00136922 4294967295
0.00138044 4294967295
0.00139165 4294967295
0.00140287 4294967295
0.00141408 4294967295
0.0014253 4294967295
0.00143651 4294967295
0.00144773 4294967295
0.00145894 4294967295
0.00147016 4294967295
0.00148137 4294967295
0.00149259 4294967295
0.0015038 4294967295
0.00151502 4294967295
0.00152623 4294967295
0.00153745 4294967295
0.00154866 4294967295
0.00155988 4294967295
0.00157109 4294967295
0.00158231 4294967295
0.00159352 4294967295
0.00160474 4294967295
0.00161595 4294967295
0.00162717 4294967295
0.00163838 4294967295
0.0016496 4294967295
0.00166081 4294967295
0.00167203 4294967295
0.00168324 4294967295
0.00169446 4294967295
0.00170567 4294967295
0.00171689 4294967295
0.0017281 4294967295
0.00173932 4294967295
0.00175053 4294967295
0.00176175 4294967295
0.00177296 4294967295
0.00178418 4294967295
0.00179539 4294967295
0.00180661 4294967295
0.00181782 4294967295
0.00182904 4294967295
0.00184025 4294967295
0.00185147 4294967295
0.00186268 4294967295
0.0018739 4294967295
0.00188511 4294967295
0.00189633 4294967295
0.00190754 4294967295
0.00191876 4294967295
0.00192997 4294967295
0.00194119 4294967295
0.0019524 4294967295
0.00196362 4294967295
0.00197483 4294967295
0.00198605 4294967295
0.00199726 4294967295
0.00200848 4294967295
0.00201969 4294967295
0.00203091 4294967295
0.00204212 4294967295
0.00205334 4294967295
0.00206455 4294967295
0.00207577 4294967295
0.00208698 4294967295
0.0020982 4294967295
0.00210941 4294967295
0.00212063 4294967295
0.00213184 4294967295
0.00214306 4294967295
0.00215427 4294967295
0.00216549 4294967295
0.0021767 4294967295
0.00218792 4294967295
0.00219913 4294967295
0.00221035 4294967295
0.00222156 4294967295
0.00223278 4294967295
0.00224399 4294967295
0.00225521 4294967295
0.00226642 4294967295
0.00227764 4294967295
0.00228885 4294967295
0.00230007 4294967295
0.00231128 4294967295
0.0023225 4294967295
0.00233371 4294967295
0.00234493 4294967295
0.00235614 4294967295
0.00236736 4294967295
0.00237857 4294967295
0.00238979 4294967295
0.002401 4294967295
0.00241222 4294967295
0.00242343 4294967295
0.00243465 4294967295
0.00244586 4294967295
0.00245708 4294967295
0.00246829 4294967295
0.00247951 4294967295
0.00249072 4294967295
0.00250194 4294967295
0.00251315 4294967295
0.00252437 4294967295
0.00253558 4294967295
0.0025468 4294967295
0.00255801 4294967295
0.00256923 4294967295
0.00258044 4294967295
0.00259166 4294967295
0.00260287 4294967295
0.00261409 4294967295
0.0026253 4294967295
0.00263652 4294967295
0.00264773 4294967295
0.00265895 4294967295
0.00267016 4294967295
0.00268138 4294967295
0.00269259 4294967295
0.00270381 4294967295
0.00271502 4294967295
0.00272624 4294967295
0.00273745 4294967295
0.00274867 4294967295
0.00275988 4294967295
0.0027711 4294967295
0.00278231 4294967295
0.00279353 4294967295
0.00280474 4294967295
0.00281596 4294967295
0.00282717 4294967295
0.00283839 4294967295
0.0028496 4294967295
0.00286082 4294967295
0.00287203 4294967295
0.00288325 4294967295
0.00289446 4294967295
0.00290568 4294967295
0.00291689 4294967295
0.00292811 4294967295
0.00293932 4294967295
0.00295054 4294967295
0.00296175 4294967295
0.00297297 4294967295
0.00298418 4294967295
0.0029954 4294967295
0.00300661 4294967295
0.00301783 4294967295
0.00302904 4294967295
0.00304026 4294967295
0.00305147 4294967295
0.00306269 4294967295
0.0030739 4294967295
0.00308512 4294967295
0.00309633 4294967295
0.00310755 4294967295
0.00311876 4294967295
0.00312998 4294967295
0.00314119 4294967295
0.00315241 4294967295
0.00316362 4294967295
0.00317484 4294967295
0.00318605 4294967295
0.00319727 4294967295
0.00320848 4294967295
0.0032197 4294967295
0.00323091 4294967295
0.00324213 4294967295
0.00325334 4294967295
0.00326456 4294967295
0.00327577 4294967295
0.00328699 4294967295
0.0032982 4294967295
0.00330942 4294967295
0.00332063 4294967295
0.00333185 4294967295
0.00334306 4294967295
0.00335428 4294967295
0.00336549 4294967295
0.00337671 4294967295
0.00338792 4294967295
0.00339914 4294967295
0.00341035 4294967295
0.00342157 4294967295
0.00343278 4294967295
0.003444 4294967295
0.00345521 4294967295
0.00346643 4294967295
0.00347764 4294967295
0.00348886 4294967295
0.00350007 4294967295
0.00351129 4294967295
0.0035225 4294967295
0.00353372 4294967295
0.00354493 4294967295
0.00355615 4294967295
0.00356736 4294967295
0.00357858 4294967295
0.00358979 4294967295
0.00360101 4294967295
0.00361222 4294967295
0.00362344 4294967295
0.00363465 4294967295
0.00364587 4294967295
0.00365708 4294967295
0.0036683 4294967295
0.00367951 4294967295
0.00369073 4294967295
0.00370194 4294967295
0.00371316 4294967295
0.00372437 4294967295
0.00373559 4294967295
0.0037468 4294967295
0.00375802 4294967295
0.00376923 4294967295
0.00378045 4294967295
0.00379166 4294967295
0.00380288 4294967295
0.00381409 4294967295
0.00382531 4294967295
0.00383652 4294967295
0.00384774 4294967295
0.00385895 4294967295
0.00387017 4294967295
0.00388138 4294967295
0.0038926 4294967295
0.00390381 4294967295
0.00391503 4294967295
0.00392624 4294967295
0.00393746 4294967295
0.00394867 4294967295
0.00395989 4294967295
0.0039711 4294967295
0.00398232 4294967295
0.00399353 4294967295
0.00400475 4294967295
0.00401596 4294967295
0.00402718 4294967295
0.00403839 4294967295
0.00404961 4294967295
0.00406082 4294967295
0.00407204 4294967295
0.00408325 4294967295
0.00409447 4294967295
0.00410568 4294967295
0.0041169 4294967295
0.00412811 4294967295
0.00413933 4294967295
0.00415054 4294967295
0.00416176 4294967295
0.00417297 4294967295
0.00418419 4294967295
0.0041954 4294967295
0.00420662 4294967295
0.00421783 4294967295
0.00422905 4294967295
0.00424026 4294967295
0.00425148 4294967295
0.00426269 4294967295
0.00427391 4294967295
0.00428512 4294967295
0.00429634 4294967295
0.00430755 4294967295
0.00431877 4294967295
0.00432998 4294967295
0.0043412 4294967295
0.00435241 4294967295
0.00436363 4294967295
0.00437484 4294967295
0.00438606 4294967295
0.00439727 4294967295
0.00440849 4294967295
0.0044197 4294967295
0.00443092 4294967295
0.00444213 4294967295
0.00445335 4294967295
0.00446456 4294967295
0.00447578 4294967295
0.00448699 4294967295
0.00449821 4294967295
0.00450942 4294967295
0.00452064 4294967295
0.00453185 4294967295
0.00454307 4294967295
0.00455428 4294967295
0.0045655 4294967295
0.00457671 4294967295
0.00458793 4294967295
0.00459914 4294967295
0.00461036 4294967295
0.00462157 4294967295
0.00463279 4294967295
0.004644 4294967295
0.00465522 4294967295
0.00466643 4294967295
0.00467765 4294967295
0.00468886 4294967295
0.00470008 4294967295
0.00471129 4294967295
0.00472251 4294967295
0.00473372 4294967295
0.00474494 4294967295
0.00475615 4294967295
0.00476737 4294967295
0.00477858 4294967295
0.0047898 4294967295
0.00480101 4294967295
0.00481223 4294967295
0.00482344 4294967295
0.00483466 4294967295
0.00484587 4294967295
0.00485709 4294967295
0.0048683 4294967295
0.00487952 4294967295
0.00489073 4294967295
0.00490195 4294967295
0.00491316 4294967295
0.00492438 4294967295
0.00493559 4294967295
0.00494681 4294967295
0.00495802 4294967295
0.00496924 4294967295
0.00498045 4294967295
0.00499167 4294967295
0.00500288 4294967295
0.0050141 4294967295
0.00502531 4294967295
0.00503653 4294967295
0.00504774 4294967295
0.00505896 4294967295
0.00507017 4294967295
0.00508139 4294967295
0.0050926 4294967295
0.00510382 4294967295
0.00511503 4294967295
0.00512625 4294967295
0.00513746 4294967295
0.00514868 4294967295
0.00515989 4294967295
0.00517111 4294967295
0.00518232 4294967295
0.00519354 4294967295
0.00520475 4294967295
0.00521597 4294967295
0.00522718 4294967295
0.0052384 4294967295
0.00524961 4294967295
0.00526083 4294967295
0.00527204 4294967295
0.00528326 4294967295
0.00529447 4294967295
0.00530569 4294967295
0.0053169 4294967295
0.00532812 4294967295
0.00533933 4294967295
0.00535055 4294967295
0.00536176 4294967295
0.00537298 4294967295
0.00538419 4294967295
0.00539541 4294967295
0.00540662 4294967295
0.00541784 4294967295
0.00542905 4294967295
0.00544027 4294967295
0.00545148 4294967295
0.0054627 4294967295
0.00547391 4294967295
0.00548513 4294967295
0.00549634 4294967295
0.00550756 4294967295
0.00551877 4294967295
0.00552999 4294967295
0.0055412 4294967295
0.00555242 4294967295
0.00556363 4294967295
0.00557485 4294967295
0.00558606 4294967295
0.00559728 4294967295
0.00560849 4294967295
0.00561971 4294967295
0.00563092 4294967295
0.00564214 4294967295
0.00565335 4294967295
0.00566457 4294967295
0.00567578 4294967295
0.005687 4294967295
0.00569821 4294967295
0.00570943 4294967295
0.00572064 4294967295
0.00573186 4294967295
0.00574307 4294967295
0.00575429 4294967295
0.0057655 4294967295
0.00577672 4294967295
0.00578793 4294967295
0.00579915 4294967295
0.00581036 4294967295
0.00582158 4294967295
0.00583279 4294967295
0.00584401 4294967295
0.00585522 4294967295
0.00586644 4294967295
0.00587765 4294967295
0.00588887 4294967295
0.00590008 4294967295
0.0059113 4294967295
0.00592251 4294967295
0.00593373 4294967295
0.00594494 4294967295
0.00595616 4294967295
0.00596737 4294967295
0.00597859 4294967295
0.0059898 4294967295
0.00600102 4294967295
0.00601223 4294967295
0.00602345 4294967295
0.00603466 4294967295
0.00604588 4294967295
0.00605709 4294967295
0.00606831 4294967295
0.00607952 4294967295
0.00609074 4294967295
0.00610195 4294967295
0.00611317 4294967295
0.00612438 4294967295
0.0061356 4294967295
0.00614681 4294967295
0.00615803 4294967295
0.00616924 4294967295
0.00618046 4294967295
0.00619167 4294967295
0.00620289 4294967295
0.0062141 4294967295
0.00622532 4294967295
0.00623653 4294967295
0.00624775 4294967295
0.00625896 4294967295
0.00627018 4294967295
0.00628139 4294967295
0.00629261 4294967295
0.00630382 4294967295
0.00631504 4294967295
0.00632625 4294967295
0.00633747 4294967295
0.00634868 4294967295
0.0063599 4294967295
0.00637111 4294967295
0.00638233 4294967295
0.00639354 4294967295
0.00640476 4294967295
0.00641597 4294967295
0.00642719 4294967295
0.0064384 4294967295
0.00644962 4294967295
0.00646083 4294967295
0.00647205 4294967295
0.00648326 4294967295
0.00649448 4294967295
0.00650569 4294967295
0.00651691 4294967295
0.00652812 4294967295
0.00653934 4294967295
0.00655055 4294967295
0.00656177 4294967295
0.00657298 4294967295
0.0065842 4294967295
0.00659541 4294967295
0.00660663 4294967295
0.00661784 4294967295
0.00662906 4294967295
0.00664027 4294967295
0.00665149 4294967295
0.0066627 4294967295
0.00667392 4294967295
0.00668513 4294967295
0.00669635 4294967295
0.00670756 4294967295
0.00671878 4294967295
0.00672999 4294967295
0.00674121 4294967295
0.00675242 4294967295
0.00676364 4294967295
0.00677485 4294967295
0.00678607 4294967295
0.00679728 4294967295
0.0068085 4294967295
0.00681971 4294967295
0.00683093 4294967295
0.00684214 4294967295
0.00685336 4294967295
0.00686457 4294967295
0.00687579 4294967295
0.006887 4294967295
0.00689822 4294967295
0.00690943 4294967295
0.00692065 4294967295
0.00693186 4294967295
0.00694308 4294967295
0.00695429 4294967295
0.00696551 4294967295
0.00697672 4294967295
0.00698794 4294967295
0.00699915 4294967295
0.00701037 4294967295
0.00702158 4294967295
0.0070328 4294967295
0.00704401 4294967295
0.00705523 4294967295
0.00706644 4294967295
0.00707766 4294967295
0.00708887 4294967295
0.00710009 4294967295
0.0071113 4294967295
0.00712252 4294967295
0.00713373 4294967295
0.00714495 4294967295
0.00715616 4294967295
0.00716738 4294967295
0.00717859 4294967295
0.00718981 4294967295
0.00720102 4294967295
0.00721224 4294967295
0.00722345 4294967295
0.00723467 4294967295
0.00724588 4294967295
0.0072571 4294967295
0.00726831 4294967295
0.00727953 4294967295
0.00729074 4294967295
0.00730196 4294967295
0.00731317 4294967295
0.00732439 4294967295
0.0073356 4294967295
0.00734682 4294967295
0.00735803 4294967295
0.00736925 4294967295
0.00738046 4294967295
0.00739168 4294967295
0.00740289 4294967295
0.00741411 4294967295
0.00742532 4294967295
0.00743654 4294967295
0.00744775 4294967295
0.00745897 4294967295
0.00747018 4294967295
0.0074814 4294967295
0.00749261 4294967295
0.00750383 4294967295
0.00751504 4294967295
0.00752626 4294967295
0.00753747 4294967295
0.00754869 4294967295
0.0075599 4294967295
0.00757112 4294967295
0.00758233 4294967295
0.00759355 4294967295
0.00760476 4294967295
0.00761598 4294967295
0.00762719 4294967295
0.00763841 4294967295
0.00764962 4294967295
0.00766084 4294967295
0.00767205 4294967295
0.00768327 4294967295
0.00769448 4294967295
0.0077057 4294967295
0.00771691 4294967295
0.00772813 4294967295
0.00773934 4294967295
0.00775056 4294967295
0.00776177 4294967295
0.00777299 4294967295
0.0077842 4294967295
0.00779542 4294967295
0.00780663 4294967295
0.00781785 4294967295
0.00782906 4294967295
0.00784028 4294967295
0.00785149 4294967295
0.00786271 4294967295
0.00787392 4294967295
0.00788514 4294967295
0.00789635 4294967295
0.00790757 4294967295
0.00791878 4294967295
0.00793 4294967295
0.00794121 4294967295
0.00795243 4294967295
0.00796364 4294967295
0.00797486 4294967295
0.00798607 4294967295
0.00799729 4294967295
0.0080085 4294967295
0.00801972 4294967295
0.00803093 4294967295
0.00804215 4294967295
0.00805336 4294967295
0.00806458 4294967295
0.00807579 4294967295
0.00808701 4294967295
0.00809822 4294967295
0.00810944 4294967295
0.00812065 4294967295
0.00813187 4294967295
0.00814308 4294967295
0.0081543 4294967295
0.00816551 4294967295
0.00817673 4294967295
0.00818794 4294967295
0.00819916 4294967295
0.00821037 4294967295
0.00822159 4294967295
0.0082328 4294967295
0.00824402 4294967295
0.00825523 4294967295
0.00826645 4294967295
0.00827766 4294967295
0.00828888 4294967295
0.00830009 4294967295
0.00831131 4294967295
0.00832252 4294967295
0.00833374 4294967295
0.00834495 4294967295
0.00835617 4294967295
0.00836738 4294967295
0.0083786 4294967295
0.00838981 4294967295
0.00840103 4294967295
0.00841224 4294967295
0.00842346 4294967295
0.00843467 4294967295
0.00844589 4294967295
0.0084571 4294967295
0.00846832 4294967295
0.00847953 4294967295
0.00849075 4294967295
0.00850196 4294967295
0.00851318 4294967295
0.00852439 4294967295
0.00853561 4294967295
0.00854682 4294967295
0.00855804 4294967295
0.00856925 4294967295
0.00858047 4294967295
0.00859168 4294967295
0.0086029 4294967295
0.00861411 4294967295
0.00862533 4294967295
0.00863654 4294967295
0.00864776 4294967295
0.00865897 4294967295
0.00867019 4294967295
0.0086814 4294967295
0.00869262 4294967295
0.00870383 4294967295
0.00871505 4294967295
0.00872626 4294967295
0.00873748 4294967295
0.00874869 4294967295
0.00875991 4294967295
0.00877112 4294967295
0.00878234 4294967295
0.00879355 4294967295
0.00880477 4294967295
0.00881598 4294967295
0.0088272 4294967295
0.00883841 4294967295
0.00884963 4294967295
0.00886084 4294967295
0.00887206 4294967295
0.00888327 4294967295
0.00889449 4294967295
0.0089057 4294967295
0.00891692 4294967295
0.00892813 4294967295
0.00893935 4294967295
0.00895056 4294967295
0.00896178 4294967295
0.00897299 4294967295
0.00898421 4294967295
0.00899542 4294967295
0.00900664 4294967295
0.00901785 4294967295
0.00902907 4294967295
0.00904028 4294967295
0.0090515 4294967295
0.00906271 4294967295
0.00907393 4294967295
0.00908514 4294967295
0.00909636 4294967295
0.00910757 4294967295
0.00911879 4294967295
0.00913 4294967295
0.00914122 4294967295
0.00915243 4294967295
0.00916365 4294967295
0.00917486 4294967295
0.00918608 4294967295
0.00919729 4294967295
0.00920851 4294967295
0.00921972 4294967295
0.00923094 4294967295
0.00924215 4294967295
0.00925337 4294967295
0.00926458 4294967295
0.0092758 4294967295
0.00928701 4294967295
0.00929823 4294967295
0.00930944 4294967295
0.00932066 4294967295
0.00933187 4294967295
0.00934309 4294967295
0.0093543 4294967295
0.00936552 4294967295
0.00937673 4294967295
0.00938795 4294967295
0.00939916 4294967295
0.00941038 4294967295
0.00942159 4294967295
0.00943281 4294967295
0.00944402 4294967295
0.00945524 4294967295
0.00946645 4294967295
0.00947767 4294967295
0.00948888 4294967295
0.0095001 4294967295
0.00951131 4294967295
0.00952253 4294967295
0.00953374 4294967295
0.00954496 4294967295
0.00955617 4294967295
0.00956739 4294967295
0.0095786 4294967295
0.00958982 4294967295
0.00960103 4294967295
0.00961225 4294967295
0.00962346 4294967295
0.00963468 4294967295
0.00964589 4294967295
0.00965711 4294967295
0.00966832 4294967295
0.00967954 4294967295
0.00969075 4294967295
0.00970197 4294967295
0.00971318 4294967295
0.0097244 4294967295
0.00973561 4294967295
0.00974683 4294967295
0.00975804 4294967295
0.00976926 4294967295
0.00978047 4294967295
0.00979169 4294967295
0.0098029 4294967295
0.00981412 4294967295
0.00982533 4294967295
0.00983655 4294967295
0.00984776 4294967295
0.00985898 4294967295
0.00987019 4294967295
0.00988141 4294967295
0.00989262 4294967295
0.00990384 4294967295
0.00991505 4294967295
0.00992627 4294967295
0.00993748 4294967295
0.0099487 4294967295
0.00995991 4294967295
0.00997113 4294967295
0.00998234 4294967295
0.00999356 4294967295
0.0100048 4294967295
0.010016 4294967295
0.0100272 4294967295
0.0100384 4294967295
0.0100496 4294967295
0.0100608 4294967295
0.0100721 4294967295
0.0100833 4294967295
0.0100945 4294967295
0.0101057 4294967295
0.0101169 4294967295
0.0101281 4294967295
0.0101394 4294967295
0.0101506 4294967295
0.0101618 4294967295
0.010173 4294967295
0.0101842 4294967295
0.0101954 4294967295
0.0102066 4294967295
0.0102179 4294967295
0.0102291 4294967295
0.0102403 4294967295
0.0102515 4294967295
0.0102627 4294967295
0.0102739 4294967295
0.0102851 4294967295
0.0102964 4294967295
0.0103076 4294967295
0.0103188 4294967295
0.01033 4294967295
0.0103412 4294967295
0.0103524 4294967295
0.0103637 4294967295
0.0103749 4294967295
0.0103861 4294967295
0.0103973 4294967295
0.0104085 4294967295
0.0104197 4294967295
0.0104309 4294967295
0.0104422 4294967295
0.0104534 4294967295
0.0104646 4294967295
0.0104758 4294967295
0.010487 4294967295
0.0104982 4294967295
0.0105094 4294967295
0.0105207 4294967295
0.0105319 4294967295
0.0105431 4294967295
0.0105543 4294967295
0.0105655 4294967295
0.0105767 4294967295
0.010588 4294967295
0.0105992 4294967295
0.0106104 4294967295
0.0106216 4294967295
0.0106328 4294967295
0.010644 4294967295
0.0106552 4294967295
0.0106665 4294967295
0.0106777 4294967295
0.0106889 4294967295
0.0107001 4294967295
0.0107113 4294967295
0.0107225 4294967295
0.0107337 4294967295
0.010745 4294967295
0.0107562 4294967295
0.0107674 4294967295
0.0107786 4294967295
0.0107898 4294967295
0.010801 4294967295
0.0108123 4294967295
0.0108235 4294967295
0.0108347 4294967295
0.0108459 4294967295
0.0108571 4294967295
0.0108683 4294967295
0.0108795 4294967295
0.0108908 4294967295
0.010902 4294967295
0.0109132 4294967295
0.0109244 4294967295
0.0109356 4294967295
0.0109468 4294967295
0.010958 4294967295
0.0109693 4294967295
0.0109805 4294967295
0.0109917 4294967295
0.0110029 4294967295
0.0110141 4294967295
0.0110253 4294967295
0.0110366 4294967295
0.0110478 4294967295
0.011059 4294967295
0.0110702 4294967295
0.0110814 4294967295
0.0110926 4294967295
0.0111038 4294967295
0.0111151 4294967295
0.0111263 4294967295
0.0111375 4294967295
0.0111487 4294967295
0.0111599 4294967295
0.0111711 4294967295
0.0111823 4294967295
0.0111936 4294967295
0.0112048 4294967295
0.011216 4294967295
0.0112272 4294967295
0.0112384 4294967295
0.0112496 4294967295
0.0112609 4294967295
0.0112721 4294967295
0.0112833 4294967295
0.0112945 4294967295
0.0113057 4294967295
0.0113169 4294967295
0.0113281 4294967295
0.0113394 4294967295
0.0113506 4294967295
0.0113618 4294967295
0.011373 4294967295
0.0113842 4294967295
0.0113954 4294967295
0.0114066 4294967295
0.0114179 4294967295
0.0114291 4294967295
0.0114403 4294967295
0.0114515 4294967295
0.0114627 4294967295
0.0114739 4294967295
0.0114852 4294967295
0.0114964 4294967295
0.0115076 4294967295
0.0115188 4294967295
0.01153 4294967295
0.0115412 4294967295
0.0115524 4294967295
0.0115637 4294967295
0.0115749 4294967295
0.0115861 4294967295
0.0115973 4294967295
0.0116085 4294967295
0.0116197 4294967295
0.0116309 4294967295
0.0116422 4294967295
0.0116534 4294967295
0.0116646 4294967295
0.0116758 4294967295
0.011687 4294967295
0.0116982 4294967295
0.0117095 4294967295
0.0117207 4294967295
0.0117319 4294967295
0.0117431 4294967295
0.0117543 4294967295
0.0117655 4294967295
0.0117767 4294967295
0.011788 4294967295
0.0117992 4294967295
0.0118104 4294967295
0.0118216 4294967295
0.0118328 4294967295
0.011844 4294967295
0.0118552 4294967295
0.0118665 4294967295
0.0118777 4294967295
0.0118889 4294967295
0.0119001 4294967295
0.0119113 4294967295
0.0119225 4294967295
0.0119338 4294967295
0.011945 4294967295
0.0119562 4294967295
0.0119674 4294967295
0.0119786 4294967295
0.0119898 4294967295
0.012001 4294967295
0.0120123 4294967295
0.0120235 4294967295
0.0120347 4294967295
0.0120459 4294967295
0.0120571 4294967295
0.0120683 4294967295
0.0120795 4294967295
0.0120908 4294967295
0.012102 4294967295
0.0121132 4294967295
0.0121244 4294967295
0.0121356 4294967295
0.0121468 4294967295
0.0121581 4294967295
0.0121693 4294967295
0.0121805 4294967295
0.0121917 4294967295
0.0122029 4294967295
0.0122141 4294967295
0.0122253 4294967295
0.0122366 4294967295
0.0122478 4294967295
0.012259 4294967295
0.0122702 4294967295
0.0122814 4294967295
0.0122926 4294967295
0.0123038 4294967295
0.0123151 4294967295
0.0123263 4294967295
0.0123375 4294967295
0.0123487 4294967295
0.0123599 4294967295
0.0123711 4294967295
0.0123824 4294967295
0.0123936 4294967295
0.0124048 4294967295
0.012416 4294967295
0.0124272 4294967295
0.0124384 4294967295
0.0124496 4294967295
0.0124609 4294967295
0.0124721 4294967295
0.0124833 4294967295
0.0124945 4294967295
0.0125057 4294967295
0.0125169 4294967295
0.0125281 4294967295
0.0125394 4294967295
0.0125506 4294967295
0.0125618 4294967295
0.012573 4294967295
0.0125842 4294967295
0.0125954 4294967295
0.0126067 4294967295
0.0126179 4294967295
0.0126291 4294967295
0.0126403 4294967295
0.0126515 4294967295
0.0126627 4294967295
0.0126739 4294967295
0.0126852 4294967295
0.0126964 4294967295
0.0127076 4294967295
0.0127188 4294967295
0.01273 4294967295
0.0127412 4294967295
0.0127524 4294967295
0.0127637 4294967295
0.0127749 4294967295
0.0127861 4294967295
0.0127973 4294967295
0.0128085 4294967295
0.0128197 4294967295
0.012831 4294967295
0.0128422 4294967295
0.0128534 4294967295
0.0128646 4294967295
0.0128758 4294967295
0.012887 4294967295
0.0128982 4294967295
0.0129095 4294967295
0.0129207 4294967295
0.0129319 4294967295
0.0129431 4294967295
0.0129543 4294967295
0.0129655 4294967295
0.0129767 4294967295
0.012988 4294967295
0.0129992 4294967295
0.0130104 4294967295
0.0130216 4294967295
0.0130328 4294967295
0.013044 4294967295
0.0130553 4294967295
0.0130665 4294967295
0.0130777 4294967295
0.0130889 4294967295
0.0131001 4294967295
0.0131113 4294967295
0.0131225 4294967295
0.0131338 4294967295
0.013145 4294967295
0.0131562 4294967295
0.0131674 4294967295
0.0131786 4294967295
0.0131898 4294967295
0.013201 4294967295
0.0132123 4294967295
0.0132235 4294967295
0.0132347 4294967295
0.0132459 4294967295
0.0132571 4294967295
0.0132683 4294967295
0.0132796 4294967295
0.0132908 4294967295
0.013302 4294967295
0.0133132 4294967295
0.0133244 4294967295
0.0133356 4294967295
0.0133468 4294967295
0.0133581 4294967295
0.0133693 4294967295
0.0133805 4294967295
0.0133917 4294967295
0.0134029 4294967295
0.0134141 4294967295
0.0134253 4294967295
0.0134366 4294967295
0.0134478 4294967295
0.013459 4294967295
0.0134702 4294967295
0.0134814 4294967295
0.0134926 4294967295
0.0135039 4294967295
0.0135151 4294967295
0.0135263 4294967295
0.0135375 4294967295
0.0135487 4294967295
0.0135599 4294967295
0.0135711 4294967295
0.0135824 4294967295
0.0135936 4294967295
0.0136048 4294967295
0.013616 4294967295
0.0136272 4294967295
0.0136384 4294967295
0.0136496 4294967295
0.0136609 4294967295
0.0136721 4294967295
0.0136833 4294967295
0.0136945 4294967295
0.0137057 4294967295
0.0137169 4294967295
0.0137282 4294967295
0.0137394 4294967295
0.0137506 4294967295
0.0137618 4294967295
0.013773 4294967295
0.0137842 4294967295
0.0137954 4294967295
0.0138067 4294967295
0.0138179 4294967295
0.0138291 4294967295
0.0138403 4294967295
0.0138515 4294967295
0.0138627 4294967295
0.0138739 4294967295
0.0138852 4294967295
0.0138964 4294967295
0.0139076 4294967295
0.0139188 4294967295
0.01393 4294967295
0.0139412 4294967295
0.0139525 4294967295
0.0139637 4294967295
0.0139749 4294967295
0.0139861 4294967295
0.0139973 4294967295
0.0140085 4294967295
0.0140197 4294967295
0.014031 4294967295
0.0140422 4294967295
0.0140534 4294967295
0.0140646 4294967295
0.0140758 4294967295
0.014087 4294967295
0.0140982 4294967295
0.0141095 4294967295
0.0141207 4294967295
0.0141319 4294967295
0.0141431 4294967295
0.0141543 4294967295
0.0141655 4294967295
0.0141768 4294967295
0.014188 4294967295
0.0141992 4294967295
0.0142104 4294967295
0.0142216 4294967295
0.0142328 4294967295
0.014244 4294967295
0.0142553 4294967295
0.0142665 4294967295
0.0142777 4294967295
0.0142889 4294967295
0.0143001 4294967295
0.0143113 4294967295
0.0143225 4294967295
0.0143338 4294967295
0.014345 4294967295
0.0143562 4294967295
0.0143674 4294967295
0.0143786 4294967295
0.0143898 4294967295
0.0144011 4294967295
0.0144123 4294967295
0.0144235 4294967295
0.0144347 4294967295
0.0144459 4294967295
0.0144571 4294967295
0.0144683 4294967295
0.0144796 4294967295
0.0144908 4294967295
0.014502 4294967295
0.0145132 4294967295
0.0145244 4294967295
0.0145356 4294967295
0.0145468 4294967295
0.0145581 4294967295
0.0145693 4294967295
0.0145805 4294967295
0.0145917 4294967295
0.0146029 4294967295
0.0146141 4294967295
0.0146254 4294967295
0.0146366 4294967295
0.0146478 4294967295
0.014659 4294967295
0.0146702 4294967295
0.0146814 4294967295
0.0146926 4294967295
0.0147039 4294967295
0.0147151 4294967295
0.0147263 4294967295
0.0147375 4294967295
0.0147487 4294967295
0.0147599 4294967295
0.0147711 4294967295
0.0147824 4294967295
0.0147936 4294967295
0.0148048 4294967295
0.014816 4294967295
0.0148272 4294967295
0.0148384 4294967295
0.0148497 4294967295
0.0148609 4294967295
0.0148721 4294967295
0.0148833 4294967295
0.0148945 4294967295
0.0149057 4294967295
0.0149169 4294967295
0.0149282 4294967295
0.0149394 4294967295
0.0149506 4294967295
0.0149618 4294967295
0.014973 4294967295
0.0149842 4294967295
0.0149954 4294967295
0.0150067 4294967295
0.0150179 4294967295
0.0150291 4294967295
0.0150403 4294967295
0.0150515 4294967295
0.0150627 4294967295
0.015074 4294967295
0.0150852 4294967295
0.0150964 4294967295
0.0151076 4294967295
0.0151188 4294967295
0.01513 4294967295
0.0151412 4294967295
0.0151525 4294967295
0.0151637 4294967295
0.0151749 4294967295
0.0151861 4294967295
0.0151973 4294967295
0.0152085 4294967295
0.0152197 4294967295
0.015231 4294967295
0.0152422 4294967295
0.0152534 4294967295
0.0152646 4294967295
0.0152758 4294967295
0.015287 4294967295
0.0152983 4294967295
0.0153095 4294967295
0.0153207 4294967295
0.0153319 4294967295
0.0153431 4294967295
0.0153543 4294967295
0.0153655 4294967295
0.0153768 4294967295
0.015388 4294967295
0.0153992 4294967295
0.0154104 4294967295
0.0154216 4294967295
0.0154328 4294967295
0.015444 4294967295
0.0154553 4294967295
0.0154665 4294967295
0.0154777 4294967295
0.0154889 4294967295
0.0155001 4294967295
0.0155113 4294967295
0.0155226 4294967295
0.0155338 4294967295
0.015545 4294967295
0.0155562 4294967295
0.0155674 4294967295
0.0155786 4294967295
0.0155898 4294967295
0.0156011 4294967295
0.0156123 4294967295
0.0156235 4294967295
0.0156347 4294967295
0.0156459 4294967295
0.0156571 4294967295
0.0156683 4294967295
0.0156796 4294967295
0.0156908 4294967295
0.015702 4294967295
0.0157132 4294967295
0.0157244 4294967295
0.0157356 4294967295
0.0157469 4294967295
0.0157581 4294967295
0.0157693 4294967295
0.0157805 4294967295
0.0157917 4294967295
0.0158029 4294967295
0.0158141 4294967295
0.0158254 4294967295
0.0158366 4294967295
0.0158478 4294967295
0.015859 4294967295
0.0158702 4294967295
0.0158814 4294967295
0.0158926 4294967295
0.0159039 4294967295
0.0159151 4294967295
0.0159263 4294967295
0.0159375 4294967295
0.0159487 4294967295
0.0159599 4294967295
0.0159712 4294967295
0.0159824 4294967295
0.0159936 4294967295
0.0160048 4294967295
0.016016 4294967295
0.0160272 4294967295
0.0160384 4294967295
0.0160497 4294967295
0.0160609 4294967295
0.0160721 4294967295
0.0160833 4294967295
0.0160945 4294967295
0.0161057 4294967295
0.0161169 4294967295
0.0161282 4294967295
0.0161394 4294967295
0.0161506 4294967295
0.0161618 4294967295
0.016173 4294967295
0.0161842 4294967295
0.0161955 4294967295
0.0162067 4294967295
0.0162179 4294967295
0.0162291 4294967295
0.0162403 4294967295
0.0162515 4294967295
0.0162627 4294967295
0.016274 4294967295
0.0162852 4294967295
0.0162964 4294967295
0.0163076 4294967295
0.0163188 4294967295
0.01633 4294967295
0.0163412 4294967295
0.0163525 4294967295
0.0163637 4294967295
0.0163749 4294967295
0.0163861 4294967295
0.0163973 4294967295
0.0164085 4294967295
0.0164198 4294967295
0.016431 4294967295
0.0164422 4294967295
0.0164534 4294967295
0.0164646 4294967295
0.0164758 4294967295
0.016487 4294967295
0.0164983 4294967295
0.0165095 4294967295
0.0165207 4294967295
0.0165319 4294967295
0.0165431 4294967295
0.0165543 4294967295
0.0165655 4294967295
0.0165768 4294967295
0.016588 4294967295
0.0165992 4294967295
0.0166104 4294967295
0.0166216 4294967295
0.0166328 4294967295
0.0166441 4294967295
0.0166553 4294967295
0.0166665 4294967295
0.0166777 4294967295
0.0166889 4294967295
0.0167001 4294967295
0.0167113 4294967295
0.0167226 4294967295
0.0167338 4294967295
0.016745 4294967295
0.0167562 4294967295
0.0167674 4294967295
0.0167786 4294967295
0.0167898 4294967295
0.0168011 4294967295
0.0168123 4294967295
0.0168235 4294967295
0.0168347 4294967295
0.0168459 4294967295
0.0168571 4294967295
0.0168684 4294967295
0.0168796 4294967295
0.0168908 4294967295
0.016902 4294967295
0.0169132 4294967295
0.0169244 4294967295
0.0169356 4294967295
0.0169469 4294967295
0.0169581 4294967295
0.0169693 4294967295
0.0169805 4294967295
0.0169917 4294967295
0.0170029 4294967295
0.0170141 4294967295
0.0170254 4294967295
0.0170366 4294967295
0.0170478 4294967295
0.017059 4294967295
0.0170702 4294967295
0.0170814 4294967295
0.0170927 4294967295
0.0171039 4294967295
0.0171151 4294967295
0.0171263 4294967295
0.0171375 4294967295
0.0171487 4294967295
0.0171599 4294967295
0.0171712 4294967295
0.0171824 4294967295
0.0171936 4294967295
0.0172048 4294967295
0.017216 4294967295
0.0172272 4294967295
0.0172384 4294967295
0.0172497 4294967295
0.0172609 4294967295
0.0172721 4294967295
0.0172833 4294967295
0.0172945 4294967295
0.0173057 4294967295
0.017317 4294967295
0.0173282 4294967295
0.0173394 4294967295
0.0173506 4294967295
0.0173618 4294967295
0.017373 4294967295
0.0173842 4294967295
0.0173955 4294967295
0.0174067 4294967295
0.0174179 4294967295
0.0174291 4294967295
0.0174403 4294967295
0.0174515 4294967295
0.0174627 4294967295
0.017474 4294967295
0.0174852 4294967295
0.0174964 4294967295
0.0175076 4294967295
0.0175188 4294967295
0.01753 4294967295
0.0175413 4294967295
0.0175525 4294967295
0.0175637 4294967295
0.0175749 4294967295
0.0175861 4294967295
0.0175973 4294967295
0.0176085 4294967295
0.0176198 4294967295
0.017631 4294967295
0.0176422 4294967295
0.0176534 4294967295
0.0176646 4294967295
0.0176758 4294967295
0.017687 4294967295
0.0176983 4294967295
0.0177095 4294967295
0.0177207 4294967295
0.0177319 4294967295
0.0177431 4294967295
0.0177543 4294967295
0.0177656 4294967295
0.0177768 4294967295
0.017788 4294967295
0.0177992 4294967295
0.0178104 4294967295
0.0178216 4294967295
0.0178328 4294967295
0.0178441 4294967295
0.0178553 4294967295
0.0178665 4294967295
0.0178777 4294967295
0.0178889 4294967295
0.0179001 4294967295
0.0179113 4294967295
0.0179226 4294967295
0.0179338 4294967295
0.017945 4294967295
0.0179562 4294967295
0.0179674 4294967295
0.0179786 4294967295
0.0179899 4294967295
0.0180011 4294967295
0.0180123 4294967295
0.0180235 4294967295
0.0180347 4294967295
0.0180459 4294967295
0.0180571 4294967295
0.0180684 4294967295
0.0180796 4294967295
0.0180908 4294967295
0.018102 4294967295
0.0181132 4294967295
0.0181244 4294967295
0.0181356 4294967295
0.0181469 4294967295
0.0181581 4294967295
0.0181693 4294967295
0.0181805 4294967295
0.0181917 4294967295
0.0182029 4294967295
0.0182142 4294967295
0.0182254 4294967295
0.0182366 4294967295
0.0182478 4294967295
0.018259 4294967295
0.0182702 4294967295
0.0182814 4294967295
0.0182927 4294967295
0.0183039 4294967295
0.0183151 4294967295
0.0183263 4294967295
0.0183375 4294967295
0.0183487 4294967295
0.0183599 4294967295
0.0183712 4294967295
0.0183824 4294967295
0.0183936 4294967295
0.0184048 4294967295
0.018416 4294967295
0.0184272 4294967295
0.0184385 4294967295
0.0184497 4294967295
0.0184609 4294967295
0.0184721 4294967295
0.0184833 4294967295
0.0184945 4294967295
0.0185057 4294967295
0.018517 4294967295
0.0185282 4294967295
0.0185394 4294967295
0.0185506 4294967295
0.0185618 4294967295
0.018573 4294967295
0.0185842 4294967295
0.0185955 4294967295
0.0186067 4294967295
0.0186179 4294967295
0.0186291 4294967295
0.0186403 4294967295
0.0186515 4294967295
0.0186628 4294967295
0.018674 4294967295
0.0186852 4294967295
0.0186964 4294967295
0.0187076 4294967295
0.0187188 4294967295
0.01873 4294967295
0.0187413 4294967295
0.0187525 4294967295
0.0187637 4294967295
0.0187749 4294967295
0.0187861 4294967295
0.0187973 4294967295
0.0188085 4294967295
0.0188198 4294967295
0.018831 4294967295
0.0188422 4294967295
0.0188534 4294967295
0.0188646 4294967295
0.0188758 4294967295
0.0188871 4294967295
0.0188983 4294967295
0.0189095 4294967295
0.0189207 4294967295
0.0189319 4294967295
0.0189431 4294967295
0.0189543 4294967295
0.0189656 4294967295
0.0189768 4294967295
0.018988 4294967295
0.0189992 4294967295
0.0190104 4294967295
0.0190216 4294967295
0.0190328 4294967295
0.0190441 4294967295
0.0190553 4294967295
0.0190665 4294967295
0.0190777 4294967295
0.0190889 4294967295
0.0191001 4294967295
0.0191114 4294967295
0.0191226 4294967295
0.0191338 4294967295
0.019145 4294967295
0.0191562 4294967295
0.0191674 4294967295
0.0191786 4294967295
0.0191899 4294967295
0.0192011 4294967295
0.0192123 4294967295
0.0192235 4294967295
0.0192347 4294967295
0.0192459 4294967295
0.0192571 4294967295
0.0192684 4294967295
0.0192796 4294967295
0.0192908 4294967295
0.019302 4294967295
0.0193132 4294967295
0.0193244 4294967295
0.0193357 4294967295
0.0193469 4294967295
0.0193581 4294967295
0.0193693 4294967295
0.0193805 4294967295
0.0193917 4294967295
0.0194029 4294967295
0.0194142 4294967295
0.0194254 4294967295
0.0194366 4294967295
0.0194478 4294967295
0.019459 4294967295
0.0194702 4294967295
0.0194814 4294967295
0.0194927 4294967295
0.0195039 4294967295
0.0195151 4294967295
0.0195263 4294967295
0.0195375 4294967295
0.0195487 4294967295
0.01956 4294967295
0.0195712 4294967295
0.0195824 4294967295
0.0195936 4294967295
0.0196048 4294967295
0.019616 4294967295
0.0196272 4294967295
0.0196385 4294967295
0.0196497 4294967295
0.0196609 4294967295
0.0196721 4294967295
0.0196833 4294967295
0.0196945 4294967295
0.0197057 4294967295
0.019717 4294967295
0.0197282 4294967295
0.0197394 4294967295
0.0197506 4294967295
0.0197618 4294967295
0.019773 4294967295
0.0197843 4294967295
0.0197955 4294967295
0.0198067 4294967295
0.0198179 4294967295
0.0198291 4294967295
0.0198403 4294967295
0.0198515 4294967295
0.0198628 4294967295
0.019874 4294967295
0.0198852 4294967295
0.0198964 4294967295
0.0199076 4294967295
0.0199188 4294967295
0.01993 4294967295
0.0199413 4294967295
0.0199525 4294967295
0.0199637 4294967295
0.0199749 4294967295
0.0199861 4294967295
0.0199973 4294967295
0.0200086 4294967295
0.0200198 4294967295
0.020031 4294967295
0.0200422 4294967295
0.0200534 4294967295
0.0200646 4294967295
0.0200758 4294967295
0.0200871 4294967295
0.0200983 4294967295
0.0201095 4294967295
0.0201207 4294967295
0.0201319 4294967295
0.0201431 4294967295
0.0201543 4294967295
0.0201656 4294967295
0.0201768 4294967295
0.020188 4294967295
0.0201992 4294967295
0.0202104 4294967295
0.0202216 4294967295
0.0202329 4294967295
0.0202441 4294967295
0.0202553 4294967295
0.0202665 4294967295
0.0202777 4294967295
0.0202889 4294967295
0.0203001 4294967295
0.0203114 4294967295
0.0203226 4294967295
0.0203338 4294967295
0.020345 4294967295
0.0203562 4294967295
0.0203674 4294967295
0.0203786 4294967295
0.0203899 4294967295
0.0204011 4294967295
0.0204123 4294967295
0.0204235 4294967295
0.0204347 4294967295
0.0204459 4294967295
0.0204572 4294967295
0.0204684 4294967295
0.0204796 4294967295
0.0204908 4294967295
0.020502 4294967295
0.0205132 4294967295
0.0205244 4294967295
0.0205357 4294967295
0.0205469 4294967295
0.0205581 4294967295
0.0205693 4294967295
0.0205805 4294967295
0.0205917 4294967295
0.0206029 4294967295
0.0206142 4294967295
0.0206254 4294967295
0.0206366 4294967295
0.0206478 4294967295
0.020659 4294967295
0.0206702 4294967295
0.0206815 4294967295
0.0206927 4294967295
0.0207039 4294967295
0.0207151 4294967295
0.0207263 4294967295
0.0207375 4294967295
0.0207487 4294967295
0.02076 4294967295
0.0207712 4294967295
0.0207824 4294967295
0.0207936 4294967295
0.0208048 4294967295
0.020816 4294967295
0.0208272 4294967295
0.0208385 4294967295
0.0208497 4294967295
0.0208609 4294967295
0.0208721 4294967295
0.0208833 4294967295
0.0208945 4294967295
0.0209058 4294967295
0.020917 4294967295
0.0209282 4294967295
0.0209394 4294967295
0.0209506 4294967295
0.0209618 4294967295
0.020973 4294967295
0.0209843 4294967295
0.0209955 4294967295
0.0210067 4294967295
0.0210179 4294967295
0.0210291 4294967295
0.0210403 4294967295
0.0210515 4294967295
0.0210628 4294967295
0.021074 4294967295
0.0210852 4294967295
0.0210964 4294967295
0.0211076 4294967295
0.0211188 4294967295
0.0211301 4294967295
0.0211413 4294967295
0.0211525 4294967295
0.0211637 4294967295
0.0211749 4294967295
0.0211861 4294967295
0.0211973 4294967295
0.0212086 4294967295
0.0212198 4294967295
0.021231 4294967295
0.0212422 4294967295
0.0212534 4294967295
0.0212646 4294967295
0.0212758 4294967295
0.0212871 4294967295
0.0212983 4294967295
0.0213095 4294967295
0.0213207 4294967295
0.0213319 4294967295
0.0213431 4294967295
0.0213544 4294967295
0.0213656 4294967295
0.0213768 4294967295
0.021388 4294967295
0.0213992 4294967295
0.0214104 4294967295
0.0214216 4294967295
0.0214329 4294967295
0.0214441 4294967295
0.0214553 4294967295
0.0214665 4294967295
0.0214777 4294967295
0.0214889 4294967295
0.0215001 4294967295
0.0215114 4294967295
0.0215226 4294967295
0.0215338 4294967295
0.021545 4294967295
0.0215562 4294967295
0.0215674 4294967295
0.0215787 4294967295
0.0215899 4294967295
0.0216011 4294967295
0.0216123 4294967295
0.0216235 4294967295
0.0216347 4294967295
0.0216459 4294967295
0.0216572 4294967295
0.0216684 4294967295
0.0216796 4294967295
0.0216908 4294967295
0.021702 4294967295
0.0217132 4294967295
0.0217244 4294967295
0.0217357 4294967295
0.0217469 4294967295
0.0217581 4294967295
0.0217693 4294967295
0.0217805 4294967295
0.0217917 4294967295
0.021803 4294967295
0.0218142 4294967295
0.0218254 4294967295
0.0218366 4294967295
0.0218478 4294967295
0.021859 4294967295
0.0218702 4294967295
0.0218815 4294967295
0.0218927 4294967295
0.0219039 4294967295
0.0219151 4294967295
0.0219263 4294967295
0.0219375 4294967295
0.0219487 4294967295
0.02196 4294967295
0.0219712 4294967295
0.0219824 4294967295
0.0219936 4294967295
0.0220048 4294967295
0.022016 4294967295
0.0220273 4294967295
0.0220385 4294967295
0.0220497 4294967295
0.0220609 4294967295
0.0220721 4294967295
0.0220833 4294967295
0.0220945 4294967295
0.0221058 4294967295
0.022117 4294967295
0.0221282 4294967295
0.0221394 4294967295
0.0221506 4294967295
0.0221618 4294967295
0.022173 4294967295
0.0221843 4294967295
0.0221955 4294967295
0.0222067 4294967295
0.0222179 4294967295
0.0222291 4294967295
0.0222403 4294967295
0.0222516 4294967295
0.0222628 4294967295
0.022274 4294967295
0.0222852 4294967295
0.0222964 4294967295
0.0223076 4294967295
0.0223188 4294967295
0.0223301 4294967295
0.0223413 4294967295
0.0223525 4294967295
0.0223637 4294967295
0.0223749 4294967295
0.0223861 4294967295
0.0223973 4294967295
0.0224086 4294967295
0.0224198 4294967295
0.022431 4294967295
0.0224422 4294967295
0.0224534 4294967295
0.0224646 4294967295
0.0224759 4294967295
0.0224871 4294967295
0.0224983 4294967295
0.0225095 4294967295
0.0225207 4294967295
0.0225319 4294967295
0.0225431 4294967295
0.0225544 4294967295
0.0225656 4294967295
0.0225768 4294967295
0.022588 4294967295
0.0225992 4294967295
0.0226104 4294967295
0.0226216 4294967295
0.0226329 4294967295
0.0226441 4294967295
0.0226553 4294967295
0.0226665 4294967295
0.0226777 4294967295
0.0226889 4294967295
0.0227002 4294967295
0.0227114 4294967295
0.0227226 4294967295
0.0227338 4294967295
0.022745 4294967295
0.0227562 4294967295
0.0227674 4294967295
0.0227787 4294967295
0.0227899 4294967295
0.0228011 4294967295
0.0228123 4294967295
0.0228235 4294967295
0.0228347 4294967295
0.0228459 4294967295
0.0228572 4294967295
0.0228684 4294967295
0.0228796 4294967295
0.0228908 4294967295
0.022902 4294967295
0.0229132 4294967295
0.0229245 4294967295
0.0229357 4294967295
0.0229469 4294967295
0.0229581 4294967295
0.0229693 4294967295
0.0229805 4294967295
0.0229917 4294967295
0.023003 4294967295
0.0230142 4294967295
0.0230254 4294967295
0.0230366 4294967295
0.0230478 4294967295
0.023059 4294967295
0.0230702 4294967295
0.0230815 4294967295
0.0230927 4294967295
0.0231039 4294967295
0.0231151 4294967295
0.0231263 4294967295
0.0231375 4294967295
0.0231488 4294967295
0.02316 4294967295
0.0231712 4294967295
0.0231824 4294967295
0.0231936 4294967295
0.0232048 4294967295
0.023216 4294967295
0.0232273 4294967295
0.0232385 4294967295
0.0232497 4294967295
0.0232609 4294967295
0.0232721 4294967295
0.0232833 4294967295
0.0232945 4294967295
0.0233058 4294967295
0.023317 4294967295
0.0233282 4294967295
0.0233394 4294967295
0.0233506 4294967295
0.0233618 4294967295
0.0233731 4294967295
0.0233843 4294967295
0.0233955 4294967295
0.0234067 4294967295
0.0234179 4294967295
0.0234291 4294967295
0.0234403 4294967295
0.0234516 4294967295
0.0234628 4294967295
0.023474 4294967295
0.0234852 4294967295
0.0234964 4294967295
0.0235076 4294967295
0.0235188 4294967295
0.0235301 4294967295
0.0235413 4294967295
0.0235525 4294967295
0.0235637 4294967295
0.0235749 4294967295
0.0235861 4294967295
0.0235974 4294967295
0.0236086 4294967295
0.0236198 4294967295
0.023631 4294967295
0.0236422 4294967295
0.0236534 4294967295
0.0236646 4294967295
0.0236759 4294967295
0.0236871 4294967295
0.0236983 4294967295
0.0237095 4294967295
0.0237207 4294967295
0.0237319 4294967295
0.0237431 4294967295
0.0237544 4294967295
0.0237656 4294967295
0.0237768 4294967295
0.023788 4294967295
0.0237992 4294967295
0.0238104 4294967295
0.0238217 4294967295
0.0238329 4294967295
0.0238441 4294967295
0.0238553 4294967295
0.0238665 4294967295
0.0238777 4294967295
0.0238889 4294967295
0.0239002 4294967295
0.0239114 4294967295
0.0239226 4294967295
0.0239338 4294967295
0.023945 4294967295
0.0239562 4294967295
0.0239674 4294967295
0.0239787 4294967295
0.0239899 4294967295
0.0240011 4294967295
0.0240123 4294967295
0.0240235 4294967295
0.0240347 4294967295
0.024046 4294967295
0.0240572 4294967295
0.0240684 4294967295
0.0240796 4294967295
0.0240908 4294967295
0.024102 4294967295
0.0241132 4294967295
0.0241245 4294967295
0.0241357 4294967295
0.0241469 4294967295
0.0241581 4294967295
0.0241693 4294967295
0.0241805 4294967295
0.0241917 4294967295
0.024203 4294967295
0.0242142 4294967295
0.0242254 4294967295
0.0242366 4294967295
0.0242478 4294967295
0.024259 4294967295
0.0242703 4294967295
0.0242815 4294967295
0.0242927 4294967295
0.0243039 4294967295
0.0243151 4294967295
0.0243263 4294967295
0.0243375 4294967295
0.0243488 4294967295
0.02436 4294967295
0.0243712 4294967295
0.0243824 4294967295
0.0243936 4294967295
0.0244048 4294967295
0.024416 4294967295
0.0244273 4294967295
0.0244385 4294967295
0.0244497 4294967295
0.0244609 4294967295
0.0244721 4294967295
0.0244833 4294967295
0.0244946 4294967295
0.0245058 4294967295
0.024517 4294967295
0.0245282 4294967295
0.0245394 4294967295
0.0245506 4294967295
0.0245618 4294967295
0.0245731 4294967295
0.0245843 4294967295
0.0245955 4294967295
0.0246067 4294967295
0.0246179 4294967295
0.0246291 4294967295
0.0246403 4294967295
0.0246516 4294967295
0.0246628 4294967295
0.024674 4294967295
0.0246852 4294967295
0.0246964 4294967295
0.0247076 4294967295
0.0247189 4294967295
0.0247301 4294967295
0.0247413 4294967295
0.0247525 4294967295
0.0247637 4294967295
0.0247749 4294967295
0.0247861 4294967295
0.0247974 4294967295
0.0248086 4294967295
0.0248198 4294967295
0.024831 4294967295
0.0248422 4294967295
0.0248534 4294967295
0.0248646 4294967295
0.0248759 4294967295
0.0248871 4294967295
0.0248983 4294967295
0.0249095 4294967295
0.0249207 4294967295
0.0249319 4294967295
0.0249432 4294967295
0.0249544 4294967295
0.0249656 4294967295
0.0249768 4294967295
0.024988 4294967295
0.0249992 4294967295
0.0250104 4294967295
0.0250217 4294967295
0.0250329 4294967295
0.0250441 4294967295
0.0250553 4294967295
0.0250665 4294967295
0.0250777 4294967295
0.0250889 4294967295
0.0251002 4294967295
0.0251114 4294967295
0.0251226 4294967295
0.0251338 4294967295
0.025145 4294967295
0.0251562 4294967295
0.0251675 4294967295
0.0251787 4294967295
0.0251899 4294967295
0.0252011 4294967295
0.0252123 4294967295
0.0252235 4294967295
0.0252347 4294967295
0.025246 4294967295
0.0252572 4294967295
0.0252684 4294967295
0.0252796 4294967295
0.0252908 4294967295
0.025302 4294967295
0.0253132 4294967295
0.0253245 4294967295
0.0253357 4294967295
0.0253469 4294967295
0.0253581 4294967295
0.0253693 4294967295
0.0253805 4294967295
0.0253918 4294967295
0.025403 4294967295
0.0254142 4294967295
0.0254254 4294967295
0.0254366 4294967295
0.0254478 4294967295
0.025459 4294967295
0.0254703 4294967295
0.0254815 4294967295
0.0254927 4294967295
0.0255039 4294967295
0.0255151 4294967295
0.0255263 4294967295
0.0255375 4294967295
0.0255488 4294967295
0.02556 4294967295
0.0255712 4294967295
0.0255824 4294967295
0.0255936 4294967295
0.0256048 4294967295
0.0256161 4294967295
0.0256273 4294967295
0.0256385 4294967295
0.0256497 4294967295
0.0256609 4294967295
0.0256721 4294967295
0.0256833 4294967295
0.0256946 4294967295
0.0257058 4294967295
0.025717 4294967295
0.0257282 4294967295
0.0257394 4294967295
0.0257506 4294967295
0.0257618 4294967295
0.0257731 4294967295
0.0257843 4294967295
0.0257955 4294967295
0.0258067 4294967295
0.0258179 4294967295
0.0258291 4294967295
0.0258404 4294967295
0.0258516 4294967295
0.0258628 4294967295
0.025874 4294967295
0.0258852 4294967295
0.0258964 4294967295
0.0259076 4294967295
0.0259189 4294967295
0.0259301 4294967295
0.0259413 4294967295
0.0259525 4294967295
0.0259637 4294967295
0.0259749 4294967295
0.0259861 4294967295
0.0259974 4294967295
0.0260086 4294967295
0.0260198 4294967295
0.026031 4294967295
0.0260422 4294967295
0.0260534 4294967295
0.0260647 4294967295
0.0260759 4294967295
0.0260871 4294967295
0.0260983 4294967295
0.0261095 4294967295
0.0261207 4294967295
0.0261319 4294967295
0.0261432 4294967295
0.0261544 4294967295
0.0261656 4294967295
0.0261768 4294967295
0.026188 4294967295
0.0261992 4294967295
0.0262104 4294967295
0.0262217 4294967295
0.0262329 4294967295
0.0262441 4294967295
0.0262553 4294967295
0.0262665 4294967295
0.0262777 4294967295
0.026289 4294967295
0.0263002 4294967295
0.0263114 4294967295
0.0263226 4294967295
0.0263338 4294967295
0.026345 4294967295
0.0263562 4294967295
0.0263675 4294967295
0.0263787 4294967295
0.0263899 4294967295
0.0264011 4294967295
0.0264123 4294967295
0.0264235 4294967295
0.0264347 4294967295
0.026446 4294967295
0.0264572 4294967295
0.0264684 4294967295
0.0264796 4294967295
0.0264908 4294967295
0.026502 4294967295
0.0265133 4294967295
0.0265245 4294967295
0.0265357 4294967295
0.0265469 4294967295
0.0265581 4294967295
0.0265693 4294967295
0.0265805 4294967295
0.0265918 4294967295
0.026603 4294967295
0.0266142 4294967295
0.0266254 4294967295
0.0266366 4294967295
0.0266478 4294967295
0.026659 4294967295
0.0266703 4294967295
0.0266815 4294967295
0.0266927 4294967295
0.0267039 4294967295
