0.0 0
0.0001056 0.0001056
0.000350131 0.000122966
0.000938915 0.000181193
0.000974963 0.000236647
0.00210447 0.00035276
0.00214051 0.000458865
0.00218858 0.000553208
0.00222463 0.000640265
0.00444759 0.000853121
0.00448363 0.00104388
0.00451968 0.00121079
0.00455573 0.00136134
0.00461581 0.00149458
0.00465186 0.00161566
0.00468791 0.00172162
0.00472396 0.00181883
0.00697095 0.0019069
0.0103114 0.00181721
0.0103354 0.00173873
0.0103474 0.00167008
0.011501 0.00161002
0.011537 0.00155897
0.011549 0.0015158
0.0115731 0.00147953
0.0129309 0.00147332
0.0129669 0.0014679
0.012991 0.00146465
0.013015 0.00146181
0.013039 0.00146232
0.0146852 0.00149883
0.0147333 0.00153227
0.0147573 0.00156153
0.0147934 0.00158863
0.0148294 0.00161385
0.0148534 0.00163892
0.0167039 0.00168639
0.016752 0.00172793
0.016776 0.00176427
0.0168121 0.00179607
0.0168481 0.0018239
0.0168841 0.00184975
0.0188788 0.00189039
0.0189269 0.00192596
0.0189629 0.00195857
0.018999 0.00198712
0.019023 0.00201509
0.019047 0.00203807
0.0190831 0.00205818
0.0213301 0.00210731
0.0214142 0.00215031
0.0214382 0.00219093
0.0214622 0.00222497
0.0214863 0.00225476
0.0215103 0.00228083
0.0215464 0.00230363
0.0238414 0.00232959
0.0239375 0.00235081
0.0239616 0.00237238
0.0239736 0.00238975
0.0239856 0.00240345
0.0240096 0.00241543
0.0240457 0.00242592
0.0263407 0.00243509
0.0264609 0.00244312
0.0264729 0.00245015
0.0264849 0.0024578
0.0264969 0.00246449
0.026509 0.00246884
0.026545 0.00247265
0.0288401 0.00247599
0.0289722 0.0024789
0.0289843 0.00248146
0.0289963 0.00248369
0.0290083 0.00248715
0.0290203 0.00249017
0.0290443 0.00249131
0.0312313 0.0024788
0.0313514 0.00246484
0.0313634 0.00245263
0.0313754 0.00244194
0.0313875 0.0024326
0.0313995 0.00242291
0.0335864 0.00241444
0.0337186 0.00240703
0.0337306 0.00240054
0.0337426 0.00239486
0.0337546 0.0023914
0.0337666 0.00238837
0.0356291 0.00234516
0.0357493 0.00230435
0.0357613 0.00226864
0.0357733 0.0022374
0.0357853 0.00221006
0.0376117 0.00218163
0.0377439 0.00215676
0.0377559 0.00213499
0.037768 0.00211745
0.03778 0.0021021
0.039306 0.00205112
0.0394141 0.002002
0.0394262 0.00195903
0.0394382 0.00192143
0.0411084 0.00190655
0.0411324 0.00189653
0.0412286 0.00188627
0.0412406 0.00187729
0.0412526 0.00186943
0.043067 0.00188057
0.0431752 0.00188883
0.0431872 0.00189605
0.0431992 0.00190236
0.0447973 0.00188086
0.0449175 0.00186204
0.0449295 0.00184707
0.0449535 0.00183548
0.0466598 0.00183885
0.046804 0.00184481
0.046828 0.00185153
0.0468521 0.0018604
0.0468761 0.00186817
0.0486064 0.00187798
0.0487386 0.00188205
0.0487626 0.00188561
0.0487746 0.00188722
0.0502766 0.0018601
0.0504328 0.00183636
0.0504448 0.0018171
0.0504689 0.00180174
0.0521151 0.00180633
0.0523193 0.00181635
0.0523434 0.00182662
0.0523674 0.00183561
0.0524034 0.00184798
0.0540737 0.00186181
0.0542419 0.0018664
0.0542659 0.00187041
0.05429 0.00187243
0.055792 0.00185316
0.0559842 0.0018363
0.0560082 0.00182155
0.0560203 0.00181014
0.0576665 0.00181818
0.0579308 0.00183424
0.0579669 0.00184978
0.0579789 0.00186338
0.0580029 0.00187829
0.0596371 0.00188983
0.0598534 0.00188942
0.0598654 0.00188905
0.0598774 0.00188723
0.0613433 0.00186461
0.0615717 0.00184482
0.0615837 0.0018275
0.0616077 0.00181535
0.0631578 0.00181523
0.0634582 0.00182414
0.0634822 0.00183344
0.0635062 0.00184158
0.0635303 0.0018517
0.0651164 0.00186506
0.0653567 0.00186624
0.0653807 0.00186727
0.0653927 0.00186667
0.0668827 0.00185413
0.0671471 0.00184316
0.0671591 0.00183356
0.0671711 0.00182666
0.0686851 0.00182363
0.0690456 0.00183299
0.0690576 0.00184118
0.0690696 0.00184835
0.0690937 0.00185762
0.0706437 0.00187025
0.0709201 0.00186928
0.0709321 0.00186843
0.0709441 0.00186618
0.0724461 0.00185821
0.0727345 0.00185123
0.0727465 0.00184513
0.0727706 0.00184279
0.0740443 0.00181221
0.0743447 0.00178695
0.0743687 0.00176635
0.0743927 0.00174833
0.0744168 0.00173556
0.0759308 0.00175443
0.0762432 0.00177244
0.0762672 0.0017882
0.0762913 0.00180199
0.0763153 0.00181406
0.0778533 0.00182762
0.0782018 0.00184099
0.0782258 0.00185269
0.0782378 0.00186442
0.0782499 0.00187319
0.0795957 0.00185683
0.079872 0.0018305
0.079884 0.00180746
0.0798961 0.0017873
0.081374 0.00178619
0.0817105 0.00179272
0.0817225 0.00179994
0.0817345 0.00180625
0.0817585 0.00181328
0.0833326 0.00183145
0.0836571 0.00184434
0.0836691 0.00185562
0.0836811 0.00186398
0.085135 0.00185629
0.0854234 0.00184354
0.0854354 0.00183389
0.0854474 0.00182545
0.0868173 0.00180755
0.0871417 0.00179639
0.0871657 0.00178813
0.0871777 0.0017824
0.0872018 0.00177889
0.088872 0.00181337
0.0891724 0.00184054
0.0891964 0.00186281
0.0892205 0.00188229
0.0906263 0.0018663
0.0909027 0.0018493
0.0909508 0.00183442
0.0909748 0.00182441
0.0924287 0.00182166
0.0927171 0.00182075
0.0927652 0.00181996
0.0927892 0.00181927
0.0943153 0.00182767
0.0946637 0.00183653
0.0946877 0.00184728
0.0946998 0.00185519
0.0959855 0.00183207
0.0963339 0.00180883
0.096346 0.0017885
0.096358 0.00177221
0.0977879 0.00177599
0.0982084 0.0017883
0.0982205 0.00179908
0.0982325 0.0018085
0.0982565 0.00181975
0.0997465 0.00183711
0.100107 0.00184329
0.100119 0.00184869
0.100143 0.00185342
0.101489 0.00183953
0.101825 0.00182287
0.101849 0.0018083
0.101861 0.00179704
0.103351 0.00180522
0.103736 0.00181839
0.103772 0.00183141
0.103784 0.0018428
0.103808 0.00185578
0.105298 0.00186713
0.10567 0.00187105
0.105682 0.00187449
0.105694 0.00187599
0.107064 0.00186228
0.107425 0.00184729
0.107437 0.00183417
0.107449 0.00182419
0.108891 0.00182447
0.109335 0.00183523
0.109359 0.00184614
0.109371 0.0018557
0.109395 0.00186706
0.110837 0.001877
0.111222 0.00187518
0.111234 0.0018736
0.111246 0.0018707
0.112556 0.00185165
0.112964 0.00183648
0.112976 0.00182321
0.113 0.0018146
0.114478 0.00182809
0.114983 0.00185192
0.115007 0.00187427
0.115031 0.00189382
0.115055 0.00191393
0.116377 0.00191201
0.116821 0.00189981
0.116845 0.00188913
0.116869 0.00187979
0.118047 0.0018536
0.118515 0.00183067
0.118527 0.00181212
0.11854 0.00179438
0.119945 0.0018074
0.120522 0.00183231
0.120534 0.0018541
0.120546 0.00187317
0.12057 0.00189287
0.121808 0.00188907
0.122325 0.00187673
0.122337 0.00186594
0.122361 0.00185649
0.123502 0.00183621
0.123526 0.00182147
0.124079 0.00181308
0.124091 0.00180574
0.124115 0.00179931
0.125449 0.00181772
0.125485 0.00183533
0.125509 0.00185374
0.126146 0.00188037
0.12617 0.00190216
0.127311 0.0018972
0.127335 0.00189136
0.127359 0.00188625
0.127948 0.00187577
0.128957 0.00184707
0.128993 0.00182346
0.129029 0.00180431
0.129041 0.00178905
0.129666 0.0017802
0.13088 0.001798
0.130928 0.00181507
0.130976 0.00183151
0.130988 0.00184589
0.131012 0.00186148
0.131709 0.00188414
0.132766 0.00187843
0.132802 0.00187193
0.132815 0.00186624
0.132827 0.00185976
0.133523 0.00185409
0.134521 0.00183712
0.134533 0.00182226
0.134545 0.00180927
0.134557 0.0017994
0.135194 0.00178325
0.136431 0.00179916
0.136443 0.00181308
0.136455 0.00182526
0.136467 0.00183592
0.136491 0.00184826
0.1372 0.00186806
0.138306 0.00186886
0.138318 0.00186806
0.13833 0.00186736
0.138354 0.00186675
0.139063 0.00186622
0.140072 0.00185374
0.140096 0.00184281
0.14012 0.00183325
0.140132 0.00182639
0.140757 0.00180987
0.141887 0.00181044
0.141911 0.00181094
0.141947 0.00181287
0.141959 0.00181457
0.142692 0.00182957
0.142728 0.0018472
0.143809 0.00185662
0.143857 0.00186336
0.143869 0.00186926
0.14453 0.00186541
0.144566 0.00186204
0.145551 0.00184707
0.145612 0.00183398
0.146164 0.001809
0.146212 0.00178865
0.146236 0.00177385
0.14733 0.00177441
0.147402 0.00177641
0.148063 0.00179167
0.148111 0.00180503
0.148147 0.00181822
0.148171 0.00183276
0.149312 0.00185149
0.149925 0.00185287
0.149961 0.00185257
0.149997 0.0018523
0.150021 0.00185207
0.151067 0.00183986
0.151632 0.00181865
0.151668 0.0018001
0.151692 0.00178386
0.151728 0.00177416
0.152797 0.00176868
0.15353 0.00178491
0.153566 0.00179911
0.15359 0.00181154
0.153626 0.00182241
0.15365 0.00183493
0.154852 0.0018624
0.155453 0.00186241
0.155477 0.00186543
0.155501 0.00186656
0.155525 0.00186755
0.156642 0.0018579
0.157195 0.00184045
0.157219 0.00182518
0.157243 0.00181182
0.157267 0.00180313
0.158349 0.00179102
0.159033 0.00179695
0.159057 0.00180214
0.159081 0.00180668
0.159106 0.00181065
0.160403 0.00184116
0.160968 0.00184983
0.16098 0.00185592
0.161004 0.00186425
0.161016 0.00187003
0.162194 0.00186008
0.162698 0.00184235
0.162722 0.00182684
0.162734 0.00181328
0.164008 0.00181342
0.164032 0.00181654
0.164585 0.00182529
0.164609 0.00183294
0.164621 0.00183964
0.165919 0.0018485
0.166459 0.00185175
0.166483 0.00185459
0.166495 0.00185708
0.167637 0.00183973
0.168166 0.00182004
0.168178 0.00180432
0.168202 0.00179206
0.169451 0.00179486
0.17004 0.00180481
0.170052 0.00181352
0.170076 0.00182415
0.170088 0.00183194
0.17135 0.00184026
0.171927 0.00184454
0.171951 0.00184829
0.171963 0.00185156
0.173056 0.0018334
0.173633 0.0018145
0.173657 0.00179947
0.173669 0.00178782
0.174858 0.00178964
0.175531 0.00180325
0.175555 0.00181516
0.175567 0.00182558
0.175591 0.00183771
0.176793 0.00184981
0.177418 0.0018514
0.17743 0.00185278
0.177442 0.00185249
0.178583 0.00184473
0.179136 0.00182742
0.179148 0.00181378
0.179172 0.00180334
0.180362 0.00180022
0.181011 0.0018095
0.181023 0.00181763
0.181047 0.00182774
0.181059 0.00183509
0.182381 0.00185804
0.182897 0.00186009
0.182909 0.00186039
0.182921 0.00186065
0.184183 0.00185337
0.18464 0.00183799
0.184652 0.00182603
0.184664 0.00181556
0.185949 0.00180941
0.186478 0.00181304
0.186502 0.00181772
0.186514 0.00182331
0.186538 0.00182971
0.187956 0.00185183
0.188425 0.00186067
0.188437 0.00186841
0.188449 0.00187367
0.189722 0.00186026
0.190155 0.00184251
0.190167 0.00182848
0.190179 0.00181621
0.191429 0.00180247
0.191933 0.00179946
0.191957 0.00179832
0.191969 0.00179733
0.191993 0.00179946
0.193495 0.00183287
0.193892 0.00184859
0.193916 0.00186084
0.19394 0.00187156
0.195262 0.00185841
0.195682 0.0018499
0.19573 0.00184246
0.195742 0.00183746
0.19698 0.00182256
0.197425 0.00181253
0.197473 0.00180375
0.197485 0.00179607
0.198999 0.0018239
0.199035 0.00185275
0.199467 0.0018765
0.199503 0.00189427
0.200753 0.00187678
0.200789 0.00186147
0.20127 0.00185409
0.202423 0.0018311
0.202459 0.0018155
0.202483 0.00180034
0.203084 0.0018021
0.204418 0.00182617
0.204466 0.00184873
0.204886 0.00184294
0.206196 0.00183487
0.20622 0.00183081
0.206256 0.00182576
0.208035 0.00182734
0.208071 0.00183023
0.208107 0.00183276
0.208143 0.00183948
0.209909 0.00184386
0.209969 0.00184618
0.210005 0.00184822
0.211736 0.0018455
0.211784 0.00184161
0.211808 0.00183671
0.213478 0.00182491
0.21355 0.00181759
0.213574 0.00181419
0.213586 0.00180971
0.215437 0.00182832
0.215509 0.0018416
0.215521 0.00185323
0.217371 0.00186339
0.217419 0.00186929
0.217431 0.00187444
0.219089 0.00185492
0.219137 0.00183634
0.219149 0.00182158
0.221036 0.00183721
0.221096 0.00185238
0.221108 0.00186566
0.221132 0.00188028
0.223031 0.00189458
0.223091 0.00190559
0.223103 0.00191372
0.224857 0.00190281
0.224917 0.00189326
0.224929 0.0018849
0.226587 0.00186558
0.226659 0.00185017
0.226671 0.00183819
0.226684 0.00182771
0.228666 0.00185909
0.22875 0.00188805
0.228774 0.0019149
0.228786 0.00193838
0.22881 0.00196194
0.230625 0.00196152
0.230733 0.00196116
0.230745 0.00196084
0.230757 0.00195906
0.232355 0.00193046
0.232463 0.00190394
0.232475 0.00188223
0.232499 0.00186474
0.234266 0.00187047
0.234374 0.00187548
0.234398 0.00188136
0.234422 0.00188952
0.234446 0.00189665
0.236128 0.00189238
0.236248 0.00188714
0.236272 0.00188255
0.236284 0.00187704
0.237858 0.0018587
0.237967 0.00183814
0.237979 0.00182166
0.237991 0.00180723
0.239793 0.00182315
0.239913 0.00183858
0.239937 0.00185358
0.239949 0.00186671
0.239973 0.0018812
0.241764 0.00189238
0.241896 0.00190066
0.241908 0.0019079
0.241932 0.00191424
0.243614 0.00190627
0.243722 0.00189478
0.243746 0.00188474
0.243758 0.00187745
0.245296 0.00185305
0.245416 0.0018332
0.245452 0.00181733
0.245465 0.00180345
0.245489 0.0017943
0.247279 0.00181785
0.247435 0.00184295
0.247471 0.00186492
0.247483 0.00188414
0.247507 0.00190096
0.247531 0.00191868
0.249214 0.00192066
0.249394 0.0019194
0.249406 0.00191979
0.249418 0.00191864
0.249442 0.00191763
0.250896 0.0018882
0.25104 0.00185645
0.251052 0.00182866
0.251064 0.00180285
0.252782 0.00181331
0.252806 0.00182546
0.25295 0.0018361
0.252962 0.0018454
0.252975 0.00185354
0.254693 0.00186067
0.254885 0.00186991
0.254897 0.00187799
0.254909 0.00188506
0.254921 0.00189275
0.256459 0.00187695
0.256615 0.00185712
0.256627 0.00183976
0.256639 0.00182458
0.258346 0.00183232
0.258514 0.0018406
0.258526 0.00184934
0.258538 0.00185699
0.258562 0.00186519
0.260268 0.00187236
0.260436 0.00187713
0.260448 0.0018813
0.26046 0.00188346
0.262035 0.00186882
0.262179 0.0018515
0.262191 0.00183786
0.262203 0.00182591
0.263921 0.00183349
0.264077 0.00184162
0.264089 0.00184873
0.264101 0.00185495
0.264125 0.0018634
0.265868 0.0018738
0.266036 0.0018829
0.266048 0.00189086
0.26606 0.00189632
0.267682 0.00188609
0.267814 0.00187112
0.267826 0.00185802
0.26785 0.00184957
0.269448 0.00183917
0.269581 0.00183006
0.269605 0.0018236
0.269629 0.00181795
0.269653 0.001816
0.271539 0.00185035
0.271647 0.0018744
0.271671 0.00189544
0.271683 0.00191234
0.273378 0.00190311
0.273498 0.00189352
0.27351 0.00188514
0.273522 0.0018793
0.275132 0.00186368
0.275264 0.00185151
0.275276 0.00184087
0.275288 0.00183155
0.275312 0.00182641
0.277331 0.00187297
0.277451 0.00191071
0.277463 0.00194373
0.277487 0.00197263
0.279169 0.00195586
0.27929 0.00193968
0.279314 0.00192552
0.279338 0.00191614
0.280912 0.00189441
0.281032 0.0018724
0.281056 0.00185313
0.282978 0.00187983
0.283015 0.0019077
0.283159 0.00193509
0.283183 0.00195906
0.284733 0.00193347
0.284901 0.00190958
0.284925 0.00188867
0.284937 0.00187188
0.286535 0.00186319
0.286703 0.00185259
0.286727 0.00184481
0.288518 0.00186204
0.288554 0.00188162
0.288734 0.00190026
0.290308 0.00188652
0.290356 0.00187601
0.290537 0.00186681
0.292051 0.00185124
0.292099 0.00183763
0.292315 0.00183022
0.294165 0.00186579
0.294201 0.00189542
0.29437 0.00191533
0.296124 0.00192074
0.296268 0.00191796
0.296292 0.00191854
0.297806 0.001889
0.297962 0.00186165
0.297986 0.00184073
0.299693 0.00184645
0.299885 0.00185596
0.299909 0.00186429
0.299933 0.00187458
0.301447 0.00185955
0.301663 0.00184639
0.301699 0.00183639
0.303189 0.00182463
0.303418 0.00181584
0.303442 0.00180665
0.30522 0.00183466
0.305545 0.00187118
0.305581 0.00190764
0.305593 0.00193804
0.307095 0.0019301
0.307383 0.00191414
0.307395 0.00190017
0.308873 0.00188494
0.309149 0.00187012
0.309161 0.00185715
0.310603 0.00184129
0.310892 0.00182892
0.310916 0.0018211
0.31094 0.00181576
0.31267 0.00184713
0.313055 0.0018866
0.313091 0.00191963
0.314629 0.0019245
0.314653 0.00193177
0.314989 0.00193212
0.316383 0.0019099
0.316407 0.00189045
0.316767 0.00187644
0.318318 0.00188371
0.318342 0.00189007
0.318714 0.00189713
0.32012 0.00188228
0.320144 0.0018723
0.320444 0.00185455
0.32185 0.00183601
0.321886 0.0018243
0.322187 0.00181405
0.323917 0.00184564
0.323965 0.00187478
0.324301 0.00190478
0.325779 0.0018995
0.325828 0.00189487
0.326152 0.00188932
0.327534 0.00187244
0.327558 0.00185468
0.327882 0.00183913
0.32924 0.00181952
0.329264 0.00180536
0.329613 0.00179598
0.331295 0.00182832
0.331319 0.00185662
0.331343 0.00188439
0.331739 0.0019147
0.333193 0.00190967
0.333205 0.00190377
0.333229 0.00190161
0.333626 0.00189973
0.335044 0.00189207
0.335056 0.00188386
0.335416 0.00187218
0.336702 0.00184543
0.336714 0.00182203
0.337074 0.00180155
0.338625 0.00181668
0.338637 0.00183141
0.338661 0.00184581
0.339117 0.00187042
0.340499 0.00187093
0.340535 0.00187138
0.340968 0.00186876
0.340992 0.00186948
0.342265 0.00185659
0.34265 0.00183479
0.342674 0.00181572
0.342698 0.00180204
0.344104 0.00180659
0.344524 0.00181508
0.344548 0.00182251
0.344572 0.001829
0.345906 0.00182568
0.346339 0.00182127
0.346363 0.00182041
0.346375 0.00181816
0.347637 0.00180717
0.348093 0.00179757
0.348105 0.00178916
0.348129 0.0017848
0.349487 0.00179301
0.350028 0.00181071
0.35004 0.00182619
0.350064 0.00183974
0.350088 0.0018546
0.351554 0.00188112
0.352046 0.00189681
0.35207 0.00191054
0.352107 0.00192406
0.35338 0.00191186
0.353837 0.00189367
0.353861 0.00188076
0.353885 0.00186796
0.355123 0.00185225
0.355627 0.00184452
0.355639 0.00183625
0.355663 0.00183202
0.355675 0.00182681
0.357129 0.00184929
0.357634 0.00186897
0.357658 0.00188468
0.35767 0.00189842
0.358968 0.00189093
0.35898 0.00188587
0.359424 0.00187393
0.359448 0.00186199
0.360686 0.00184402
0.36071 0.00182981
0.361215 0.00182488
0.361239 0.00182057
0.361263 0.0018198
0.362801 0.00185668
0.362837 0.00189044
0.363269 0.00191098
0.363293 0.00192595
0.364687 0.00192102
0.364723 0.0019167
0.364747 0.00191593
0.36512 0.00190775
0.366382 0.00188106
0.366418 0.00185771
0.366442 0.00183728
0.366862 0.00182541
0.368472 0.00185858
0.368496 0.00189061
0.368532 0.00191863
0.368556 0.00194316
0.369001 0.00196762
0.370383 0.00195748
0.370419 0.00194861
0.370443 0.00194085
0.370467 0.00193706
0.370912 0.00193374
0.372137 0.00190681
0.372161 0.00188324
0.372185 0.00186262
0.37257 0.00183707
0.37388 0.00182222
0.373904 0.00180923
0.373928 0.00180087
0.374396 0.00180406
0.376006 0.00184441
0.37603 0.00187671
0.376379 0.00188995
0.376403 0.00190454
0.377893 0.00190228
0.378181 0.0018898
0.378205 0.00187887
0.379551 0.00185129
0.379851 0.00182865
0.379875 0.00180885
0.381546 0.00183208
0.38193 0.00186291
0.381954 0.0018929
0.381966 0.00191763
0.383372 0.00190623
0.383841 0.00190377
0.383853 0.00190161
0.383877 0.00190273
0.385018 0.00187066
0.385487 0.0018411
0.385511 0.00181523
0.386881 0.00182114
0.386905 0.00182931
0.387434 0.00184397
0.387458 0.0018568
0.388743 0.00185751
0.389284 0.00185662
0.389308 0.00185585
0.389332 0.00185818
0.390462 0.0018407
0.390918 0.00181188
0.390942 0.00178666
0.392336 0.00179764
0.39236 0.00181025
0.392889 0.0018303
0.392913 0.00184784
0.394355 0.00186919
0.394883 0.00188488
0.394908 0.0018986
0.394932 0.00191361
0.396193 0.00190421
0.396638 0.00188247
0.396662 0.00186345
0.397851 0.0018378
0.397875 0.00181835
0.398308 0.00179984
0.398344 0.00178513
0.399798 0.00180532
0.399822 0.00182298
0.399846 0.00184143
0.400363 0.00186809
0.400411 0.00189293
0.401793 0.00190564
0.401829 0.00191527
0.402345 0.00192369
0.402393 0.00193106
0.403547 0.00190897
0.40398 0.00187462
0.404004 0.00184757
0.40404 0.00182239
0.405349 0.00181989
0.40583 0.00182371
0.405854 0.00182706
0.405878 0.00183299
0.405902 0.00183667
0.4072 0.0018384
0.407681 0.0018369
0.407705 0.00183559
0.407729 0.00183445
0.409026 0.00183344
0.409399 0.00181605
0.409423 0.00180383
0.409435 0.00179163
0.410817 0.00179147
0.411237 0.00179735
0.411273 0.00180398
0.411285 0.00180979
0.411309 0.00181788
0.41298 0.001861
0.41334 0.00188672
0.413352 0.00190923
0.413376 0.00192892
0.41483 0.00191911
0.415178 0.00190752
0.415203 0.00189739
0.415227 0.00189152
0.416584 0.00187437
0.416885 0.00185035
0.416909 0.00182934
0.418327 0.00181846
0.418351 0.00181195
0.418759 0.00181977
0.418783 0.00182661
0.420237 0.0018371
0.42061 0.00183877
0.420634 0.00184023
0.420658 0.00184451
0.422148 0.00185277
0.422472 0.00185098
0.422484 0.00184791
0.423806 0.0018242
0.42413 0.00180345
0.424142 0.00178529
0.4255 0.00177391
0.425957 0.00178048
0.425969 0.00178772
0.425993 0.00179556
0.427615 0.00183547
0.427952 0.00185387
0.427976 0.00186996
0.428 0.00188705
0.429586 0.0018975
0.429886 0.00189913
0.42991 0.00190055
0.431388 0.00188828
0.431676 0.00187605
0.431688 0.00186384
0.433118 0.00184714
0.433503 0.00184455
0.433527 0.00184529
0.433551 0.00184744
0.435197 0.00187636
0.435486 0.00188664
0.43551 0.00189563
0.435546 0.00190801
0.437156 0.00191433
0.437444 0.00191686
0.43748 0.00191908
0.438898 0.00189698
0.439174 0.00187615
0.439223 0.00185942
0.440676 0.00184929
0.441001 0.00184643
0.441073 0.00184693
0.441097 0.00185038
0.442755 0.00187893
0.443068 0.00189339
0.443092 0.00190605
0.44469 0.00190961
0.444978 0.00190973
0.445002 0.00190983
0.44642 0.00188739
0.44672 0.00186625
0.446745 0.00185076
0.448174 0.00183871
0.448547 0.00183717
0.448571 0.00183583
0.448607 0.00183916
0.450265 0.00187061
0.450566 0.00188612
0.450602 0.00189968
0.452188 0.00190254
0.452488 0.00190505
0.452524 0.00190723
0.453954 0.00188962
0.454279 0.00187271
0.454303 0.00186092
0.455672 0.00184309
0.456045 0.0018335
0.456081 0.00182661
0.456105 0.00182358
0.457811 0.00186299
0.458124 0.00188545
0.458148 0.00190511
0.45977 0.0019118
0.460082 0.00191765
0.460106 0.00192277
0.461524 0.00190171
0.461861 0.00188329
0.461873 0.00186867
0.463267 0.00185288
0.463663 0.00184657
0.463675 0.00184105
0.463699 0.00183922
0.465381 0.00187367
0.465718 0.0018948
0.46573 0.00191179
0.467316 0.00191464
0.467628 0.00191262
0.467652 0.00191386
0.469094 0.00189693
0.469407 0.0018791
0.469419 0.00186501
0.470897 0.00185718
0.471257 0.00185634
0.471269 0.00185561
0.472795 0.00186097
0.473108 0.00185966
0.47312 0.00185851
0.474574 0.00184849
0.47491 0.00184123
0.474934 0.00183787
0.476352 0.00183044
0.47676 0.00182993
0.476785 0.0018325
0.47825 0.00184075
0.478635 0.00184197
0.480029 0.00183402
0.480377 0.00182255
0.481783 0.00181403
0.482204 0.00181558
0.482228 0.00181994
0.483826 0.00184778
0.48421 0.00186464
0.484234 0.00188239
0.485797 0.00189342
0.486169 0.00189857
0.486193 0.00190607
0.487587 0.00189161
0.487959 0.00187595
0.487983 0.00186526
0.489329 0.00184989
0.489786 0.00184696
0.489822 0.00184589
0.491384 0.001872
0.491756 0.00188433
0.49178 0.00189361
0.493258 0.00189122
0.493643 0.00188763
0.493667 0.00188749
0.495025 0.00187235
0.495409 0.00185609
0.495445 0.00184637
0.496743 0.00183036
0.497236 0.00182987
0.497284 0.00183094
0.498786 0.00185742
0.49917 0.00186706
0.499218 0.0018755
0.500648 0.00187387
0.501081 0.00187245
0.501105 0.00187421
0.502391 0.00185772
0.502823 0.00184029
0.502847 0.00182804
0.504121 0.00181583
0.504662 0.00181865
0.504686 0.00182113
0.506152 0.00184732
0.506596 0.00185823
0.50662 0.00186777
0.507966 0.0018611
0.508423 0.00185376
0.508447 0.00185035
0.509708 0.00183684
0.510189 0.00182503
0.510201 0.00181619
0.511499 0.00181296
0.512051 0.00181915
0.512064 0.00182457
0.513493 0.00184583
0.513986 0.00185692
0.513998 0.00186663
0.515344 0.00186461
0.515837 0.00186134
0.515849 0.00185998
0.517086 0.00184527
0.517567 0.0018294
0.517579 0.00181701
0.518744 0.00179716
0.519405 0.00180232
0.519417 0.00180683
0.519441 0.00181379
0.520859 0.00185142
0.521328 0.00186031
0.521352 0.00186659
0.522758 0.00187058
0.523214 0.00187257
0.523238 0.00187431
0.524488 0.00185631
0.524933 0.00183906
0.524957 0.00182396
0.524969 0.00181225
0.52629 0.00181102
0.526819 0.00182046
0.526855 0.00183022
0.526879 0.00184026
0.528273 0.00185805
0.528742 0.00186161
0.528766 0.00186773
0.528778 0.00187158
0.5301 0.00186593
0.530592 0.001861
0.530604 0.00185667
0.530616 0.0018544
0.531878 0.00184489
0.532395 0.00183808
0.532407 0.00183212
0.53368 0.0018284
0.533704 0.00182815
0.534281 0.00183545
0.534305 0.00184333
0.535699 0.00186525
0.536168 0.00186791
0.536192 0.00187023
0.536216 0.00187527
0.537537 0.00187067
0.538018 0.00186514
0.53803 0.0018588
0.539244 0.00183973
0.53976 0.00182756
0.539784 0.0018184
0.541142 0.00182842
0.541755 0.0018492
0.541779 0.00187038
0.541803 0.00188892
0.542957 0.00187961
0.543593 0.00187146
0.543618 0.00186433
0.543642 0.00186109
0.544639 0.00183873
0.545276 0.00181617
0.545288 0.00179492
0.546525 0.00180637
0.546549 0.00181939
0.547367 0.00185331
0.547379 0.001883
0.548508 0.00189545
0.549241 0.00189283
0.549265 0.00189354
0.549289 0.00189567
0.550286 0.00188101
0.550995 0.00186217
0.551007 0.00184418
0.551031 0.00183145
0.552173 0.00183833
0.553026 0.00186238
0.553038 0.00188342
0.553062 0.00190183
0.554071 0.00190142
0.554937 0.00190256
0.554961 0.00190506
0.554973 0.00190574
0.555838 0.00188832
0.556607 0.00185805
0.556619 0.00183157
0.556631 0.0018099
0.557724 0.00181947
0.558613 0.00184287
0.558626 0.00186335
0.558638 0.00188126
0.558662 0.00189994
0.559611 0.00189826
0.560512 0.00189679
0.560524 0.00189551
0.560536 0.00189288
0.561389 0.00187857
0.562158 0.00184802
0.56217 0.00182129
0.562182 0.0017994
0.56324 0.00180578
0.564117 0.00182489
0.564141 0.0018431
0.564153 0.00185904
0.564177 0.00187599
0.565162 0.00188181
0.566003 0.0018794
0.566015 0.00187728
0.566027 0.00187393
0.566929 0.00186048
0.567662 0.00183369
0.567674 0.00181026
0.567686 0.00179125
0.568767 0.00179715
0.56962 0.00181733
0.569644 0.00183649
0.569656 0.00185326
0.56968 0.00187093
0.570726 0.00188189
0.571531 0.00188247
0.571543 0.00188297
0.571555 0.00188191
0.572516 0.00187047
0.573225 0.00184694
0.573237 0.00182635
0.573249 0.00180984
0.574366 0.00181492
0.575172 0.00183138
0.575196 0.00184728
0.575208 0.0018612
0.575232 0.00187638
0.576301 0.00188365
0.577082 0.00188401
0.577094 0.00188432
0.577106 0.00188309
0.578103 0.00187301
0.578764 0.00184766
0.578776 0.00182548
0.578788 0.00180757
0.579906 0.00180693
0.580663 0.00181837
0.580687 0.0018299
0.580699 0.00183998
0.580723 0.0018518
0.58184 0.00186215
0.582513 0.00185768
0.582525 0.00185377
0.582537 0.00184885
0.583607 0.00183854
0.584268 0.00182651
0.58428 0.00181599
0.584292 0.00180828
0.585481 0.00181656
0.586262 0.00183882
0.586286 0.0018598
0.586298 0.00187816
0.586322 0.00189723
0.587452 0.0019064
0.588197 0.00190692
0.588209 0.00190737
0.588221 0.00190626
0.589278 0.00189628
0.589963 0.00187854
0.589975 0.00186452
0.589987 0.00185225
0.590973 0.0018325
0.591706 0.00182122
0.591718 0.00181136
0.59173 0.00180273
0.591754 0.00179818
0.592907 0.00181523
0.593748 0.00184367
0.593772 0.00186855
0.593796 0.00189032
0.59477 0.00188684
0.595515 0.00187178
0.595551 0.0018571
0.595563 0.00184575
0.596476 0.00182832
0.597209 0.00181156
0.597257 0.0017984
0.597269 0.00178688
0.597293 0.00177981
0.598459 0.00180516
0.599384 0.00185138
0.59942 0.00188881
0.599444 0.00192157
0.600417 0.0019262
0.601294 0.00192424
0.60133 0.00191952
0.601342 0.0019169
0.602244 0.00190559
0.603061 0.00188818
0.603109 0.00187295
0.603902 0.00184611
0.604791 0.00183163
0.604815 0.00182197
0.604863 0.00181352
0.605872 0.00183315
0.606918 0.00186986
0.606966 0.00189898
0.60699 0.00192746
0.607771 0.00192384
0.60884 0.00192368
0.6089 0.00192204
0.609573 0.00190708
0.610607 0.00188949
0.610655 0.0018726
0.6114 0.00186683
0.612433 0.00186178
0.612493 0.00185886
0.612517 0.00185931
0.613226 0.0018552
0.614139 0.00183658
0.6142 0.00181729
0.61486 0.0017944
0.614872 0.00177587
0.615858 0.00176867
0.61593 0.00176388
0.616735 0.00177771
0.616747 0.0017898
0.617997 0.00183343
0.618033 0.00187612
0.618105 0.00191346
0.618814 0.00193262
0.619991 0.00194038
0.620027 0.00194716
0.620099 0.0019531
0.621794 0.00193426
0.621818 0.00192078
0.621854 0.00190899
0.621938 0.00190017
0.6235 0.00187293
0.623536 0.00184909
0.62362 0.00182823
0.625302 0.001825
0.625338 0.00182218
0.625434 0.00182121
0.627309 0.00184439
0.627345 0.00186468
0.627417 0.00187942
0.629183 0.0018788
0.629292 0.00187827
0.629304 0.0018793
0.630926 0.00186217
0.630998 0.00184118
0.631022 0.00182582
0.632584 0.00180487
0.632668 0.00178804
0.632692 0.00177331
0.632716 0.00176343
0.634663 0.00180285
0.634723 0.00183433
0.634759 0.00186038
0.636549 0.00186365
0.636609 0.0018665
0.636645 0.001869
0.638244 0.00184716
0.638316 0.00182955
0.64013 0.00183667
0.640154 0.0018459
0.640238 0.00185549
0.64186 0.00183984
0.641884 0.00182614
0.64198 0.00181567
0.643687 0.00181701
0.643795 0.00181669
0.643819 0.00181941
0.645417 0.00180827
0.645549 0.00180153
0.645585 0.00179713
0.645609 0.00179628
0.64734 0.00181207
0.647484 0.00182738
0.647532 0.00184228
0.647556 0.00185532
0.649178 0.00185321
0.64937 0.00185136
0.649394 0.00185275
0.649406 0.00185247
0.65092 0.0018387
0.651113 0.00182365
0.651125 0.00181048
0.651137 0.00180045
0.652747 0.0018037
0.652975 0.00181105
0.652987 0.00181748
0.652999 0.0018231
0.653023 0.00183103
0.654669 0.00184247
0.654886 0.00184948
0.654898 0.00185561
0.65491 0.00185947
0.656496 0.00185534
0.656712 0.00185022
0.656724 0.00184575
0.656736 0.00184333
0.658178 0.0018232
0.658418 0.00180858
0.658442 0.00179729
0.658454 0.00178742
0.658478 0.00178178
0.660065 0.00179487
0.660353 0.00181233
0.660377 0.00182761
0.660389 0.00184098
0.660413 0.00185268
0.660437 0.00186592
0.662035 0.00187901
0.662288 0.00188295
0.6623 0.0018864
0.662312 0.00188791
0.662336 0.00188924
0.663802 0.00187388
0.664042 0.00185743
0.664054 0.00184304
0.664066 0.00183195
0.664078 0.00182075
0.6657 0.00183047
0.665988 0.00184499
0.666 0.00185769
0.666012 0.0018688
0.666025 0.00187852
0.666049 0.00189004
0.667587 0.00188959
0.667827 0.0018817
0.667839 0.00187479
0.667851 0.00186874
0.667875 0.00186345
0.669341 0.00184981
0.669569 0.00183488
0.669581 0.0018218
0.669593 0.00180886
0.669617 0.00180055
0.671215 0.00180979
0.671492 0.00182388
0.671516 0.00183772
0.671528 0.00184983
0.671552 0.00186042
0.671576 0.00187269
0.673162 0.00188193
0.673414 0.0018825
0.673426 0.0018845
0.673438 0.00188475
0.673462 0.00188497
0.674892 0.00186564
0.675133 0.00184572
0.675145 0.00182829
0.675157 0.00181153
0.676683 0.00180889
0.676707 0.00180958
0.676995 0.00181619
0.677019 0.00182348
0.677031 0.00182986
0.678701 0.00185346
0.67893 0.0018636
0.678954 0.00187247
0.678966 0.00188023
0.678978 0.00188853
0.680492 0.00187626
0.680732 0.00186402
0.680756 0.00185482
0.680768 0.00184676
0.68227 0.00183821
0.682571 0.00183824
0.682595 0.00184127
0.682607 0.00184242
0.682619 0.00184343
0.684337 0.00187134
0.684565 0.00188375
0.684577 0.00189461
0.684589 0.00190411
0.686151 0.0018929
0.68632 0.00187408
0.686332 0.00185761
0.686356 0.0018462
0.687894 0.00183321
0.688098 0.00182636
0.68811 0.00182036
0.688134 0.00181511
0.688158 0.00181352
0.690057 0.00185719
0.690213 0.00188789
0.690237 0.00191475
0.690261 0.00193826
0.691943 0.00193179
0.692111 0.00192463
0.692135 0.00191836
0.692159 0.00191588
0.693661 0.00189118
0.693818 0.00186506
0.693854 0.00184371
0.695656 0.00186258
0.695692 0.0018836
0.69586 0.00190348
0.69741 0.00188484
0.697446 0.00186853
0.697639 0.00185726
0.699105 0.00183688
0.699141 0.00181905
0.699381 0.00180946
0.701243 0.00185063
0.701279 0.00188666
0.70146 0.00191067
0.70313 0.00190765
0.70331 0.0019005
0.703334 0.00189725
0.70486 0.00187638
0.705028 0.00185362
0.705052 0.0018367
0.706819 0.00185194
0.706975 0.00186377
0.708585 0.00185159
0.708609 0.00184394
0.708765 0.00183724
0.710243 0.00181186
0.710267 0.00179265
0.710412 0.00177435
0.712322 0.0018124
0.712358 0.0018472
0.712382 0.00188065
0.712538 0.00191142
0.714137 0.0018993
0.714197 0.00188868
0.714437 0.00188992
0.714461 0.00189399
0.715819 0.00186753
0.716155 0.00184887
0.716167 0.00183104
0.717717 0.00183948
0.717741 0.00184987
0.718102 0.00186195
0.718114 0.00187253
0.719484 0.00185926
0.719904 0.00185215
0.719916 0.00184743
0.719928 0.00184331
0.721262 0.00183519
0.721599 0.00181607
0.721611 0.00179934
0.723209 0.00181775
0.723233 0.00183686
0.723605 0.00185808
0.723617 0.00187666
0.725107 0.00187939
0.72554 0.00188629
0.725564 0.00189383
0.725576 0.00190192
0.726946 0.00189399
0.727318 0.00187653
0.72733 0.00186126
0.72864 0.00184038
0.728652 0.00182362
0.728964 0.00180144
0.728976 0.00178203
0.73055 0.0017981
0.730562 0.00181215
0.730586 0.00182745
0.730947 0.00184685
0.730959 0.00186383
0.732521 0.00187718
0.732545 0.00188735
0.732942 0.00190077
0.732966 0.001914
0.734384 0.00190756
0.734768 0.00189742
0.734792 0.00189155
0.734804 0.00188491
0.736126 0.00186709
0.736462 0.00184248
0.736474 0.00182095
0.736498 0.00180511
0.738024 0.00181679
0.738409 0.00183301
0.738433 0.00184871
0.738457 0.00186245
0.739959 0.00187146
0.740416 0.00188536
0.740452 0.00190203
0.740464 0.00191511
0.74187 0.00191453
0.742278 0.00190352
0.74229 0.00189389
0.742302 0.00188696
0.743588 0.00186587
0.743948 0.00183991
0.74396 0.0018172
0.745414 0.00181835
0.745438 0.00182237
0.745895 0.00183789
0.745919 0.00185298
0.747373 0.00186619
0.747817 0.00187323
0.747841 0.0018824
0.747853 0.00188892
0.749331 0.00189763
0.749692 0.00189174
0.749704 0.00188658
0.749728 0.00188507
0.751086 0.00186872
0.75141 0.00184842
0.751434 0.00183065
0.75296 0.00183613
0.752984 0.00184393
0.753405 0.00186277
0.753441 0.00188076
0.754991 0.0018995
0.755388 0.00190989
0.755412 0.00192199
0.755448 0.00193257
0.756902 0.00192982
0.757274 0.0019214
0.75731 0.00191403
0.757334 0.00191059
0.758668 0.00189256
0.759028 0.00187078
0.759052 0.00185172
0.760494 0.00184855
0.760518 0.00184879
0.760963 0.00185951
0.760987 0.0018689
0.762501 0.00188612
0.762898 0.00189217
0.762934 0.00189898
0.762958 0.00190793
0.764387 0.00190525
0.764736 0.0018924
0.76476 0.00188115
0.766106 0.00186079
0.76613 0.00184598
0.76649 0.00183452
0.766514 0.0018245
0.767968 0.00182925
0.768004 0.0018349
0.768028 0.00184286
0.768485 0.00186183
0.769855 0.00186492
0.769891 0.00186761
0.769915 0.00186998
0.770311 0.00186453
0.771633 0.00184926
0.771657 0.00183589
0.771681 0.0018272
0.772042 0.00181508
0.773592 0.00183302
0.773628 0.00185022
0.773664 0.00186678
0.773688 0.00188426
0.774144 0.00191158
0.775538 0.00191596
0.775586 0.00191678
0.77561 0.0019175
0.776031 0.00191363
0.777317 0.00189672
0.777389 0.00188193
0.777413 0.00187199
0.777737 0.00185127
0.779179 0.00185267
0.779263 0.0018554
0.779299 0.00185929
0.779672 0.0018687
0.779696 0.00187994
0.781018 0.00187475
0.781114 0.00186721
0.78151 0.00186361
0.781534 0.00186047
0.78282 0.00185321
0.783193 0.00183184
0.783217 0.00181314
0.783229 0.00179828
0.78455 0.00178978
0.784983 0.00178985
0.785007 0.00178992
0.785019 0.00178998
0.785031 0.00179153
0.786533 0.00181542
0.78693 0.00183181
0.786942 0.00184316
0.786954 0.00185308
0.788383 0.00185275
0.788756 0.00184946
0.788768 0.00184508
0.788792 0.00184425
0.790078 0.0018255
0.790498 0.0018151
0.79051 0.00180601
0.790534 0.00179804
0.792156 0.00183314
0.79218 0.00186684
0.792649 0.00190234
0.792673 0.00193191
0.794079 0.00193074
0.794103 0.00192972
0.794524 0.00192281
0.795773 0.00189424
0.795797 0.00187225
0.795821 0.001853
0.796278 0.00184067
0.797828 0.00186743
0.797864 0.00189234
0.797888 0.00191414
0.797912 0.00193622
0.798393 0.00195855
0.799775 0.00195254
0.799811 0.0019488
0.799823 0.00194401
0.800279 0.00193683
0.801541 0.00191101
0.801565 0.00188992
0.801577 0.00187297
0.802022 0.00185664
0.803211 0.00183033
0.803235 0.00180882
0.803812 0.00180651
0.803848 0.001809
0.805278 0.00184122
0.805302 0.00186941
0.805771 0.00188056
0.807176 0.00188281
0.8072 0.00188777
0.807225 0.00189212
0.807681 0.00189442
0.808895 0.0018694
0.808919 0.00184751
0.809303 0.00181934
0.810745 0.00182323
0.810769 0.00182663
0.811238 0.00184013
0.812584 0.00183992
0.812608 0.00183973
0.813112 0.00184408
0.814278 0.00182535
0.814759 0.00180295
0.814795 0.00178786
0.816128 0.00179569
0.816729 0.00181755
0.816777 0.00183819
0.816801 0.00185925
0.818135 0.00187768
0.818712 0.00188479
0.818724 0.00188951
0.819925 0.00187712
0.820442 0.00185877
0.820454 0.00184271
0.82168 0.00183166
0.822353 0.00184152
0.822377 0.00185315
0.822401 0.00186483
0.823771 0.00189308
0.824347 0.00190277
0.824371 0.00191125
0.824395 0.00192167
0.825597 0.00190977
0.826054 0.00188133
0.826078 0.00185644
0.827363 0.00184518
0.827387 0.00183833
0.827916 0.00184135
0.82794 0.00184399
0.829502 0.00188084
0.829947 0.00189958
0.829983 0.00191747
0.829995 0.00193463
0.831365 0.00192561
0.831725 0.0019027
0.831737 0.00188265
0.833167 0.00187262
0.833191 0.00186684
0.833612 0.0018693
0.833624 0.00187145
0.835138 0.00188385
0.835606 0.0018977
0.835618 0.00190982
0.835642 0.00192343
0.836916 0.00190529
0.837349 0.00188342
0.837373 0.00186428
0.838718 0.00185654
0.838742 0.00185278
0.839259 0.00186
0.839283 0.00186632
0.840665 0.00187635
0.841194 0.00188363
0.84123 0.0018915
0.841254 0.00190139
0.842504 0.00189352
0.842948 0.00187162
0.842972 0.00185245
0.84427 0.00184169
0.844306 0.00183678
0.844799 0.00183849
0.844823 0.00183998
0.846216 0.00185331
0.846721 0.00186197
0.846745 0.00186954
0.846769 0.00187917
0.848031 0.00187108
0.848427 0.00184747
0.848439 0.00182532
0.849797 0.00181794
0.849821 0.0018145
0.850278 0.00181899
0.85029 0.00182293
0.85184 0.0018504
0.852285 0.00186993
0.852309 0.00188853
0.852333 0.0019078
0.85369 0.00190063
0.854075 0.00188385
0.854099 0.00186916
0.855445 0.00185481
0.855469 0.00184525
0.855913 0.0018444
0.855937 0.00184366
0.857499 0.00187004
0.857944 0.00189012
0.857968 0.0019077
0.857992 0.00192607
0.859362 0.00191812
0.859746 0.00190066
0.85977 0.00188537
0.86108 0.00186448
0.861116 0.00185071
0.861585 0.00184918
0.861609 0.00184784
0.863087 0.00186769
0.863519 0.00187605
0.863544 0.00188337
0.863568 0.00189277
0.864901 0.00188298
0.865286 0.00186539
0.86531 0.00185001
0.866596 0.00183054
0.866632 0.00181801
0.867112 0.00181906
0.867136 0.00181998
0.868674 0.00185233
0.869059 0.00186411
0.869083 0.00187442
0.869107 0.00188645
0.870549 0.00188495
0.870897 0.00187613
0.870921 0.00186842
0.872219 0.00184365
0.872255 0.00182647
0.8727 0.00182346
0.872724 0.00182083
0.874274 0.00185007
0.874622 0.00185913
0.874646 0.00186706
0.87467 0.001877
0.876136 0.00187518
0.876473 0.00186909
0.876497 0.00186376
0.877734 0.00183055
0.878239 0.00182253
0.878263 0.00181551
0.879777 0.00184391
0.880282 0.00186876
0.880306 0.0018905
0.881568 0.00187799
0.882108 0.00187154
0.883238 0.00184638
0.883274 0.00182886
0.883863 0.00181955
0.885268 0.00184594
0.885329 0.00187204
0.885353 0.00189788
0.885929 0.00191899
0.887191 0.00191193
0.887215 0.00190574
0.88778 0.00189883
0.888885 0.00187326
0.888921 0.00185239
0.88951 0.00183713
0.890808 0.00184781
0.890832 0.00186015
0.890868 0.00187096
0.891541 0.00189092
0.892646 0.00188136
0.89267 0.00187149
0.893295 0.00185684
0.894329 0.00183502
0.894353 0.00181592
0.895025 0.00180522
0.896359 0.0018334
0.896383 0.00186107
0.896395 0.00188377
0.897188 0.00191866
0.898366 0.00192666
0.898378 0.00193366
0.898402 0.00194278
0.899099 0.00193875
0.90012 0.0019142
0.900144 0.00189271
0.900829 0.00187241
0.901826 0.00185164
0.901839 0.00183197
0.902608 0.00182527
0.903893 0.00185545
0.903917 0.00188487
0.903941 0.00191211
0.904626 0.00192543
0.90578 0.00191756
0.905816 0.00191218
0.90584 0.00191047
0.906513 0.00190748
0.90757 0.00188833
0.907594 0.00187158
0.908219 0.00185092
0.909264 0.00183134
0.909276 0.0018127
0.909937 0.0018009
0.911307 0.00183112
0.911319 0.00185907
0.911343 0.00188503
0.91204 0.00191225
0.913242 0.00191354
0.913266 0.00191467
0.91329 0.00191866
0.914011 0.00192515
0.915044 0.0019068
0.915068 0.00189075
0.915765 0.0018737
0.916774 0.00185577
0.916798 0.00184009
0.917519 0.00182937
0.918781 0.00185153
0.918805 0.00187393
0.918829 0.00189352
0.919562 0.00191217
0.920692 0.00190896
0.920716 0.00190616
0.92074 0.00190671
0.921449 0.00190418
0.922482 0.00188695
0.922494 0.00187038
0.923179 0.00185287
0.9242 0.00183604
0.924224 0.00182282
0.924909 0.00181126
0.926183 0.00183268
0.926207 0.00185443
0.926219 0.00187196
0.927024 0.00190231
0.928118 0.00190635
0.928142 0.00190837
0.928166 0.00191315
0.928959 0.00191583
0.929908 0.00190015
0.929944 0.00188492
0.930725 0.0018701
0.930749 0.00186014
0.93171 0.00185292
0.931746 0.0018466
0.932527 0.00184108
0.932551 0.00183624
0.933477 0.00182751
0.933501 0.00182286
0.933525 0.0018173
0.934222 0.00180192
0.934246 0.00178846
0.935423 0.00180823
0.935459 0.00182702
0.935483 0.00184648
0.935507 0.0018635
0.936336 0.00189491
0.937418 0.00190738
0.937454 0.00191829
0.937478 0.00192783
0.937514 0.00193769
0.938331 0.00194481
0.93934 0.00193752
0.939352 0.00192964
0.939376 0.00192575
0.939401 0.00192085
0.940158 0.00190904
0.941071 0.0018852
0.941083 0.00186283
0.941107 0.00184326
0.941804 0.00181863
0.941828 0.00180008
0.942981 0.00181389
0.943005 0.00182747
0.943029 0.00183936
0.943858 0.00186628
0.944856 0.00186731
0.94488 0.0018682
0.944916 0.00187049
0.94494 0.0018755
0.945721 0.00187387
0.946646 0.00186043
0.94667 0.00184717
0.946694 0.00183556
0.947391 0.00181489
0.948328 0.00179531
0.948352 0.00177817
0.948376 0.00176618
0.949133 0.0017632
0.950311 0.00179063
0.950347 0.00181613
0.950383 0.00183995
0.950407 0.00186379
0.951152 0.00188315
0.952282 0.00188958
0.952318 0.0018952
0.952354 0.00190163
0.953075 0.00190424
0.95412 0.00189151
0.954144 0.00188338
0.954168 0.00187476
0.954733 0.00184769
0.955718 0.00181349
0.955742 0.00178356
0.955766 0.00176038
0.956415 0.00175062
0.957557 0.00176159
0.957593 0.0017727
0.957617 0.00178242
0.958494 0.00181947
0.958518 0.00185488
0.959599 0.00187836
0.959647 0.0018974
0.96038 0.00189604
0.960404 0.00189485
0.961474 0.0018923
0.962111 0.00187205
0.962135 0.00185734
0.962147 0.00184296
0.963336 0.0018454
0.964069 0.00185955
0.964093 0.00187043
0.965115 0.00185892
0.965151 0.00185336
0.965872 0.00184699
0.965908 0.00184292
0.966917 0.00183785
0.967566 0.0018199
0.967602 0.0018042
0.967626 0.00179346
0.968672 0.00178857
0.969465 0.00180231
0.969489 0.00181284
0.969501 0.00182054
0.969525 0.00183029
0.970714 0.00185684
0.971363 0.00185905
0.971375 0.00186098
0.971399 0.00186267
0.972565 0.00186114
0.973165 0.0018523
0.97319 0.00184756
0.973202 0.00184192
0.974283 0.00182646
0.974932 0.00181594
0.974956 0.00180824
0.976206 0.00182253
0.976242 0.00183954
0.977047 0.00187395
0.977071 0.00190406
0.978056 0.00189736
0.978849 0.00188549
0.978873 0.00187811
0.978885 0.00187014
0.979846 0.00186017
0.980627 0.00184694
0.980639 0.00183537
0.980663 0.00182824
0.981757 0.00183853
0.98267 0.00186405
0.982694 0.00188789
0.982718 0.00190874
0.984509 0.00189996
0.984533 0.00189527
0.984545 0.00188967
0.984569 0.00188477
0.986155 0.00185194
0.986179 0.00182472
0.986203 0.00180391
0.986215 0.00178419
0.988234 0.00182101
0.988258 0.00185323
0.988294 0.00188293
0.988306 0.00190891
0.98833 0.00193465
0.990108 0.00192713
0.990144 0.00191754
0.990156 0.00190916
0.99018 0.00190182
0.991754 0.00186987
0.991802 0.00184191
0.991814 0.00181894
0.991826 0.00179735
0.993653 0.00181
0.993701 0.00182106
0.993725 0.00183225
0.993737 0.00184354
0.993761 0.00185492
0.995575 0.00186337
0.995623 0.00186776
0.995635 0.00187161
0.995659 0.00187497
0.997282 0.00185389
0.99733 0.00183393
0.997354 0.00181948
0.997366 0.00180532
0.999144 0.00181247
0.999204 0.00182022
0.99924 0.00182851
0.999252 0.00183726
0.999276 0.00184642
1.00114 0.00186495
1.00121 0.00187816
1.00122 0.00188972
1.00125 0.00189983
1.00294 0.00188765
1.00303 0.00187699
1.00305 0.00187067
1.00306 0.00186364
1.00461 0.00183946
1.00471 0.00181981
1.00474 0.00180412
1.00476 0.00179038
1.00478 0.00178137
1.00656 0.00180202
1.00665 0.00182009
1.00669 0.00183591
1.0067 0.00184974
1.00673 0.00186185
1.00675 0.00187544
1.00846 0.00187833
1.00854 0.00187334
1.00856 0.00187199
1.00858 0.00186929
1.0086 0.00186694
1.01022 0.00185437
1.01031 0.00184036
1.01032 0.00182811
1.01034 0.00181738
1.01037 0.001811
1.01207 0.00181593
1.01217 0.00182175
1.01218 0.00182684
1.01219 0.00182979
1.01222 0.00183238
1.01391 0.00183314
1.014 0.0018308
1.01401 0.00182875
1.01403 0.00182996
1.01404 0.00182952
1.01574 0.00182913
1.01585 0.0018318
1.01586 0.00183413
1.01588 0.00183617
1.01589 0.00183796
1.01592 0.00184253
1.01742 0.00182249
1.01754 0.00180496
1.01756 0.00178962
1.01759 0.0017777
1.01761 0.00176727
1.01934 0.00178668
1.01948 0.00180516
1.01951 0.00182284
1.01954 0.00184131
1.01955 0.00185597
1.01957 0.0018688
1.02122 0.00186951
1.02136 0.00186713
1.02139 0.00186505
1.0214 0.00186323
1.02142 0.00186163
1.02307 0.00186023
1.0232 0.0018545
1.02321 0.00184949
1.02324 0.00184511
1.02326 0.00184428
1.02477 0.00182702
1.02489 0.00181043
1.02491 0.00179591
1.02492 0.0017817
1.02494 0.00176926
1.02497 0.00176139
1.02671 0.00178304
1.02685 0.00180498
1.02686 0.00182419
1.02688 0.00184099
1.0269 0.00185569
1.02693 0.00186856
1.02855 0.00186479
1.02872 0.001863
1.02873 0.00186143
1.02875 0.00186006
1.02879 0.00186036
1.0288 0.00186213
1.03041 0.00186217
1.03057 0.0018562
1.03059 0.00185398
1.03061 0.00185054
1.03064 0.00184903
1.03213 0.00183268
1.03228 0.00181838
1.03231 0.00180587
1.03233 0.00179793
1.03234 0.00178947
1.03237 0.00178208
1.03423 0.00180264
1.03425 0.00182063
1.03428 0.00183638
1.03429 0.00185015
1.03431 0.00186221
1.03607 0.00185924
1.03612 0.00185664
1.03614 0.00185587
1.03617 0.00185819
1.03618 0.00185873
1.03792 0.0018577
1.03797 0.00185379
1.03799 0.00185037
1.03802 0.00184888
1.03966 0.00183556
1.03969 0.00182691
1.03971 0.00181633
1.03973 0.00180708
1.03976 0.00179898
1.04157 0.00181293
1.04161 0.00182663
1.04163 0.00183862
1.04166 0.00185212
1.04167 0.00186243
1.04169 0.00187144
1.04347 0.00187483
1.04353 0.00187779
1.04356 0.00188038
1.04358 0.00188415
1.0436 0.00188745
1.04535 0.00188583
1.04541 0.00188141
1.04543 0.00187754
1.04545 0.00187716
1.04548 0.00187683
1.04711 0.00186302
1.04717 0.00184793
1.0472 0.00183473
1.04722 0.00182318
1.04895 0.00182508
1.04897 0.00182976
1.04902 0.00183235
1.04906 0.00183611
1.04908 0.00183941
1.05097 0.00186182
1.05102 0.00187842
1.05107 0.00189445
1.05108 0.00190698
1.0511 0.00192094
1.05286 0.00191664
1.05293 0.00190987
1.05294 0.00190394
1.05296 0.00189876
1.05463 0.00188371
1.05471 0.00186904
1.05473 0.0018562
1.05475 0.00184798
1.0566 0.00186331
1.05669 0.00187822
1.05672 0.00189278
1.05676 0.00190701
1.05678 0.00192247
1.05846 0.00191347
1.05855 0.00190259
1.05859 0.00189307
1.05861 0.00188474
1.06025 0.00187295
1.06037 0.00186112
1.06039 0.00185378
1.06041 0.00184736
1.06207 0.00184474
1.0622 0.00184396
1.06223 0.00184327
1.06225 0.00184266
1.06228 0.00184514
1.0639 0.0018428
1.06403 0.00183775
1.06405 0.00183333
1.06407 0.00182796
1.0657 0.00182477
1.06586 0.00182497
1.06588 0.00182816
1.06589 0.00182945
1.0659 0.00183057
1.06765 0.00184507
1.06782 0.00185626
1.06783 0.00186605
1.06784 0.00187461
1.06786 0.00188511
1.06945 0.00187477
1.06958 0.00185972
1.06959 0.00184655
1.06962 0.00183502
1.07119 0.00182343
1.07135 0.00181629
1.07136 0.00181155
1.07138 0.00180891
1.0714 0.00180509
1.07328 0.0018408
1.0734 0.00186604
1.07343 0.00188813
1.07344 0.00190745
1.07511 0.00189732
1.07522 0.00188395
1.07523 0.00187376
1.07525 0.00186634
1.07697 0.00186586
1.07709 0.00186694
1.07712 0.00186638
1.07873 0.00185237
1.07875 0.00184312
1.07887 0.00183503
1.0806 0.00183996
1.08061 0.00184278
1.08072 0.00184374
1.08241 0.00184007
1.08244 0.00183837
1.08255 0.00183687
1.08437 0.00185209
1.0844 0.0018654
1.08451 0.00187705
1.08616 0.00186622
1.08628 0.00185524
1.08631 0.00184863
1.08799 0.00184586
1.08815 0.00184793
1.08818 0.00185125
1.08822 0.00185867
1.08997 0.00187416
1.09012 0.00188171
1.09014 0.00188682
1.09174 0.00187176
1.0919 0.00186009
1.09192 0.00184987
1.09355 0.00184544
1.09377 0.00184907
1.09381 0.00185375
1.09383 0.00186085
1.09556 0.00187908
1.09574 0.00188601
1.09576 0.00189208
1.09736 0.00188087
1.09754 0.00187106
1.09757 0.00186248
1.09909 0.00184596
1.09932 0.00183751
1.09935 0.00183312
1.09936 0.00182778
1.10116 0.00185765
1.10134 0.00187477
1.10135 0.00188976
1.10291 0.00187283
1.10306 0.00185351
1.10307 0.00183661
1.10474 0.00183534
1.10493 0.00184023
1.10494 0.00184602
1.10497 0.00185258
1.10659 0.00185231
1.10678 0.00185058
1.10681 0.00184906
1.10826 0.00182671
1.10848 0.00181015
1.10851 0.00179717
1.11015 0.00180833
1.1104 0.00182261
1.11042 0.00183811
1.11045 0.00185017
1.11211 0.00186372
1.11237 0.00187408
1.11239 0.00188314
1.11241 0.00189258
1.11388 0.0018783
1.11416 0.00186431
1.11417 0.00185206
1.11574 0.00185186
1.11576 0.00185469
1.11607 0.00186167
1.11608 0.00186778
1.11777 0.00188814
1.11808 0.00190296
1.11809 0.00191592
1.11811 0.00193027
1.11963 0.0019218
1.11989 0.00190687
1.1199 0.00189231
1.12137 0.00187356
1.12139 0.00186016
1.12165 0.00184693
1.12166 0.00183536
1.12345 0.00186578
1.12349 0.00189391
1.12351 0.00192152
1.1238 0.00195019
1.12528 0.00193472
1.12531 0.00192118
1.12534 0.00190934
1.1256 0.00189597
1.12703 0.00187376
1.12704 0.00185282
1.12707 0.00183751
1.12735 0.00182711
1.12913 0.00186157
1.12915 0.00189172
1.12917 0.00191811
1.12919 0.0019442
1.12955 0.00197604
1.131 0.00196034
1.13101 0.00194511
1.13102 0.00193027
1.13139 0.00191879
1.13277 0.00189974
1.13279 0.00188456
1.1328 0.00187129
1.13315 0.00185667
1.13474 0.00186941
1.13476 0.00188056
1.13478 0.00189332
1.13517 0.00190899
1.13655 0.00189567
1.13657 0.00188251
1.13693 0.00186799
1.13696 0.00185828
1.13828 0.00184229
1.13831 0.00182979
1.1387 0.00182186
1.13873 0.00181642
1.14034 0.00184771
1.14037 0.0018781
1.14039 0.00190318
1.14076 0.00192363
1.14223 0.00191899
1.14227 0.00191643
1.14229 0.00191419
1.1426 0.00190472
1.14396 0.00187841
1.14398 0.0018584
1.144 0.00183938
1.14436 0.00182875
1.14605 0.0018615
1.14609 0.00189167
1.1461 0.00191956
1.14612 0.00194547
1.1464 0.00195762
1.14793 0.00194273
1.14794 0.00192969
1.14796 0.00191829
1.148 0.00191281
1.14824 0.00190352
1.1496 0.00187285
1.14962 0.00184602
1.14966 0.00182254
1.14988 0.0018005
1.15154 0.00181576
1.15157 0.00183211
1.15158 0.00184342
1.15188 0.00186232
1.15336 0.00185633
1.15338 0.00184959
1.15341 0.00184669
1.15369 0.00184266
1.15508 0.00182711
1.15512 0.00181351
1.15542 0.00180311
1.15545 0.00179701
1.15695 0.0018067
1.15701 0.00181667
1.15741 0.00183742
1.15744 0.00185707
1.15885 0.00186225
1.15892 0.00186829
1.15925 0.00186456
1.15928 0.0018613
1.1606 0.00184793
1.16094 0.00182872
1.16098 0.00181191
1.161 0.00180021
1.16249 0.00181099
1.16292 0.00183245
1.16296 0.00185122
1.16299 0.00186915
1.16302 0.00188784
1.16444 0.00189519
1.16489 0.00190011
1.16492 0.00190292
1.16494 0.00190537
1.16626 0.0018955
1.16665 0.00187485
1.16666 0.00185528
1.16668 0.00184116
1.16798 0.0018258
1.16841 0.00181837
1.16843 0.00181187
1.16845 0.00180618
1.16847 0.0018042
1.17001 0.00183251
1.17048 0.00186179
1.1705 0.00188591
1.17053 0.00190701
1.17181 0.00189394
1.1722 0.00187198
1.17222 0.00184976
1.17225 0.00183333
1.17356 0.00182195
1.17396 0.001815
1.17399 0.00180892
1.17401 0.0018036
1.17404 0.00180195
1.17571 0.00184556
1.17619 0.00189273
1.17622 0.00193552
1.17625 0.00197295
1.17627 0.0020057
1.17759 0.0019908
1.17813 0.00198077
1.17816 0.00197199
1.17818 0.00196731
1.17821 0.00196322
1.17938 0.00194162
1.17994 0.00192121
1.17996 0.00190335
1.17998 0.00188773
1.18135 0.00189809
1.18138 0.00191016
1.18193 0.00192072
1.18196 0.00192696
1.18316 0.00191139
1.18318 0.00189777
1.18373 0.00188584
1.18492 0.00187091
1.18496 0.00186234
1.18498 0.00185485
1.1855 0.00184379
1.18701 0.00187466
1.18706 0.00190318
1.18709 0.00192813
1.18712 0.00195447
1.18762 0.00197451
1.18892 0.00196051
1.18895 0.00194825
1.18897 0.00193603
1.18945 0.00192383
1.19066 0.00189664
1.19068 0.00187584
1.1907 0.00185765
1.19122 0.00184624
1.19272 0.0018738
1.19275 0.00189792
1.19278 0.00192053
1.19281 0.00194331
1.1933 0.00196024
1.19464 0.00195253
1.19468 0.00194578
1.19469 0.00193837
1.19511 0.00192287
1.19634 0.00188979
1.19636 0.00186234
1.19639 0.00184133
1.19687 0.00183046
1.19842 0.0018615
1.19845 0.00189016
1.19848 0.00191523
1.19851 0.00194168
1.19897 0.00196182
