0.0 0
0.0001056 4294967295
0.000350131 4294967295
0.000938915 4294967295
0.000974963 4294967295
0.00210447 4294967295
0.00214051 4294967295
0.00218858 4294967295
0.00222463 4294967295
0.00444759 4294967295
0.00444759 13140
0.00448363 13140
0.00451968 13140
0.00455573 13140
0.00461581 13140
0.00465186 13140
0.00468791 13140
0.00472396 13140
0.00697095 13140
0.00697095 13140
0.00697095 14158
0.00707929 5110
0.00707929 5110
0.0103114 5110
0.0103354 5110
0.0103474 5110
0.011501 5110
0.011537 5110
0.011549 5110
0.0115731 5110
0.0129309 5110
0.0129669 5110
0.012991 5110
0.013015 5110
0.013039 5110
0.0146852 5110
0.0146852 5110
0.0146852 8899
0.0147333 8899
0.0147573 8899
0.0147934 8899
0.0148294 8899
0.0148534 8899
0.0167039 8899
0.0167039 8899
0.0167039 9587
0.016752 9587
0.016776 9587
0.0168121 9587
0.0168481 9587
0.0168841 9587
0.0188788 9587
0.0188788 9587
0.0188788 9854
0.0189269 9854
0.0189629 9854
0.018999 9854
0.019023 9854
0.019047 9854
0.0190831 9854
0.0213301 9854
0.0213301 9854
0.0213301 9954
0.0214142 9954
0.0214382 9954
0.0214622 9954
0.0214863 9954
0.0215103 9954
0.0215464 9954
0.0238414 9954
0.0238414 9954
0.0238414 9759
0.0239375 9759
0.0239616 9759
0.0239736 9759
0.0239856 9759
0.0240096 9759
0.0240457 9759
0.0263407 9759
0.0263407 9759
0.0263407 9362
0.0264609 9362
0.0264729 9362
0.0264849 9362
0.0264969 9362
0.026509 9362
0.026545 9362
0.0288401 9362
0.0288401 9362
0.0288401 8634
0.0289722 8634
0.0289843 8634
0.0289963 8634
0.0290083 8634
0.0290203 8634
0.0290443 8634
0.0312313 8634
0.0312313 8634
0.0312313 7950
0.0313514 7950
0.0313634 7950
0.0313754 7950
0.0313875 7950
0.0313995 7950
0.0335864 7950
0.0335864 7950
0.0335864 7172
0.0337186 7172
0.0337306 7172
0.0337426 7172
0.0337546 7172
0.0337666 7172
0.0356291 7172
0.0356291 7172
0.0356291 6408
0.0357493 6408
0.0357613 6408
0.0357733 6408
0.0357853 6408
0.0376117 6408
0.0376117 6408
0.0376117 5659
0.0377439 5659
0.0377559 5659
0.037768 5659
0.03778 5659
0.039306 5659
0.0394141 5659
0.0394262 5659
0.0394382 5659
0.0411084 5659
0.0411084 5659
0.0411084 5982
0.0411324 5982
0.0412286 5982
0.0412406 5982
0.0412526 5982
0.043067 5982
0.043067 5982
0.043067 5299
0.0431752 5299
0.0431872 5299
0.0431992 5299
0.0447973 5299
0.0449175 5299
0.0449295 5299
0.0449535 5299
0.0466598 5299
0.0466598 5299
0.0466598 5600
0.046804 5600
0.046828 5600
0.0468521 5600
0.0468761 5600
0.0486064 5600
0.0486064 5600
0.0486064 5036
0.0487386 5036
0.0487626 5036
0.0487746 5036
0.0502766 5036
0.0504328 5036
0.0504448 5036
0.0504689 5036
0.0521151 5036
0.0521151 5036
0.0521151 5428
0.0523193 5428
0.0523434 5428
0.0523674 5428
0.0524034 5428
0.0540737 5428
0.0540737 5428
0.0540737 4904
0.0542419 4904
0.0542659 4904
0.05429 4904
0.055792 4904
0.0559842 4904
0.0560082 4904
0.0560203 4904
0.0576665 4904
0.0576665 4904
0.0576665 5397
0.0579308 5397
0.0579669 5397
0.0579789 5397
0.0580029 5397
0.0596371 5397
0.0596371 5397
0.0596371 4925
0.0598534 4925
0.0598654 4925
0.0598774 4925
0.0613433 4925
0.0615717 4925
0.0615837 4925
0.0616077 4925
0.0631578 4925
0.0631578 4925
0.0631578 5405
0.0634582 5405
0.0634822 5405
0.0635062 5405
0.0635303 5405
0.0651164 5405
0.0651164 5405
0.0651164 4843
0.0653567 4843
0.0653807 4843
0.0653927 4843
0.0668827 4843
0.0671471 4843
0.0671591 4843
0.0671711 4843
0.0686851 4843
0.0686851 4843
0.0686851 5326
0.0690456 5326
0.0690576 5326
0.0690696 5326
0.0690937 5326
0.0706437 5326
0.0706437 5326
0.0706437 4851
0.0709201 4851
0.0709321 4851
0.0709441 4851
0.0724461 4851
0.0727345 4851
0.0727465 4851
0.0727706 4851
0.0740443 4851
0.0743447 4851
0.0743687 4851
0.0743927 4851
0.0744168 4851
0.0759308 4851
0.0759308 4851
0.0759308 6415
0.0762432 6415
0.0762672 6415
0.0762913 6415
0.0763153 6415
0.0778533 6415
0.0778533 6415
0.0778533 5590
0.0782018 5590
0.0782258 5590
0.0782378 5590
0.0782499 5590
0.0795957 5590
0.079872 5590
0.079884 5590
0.0798961 5590
0.081374 5590
0.081374 5590
0.081374 5970
0.0817105 5970
0.0817225 5970
0.0817345 5970
0.0817585 5970
0.0833326 5970
0.0833326 5970
0.0833326 5252
0.0836571 5252
0.0836691 5252
0.0836811 5252
0.085135 5252
0.0854234 5252
0.0854354 5252
0.0854474 5252
0.0868173 5252
0.0871417 5252
0.0871417 5252
0.0871417 5798
0.0871657 5798
0.0871777 5798
0.0872018 5798
0.088872 5798
0.0891724 5798
0.0891724 5798
0.0891724 5183
0.0891964 5183
0.0892205 5183
0.0906263 5183
0.0909027 5183
0.0909508 5183
0.0909748 5183
0.0924287 5183
0.0924287 5183
0.0924287 5397
0.0927171 5397
0.0927652 5397
0.0927892 5397
0.0943153 5397
0.0943153 5397
0.0943153 4772
0.0946637 4772
0.0946877 4772
0.0946998 4772
0.0959855 4772
0.0963339 4772
0.096346 4772
0.096358 4772
0.0977879 4772
0.0977879 4772
0.0977879 5396
0.0982084 5396
0.0982205 5396
0.0982325 5396
0.0982565 5396
0.0997465 5396
0.0997465 5396
0.0997465 4887
0.100107 4887
0.100119 4887
0.100143 4887
0.101489 4887
0.101825 4887
0.101849 4887
0.101861 4887
0.103351 4887
0.103351 4887
0.103351 5387
0.103736 5387
0.103772 5387
0.103784 5387
0.103808 5387
0.105298 5387
0.105298 5387
0.105298 4918
0.10567 4918
0.105682 4918
0.105694 4918
0.107064 4918
0.107425 4918
0.107437 4918
0.107449 4918
0.108891 4918
0.108891 4918
0.108891 5400
0.109335 5400
0.109359 5400
0.109371 5400
0.109395 5400
0.110837 5400
0.110837 5400
0.110837 4839
0.111222 4839
0.111234 4839
0.111246 4839
0.112556 4839
0.112964 4839
0.112976 4839
0.113 4839
0.114478 4839
0.114478 4839
0.114478 5534
0.114983 5534
0.115007 5534
0.115031 5534
0.115055 5534
0.116377 5534
0.116377 5534
0.116377 5143
0.116821 5143
0.116845 5143
0.116869 5143
0.118047 5143
0.118515 5143
0.118527 5143
0.11854 5143
0.119945 5143
0.119945 5143
0.119945 5891
0.120522 5891
0.120534 5891
0.120546 5891
0.12057 5891
0.121808 5891
0.122325 5891
0.122337 5891
0.122361 5891
0.123502 5891
0.123526 5891
0.124079 5891
0.124079 5891
0.124079 6797
0.124091 6797
0.124115 6797
0.125449 6797
0.125485 6797
0.125509 6797
0.126146 6797
0.126146 6797
0.126146 6228
0.12617 6228
0.127311 6228
0.127335 6228
0.127359 6228
0.127948 6228
0.128957 6228
0.128993 6228
0.129029 6228
0.129041 6228
0.129666 6228
0.129666 6228
0.129666 6737
0.13088 6737
0.130928 6737
0.130976 6737
0.130988 6737
0.131012 6737
0.131709 6737
0.131709 6737
0.131709 6156
0.132766 6156
0.132802 6156
0.132815 6156
0.132827 6156
0.133523 6156
0.134521 6156
0.134533 6156
0.134545 6156
0.134557 6156
0.135194 6156
0.136431 6156
0.136431 6156
0.136431 7045
0.136443 7045
0.136455 7045
0.136467 7045
0.136491 7045
0.1372 7045
0.138306 7045
0.138306 7045
0.138306 6481
0.138318 6481
0.13833 6481
0.138354 6481
0.139063 6481
0.140072 6481
0.140096 6481
0.14012 6481
0.140132 6481
0.140757 6481
0.141887 6481
0.141887 6481
0.141887 6882
0.141911 6882
0.141947 6882
0.141959 6882
0.142692 6882
0.142728 6882
0.143809 6882
0.143809 6882
0.143809 6250
0.143857 6250
0.143869 6250
0.14453 6250
0.144566 6250
0.145551 6250
0.145612 6250
0.146164 6250
0.146212 6250
0.146236 6250
0.14733 6250
0.14733 6250
0.14733 6800
0.147402 6800
0.148063 6800
0.148111 6800
0.148147 6800
0.148171 6800
0.149312 6800
0.149312 6800
0.149312 6233
0.149925 6233
0.149961 6233
0.149997 6233
0.150021 6233
0.151067 6233
0.151632 6233
0.151668 6233
0.151692 6233
0.151728 6233
0.152797 6233
0.152797 6233
0.152797 6667
0.15353 6667
0.153566 6667
0.15359 6667
0.153626 6667
0.15365 6667
0.154852 6667
0.154852 6667
0.154852 6050
0.155453 6050
0.155477 6050
0.155501 6050
0.155525 6050
0.156642 6050
0.157195 6050
0.157219 6050
0.157243 6050
0.157267 6050
0.158349 6050
0.158349 6050
0.158349 6482
0.159033 6482
0.159057 6482
0.159081 6482
0.159106 6482
0.160403 6482
0.160403 6482
0.160403 5674
0.160968 5674
0.16098 5674
0.161004 5674
0.161016 5674
0.162194 5674
0.162698 5674
0.162722 5674
0.162734 5674
0.164008 5674
0.164008 5674
0.164008 5964
0.164032 5964
0.164585 5964
0.164609 5964
0.164621 5964
0.165919 5964
0.165919 5964
0.165919 5269
0.166459 5269
0.166483 5269
0.166495 5269
0.167637 5269
0.168166 5269
0.168178 5269
0.168202 5269
0.169451 5269
0.169451 5269
0.169451 5568
0.17004 5568
0.170052 5568
0.170076 5568
0.170088 5568
0.17135 5568
0.17135 5568
0.17135 5005
0.171927 5005
0.171951 5005
0.171963 5005
0.173056 5005
0.173633 5005
0.173657 5005
0.173669 5005
0.174858 5005
0.174858 5005
0.174858 5679
0.175531 5679
0.175555 5679
0.175567 5679
0.175591 5679
0.176793 5679
0.176793 5679
0.176793 5283
0.177418 5283
0.17743 5283
0.177442 5283
0.178583 5283
0.179136 5283
0.179148 5283
0.179172 5283
0.180362 5283
0.180362 5283
0.180362 5753
0.181011 5753
0.181023 5753
0.181047 5753
0.181059 5753
0.182381 5753
0.182381 5753
0.182381 5274
0.182897 5274
0.182909 5274
0.182921 5274
0.184183 5274
0.18464 5274
0.184652 5274
0.184664 5274
0.185949 5274
0.185949 5274
0.185949 5667
0.186478 5667
0.186502 5667
0.186514 5667
0.186538 5667
0.187956 5667
0.187956 5667
0.187956 5156
0.188425 5156
0.188437 5156
0.188449 5156
0.189722 5156
0.190155 5156
0.190167 5156
0.190179 5156
0.191429 5156
0.191933 5156
0.191933 5156
0.191933 5742
0.191957 5742
0.191969 5742
0.191993 5742
0.193495 5742
0.193892 5742
0.193892 5742
0.193892 5123
0.193916 5123
0.19394 5123
0.195262 5123
0.195682 5123
0.19573 5123
0.195742 5123
0.19698 5123
0.197425 5123
0.197425 5123
0.197425 5554
0.197473 5554
0.197485 5554
0.198999 5554
0.199035 5554
0.199467 5554
0.199467 5554
0.199467 5040
0.199503 5040
0.200753 5040
0.200789 5040
0.20127 5040
0.202423 5040
0.202459 5040
0.202459 5040
0.202459 4973
0.202483 4973
0.203084 4973
0.204418 4973
0.204466 4973
0.204466 4973
0.204466 4421
0.204886 4421
0.206196 4421
0.20622 4421
0.206256 4421
0.208035 4421
0.208035 4421
0.208035 4448
0.208071 4448
0.208107 4448
0.208143 4448
0.209909 4448
0.209909 4448
0.209909 4080
0.209969 4080
0.210005 4080
0.211736 4080
0.211784 4080
0.211808 4080
0.213478 4080
0.213478 4080
0.213478 4483
0.21355 4483
0.213574 4483
0.213586 4483
0.215437 4483
0.215437 4483
0.215437 4123
0.215509 4123
0.215521 4123
0.217371 4123
0.217371 4123
0.217371 3585
0.217419 3585
0.217431 3585
0.219089 3585
0.219137 3585
0.219149 3585
0.221036 3585
0.221036 3585
0.221036 4480
0.221096 4480
0.221108 4480
0.221132 4480
0.223031 4480
0.223031 4480
0.223031 4216
0.223091 4216
0.223103 4216
0.224857 4216
0.224917 4216
0.224929 4216
0.226587 4216
0.226659 4216
0.226671 4216
0.226684 4216
0.228666 4216
0.228666 4216
0.228666 5748
0.22875 5748
0.228774 5748
0.228786 5748
0.22881 5748
0.230625 5748
0.230625 5748
0.230625 5211
0.230733 5211
0.230745 5211
0.230757 5211
0.232355 5211
0.232463 5211
0.232475 5211
0.232499 5211
0.234266 5211
0.234266 5211
0.234266 5597
0.234374 5597
0.234398 5597
0.234422 5597
0.234446 5597
0.236128 5597
0.236128 5597
0.236128 5064
0.236248 5064
0.236272 5064
0.236284 5064
0.237858 5064
0.237967 5064
0.237979 5064
0.237991 5064
0.239793 5064
0.239793 5064
0.239793 5467
0.239913 5467
0.239937 5467
0.239949 5467
0.239973 5467
0.241764 5467
0.241764 5467
0.241764 4946
0.241896 4946
0.241908 4946
0.241932 4946
0.243614 4946
0.243722 4946
0.243746 4946
0.243758 4946
0.245296 4946
0.245416 4946
0.245452 4946
0.245465 4946
0.245489 4946
0.247279 4946
0.247279 4946
0.247279 6600
0.247435 6600
0.247471 6600
0.247483 6600
0.247507 6600
0.247531 6600
0.249214 6600
0.249214 6600
0.249214 5877
0.249394 5877
0.249406 5877
0.249418 5877
0.249442 5877
0.250896 5877
0.25104 5877
0.251052 5877
0.251064 5877
0.252782 5877
0.252782 5877
0.252782 6102
0.252806 6102
0.25295 6102
0.252962 6102
0.252975 6102
0.254693 6102
0.254693 6102
0.254693 5323
0.254885 5323
0.254897 5323
0.254909 5323
0.254921 5323
0.256459 5323
0.256615 5323
0.256627 5323
0.256639 5323
0.258346 5323
0.258346 5323
0.258346 5760
0.258514 5760
0.258526 5760
0.258538 5760
0.258562 5760
0.260268 5760
0.260268 5760
0.260268 5072
0.260436 5072
0.260448 5072
0.26046 5072
0.262035 5072
0.262179 5072
0.262191 5072
0.262203 5072
0.263921 5072
0.263921 5072
0.263921 5397
0.264077 5397
0.264089 5397
0.264101 5397
0.264125 5397
0.265868 5397
0.265868 5397
0.265868 4852
0.266036 4852
0.266048 4852
0.26606 4852
0.267682 4852
0.267814 4852
0.267826 4852
0.26785 4852
0.269448 4852
0.269448 4852
0.269448 5341
0.269581 5341
0.269605 5341
0.269629 5341
0.269653 5341
0.271539 5341
0.271539 5341
0.271539 4867
0.271647 4867
0.271671 4867
0.271683 4867
0.273378 4867
0.273498 4867
0.27351 4867
0.273522 4867
0.275132 4867
0.275132 4867
0.275132 5354
0.275264 5354
0.275276 5354
0.275288 5354
0.275312 5354
0.277331 5354
0.277331 5354
0.277331 4797
0.277451 4797
0.277463 4797
0.277487 4797
0.279169 4797
0.279169 4797
0.279169 4232
0.27929 4232
0.279314 4232
0.279338 4232
0.280912 4232
0.281032 4232
0.281056 4232
0.282978 4232
0.282978 4232
0.282978 4954
0.283015 4954
0.283159 4954
0.283183 4954
0.284733 4954
0.284733 4954
0.284733 4440
0.284901 4440
0.284925 4440
0.284937 4440
0.286535 4440
0.286703 4440
0.286703 4440
0.286703 4507
0.286727 4507
0.288518 4507
0.288554 4507
0.288734 4507
0.288734 4507
0.288734 4221
0.290308 4221
0.290356 4221
0.290537 4221
0.292051 4221
0.292051 4221
0.292051 4225
0.292099 4225
0.292315 4225
0.294165 4225
0.294165 4225
0.294165 3816
0.294201 3816
0.29437 3816
0.296124 3816
0.296124 3816
0.296124 3500
0.296268 3500
0.296292 3500
0.297806 3500
0.297962 3500
0.297986 3500
0.299693 3500
0.299693 3500
0.299693 4333
0.299885 4333
0.299909 4333
0.299933 4333
0.301447 4333
0.301447 4333
0.301447 4047
0.301663 4047
0.301699 4047
0.303189 4047
0.303418 4047
0.303442 4047
0.30522 4047
0.30522 4047
0.30522 4489
0.305545 4489
0.305581 4489
0.305593 4489
0.307095 4489
0.307095 4489
0.307095 4142
0.307383 4142
0.307395 4142
0.308873 4142
0.309149 4142
0.309161 4142
0.310603 4142
0.310892 4142
0.310892 4142
0.310892 4774
0.310916 4774
0.31094 4774
0.31267 4774
0.313055 4774
0.313055 4774
0.313055 4295
0.313091 4295
0.314629 4295
0.314653 4295
0.314989 4295
0.314989 4295
0.314989 3999
0.316383 3999
0.316407 3999
0.316767 3999
0.316767 3999
0.316767 3663
0.318318 3663
0.318342 3663
0.318714 3663
0.318714 3663
0.318714 3395
0.32012 3395
0.320144 3395
0.320444 3395
0.32185 3395
0.321886 3395
0.322187 3395
0.322187 3395
0.322187 4430
0.323917 4430
0.323965 4430
0.324301 4430
0.324301 4430
0.324301 3954
0.325779 3954
0.325828 3954
0.326152 3954
0.326152 3954
0.326152 3652
0.327534 3652
0.327558 3652
0.327882 3652
0.32924 3652
0.329264 3652
0.329613 3652
0.329613 3652
0.329613 4559
0.331295 4559
0.331319 4559
0.331343 4559
0.331739 4559
0.331739 4559
0.331739 4302
0.333193 4302
0.333205 4302
0.333229 4302
0.333626 4302
0.333626 4302
0.333626 4104
0.335044 4104
0.335056 4104
0.335416 4104
0.336702 4104
0.336714 4104
0.337074 4104
0.338625 4104
0.338625 4104
0.338625 5004
0.338637 5004
0.338661 5004
0.339117 5004
0.340499 5004
0.340499 5004
0.340499 4613
0.340535 4613
0.340968 4613
0.340992 4613
0.342265 4613
0.34265 4613
0.342674 4613
0.342698 4613
0.344104 4613
0.344104 4613
0.344104 5409
0.344524 5409
0.344548 5409
0.344572 5409
0.345906 5409
0.345906 5409
0.345906 4833
0.346339 4833
0.346363 4833
0.346375 4833
0.347637 4833
0.348093 4833
0.348105 4833
0.348129 4833
0.349487 4833
0.349487 4833
0.349487 5724
0.350028 5724
0.35004 5724
0.350064 5724
0.350088 5724
0.351554 5724
0.351554 5724
0.351554 5311
0.352046 5311
0.35207 5311
0.352107 5311
0.35338 5311
0.353837 5311
0.353861 5311
0.353885 5311
0.355123 5311
0.355627 5311
0.355627 5311
0.355627 6000
0.355639 6000
0.355663 6000
0.355675 6000
0.357129 6000
0.357634 6000
0.357634 6000
0.357634 5443
0.357658 5443
0.35767 5443
0.358968 5443
0.35898 5443
0.359424 5443
0.359448 5443
0.360686 5443
0.36071 5443
0.361215 5443
0.361215 5443
0.361215 6128
0.361239 6128
0.361263 6128
0.362801 6128
0.362837 6128
0.363269 6128
0.363269 6128
0.363269 5573
0.363293 5573
0.364687 5573
0.364723 5573
0.364747 5573
0.36512 5573
0.366382 5573
0.366418 5573
0.366442 5573
0.366862 5573
0.366862 5573
0.366862 6057
0.368472 6057
0.368496 6057
0.368532 6057
0.368556 6057
0.369001 6057
0.369001 6057
0.369001 5420
0.370383 5420
0.370419 5420
0.370443 5420
0.370467 5420
0.370912 5420
0.370912 5420
0.370912 4894
0.372137 4894
0.372161 4894
0.372185 4894
0.37257 4894
0.37388 4894
0.37388 4894
0.37388 4788
0.373904 4788
0.373928 4788
0.374396 4788
0.376006 4788
0.376006 4788
0.376006 4417
0.37603 4417
0.376379 4417
0.376403 4417
0.377893 4417
0.377893 4417
0.377893 4089
0.378181 4089
0.378205 4089
0.379551 4089
0.379851 4089
0.379875 4089
0.381546 4089
0.381546 4089
0.381546 4690
0.38193 4690
0.381954 4690
0.381966 4690
0.383372 4690
0.383372 4690
0.383372 4404
0.383841 4404
0.383853 4404
0.383877 4404
0.385018 4404
0.385487 4404
0.385511 4404
0.386881 4404
0.386881 4404
0.386881 4998
0.386905 4998
0.387434 4998
0.387458 4998
0.388743 4998
0.388743 4998
0.388743 4439
0.389284 4439
0.389308 4439
0.389332 4439
0.390462 4439
0.390918 4439
0.390942 4439
0.392336 4439
0.392336 4439
0.392336 4903
0.39236 4903
0.392889 4903
0.392913 4903
0.394355 4903
0.394355 4903
0.394355 4367
0.394883 4367
0.394908 4367
0.394932 4367
0.396193 4367
0.396638 4367
0.396662 4367
0.397851 4367
0.397875 4367
0.398308 4367
0.398344 4367
0.399798 4367
0.399798 4367
0.399798 5856
0.399822 5856
0.399846 5856
0.400363 5856
0.400411 5856
0.401793 5856
0.401793 5856
0.401793 5247
0.401829 5247
0.402345 5247
0.402393 5247
0.403547 5247
0.40398 5247
0.404004 5247
0.40404 5247
0.405349 5247
0.405349 5247
0.405349 5621
0.40583 5621
0.405854 5621
0.405878 5621
0.405902 5621
0.4072 5621
0.4072 5621
0.4072 5103
0.407681 5103
0.407705 5103
0.407729 5103
0.409026 5103
0.409399 5103
0.409423 5103
0.409435 5103
0.410817 5103
0.410817 5103
0.410817 5500
0.411237 5500
0.411273 5500
0.411285 5500
0.411309 5500
0.41298 5500
0.41298 5500
0.41298 4906
0.41334 4906
0.413352 4906
0.413376 4906
0.41483 4906
0.41483 4906
0.41483 4315
0.415178 4315
0.415203 4315
0.415227 4315
0.416584 4315
0.416885 4315
0.416909 4315
0.418327 4315
0.418327 4315
0.418327 5015
0.418351 5015
0.418759 5015
0.418783 5015
0.420237 5015
0.420237 5015
0.420237 4493
0.42061 4493
0.420634 4493
0.420658 4493
0.422148 4493
0.422148 4493
0.422148 4352
0.422472 4352
0.422484 4352
0.423806 4352
0.42413 4352
0.424142 4352
0.4255 4352
0.4255 4352
0.4255 4927
0.425957 4927
0.425969 4927
0.425993 4927
0.427615 4927
0.427615 4927
0.427615 4549
0.427952 4549
0.427976 4549
0.428 4549
0.429586 4549
0.429586 4549
0.429586 4277
0.429886 4277
0.42991 4277
0.431388 4277
0.431676 4277
0.431688 4277
0.433118 4277
0.433118 4277
0.433118 4704
0.433503 4704
0.433527 4704
0.433551 4704
0.435197 4704
0.435197 4704
0.435197 4278
0.435486 4278
0.43551 4278
0.435546 4278
0.437156 4278
0.437156 4278
0.437156 4007
0.437444 4007
0.43748 4007
0.438898 4007
0.439174 4007
0.439223 4007
0.440676 4007
0.440676 4007
0.440676 4465
0.441001 4465
0.441073 4465
0.441097 4465
0.442755 4465
0.442755 4465
0.442755 4058
0.443068 4058
0.443092 4058
0.44469 4058
0.44469 4058
0.44469 3561
0.444978 3561
0.445002 3561
0.44642 3561
0.44672 3561
0.446745 3561
0.448174 3561
0.448174 3561
0.448174 4305
0.448547 4305
0.448571 4305
0.448607 4305
0.450265 4305
0.450265 4305
0.450265 3994
0.450566 3994
0.450602 3994
0.452188 3994
0.452188 3994
0.452188 3538
0.452488 3538
0.452524 3538
0.453954 3538
0.454279 3538
0.454303 3538
0.455672 3538
0.455672 3538
0.455672 4212
0.456045 4212
0.456081 4212
0.456105 4212
0.457811 4212
0.457811 4212
0.457811 3880
0.458124 3880
0.458148 3880
0.45977 3880
0.45977 3880
0.45977 3427
0.460082 3427
0.460106 3427
0.461524 3427
0.461861 3427
0.461873 3427
0.463267 3427
0.463267 3427
0.463267 4117
0.463663 4117
0.463675 4117
0.463699 4117
0.465381 4117
0.465381 4117
0.465381 3790
0.465718 3790
0.46573 3790
0.467316 3790
0.467316 3790
0.467316 3302
0.467628 3302
0.467652 3302
0.469094 3302
0.469407 3302
0.469419 3302
0.470897 3302
0.470897 3302
0.470897 4085
0.471257 4085
0.471269 4085
0.472795 4085
0.472795 4085
0.472795 3534
0.473108 3534
0.47312 3534
0.474574 3534
0.474574 3534
0.474574 3201
0.47491 3201
0.474934 3201
0.476352 3201
0.476352 3201
0.476352 3138
0.47676 3138
0.476785 3138
0.47825 3138
0.47825 3138
0.47825 3031
0.478635 3031
0.480029 3031
0.480377 3031
0.481783 3031
0.481783 3031
0.481783 3554
0.482204 3554
0.482228 3554
0.483826 3554
0.483826 3554
0.483826 3362
0.48421 3362
0.484234 3362
0.485797 3362
0.485797 3362
0.485797 3186
0.486169 3186
0.486193 3186
0.487587 3186
0.487959 3186
0.487983 3186
0.489329 3186
0.489329 3186
0.489329 4108
0.489786 4108
0.489822 4108
0.491384 4108
0.491384 4108
0.491384 3593
0.491756 3593
0.49178 3593
0.493258 3593
0.493258 3593
0.493258 3265
0.493643 3265
0.493667 3265
0.495025 3265
0.495409 3265
0.495445 3265
0.496743 3265
0.496743 3265
0.496743 4117
0.497236 4117
0.497284 4117
0.498786 4117
0.498786 4117
0.498786 3584
0.49917 3584
0.499218 3584
0.500648 3584
0.500648 3584
0.500648 3250
0.501081 3250
0.501105 3250
0.502391 3250
0.502823 3250
0.502847 3250
0.504121 3250
0.504121 3250
0.504121 4102
0.504662 4102
0.504686 4102
0.506152 4102
0.506152 4102
0.506152 3570
0.506596 3570
0.50662 3570
0.507966 3570
0.507966 3570
0.507966 3238
0.508423 3238
0.508447 3238
0.509708 3238
0.510189 3238
0.510201 3238
0.511499 3238
0.511499 3238
0.511499 4261
0.512051 4261
0.512064 4261
0.513493 4261
0.513493 4261
0.513493 3775
0.513986 3775
0.513998 3775
0.515344 3775
0.515344 3775
0.515344 3433
0.515837 3433
0.515849 3433
0.517086 3433
0.517567 3433
0.517579 3433
0.518744 3433
0.519405 3433
0.519405 3433
0.519405 4522
0.519417 4522
0.519441 4522
0.520859 4522
0.521328 4522
0.521328 4522
0.521328 4185
0.521352 4185
0.522758 4185
0.523214 4185
0.523238 4185
0.524488 4185
0.524933 4185
0.524957 4185
0.524969 4185
0.52629 4185
0.52629 4185
0.52629 5377
0.526819 5377
0.526855 5377
0.526879 5377
0.528273 5377
0.528273 5377
0.528273 4674
0.528742 4674
0.528766 4674
0.528778 4674
0.5301 4674
0.5301 4674
0.5301 4239
0.530592 4239
0.530604 4239
0.530616 4239
0.531878 4239
0.532395 4239
0.532407 4239
0.53368 4239
0.53368 4239
0.53368 4949
0.533704 4949
0.534281 4949
0.534305 4949
0.535699 4949
0.535699 4949
0.535699 4431
0.536168 4431
0.536192 4431
0.536216 4431
0.537537 4431
0.537537 4431
0.537537 4104
0.538018 4104
0.53803 4104
0.539244 4104
0.53976 4104
0.539784 4104
0.541142 4104
0.541142 4104
0.541142 4716
0.541755 4716
0.541779 4716
0.541803 4716
0.542957 4716
0.542957 4716
0.542957 4355
0.543593 4355
0.543618 4355
0.543642 4355
0.544639 4355
0.545276 4355
0.545288 4355
0.546525 4355
0.546525 4355
0.546525 5132
0.546549 5132
0.547367 5132
0.547379 5132
0.548508 5132
0.548508 5132
0.548508 4701
0.549241 4701
0.549265 4701
0.549289 4701
0.550286 4701
0.550995 4701
0.551007 4701
0.551031 4701
0.552173 4701
0.552173 4701
0.552173 5464
0.553026 5464
0.553038 5464
0.553062 5464
0.554071 5464
0.554071 5464
0.554071 4878
0.554937 4878
0.554961 4878
0.554973 4878
0.555838 4878
0.556607 4878
0.556619 4878
0.556631 4878
0.557724 4878
0.557724 4878
0.557724 5505
0.558613 5505
0.558626 5505
0.558638 5505
0.558662 5505
0.559611 5505
0.559611 5505
0.559611 4995
0.560512 4995
0.560524 4995
0.560536 4995
0.561389 4995
0.562158 4995
0.56217 4995
0.562182 4995
0.56324 4995
0.56324 4995
0.56324 5481
0.564117 5481
0.564141 5481
0.564153 5481
0.564177 5481
0.565162 5481
0.565162 5481
0.565162 5008
0.566003 5008
0.566015 5008
0.566027 5008
0.566929 5008
0.567662 5008
0.567674 5008
0.567686 5008
0.568767 5008
0.568767 5008
0.568767 5476
0.56962 5476
0.569644 5476
0.569656 5476
0.56968 5476
0.570726 5476
0.570726 5476
0.570726 4908
0.571531 4908
0.571543 4908
0.571555 4908
0.572516 4908
0.573225 4908
0.573237 4908
0.573249 4908
0.574366 4908
0.574366 4908
0.574366 5379
0.575172 5379
0.575196 5379
0.575208 5379
0.575232 5379
0.576301 5379
0.576301 5379
0.576301 4899
0.577082 4899
0.577094 4899
0.577106 4899
0.578103 4899
0.578764 4899
0.578776 4899
0.578788 4899
0.579906 4899
0.579906 4899
0.579906 5380
0.580663 5380
0.580687 5380
0.580699 5380
0.580723 5380
0.58184 5380
0.58184 5380
0.58184 4819
0.582513 4819
0.582525 4819
0.582537 4819
0.583607 4819
0.584268 4819
0.58428 4819
0.584292 4819
0.585481 4819
0.585481 4819
0.585481 5516
0.586262 5516
0.586286 5516
0.586298 5516
0.586322 5516
0.587452 5516
0.587452 5516
0.587452 5124
0.588197 5124
0.588209 5124
0.588221 5124
0.589278 5124
0.589963 5124
0.589975 5124
0.589987 5124
0.590973 5124
0.591706 5124
0.591706 5124
0.591706 5812
0.591718 5812
0.59173 5812
0.591754 5812
0.592907 5812
0.593748 5812
0.593748 5812
0.593748 5228
0.593772 5228
0.593796 5228
0.59477 5228
0.595515 5228
0.595551 5228
0.595563 5228
0.596476 5228
0.597209 5228
0.597209 5228
0.597209 5588
0.597257 5588
0.597269 5588
0.597293 5588
0.598459 5588
0.599384 5588
0.599384 5588
0.599384 5046
0.59942 5046
0.599444 5046
0.600417 5046
0.601294 5046
0.601294 5046
0.601294 4466
0.60133 4466
0.601342 4466
0.602244 4466
0.603061 4466
0.603109 4466
0.603902 4466
0.604791 4466
0.604791 4466
0.604791 5054
0.604815 5054
0.604863 5054
0.605872 5054
0.606918 5054
0.606918 5054
0.606918 4493
0.606966 4493
0.60699 4493
0.607771 4493
0.60884 4493
0.60884 4493
0.60884 4141
0.6089 4141
0.609573 4141
0.610607 4141
0.610655 4141
0.6114 4141
0.612433 4141
0.612433 4141
0.612433 4646
0.612493 4646
0.612517 4646
0.613226 4646
0.614139 4646
0.6142 4646
0.61486 4646
0.614872 4646
0.615858 4646
0.61593 4646
0.61593 4646
0.61593 5569
0.616735 5569
0.616747 5569
0.617997 5569
0.618033 5569
0.618105 5569
0.618105 5569
0.618105 5067
0.618814 5067
0.619991 5067
0.620027 5067
0.620099 5067
0.620099 5067
0.620099 4503
0.621794 4503
0.621818 4503
0.621854 4503
0.621938 4503
0.621938 4503
0.621938 4082
0.6235 4082
0.623536 4082
0.62362 4082
0.625302 4082
0.625302 4082
0.625302 4038
0.625338 4038
0.625434 4038
0.627309 4038
0.627309 4038
0.627309 3685
0.627345 3685
0.627417 3685
0.629183 3685
0.629183 3685
0.629183 3409
0.629292 3409
0.629304 3409
0.630926 3409
0.630998 3409
0.631022 3409
0.632584 3409
0.632668 3409
0.632668 3409
0.632668 4530
0.632692 4530
0.632716 4530
0.634663 4530
0.634723 4530
0.634723 4530
0.634723 4203
0.634759 4203
0.636549 4203
0.636609 4203
0.636609 4203
0.636609 3667
0.636645 3667
0.638244 3667
0.638316 3667
0.64013 3667
0.64013 3667
0.64013 3839
0.640154 3839
0.640238 3839
0.64186 3839
0.64186 3839
0.64186 3520
0.641884 3520
0.64198 3520
0.643687 3520
0.643795 3520
0.643819 3520
0.645417 3520
0.645549 3520
0.645585 3520
0.645609 3520
0.64734 3520
0.64734 3520
0.64734 5426
0.647484 5426
0.647532 5426
0.647556 5426
0.649178 5426
0.649178 5426
0.649178 4846
0.64937 4846
0.649394 4846
0.649406 4846
0.65092 4846
0.651113 4846
0.651125 4846
0.651137 4846
0.652747 4846
0.652747 4846
0.652747 5482
0.652975 5482
0.652987 5482
0.652999 5482
0.653023 5482
0.654669 5482
0.654669 5482
0.654669 4975
0.654886 4975
0.654898 4975
0.65491 4975
0.656496 4975
0.656712 4975
0.656724 4975
0.656736 4975
0.658178 4975
0.658418 4975
0.658442 4975
0.658454 4975
0.658478 4975
0.660065 4975
0.660065 4975
0.660065 6862
0.660353 6862
0.660377 6862
0.660389 6862
0.660413 6862
0.660437 6862
0.662035 6862
0.662035 6862
0.662035 6365
0.662288 6365
0.6623 6365
0.662312 6365
0.662336 6365
0.663802 6365
0.664042 6365
0.664054 6365
0.664066 6365
0.664078 6365
0.6657 6365
0.6657 6365
0.6657 6777
0.665988 6777
0.666 6777
0.666012 6777
0.666025 6777
0.666049 6777
0.667587 6777
0.667587 6777
0.667587 6149
0.667827 6149
0.667839 6149
0.667851 6149
0.667875 6149
0.669341 6149
0.669569 6149
0.669581 6149
0.669593 6149
0.669617 6149
0.671215 6149
0.671215 6149
0.671215 6524
0.671492 6524
0.671516 6524
0.671528 6524
0.671552 6524
0.671576 6524
0.673162 6524
0.673162 6524
0.673162 5772
0.673414 5772
0.673426 5772
0.673438 5772
0.673462 5772
0.674892 5772
0.675133 5772
0.675145 5772
0.675157 5772
0.676683 5772
0.676683 5772
0.676683 5996
0.676707 5996
0.676995 5996
0.677019 5996
0.677031 5996
0.678701 5996
0.678701 5996
0.678701 5219
0.67893 5219
0.678954 5219
0.678966 5219
0.678978 5219
0.680492 5219
0.680732 5219
0.680756 5219
0.680768 5219
0.68227 5219
0.68227 5219
0.68227 5672
0.682571 5672
0.682595 5672
0.682607 5672
0.682619 5672
0.684337 5672
0.684337 5672
0.684337 4991
0.684565 4991
0.684577 4991
0.684589 4991
0.686151 4991
0.68632 4991
0.686332 4991
0.686356 4991
0.687894 4991
0.687894 4991
0.687894 5401
0.688098 5401
0.68811 5401
0.688134 5401
0.688158 5401
0.690057 5401
0.690057 5401
0.690057 4897
0.690213 4897
0.690237 4897
0.690261 4897
0.691943 4897
0.691943 4897
0.691943 4276
0.692111 4276
0.692135 4276
0.692159 4276
0.693661 4276
0.693818 4276
0.693818 4276
0.693818 4314
0.693854 4314
0.695656 4314
0.695692 4314
0.69586 4314
0.69586 4314
0.69586 4087
0.69741 4087
0.697446 4087
0.697639 4087
0.699105 4087
0.699105 4087
0.699105 4126
0.699141 4126
0.699381 4126
0.701243 4126
0.701243 4126
0.701243 3738
0.701279 3738
0.70146 3738
0.70313 3738
0.70313 3738
0.70313 3440
0.70331 3440
0.703334 3440
0.70486 3440
0.705028 3440
0.705028 3440
0.705028 3736
0.705052 3736
0.706819 3736
0.706975 3736
0.706975 3736
0.706975 3465
0.708585 3465
0.708609 3465
0.708765 3465
0.710243 3465
0.710267 3465
0.710412 3465
0.712322 3465
0.712322 3465
0.712322 4750
0.712358 4750
0.712382 4750
0.712538 4750
0.714137 4750
0.714137 4750
0.714137 4494
0.714197 4494
0.714437 4494
0.714461 4494
0.715819 4494
0.716155 4494
0.716167 4494
0.717717 4494
0.717717 4494
0.717717 5092
0.717741 5092
0.718102 5092
0.718114 5092
0.719484 5092
0.719484 5092
0.719484 4532
0.719904 4532
0.719916 4532
0.719928 4532
0.721262 4532
0.721599 4532
0.721611 4532
0.723209 4532
0.723209 4532
0.723209 4985
0.723233 4985
0.723605 4985
0.723617 4985
0.725107 4985
0.725107 4985
0.725107 4442
0.72554 4442
0.725564 4442
0.725576 4442
0.726946 4442
0.727318 4442
0.72733 4442
0.72864 4442
0.728652 4442
0.728964 4442
0.728976 4442
0.73055 4442
0.73055 4442
0.73055 5916
0.730562 5916
0.730586 5916
0.730947 5916
0.730959 5916
0.732521 5916
0.732521 5916
0.732521 5309
0.732545 5309
0.732942 5309
0.732966 5309
0.734384 5309
0.734384 5309
0.734384 4596
0.734768 4596
0.734792 4596
0.734804 4596
0.736126 4596
0.736462 4596
0.736474 4596
0.736498 4596
0.738024 4596
0.738024 4596
0.738024 5442
0.738409 5442
0.738433 5442
0.738457 5442
0.739959 5442
0.739959 5442
0.739959 4885
0.740416 4885
0.740452 4885
0.740464 4885
0.74187 4885
0.74187 4885
0.74187 4418
0.742278 4418
0.74229 4418
0.742302 4418
0.743588 4418
0.743948 4418
0.74396 4418
0.745414 4418
0.745414 4418
0.745414 5138
0.745438 5138
0.745895 5138
0.745919 5138
0.747373 5138
0.747373 5138
0.747373 4685
0.747817 4685
0.747841 4685
0.747853 4685
0.749331 4685
0.749331 4685
0.749331 4366
0.749692 4366
0.749704 4366
0.749728 4366
0.751086 4366
0.75141 4366
0.751434 4366
0.75296 4366
0.75296 4366
0.75296 5186
0.752984 5186
0.753405 5186
0.753441 5186
0.754991 5186
0.754991 5186
0.754991 4705
0.755388 4705
0.755412 4705
0.755448 4705
0.756902 4705
0.756902 4705
0.756902 4371
0.757274 4371
0.75731 4371
0.757334 4371
0.758668 4371
0.759028 4371
0.759052 4371
0.760494 4371
0.760494 4371
0.760494 4946
0.760518 4946
0.760963 4946
0.760987 4946
0.762501 4946
0.762501 4946
0.762501 4383
0.762898 4383
0.762934 4383
0.762958 4383
0.764387 4383
0.764736 4383
0.76476 4383
0.766106 4383
0.76613 4383
0.76649 4383
0.76649 4383
0.76649 5405
0.766514 5405
0.767968 5405
0.768004 5405
0.768028 5405
0.768485 5405
0.768485 5405
0.768485 4864
0.769855 4864
0.769891 4864
0.769915 4864
0.770311 4864
0.771633 4864
0.771657 4864
0.771681 4864
0.772042 4864
0.773592 4864
0.773592 4864
0.773592 5631
0.773628 5631
0.773664 5631
0.773688 5631
0.774144 5631
0.775538 5631
0.775538 5631
0.775538 5094
0.775586 5094
0.77561 5094
0.776031 5094
0.777317 5094
0.777389 5094
0.777413 5094
0.777737 5094
0.779179 5094
0.779179 5094
0.779179 5484
0.779263 5484
0.779299 5484
0.779672 5484
0.779696 5484
0.781018 5484
0.781018 5484
0.781018 4887
0.781114 4887
0.78151 4887
0.781534 4887
0.78282 4887
0.783193 4887
0.783217 4887
0.783229 4887
0.78455 4887
0.784983 4887
0.784983 4887
0.784983 5697
0.785007 5697
0.785019 5697
0.785031 5697
0.786533 5697
0.78693 5697
0.78693 5697
0.78693 5179
0.786942 5179
0.786954 5179
0.788383 5179
0.788756 5179
0.788768 5179
0.788792 5179
0.790078 5179
0.790498 5179
0.790498 5179
0.790498 5643
0.79051 5643
0.790534 5643
0.792156 5643
0.79218 5643
0.792649 5643
0.792649 5643
0.792649 5067
0.792673 5067
0.794079 5067
0.794103 5067
0.794524 5067
0.795773 5067
0.795797 5067
0.795821 5067
0.796278 5067
0.796278 5067
0.796278 5449
0.797828 5449
0.797864 5449
0.797888 5449
0.797912 5449
0.798393 5449
0.798393 5449
0.798393 4921
0.799775 4921
0.799811 4921
0.799823 4921
0.800279 4921
0.800279 4921
0.800279 4358
0.801541 4358
0.801565 4358
0.801577 4358
0.802022 4358
0.803211 4358
0.803235 4358
0.803812 4358
0.803812 4358
0.803812 5065
0.803848 5065
0.805278 5065
0.805302 5065
0.805771 5065
0.805771 5065
0.805771 4544
0.807176 4544
0.8072 4544
0.807225 4544
0.807681 4544
0.807681 4544
0.807681 4206
0.808895 4206
0.808919 4206
0.809303 4206
0.810745 4206
0.810745 4206
0.810745 4190
0.810769 4190
0.811238 4190
0.812584 4190
0.812584 4190
0.812584 3776
0.812608 3776
0.813112 3776
0.814278 3776
0.814759 3776
0.814795 3776
0.816128 3776
0.816128 3776
0.816128 4531
0.816729 4531
0.816777 4531
0.816801 4531
0.818135 4531
0.818135 4531
0.818135 4221
0.818712 4221
0.818724 4221
0.819925 4221
0.820442 4221
0.820454 4221
0.82168 4221
0.82168 4221
0.82168 4632
0.822353 4632
0.822377 4632
0.822401 4632
0.823771 4632
0.823771 4632
0.823771 4274
0.824347 4274
0.824371 4274
0.824395 4274
0.825597 4274
0.826054 4274
0.826078 4274
0.827363 4274
0.827363 4274
0.827363 4851
0.827387 4851
0.827916 4851
0.82794 4851
0.829502 4851
0.829502 4851
0.829502 4291
0.829947 4291
0.829983 4291
0.829995 4291
0.831365 4291
0.831725 4291
0.831737 4291
0.833167 4291
0.833167 4291
0.833167 4771
0.833191 4771
0.833612 4771
0.833624 4771
0.835138 4771
0.835138 4771
0.835138 4244
0.835606 4244
0.835618 4244
0.835642 4244
0.836916 4244
0.837349 4244
0.837373 4244
0.838718 4244
0.838718 4244
0.838718 4746
0.838742 4746
0.839259 4746
0.839283 4746
0.840665 4746
0.840665 4746
0.840665 4227
0.841194 4227
0.84123 4227
0.841254 4227
0.842504 4227
0.842948 4227
0.842972 4227
0.84427 4227
0.84427 4227
0.84427 4733
0.844306 4733
0.844799 4733
0.844823 4733
0.846216 4733
0.846216 4733
0.846216 4216
0.846721 4216
0.846745 4216
0.846769 4216
0.848031 4216
0.848427 4216
0.848439 4216
0.849797 4216
0.849797 4216
0.849797 4725
0.849821 4725
0.850278 4725
0.85029 4725
0.85184 4725
0.85184 4725
0.85184 4208
0.852285 4208
0.852309 4208
0.852333 4208
0.85369 4208
0.854075 4208
0.854099 4208
0.855445 4208
0.855445 4208
0.855445 4719
0.855469 4719
0.855913 4719
0.855937 4719
0.857499 4719
0.857499 4719
0.857499 4203
0.857944 4203
0.857968 4203
0.857992 4203
0.859362 4203
0.859746 4203
0.85977 4203
0.86108 4203
0.86108 4203
0.86108 4713
0.861116 4713
0.861585 4713
0.861609 4713
0.863087 4713
0.863087 4713
0.863087 4198
0.863519 4198
0.863544 4198
0.863568 4198
0.864901 4198
0.865286 4198
0.86531 4198
0.866596 4198
0.866596 4198
0.866596 4710
0.866632 4710
0.867112 4710
0.867136 4710
0.868674 4710
0.868674 4710
0.868674 4194
0.869059 4194
0.869083 4194
0.869107 4194
0.870549 4194
0.870897 4194
0.870921 4194
0.872219 4194
0.872219 4194
0.872219 4706
0.872255 4706
0.8727 4706
0.872724 4706
0.874274 4706
0.874274 4706
0.874274 4192
0.874622 4192
0.874646 4192
0.87467 4192
0.876136 4192
0.876136 4192
0.876136 3890
0.876473 3890
0.876497 3890
0.877734 3890
0.878239 3890
0.878239 3890
0.878239 3915
0.878263 3915
0.879777 3915
0.880282 3915
0.880282 3915
0.880282 3539
0.880306 3539
0.881568 3539
0.882108 3539
0.883238 3539
0.883274 3539
0.883863 3539
0.883863 3539
0.883863 4339
0.885268 4339
0.885329 4339
0.885353 4339
0.885929 4339
0.885929 4339
0.885929 4044
0.887191 4044
0.887215 4044
0.88778 4044
0.888885 4044
0.888921 4044
0.88951 4044
0.88951 4044
0.88951 4483
0.890808 4483
0.890832 4483
0.890868 4483
0.891541 4483
0.891541 4483
0.891541 4134
0.892646 4134
0.89267 4134
0.893295 4134
0.894329 4134
0.894353 4134
0.895025 4134
0.895025 4134
0.895025 4733
0.896359 4733
0.896383 4733
0.896395 4733
0.897188 4733
0.897188 4733
0.897188 4368
0.898366 4368
0.898378 4368
0.898402 4368
0.899099 4368
0.899099 4368
0.899099 4116
0.90012 4116
0.900144 4116
0.900829 4116
0.901826 4116
0.901839 4116
0.902608 4116
0.902608 4116
0.902608 4757
0.903893 4757
0.903917 4757
0.903941 4757
0.904626 4757
0.904626 4757
0.904626 4407
0.90578 4407
0.905816 4407
0.90584 4407
0.906513 4407
0.906513 4407
0.906513 4159
0.90757 4159
0.907594 4159
0.908219 4159
0.909264 4159
0.909276 4159
0.909937 4159
0.909937 4159
0.909937 4798
0.911307 4798
0.911319 4798
0.911343 4798
0.91204 4798
0.91204 4798
0.91204 4446
0.913242 4446
0.913266 4446
0.91329 4446
0.914011 4446
0.914011 4446
0.914011 4194
0.915044 4194
0.915068 4194
0.915765 4194
0.916774 4194
0.916798 4194
0.917519 4194
0.917519 4194
0.917519 4828
0.918781 4828
0.918805 4828
0.918829 4828
0.919562 4828
0.919562 4828
0.919562 4474
0.920692 4474
0.920716 4474
0.92074 4474
0.921449 4474
0.921449 4474
0.921449 4220
0.922482 4220
0.922494 4220
0.923179 4220
0.9242 4220
0.924224 4220
0.924909 4220
0.926183 4220
0.926183 4220
0.926183 5083
0.926207 5083
0.926219 5083
0.927024 5083
0.928118 5083
0.928118 5083
0.928118 4681
0.928142 4681
0.928166 4681
0.928959 4681
0.929908 4681
0.929944 4681
0.930725 4681
0.930749 4681
0.93171 4681
0.931746 4681
0.932527 4681
0.932551 4681
0.933477 4681
0.933501 4681
0.933525 4681
0.934222 4681
0.934222 4681
0.934222 7084
0.934246 7084
0.935423 7084
0.935459 7084
0.935483 7084
0.935507 7084
0.936336 7084
0.936336 7084
0.936336 6476
0.937418 6476
0.937454 6476
0.937478 6476
0.937514 6476
0.938331 6476
0.938331 6476
0.938331 5801
0.93934 5801
0.939352 5801
0.939376 5801
0.939401 5801
0.940158 5801
0.941071 5801
0.941083 5801
0.941107 5801
0.941804 5801
0.941804 5801
0.941804 6191
0.941828 6191
0.942981 6191
0.943005 6191
0.943029 6191
0.943858 6191
0.943858 6191
0.943858 5516
0.944856 5516
0.94488 5516
0.944916 5516
0.94494 5516
0.945721 5516
0.945721 5516
0.945721 4960
0.946646 4960
0.94667 4960
0.946694 4960
0.947391 4960
0.948328 4960
0.948352 4960
0.948376 4960
0.949133 4960
0.949133 4960
0.949133 5642
0.950311 5642
0.950347 5642
0.950383 5642
0.950407 5642
0.951152 5642
0.951152 5642
0.951152 5248
0.952282 5248
0.952318 5248
0.952354 5248
0.953075 5248
0.953075 5248
0.953075 4635
0.95412 4635
0.954144 4635
0.954168 4635
0.954733 4635
0.955718 4635
0.955742 4635
0.955766 4635
0.956415 4635
0.957557 4635
0.957557 4635
0.957557 5812
0.957593 5812
0.957617 5812
0.958494 5812
0.958518 5812
0.959599 5812
0.959599 5812
0.959599 5332
0.959647 5332
0.96038 5332
0.960404 5332
0.961474 5332
0.962111 5332
0.962111 5332
0.962111 4977
0.962135 4977
0.962147 4977
0.963336 4977
0.964069 4977
0.964093 4977
0.965115 4977
0.965115 4977
0.965115 4985
0.965151 4985
0.965872 4985
0.965908 4985
0.966917 4985
0.967566 4985
0.967602 4985
0.967626 4985
0.968672 4985
0.968672 4985
0.968672 5586
0.969465 5586
0.969489 5586
0.969501 5586
0.969525 5586
0.970714 5586
0.970714 5586
0.970714 5064
0.971363 5064
0.971375 5064
0.971399 5064
0.972565 5064
0.972565 5064
0.972565 4490
0.973165 4490
0.97319 4490
0.973202 4490
0.974283 4490
0.974932 4490
0.974956 4490
0.976206 4490
0.976206 4490
0.976206 5209
0.976242 5209
0.977047 5209
0.977071 5209
0.978056 5209
0.978056 5209
0.978056 4692
0.978849 4692
0.978873 4692
0.978885 4692
0.979846 4692
0.980627 4692
0.980639 4692
0.980663 4692
0.980663 4692
0.980663 5148
0.981757 5148
0.98267 5148
0.982694 5148
0.982718 5148
0.982718 5148
0.982718 4602
0.984509 4602
0.984533 4602
0.984545 4602
0.984569 4602
0.986155 4602
0.986179 4602
0.986203 4602
0.986215 4602
0.988234 4602
0.988234 4602
0.988234 5817
0.988258 5817
0.988294 5817
0.988306 5817
0.98833 5817
0.990108 5817
0.990108 5817
0.990108 5350
0.990144 5350
0.990156 5350
0.99018 5350
0.991754 5350
0.991802 5350
0.991814 5350
0.991826 5350
0.993653 5350
0.993653 5350
0.993653 5756
0.993701 5756
0.993725 5756
0.993737 5756
0.993761 5756
0.995575 5756
0.995575 5756
0.995575 5226
0.995623 5226
0.995635 5226
0.995659 5226
0.997282 5226
0.99733 5226
0.997354 5226
0.997366 5226
0.999144 5226
0.999144 5226
0.999144 5613
0.999204 5613
0.99924 5613
0.999252 5613
0.999276 5613
1.00114 5613
1.00114 5613
1.00114 5081
1.00121 5081
1.00122 5081
1.00125 5081
1.00294 5081
1.00303 5081
1.00305 5081
1.00306 5081
1.00461 5081
1.00471 5081
1.00474 5081
1.00476 5081
1.00478 5081
1.00656 5081
1.00656 5081
1.00656 6640
1.00665 6640
1.00669 6640
1.0067 6640
1.00673 6640
1.00675 6640
1.00846 6640
1.00846 6640
1.00846 6002
1.00854 6002
1.00856 6002
1.00858 6002
1.0086 6002
1.01022 6002
1.01031 6002
1.01032 6002
1.01034 6002
1.01037 6002
1.01207 6002
1.01207 6002
1.01207 6432
1.01217 6432
1.01218 6432
1.01219 6432
1.01222 6432
1.01391 6432
1.014 6432
1.01401 6432
1.01403 6432
1.01404 6432
1.01574 6432
1.01574 6432
1.01574 6682
1.01585 6682
1.01586 6682
1.01588 6682
1.01589 6682
1.01592 6682
1.01742 6682
1.01754 6682
1.01756 6682
1.01759 6682
1.01761 6682
1.01934 6682
1.01934 6682
1.01934 7027
1.01948 7027
1.01951 7027
1.01954 7027
1.01955 7027
1.01957 7027
1.02122 7027
1.02122 7027
1.02122 6225
1.02136 6225
1.02139 6225
1.0214 6225
1.02142 6225
1.02307 6225
1.0232 6225
1.02321 6225
1.02324 6225
1.02326 6225
1.02477 6225
1.02489 6225
1.02491 6225
1.02492 6225
1.02494 6225
1.02497 6225
1.02671 6225
1.02671 6225
1.02671 7661
1.02685 7661
1.02686 7661
1.02688 7661
1.0269 7661
1.02693 7661
1.02855 7661
1.02855 7661
1.02855 6626
1.02872 6626
1.02873 6626
1.02875 6626
1.02879 6626
1.0288 6626
1.03041 6626
1.03057 6626
1.03059 6626
1.03061 6626
1.03064 6626
1.03064 6626
1.03064 6770
1.03213 6770
1.03228 6770
1.03231 6770
1.03233 6770
1.03234 6770
1.03237 6770
1.03423 6770
1.03423 6770
1.03423 6422
1.03425 6422
1.03428 6422
1.03429 6422
1.03431 6422
1.03607 6422
1.03607 6422
1.03607 5729
1.03612 5729
1.03614 5729
1.03617 5729
1.03618 5729
1.03792 5729
1.03797 5729
1.03799 5729
1.03802 5729
1.03966 5729
1.03969 5729
1.03971 5729
1.03973 5729
1.03976 5729
1.04157 5729
1.04157 5729
1.04157 7191
1.04161 7191
1.04163 7191
1.04166 7191
1.04167 7191
1.04169 7191
1.04347 7191
1.04347 7191
1.04347 6421
1.04353 6421
1.04356 6421
1.04358 6421
1.0436 6421
1.04535 6421
1.04535 6421
1.04535 5668
1.04541 5668
1.04543 5668
1.04545 5668
1.04548 5668
1.04711 5668
1.04717 5668
1.0472 5668
1.04722 5668
1.04895 5668
1.04895 5668
1.04895 5989
1.04897 5989
1.04902 5989
1.04906 5989
1.04908 5989
1.05097 5989
1.05097 5989
1.05097 5304
1.05102 5304
1.05107 5304
1.05108 5304
1.0511 5304
1.05286 5304
1.05286 5304
1.05286 4853
1.05293 4853
1.05294 4853
1.05296 4853
1.05463 4853
1.05471 4853
1.05473 4853
1.05475 4853
1.0566 4853
1.0566 4853
1.0566 5605
1.05669 5605
1.05672 5605
1.05676 5605
1.05678 5605
1.05846 5605
1.05846 5605
1.05846 5139
1.05855 5139
1.05859 5139
1.05861 5139
1.06025 5139
1.06037 5139
1.06039 5139
1.06041 5139
1.06207 5139
1.06207 5139
1.06207 5567
1.0622 5567
1.06223 5567
1.06225 5567
1.06228 5567
1.0639 5567
1.06403 5567
1.06405 5567
1.06407 5567
1.0657 5567
1.0657 5567
1.0657 6042
1.06586 6042
1.06588 6042
1.06589 6042
1.0659 6042
1.06765 6042
1.06765 6042
1.06765 5401
1.06782 5401
1.06783 5401
1.06784 5401
1.06786 5401
1.06945 5401
1.06958 5401
1.06959 5401
1.06962 5401
1.07119 5401
1.07119 5401
1.07119 5867
1.07135 5867
1.07136 5867
1.07138 5867
1.0714 5867
1.07328 5867
1.07328 5867
1.07328 5223
1.0734 5223
1.07343 5223
1.07344 5223
1.07511 5223
1.07522 5223
1.07522 5223
1.07522 4791
1.07523 4791
1.07525 4791
1.07697 4791
1.07709 4791
1.07709 4791
1.07709 4211
1.07712 4211
1.07873 4211
1.07875 4211
1.07887 4211
1.07887 4211
1.07887 3880
1.0806 3880
1.08061 3880
1.08072 3880
1.08241 3880
1.08241 3880
1.08241 3895
1.08244 3895
1.08255 3895
1.08437 3895
1.08437 3895
1.08437 3516
1.0844 3516
1.08451 3516
1.08616 3516
1.08628 3516
1.08631 3516
1.08799 3516
1.08799 3516
1.08799 4320
1.08815 4320
1.08818 4320
1.08822 4320
1.08997 4320
1.08997 4320
1.08997 4024
1.09012 4024
1.09014 4024
1.09174 4024
1.0919 4024
1.09192 4024
1.09355 4024
1.09355 4024
1.09355 4465
1.09377 4465
1.09381 4465
1.09383 4465
1.09556 4465
1.09556 4465
1.09556 4118
1.09574 4118
1.09576 4118
1.09736 4118
1.09754 4118
1.09757 4118
1.09909 4118
1.09909 4118
1.09909 4532
1.09932 4532
1.09935 4532
1.09936 4532
1.10116 4532
1.10116 4532
1.10116 4108
1.10134 4108
1.10135 4108
1.10291 4108
1.10306 4108
1.10307 4108
1.10474 4108
1.10474 4108
1.10474 4484
1.10493 4484
1.10494 4484
1.10497 4484
1.10659 4484
1.10659 4484
1.10659 4114
1.10678 4114
1.10681 4114
1.10826 4114
1.10848 4114
1.10851 4114
1.11015 4114
1.11015 4114
1.11015 4706
1.1104 4706
1.11042 4706
1.11045 4706
1.11211 4706
1.11211 4706
1.11211 4339
1.11237 4339
1.11239 4339
1.11241 4339
1.11388 4339
1.11416 4339
1.11417 4339
1.11574 4339
1.11574 4339
1.11574 4907
1.11576 4907
1.11607 4907
1.11608 4907
1.11777 4907
1.11777 4907
1.11777 4406
1.11808 4406
1.11809 4406
1.11811 4406
1.11963 4406
1.11989 4406
1.1199 4406
1.12137 4406
1.12139 4406
1.12165 4406
1.12165 4406
1.12165 5455
1.12166 5455
1.12345 5455
1.12349 5455
1.12351 5455
1.1238 5455
1.1238 5455
1.1238 4923
1.12528 4923
1.12531 4923
1.12534 4923
1.1256 4923
1.12703 4923
1.12704 4923
1.12707 4923
1.12735 4923
1.12735 4923
1.12735 5621
1.12913 5621
1.12915 5621
1.12917 5621
1.12919 5621
1.12955 5621
1.12955 5621
1.12955 5233
1.131 5233
1.13101 5233
1.13102 5233
1.13139 5233
1.13139 5233
1.13139 4623
1.13277 4623
1.13279 4623
1.1328 4623
1.13315 4623
1.13474 4623
1.13474 4623
1.13474 4690
1.13476 4690
1.13478 4690
1.13517 4690
1.13655 4690
1.13657 4690
1.13693 4690
1.13696 4690
1.13828 4690
1.13831 4690
1.1387 4690
1.1387 4690
1.1387 5959
1.13873 5959
1.14034 5959
1.14037 5959
1.14039 5959
1.14076 5959
1.14076 5959
1.14076 5421
1.14223 5421
1.14227 5421
1.14229 5421
1.1426 5421
1.14396 5421
1.14398 5421
1.144 5421
1.14436 5421
1.14436 5421
1.14436 6018
1.14605 6018
1.14609 6018
1.1461 6018
1.14612 6018
1.1464 6018
1.1464 6018
1.1464 5559
1.14793 5559
1.14794 5559
1.14796 5559
1.148 5559
1.14824 5559
1.14824 5559
1.14824 5199
1.1496 5199
1.14962 5199
1.14966 5199
1.14988 5199
1.15154 5199
1.15154 5199
1.15154 5181
1.15157 5181
1.15158 5181
1.15188 5181
1.15336 5181
1.15336 5181
1.15336 4740
1.15338 4740
1.15341 4740
1.15369 4740
1.15508 4740
1.15512 4740
1.15542 4740
1.15545 4740
1.15695 4740
1.15695 4740
1.15695 5493
1.15701 5493
1.15741 5493
1.15744 5493
1.15885 5493
1.15885 5493
1.15885 4904
1.15892 4904
1.15925 4904
1.15928 4904
1.1606 4904
1.16094 4904
1.16098 4904
1.161 4904
1.16249 4904
1.16249 4904
1.16249 5528
1.16292 5528
1.16296 5528
1.16299 5528
1.16302 5528
1.16444 5528
1.16444 5528
1.16444 5014
1.16489 5014
1.16492 5014
1.16494 5014
1.16626 5014
1.16665 5014
1.16666 5014
1.16668 5014
1.16798 5014
1.16841 5014
1.16841 5014
1.16841 5775
1.16843 5775
1.16845 5775
1.16847 5775
1.17001 5775
1.17048 5775
1.17048 5775
1.17048 5240
1.1705 5240
1.17053 5240
1.17181 5240
1.1722 5240
1.17222 5240
1.17225 5240
1.17356 5240
1.17396 5240
1.17399 5240
1.17401 5240
1.17404 5240
1.17571 5240
1.17571 5240
1.17571 6582
1.17619 6582
1.17622 6582
1.17625 6582
1.17627 6582
1.17759 6582
1.17759 6582
1.17759 5828
1.17813 5828
1.17816 5828
1.17818 5828
1.17821 5828
1.17938 5828
1.17994 5828
1.17994 5828
1.17994 5577
1.17996 5577
1.17998 5577
1.18135 5577
1.18138 5577
1.18193 5577
1.18193 5577
1.18193 5041
1.18196 5041
1.18316 5041
1.18318 5041
1.18373 5041
1.18492 5041
1.18496 5041
1.18498 5041
1.1855 5041
1.1855 5041
1.1855 5520
1.18701 5520
1.18706 5520
1.18709 5520
1.18712 5520
1.18762 5520
1.18762 5520
1.18762 5025
1.18892 5025
1.18895 5025
1.18897 5025
1.18945 5025
1.19066 5025
1.19068 5025
1.1907 5025
1.19122 5025
1.19122 5025
1.19122 5452
1.19272 5452
1.19275 5452
1.19278 5452
1.19281 5452
1.1933 5452
1.1933 5452
1.1933 4939
1.19464 4939
1.19468 4939
1.19469 4939
1.19511 4939
1.19634 4939
1.19636 4939
1.19639 4939
1.19687 4939
1.19687 4939
1.19687 5432
1.19842 5432
1.19845 5432
1.19848 5432
1.19851 5432
1.19897 5432
1.19897 5432
1.19897 4960
