0.0 0
8.1852e-05 1000
8.1852e-05 1000
0.000180012 2000
0.000294604 3000
0.000400764 4000
0.000518812 5000
0.000535676 6000
0.000653724 7000
0.00067902 8000
0.000712748 9000
0.000906684 10000
0.000923548 11000
0.000957276 12000
0.000982572 13000
0.00126083 14000
0.00129456 15000
0.00131142 16000
0.00134515 17000
0.00137044 18000
0.00139574 19000
0.00175832 20000
0.00179204 21000
0.00181734 22000
0.00184264 23000
0.00187636 24000
0.00190166 25000
0.00193539 26000
0.00195225 27000
0.00197755 28000
0.00250876 29000
0.00253406 30000
0.00256779 31000
0.00259308 32000
0.00261838 33000
0.00265211 34000
0.0026774 35000
0.00271113 36000
0.00273643 37000
0.00277016 38000
0.00278702 39000
0.00281232 40000
0.00284604 41000
0.00287134 42000
0.00365552 43000
0.00368081 44000
0.00369768 45000
0.0037314 46000
0.0037567 47000
0.003782 48000
0.00381572 49000
0.00384102 50000
0.00387475 51000
0.00390004 52000
0.00393377 53000
0.00395907 54000
0.0039928 55000
0.00401809 56000
0.00405182 57000
0.00406868 58000
0.00409398 59000
0.00412771 60000
0.00414457 61000
0.0041783 62000
0.00422046 63000
0.00539251 64000
0.00542624 65000
0.0054431 66000
0.00547683 67000
0.00550212 68000
0.00553585 69000
0.00556115 70000
0.00557801 71000
0.00561174 72000
0.00563704 73000
0.00567076 74000
0.00569606 75000
0.00572979 76000
0.00575508 77000
0.00578881 78000
0.00581411 79000
0.00584784 80000
0.00587313 81000
0.00590686 82000
0.00593216 83000
0.00596588 84000
0.00599118 85000
0.00600804 86000
0.00604177 87000
0.00606707 88000
0.0061008 89000
0.00612609 90000
0.00614296 91000
0.00617668 92000
0.00620198 93000
0.00623571 94000
0.00798956 95000
0.00798956 47500
0.00798956 47500
0.00829312 48500
0.00862196 49500
0.00892552 50500
0.00922907 51500
0.0108143 25750
0.0108143 25750
0.0108311 26750
0.0108649 27750
0.0108986 28750
0.0109323 29750
0.0109661 30750
0.0109998 31750
0.0110672 32750
0.0111178 33750
0.0111769 34750
0.0112275 35750
0.0112865 36750
0.0113286 37750
0.012467 38750
0.012467 19375
0.012467 19375
0.0125344 20375
0.0125681 21375
0.0126019 22375
0.0126356 23375
0.0126693 24375
0.0127031 25375
0.0127368 26375
0.0127705 27375
0.0137486 28375
0.0137486 14187
0.0137486 14187
0.0137908 15187
0.0138245 16187
0.0138582 17187
0.013892 18187
0.0139257 19187
0.0139594 20187
0.0147099 10093
0.0147099 10093
0.0147436 11093
0.0147773 12093
0.0148111 13093
0.0148448 14093
0.0148785 15093
0.0154519 16093
0.0154856 17093
0.0155193 18093
0.0160674 19093
0.016118 20093
0.0161517 21093
0.0161855 22093
0.0162445 23093
0.0169106 24093
0.0169612 25093
0.0169949 26093
0.0170371 27093
0.0170877 28093
0.0178803 29093
0.0179646 30093
0.0180068 31093
0.0180405 32093
0.0180742 33093
0.0181248 34093
0.0181754 35093
0.0190945 36093
0.0191788 37093
0.0192294 38093
0.0192631 39093
0.0192969 40093
0.0193643 41093
0.0194234 42093
0.0204689 21046
0.0204689 21046
0.0205027 22046
0.020587 23046
0.0206291 24046
0.0206629 25046
0.0206966 26046
0.0207387 27046
0.0207809 28046
0.0208146 29046
0.0208737 30046
0.0209243 31046
0.0221216 32046
0.0221638 33046
0.0222059 34046
0.0222396 35046
0.0222818 36046
0.0223324 37046
0.0223914 38046
0.0224336 39046
0.0236056 40046
0.0236731 41046
0.0237237 42046
0.0237405 21023
0.0237405 21023
0.0237574 22023
0.0238164 23023
0.0238586 24023
0.0239092 25023
0.0239513 26023
0.0249885 27023
0.0250475 28023
0.0250897 29023
0.0251318 30023
0.0251655 31023
0.0252499 32023
0.0253005 33023
0.0264219 34023
0.0264556 17011
0.0264556 17011
0.0264725 18011
0.0265231 19011
0.0265568 20011
0.0265906 21011
0.0266327 22011
0.026717 23011
0.0267676 24011
0.0279397 25011
0.0280071 26011
0.0280493 27011
0.0281252 28011
0.0281758 29011
0.0282264 30011
0.0293394 31011
0.0293815 32011
0.0294237 33011
0.0294574 34011
0.0295502 35011
0.0295923 36011
0.0296429 37011
0.0306379 38011
0.0307138 39011
0.0307475 40011
0.0308066 41011
0.0308656 42011
0.0309162 21005
0.0309162 21005
0.0309583 22005
0.0310005 23005
0.0310511 24005
0.0310932 25005
0.0321725 26005
0.0322316 27005
0.0322653 28005
0.0323243 29005
0.0323749 30005
0.0324086 31005
0.033606 32005
0.0336734 33005
0.0337072 34005
0.0337493 35005
0.0337999 36005
0.0337999 18002
0.0337999 18002
0.0338421 19002
0.0338758 20002
0.0339264 21002
0.0350816 22002
0.035149 23002
0.0351828 24002
0.0352334 25002
0.0352755 26002
0.0364391 27002
0.0364982 28002
0.0365572 29002
0.0365909 30002
0.0365909 15001
0.0365909 15001
0.0366415 16001
0.0366752 17001
0.0367427 18001
0.0378135 19001
0.037881 20001
0.03794 21001
0.0379738 22001
0.0390952 23001
0.0391542 24001
0.0392217 25001
0.0392807 26001
0.0393229 27001
0.0393903 28001
0.0403516 29001
0.0404106 30001
0.0404781 31001
0.0405371 32001
0.0405708 33001
0.0406298 34001
0.0406973 35001
0.041667 36001
0.041726 37001
0.0417935 38001
0.0418525 39001
0.0418862 40001
0.0419284 41001
0.0419874 42001
0.0420464 43001
0.0430414 44001
0.0431341 45001
0.0432269 46001
0.0433196 47001
0.0434208 48001
0.0435726 49001
0.044635 50001
0.044635 25000
0.044635 25000
0.0447109 26000
0.0447699 27000
0.0448037 28000
0.0448458 29000
0.044888 30000
0.0449639 31000
0.0450145 32000
0.0450651 33000
0.0459336 34000
0.0460095 35000
0.0460685 36000
0.0461359 37000
0.0462877 38000
0.0463467 39000
0.0464142 40000
0.0464479 41000
0.0474345 42000
0.0475103 43000
0.0475609 44000
0.0476537 45000
0.047797 46000
0.0478476 47000
0.0479404 48000
0.0489607 49000
0.049045 50000
0.0491883 25000
0.0492052 26000
0.0492389 27000
0.0492895 28000
0.0493317 29000
0.0493654 30000
0.0503604 31000
0.0504278 32000
0.0504615 33000
0.0504953 34000
0.050529 35000
0.0505627 36000
0.0506218 37000
0.0507145 38000
0.0517263 39000
0.0517769 40000
0.0518107 41000
0.0518444 42000
0.0518781 43000
0.0519119 44000
0.0519877 45000
0.0520974 46000
0.053067 47000
0.0531429 48000
0.0531598 24000
0.0531598 24000
0.0531767 25000
0.0532104 26000
0.0532441 27000
0.0532863 28000
0.0533284 29000
0.0533875 30000
0.053438 31000
0.0534718 32000
0.0535139 33000
0.0544667 34000
0.0545426 35000
0.0545764 36000
0.0546523 37000
0.0547113 38000
0.054745 39000
0.0547787 40000
0.0548293 41000
0.0559255 42000
0.0559676 43000
0.0560014 44000
0.0560351 45000
0.0560857 46000
0.0561363 47000
0.0561869 48000
0.057106 49000
0.0572746 50000
0.0573589 51000
0.0574601 52000
0.0576203 53000
0.0586827 54000
0.0588683 55000
0.060015 56000
0.0602005 57000
0.0603607 28500
0.0603607 28500
0.0603776 29500
0.0604113 30500
0.0614147 31500
0.0614822 32500
0.0615159 33500
0.0615496 34500
0.0615834 35500
0.0616171 36500
0.0616508 37500
0.0616845 38500
0.0617183 39500
0.061752 40500
0.061811 41500
0.0618447 42500
0.0618616 21250
0.0618616 21250
0.0628229 22250
0.0628566 23250
0.0628903 24250
0.062924 25250
0.0629578 26250
0.0629915 27250
0.0630252 28250
0.0630758 29250
0.0631095 30250
0.0631601 31250
0.0642479 32250
0.0642816 33250
0.0643153 34250
0.0643743 35250
0.0643743 17625
0.0643743 17625
0.0644081 18625
0.0644418 19625
0.0644924 20625
0.0645514 21625
0.0656391 22625
0.0656729 23625
0.0657066 24625
0.0657403 25625
0.0657909 26625
0.0670304 27625
0.0670642 28625
0.0670979 29625
0.0671316 30625
0.0671316 15312
0.0671316 15312
0.0671738 16312
0.0672159 17312
0.0682615 18312
0.0683037 19312
0.0683374 20312
0.0683711 21312
0.0684048 22312
0.0696528 23312
0.0696865 24312
0.0697202 25312
0.069754 26312
0.0698046 27312
0.0710947 28312
0.0711368 29312
0.0711705 30312
0.0712043 31312
0.071238 32312
0.0712886 33312
0.0713476 34312
0.0725871 35312
0.0726461 36312
0.0726799 37312
0.0727136 38312
0.0727473 39312
0.0727895 40312
0.0728232 41312
0.0728569 42312
0.0741386 43312
0.0741892 21656
0.0741892 21656
0.0742145 22656
0.0742567 23656
0.0742904 24656
0.0743241 25656
0.0743578 26656
0.0744169 27656
0.0744506 28656
0.0744843 29656
0.0745349 30656
0.0746024 31656
0.0756648 32656
0.0756648 16328
0.0756648 16328
0.0757491 17328
0.0757913 18328
0.075825 19328
0.0758587 20328
0.0759178 21328
0.0759683 22328
0.0767441 23328
0.0769127 24328
0.0769465 25328
0.0769802 26328
0.0770223 27328
0.0770729 28328
0.0778065 29328
0.0778908 30328
0.0779246 31328
0.0779583 32328
0.0780173 33328
0.0780595 34328
0.0781185 35328
0.0788521 36328
0.0789617 37328
0.0790039 38328
0.0790376 39328
0.0790882 40328
0.0791219 41328
0.0791725 42328
0.0792231 43328
0.0792231 21664
0.0792231 21664
0.0800326 22664
0.0801759 23664
0.0803108 24664
0.0803614 25664
0.0803951 26664
0.0804289 27664
0.0804879 28664
0.0805216 29664
0.0805722 30664
0.0806059 31664
0.0818623 32664
0.0818623 16332
0.0818623 16332
0.081896 17332
0.0819466 18332
0.0819804 19332
0.0820141 20332
0.0820731 21332
0.0821068 22332
0.0833716 23332
0.083456 24332
0.0834897 25332
0.0835487 26332
0.0835909 27332
0.083633 28332
0.0848219 29332
0.08494 30332
0.0849906 31332
0.0850412 32332
0.0850412 16166
0.0850412 16166
0.0850833 17166
0.0851339 18166
0.0851761 19166
0.0863228 20166
0.0864999 21166
0.0865336 22166
0.0865842 23166
0.0877563 24166
0.0877563 12083
0.0877563 12083
0.0878659 13083
0.0880598 14083
0.0880936 15083
0.0881526 16083
0.0881863 17083
0.0890464 8541
0.0890464 8541
0.0892993 9541
0.0893499 10541
0.089409 11541
0.0894427 12541
0.0904124 13541
0.0904461 14541
0.0904798 15541
0.0912977 16541
0.0913315 17541
0.0913652 18541
0.0921325 19541
0.0924192 20541
0.0924529 21541
0.0925035 22541
0.0925541 23541
0.093743 24541
0.0938105 25541
0.0938442 26541
0.0938948 27541
0.0939454 28541
0.0949909 29541
0.0954041 30541
0.0954884 31541
0.0955222 32541
0.0955727 33541
0.0956065 34541
0.0956318 17270
0.0956318 17270
0.0956655 18270
0.096652 19270
0.0971242 20270
0.097217 21270
0.0972507 22270
0.0973013 23270
0.097335 24270
0.0973688 25270
0.0988781 26270
0.0988781 13135
0.0988781 13135
0.0989203 14135
0.0989708 15135
0.0990046 16135
0.0990383 17135
0.0990889 18135
0.100151 19135
0.100151 9567
0.100151 9567
0.100244 10567
0.100286 11567
0.100337 12567
0.100387 13567
0.101231 14567
0.101264 15567
0.101332 16567
0.102015 17567
0.102049 18567
0.102082 19567
0.102116 20567
0.10274 21567
0.102791 22567
0.102824 23567
0.102866 24567
0.102934 25567
0.103667 26567
0.103743 27567
0.103777 28567
0.103811 29567
0.103861 30567
0.103929 31567
0.104797 32567
0.104882 33567
0.104949 34567
0.104983 35567
0.105017 36567
0.105076 37567
0.105126 38567
0.106079 39567
0.106214 40567
0.106324 41567
0.106416 42567
0.10645 43567
0.106484 44567
0.106543 45567
0.106593 46567
0.106636 47567
0.106703 48567
0.107917 49567
0.108002 50567
0.108111 51567
0.108162 25783
0.108162 25783
0.108204 26783
0.108238 27783
0.108271 28783
0.108322 29783
0.108364 30783
0.108406 31783
0.108448 32783
0.108507 33783
0.108575 34783
0.109941 35783
0.110025 36783
0.110084 37783
0.110202 38783
0.110202 19391
0.110202 19391
0.110287 20391
0.11032 21391
0.110354 22391
0.110388 23391
0.111239 24391
0.111416 25391
0.111492 26391
0.111551 27391
0.111678 28391
0.111678 14195
0.111678 14195
0.111787 15195
0.112504 16195
0.112538 17195
0.112605 18195
0.112656 19195
0.112757 20195
0.112833 10097
0.112833 10097
0.113516 11097
0.113558 12097
0.113592 13097
0.113626 14097
0.113676 15097
0.114309 16097
0.114342 17097
0.114401 18097
0.115135 19097
0.115202 20097
0.115245 21097
0.115304 22097
0.115354 23097
0.116265 24097
0.116349 25097
0.1164 26097
0.116459 27097
0.116509 28097
0.11758 29097
0.11758 14548
0.11758 14548
0.117673 15548
0.117766 16548
0.117825 17548
0.117875 18548
0.117943 19548
0.117985 20548
0.119427 21548
0.119477 22548
0.119536 23548
0.119604 24548
0.119638 25548
0.121172 26548
0.121172 13274
0.121172 13274
0.121223 14274
0.121282 15274
0.121333 16274
0.121383 17274
0.121425 18274
0.122892 19274
0.122892 9637
0.122892 9637
0.12301 10637
0.123044 11637
0.123095 12637
0.123145 13637
0.12425 6818
0.12425 6818
0.124267 7818
0.124343 8818
0.124385 9818
0.125152 4909
0.125152 4909
0.125237 5909
0.125287 6909
0.125894 7909
0.12656 8909
0.126729 9909
0.127547 10909
0.127741 11909
0.128736 12909
0.128913 13909
0.130127 14909
0.130262 15909
0.130439 16909
0.131839 17909
0.131957 18909
0.132024 19909
0.13221 20909
0.133475 21909
0.133475 10954
0.133475 10954
0.133609 11954
0.133694 12954
0.133862 13954
0.133947 14954
0.134992 15954
0.134992 7977
0.134992 7977
0.135068 8977
0.135153 9977
0.135296 10977
0.136089 5488
0.136089 5488
0.136105 6488
0.136181 7488
0.136982 8488
0.137024 9488
0.137691 10488
0.137741 11488
0.138551 12488
0.138627 13488
0.139546 14488
0.139647 15488
0.139748 16488
0.140844 17488
0.140954 18488
0.141055 19488
0.141156 20488
0.14248 21488
0.142615 22488
0.142708 23488
0.142843 24488
0.142902 25488
0.144386 26488
0.144529 27488
0.144563 13744
0.144563 13744
0.144605 14744
0.144723 15744
0.144816 16744
0.144866 17744
0.146114 18744
0.146173 19744
0.146308 20744
0.146308 10372
0.146308 10372
0.146569 11372
0.14759 12372
0.147666 13372
0.147699 14372
0.147716 7186
0.147716 7186
0.148677 8186
0.148753 9186
0.148787 10186
0.149538 11186
0.149538 5593
0.149538 5593
0.149571 6593
0.149613 7593
0.150212 8593
0.150878 9593
0.150929 10593
0.151721 11593
0.15178 12593
0.151839 13593
0.152834 14593
0.152868 15593
0.152936 16593
0.154167 17593
0.154217 18593
0.154268 19593
0.154327 20593
0.155845 21593
0.155912 22593
0.155946 23593
0.156013 24593
0.156081 25593
0.156081 12796
0.156081 12796
0.157632 13796
0.157717 14796
0.15775 15796
0.157801 16796
0.157852 17796
0.159538 18796
0.159538 9398
0.159538 9398
0.159572 10398
0.159622 11398
0.159656 12398
0.160895 13398
0.160895 6699
0.160895 6699
0.160963 7699
0.160997 8699
0.161924 9699
0.161924 4849
0.161924 4849
0.161958 5849
0.162708 6849
0.163433 7849
0.163476 8849
0.164386 9849
0.164437 10849
0.165558 11849
0.165601 12849
0.166916 13849
0.167 14849
0.167059 15849
0.168594 16849
0.168703 17849
0.168754 18849
0.168813 19849
0.170365 20849
0.170432 21849
0.170474 22849
0.170525 23849
0.170525 11924
0.170525 11924
0.172177 12924
0.172262 13924
0.172346 14924
0.17238 15924
0.172414 16924
0.173721 8462
0.173721 8462
0.173754 9462
0.173796 10462
0.17383 11462
0.173864 12462
0.174859 6231
0.174859 6231
0.174876 7231
0.174909 8231
0.174952 9231
0.17571 10231
0.175753 11231
0.176436 12231
0.176478 13231
0.177313 14231
0.177388 15231
0.177431 16231
0.178434 17231
0.178518 18231
0.178569 19231
0.178628 20231
0.179859 21231
0.17996 22231
0.180011 23231
0.180053 24231
0.180104 25231
0.181596 26231
0.181697 27231
0.181765 28231
0.181798 29231
0.181849 30231
0.181908 31231
0.183308 32231
0.183308 16115
0.183308 16115
0.183384 17115
0.183485 18115
0.183535 19115
0.183569 20115
0.18362 21115
0.18367 22115
0.183729 23115
0.185036 11557
0.185036 11557
0.185104 12557
0.185137 13557
0.18518 14557
0.185213 15557
0.185247 16557
0.186478 17557
0.186478 8778
0.186478 8778
0.18652 9778
0.186554 10778
0.186588 11778
0.187541 12778
0.187574 13778
0.187616 14778
0.188316 15778
0.18835 16778
0.188384 17778
0.189016 18778
0.189084 19778
0.189117 20778
0.18916 21778
0.189918 22778
0.189994 23778
0.190028 24778
0.190062 25778
0.190112 26778
0.191006 27778
0.191082 28778
0.191149 29778
0.191183 30778
0.191225 31778
0.191268 32778
0.191318 33778
0.192423 34778
0.192507 35778
0.192566 36778
0.1926 37778
0.19265 38778
0.192693 39778
0.192735 40778
0.192785 41778
0.19416 42778
0.194236 43778
0.19432 44778
0.194362 45778
0.194396 46778
0.194446 47778
0.19448 48778
0.194514 49778
0.194573 50778
0.194623 51778
0.196032 25889
0.196032 25889
0.196048 26889
0.196082 27889
0.196116 28889
0.196183 29889
0.196217 30889
0.196251 31889
0.196293 32889
0.196335 33889
0.196369 34889
0.196411 35889
0.196462 36889
0.196512 37889
0.19771 38889
0.19771 19444
0.19771 19444
0.197743 20444
0.197785 21444
0.197819 22444
0.197853 23444
0.197887 24444
0.19792 25444
0.197954 26444
0.197988 27444
0.199084 28444
0.199084 14222
0.199084 14222
0.199118 15222
0.199151 16222
0.199185 17222
0.199219 18222
0.199253 19222
0.199286 20222
0.200146 10111
0.200146 10111
0.200189 11111
0.200222 12111
0.200256 13111
0.20029 14111
0.200323 15111
0.20099 16111
0.201023 17111
0.201057 18111
0.201647 19111
0.201698 20111
0.201732 21111
0.201765 22111
0.201808 23111
0.202533 24111
0.202575 25111
0.202609 26111
0.202642 27111
0.202684 28111
0.203536 29111
0.20362 30111
0.203654 31111
0.203688 32111
0.203722 33111
0.203772 34111
0.203823 35111
0.204851 36111
0.204944 37111
0.204978 38111
0.205012 39111
0.205045 40111
0.205096 41111
0.205138 42111
0.205189 43111
0.205248 44111
0.206521 45111
0.206622 46111
0.206656 47111
0.20669 48111
0.206723 49111
0.206766 50111
0.206808 51111
0.206858 52111
0.2069 53111
0.206951 54111
0.20701 55111
0.208351 27555
0.208351 27555
0.208393 28555
0.208503 29555
0.208536 30555
0.20857 31555
0.208604 32555
0.208637 33555
0.208688 34555
0.208722 35555
0.208764 36555
0.208798 37555
0.208831 38555
0.208865 39555
0.208899 40555
0.210172 41555
0.210172 20777
0.210172 20777
0.21029 21777
0.210324 22777
0.210358 23777
0.210391 24777
0.210425 25777
0.210459 26777
0.210492 27777
0.210526 28777
0.210577 29777
0.211597 30777
0.211597 15388
0.211597 15388
0.211631 16388
0.211665 17388
0.211698 18388
0.211732 19388
0.211766 20388
0.211808 21388
0.212533 22388
0.212533 11194
0.212533 11194
0.212584 12194
0.212617 13194
0.212651 14194
0.212685 15194
0.213191 16194
0.213267 17194
0.2133 18194
0.213351 19194
0.213975 20194
0.214042 21194
0.214076 22194
0.214127 23194
0.214852 24194
0.214945 25194
0.215004 26194
0.215037 27194
0.215088 28194
0.21513 29194
0.216058 30194
0.21615 31194
0.216218 32194
0.216252 33194
0.216302 34194
0.216344 35194
0.216386 36194
0.217516 37194
0.217609 38194
0.217693 39194
0.217752 40194
0.217786 41194
0.217837 42194
0.217879 43194
0.217913 44194
0.217963 45194
0.219355 46194
0.219464 47194
0.21954 48194
0.219624 49194
0.219666 50194
0.2197 51194
0.2197 25597
0.2197 25597
0.219742 26597
0.219776 27597
0.21981 28597
0.219844 29597
0.219877 30597
0.22142 31597
0.221505 32597
0.221606 33597
0.22169 34597
0.221774 35597
0.221825 36597
0.221859 37597
0.221876 18798
0.221876 18798
0.222879 19798
0.222972 20798
0.223048 21798
0.223157 22798
0.223242 23798
0.223309 24798
0.223393 25798
0.223427 26798
0.223461 27798
0.223478 13899
0.223478 13899
0.224414 14899
0.22449 15899
0.224565 16899
0.224658 17899
0.224692 18899
0.224726 19899
0.224759 20899
0.224759 10449
0.224759 10449
0.225619 11449
0.225653 12449
0.225687 13449
0.225721 14449
0.226395 15449
0.226429 16449
0.226471 17449
0.226505 18449
0.227087 19449
0.227137 20449
0.227171 21449
0.227222 22449
0.227888 23449
0.22798 24449
0.228014 25449
0.228048 26449
0.228098 27449
0.228166 28449
0.229001 29449
0.229093 30449
0.229127 31449
0.229161 32449
0.22922 33449
0.229271 34449
0.22933 35449
0.230325 36449
0.230443 37449
0.230485 38449
0.230518 39449
0.230577 40449
0.230628 41449
0.23067 42449
0.230729 43449
0.231834 44449
0.23196 45449
0.232104 46449
0.232171 47449
0.232205 48449
0.232264 49449
0.232314 50449
0.232314 25224
0.232314 25224
0.232374 26224
0.232407 27224
0.232458 28224
0.232525 29224
0.233672 30224
0.233824 31224
0.233992 32224
0.234068 33224
0.234127 34224
0.23417 35224
0.23422 36224
0.234271 37224
0.234271 18612
0.234271 18612
0.235595 19612
0.235628 20612
0.235662 21612
0.235696 22612
0.235738 23612
0.23578 24612
0.235814 25612
0.235847 26612
0.237171 27612
0.237171 13806
0.237171 13806
0.237213 14806
0.237247 15806
0.237289 16806
0.237323 17806
0.237357 18806
0.237391 19806
0.238352 9903
0.238352 9903
0.238369 10903
0.238402 11903
0.238436 12903
0.238487 13903
0.239153 14903
0.239153 7451
0.239153 7451
0.239229 8451
0.239271 9451
0.239735 10451
0.239844 11451
0.240409 12451
0.240544 13451
0.240595 14451
0.241278 15451
0.241429 16451
0.241497 17451
0.242332 18451
0.242424 19451
0.242576 20451
0.242652 21451
0.243656 22451
0.24374 23451
0.2439 24451
0.243984 25451
0.244077 26451
0.2453 27451
0.245376 28451
0.245477 29451
0.245629 30451
0.245738 31451
0.245839 32451
0.245882 33451
0.247248 16725
0.247248 16725
0.24729 17725
0.247374 18725
0.247475 19725
0.247644 20725
0.247737 21725
0.247779 22725
0.247813 23725
0.247846 24725
0.248959 12362
0.248959 12362
0.249322 13362
0.24944 14362
0.249482 15362
0.249516 16362
0.24955 17362
0.249592 18362
0.250738 9181
0.250738 9181
0.250764 10181
0.250797 11181
0.250831 12181
0.250865 13181
0.251843 14181
0.251843 7090
0.251843 7090
0.251877 8090
0.25191 9090
0.252593 10090
0.252593 5045
0.252593 5045
0.252652 6045
0.253125 7045
0.253217 8045
0.253816 9045
0.253884 10045
0.254592 11045
0.254676 12045
0.255452 13045
0.255604 14045
0.255705 15045
0.256658 16045
0.256826 17045
0.256911 18045
0.256978 19045
0.258167 20045
0.258353 21045
0.258454 22045
0.258538 23045
0.259938 24045
0.260022 25045
0.260224 26045
0.260334 27045
0.260427 28045
0.260494 29045
0.261919 14522
0.261919 14522
0.261953 15522
0.262054 16522
0.262273 17522
0.262358 18522
0.262459 19522
0.26256 20522
0.262619 21522
0.263597 10761
0.263597 10761
0.263968 11761
0.264078 12761
0.264145 13761
0.26423 14761
0.264289 15761
0.26498 7880
0.26498 7880
0.265393 8880
0.265461 9880
0.265503 10880
0.265975 11880
0.265975 5940
0.265975 5940
0.266397 6940
0.26643 7940
0.267054 8940
0.26756 9940
0.267645 10940
0.268252 11940
0.268361 12940
0.268446 13940
0.269162 14940
0.269272 15940
0.269382 16940
0.27025 17940
0.270368 18940
0.270469 19940
0.270587 20940
0.271591 21940
0.271734 22940
0.271852 23940
0.271995 24940
0.272071 25940
0.273277 26940
0.273328 13470
0.273328 13470
0.273437 14470
0.273513 15470
0.273665 16470
0.273808 17470
0.273859 18470
0.27498 19470
0.275377 20470
0.275377 10235
0.275377 10235
0.275554 11235
0.275613 12235
0.27654 13235
0.276582 14235
0.276835 7117
0.276835 7117
0.276979 8117
0.27794 9117
0.277991 10117
0.27896 11117
0.27896 5558
0.27896 5558
0.279019 6558
0.279062 7558
0.279804 8558
0.280664 9558
0.280714 10558
0.28176 11558
0.28181 12558
0.281878 13558
0.283168 14558
0.283227 15558
0.283294 16558
0.28488 17558
0.284939 18558
0.285006 19558
0.285074 20558
0.28665 10279
0.28665 10279
0.286667 11279
0.286718 12279
0.286768 13279
0.286836 14279
0.286912 15279
0.288227 7639
0.288227 7639
0.288278 8639
0.288345 9639
0.288413 10639
0.289492 11639
0.289492 5819
0.289492 5819
0.289585 6819
0.289627 7819
0.290521 8819
0.291153 9819
0.291237 10819
0.291777 11819
0.291887 12819
0.291954 13819
0.29262 14819
0.292721 15819
0.292797 16819
0.293615 17819
0.293725 18819
0.293818 19819
0.293885 20819
0.294846 21819
0.294981 22819
0.295074 23819
0.295175 24819
0.295251 25819
0.296398 26819
0.296558 27819
0.296634 28819
0.296777 29819
0.296853 30819
0.296937 31819
0.298168 32819
0.298202 33819
0.298261 34819
0.298261 17409
0.298261 17409
0.298345 18409
0.298497 19409
0.298582 20409
0.298666 21409
0.300066 22409
0.300125 23409
0.300175 24409
0.300217 25409
0.300217 12704
0.300217 12704
0.300538 13704
0.301533 14704
0.301575 15704
0.301609 16704
0.301668 17704
0.302705 18704
0.302705 9352
0.302705 9352
0.302789 10352
0.302831 11352
0.302865 12352
0.303573 13352
0.303573 6676
0.303573 6676
0.303717 7676
0.30375 8676
0.304383 9676
0.304425 10676
0.305024 11676
0.305091 12676
0.30515 13676
0.305858 14676
0.305943 15676
0.30601 16676
0.30687 17676
0.306963 18676
0.307039 19676
0.307106 20676
0.308143 21676
0.308262 22676
0.308354 23676
0.308422 24676
0.308498 25676
0.309703 26676
0.309847 27676
0.309923 28676
0.310041 29676
0.310108 30676
0.310192 31676
0.31166 32676
0.311752 33676
0.311862 16838
0.311862 16838
0.311904 17838
0.311997 18838
0.31209 19838
0.31214 20838
0.312216 21838
0.313624 22838
0.313776 23838
0.313894 24838
0.314004 12419
0.314004 12419
0.314223 13419
0.314257 14419
0.31526 15419
0.315328 16419
0.315361 17419
0.315446 18419
0.316457 9209
0.316457 9209
0.316508 10209
0.316592 11209
0.316634 12209
0.316668 13209
0.317511 14209
0.317545 15209
0.317579 16209
0.318161 17209
0.318228 18209
0.318262 19209
0.318304 20209
0.318776 21209
0.318869 22209
0.31892 23209
0.318953 24209
0.318995 25209
0.319544 26209
0.319662 27209
0.319721 28209
0.319754 29209
0.319788 30209
0.319839 31209
0.320496 32209
0.320589 33209
0.320716 34209
0.320758 35209
0.320791 36209
0.320825 37209
0.320876 38209
0.320926 39209
0.321702 40209
0.32182 41209
0.321972 42209
0.322031 43209
0.322065 44209
0.322098 45209
0.322141 46209
0.322191 47209
0.322233 48209
0.323136 49209
0.32322 50209
0.323363 51209
0.323532 52209
0.323599 53209
0.32365 54209
0.323684 55209
0.323717 56209
0.323776 57209
0.323827 58209
0.323861 59209
0.32392 60209
0.324873 61209
0.324982 62209
0.325075 63209
0.325176 31604
0.325176 31604
0.325269 32604
0.325395 33604
0.32548 34604
0.325539 35604
0.325572 36604
0.325606 37604
0.325657 38604
0.325699 39604
0.325749 40604
0.325783 41604
0.325834 42604
0.325893 43604
0.326736 44604
0.326871 45604
0.326947 46604
0.327124 47604
0.327124 23802
0.327124 23802
0.327461 24802
0.327495 25802
0.327529 26802
0.327571 27802
0.327621 28802
0.327672 29802
0.327731 30802
0.328363 31802
0.328397 32802
0.328431 33802
0.328532 34802
0.329063 17401
0.329063 17401
0.32908 18401
0.329114 19401
0.329148 20401
0.329645 21401
0.329679 22401
0.329713 23401
0.329755 24401
0.329788 25401
0.330581 26401
0.330581 13200
0.330581 13200
0.330623 14200
0.330657 15200
0.330699 16200
0.330733 17200
0.330767 18200
0.331331 19200
0.33139 20200
0.331424 21200
0.331458 22200
0.331492 23200
0.331989 24200
0.332031 25200
0.332065 26200
0.332099 27200
0.332141 28200
0.332681 29200
0.33279 30200
0.332832 31200
0.332866 32200
0.3329 33200
0.332934 34200
0.332984 35200
0.333617 36200
0.333743 37200
0.333785 38200
0.333819 39200
0.333853 40200
0.333886 41200
0.333945 42200
0.333988 43200
0.334038 44200
0.334805 45200
0.33494 46200
0.334983 47200
0.335016 48200
0.33505 49200
0.335084 50200
0.335134 51200
0.335193 52200
0.335227 53200
0.335278 54200
0.335328 55200
0.336281 56200
0.336433 57200
0.336483 58200
0.336517 59200
0.336551 60200
0.336585 61200
0.336618 62200
0.336677 63200
0.336728 64200
0.336762 65200
0.336812 66200
0.336854 67200
0.336905 68200
0.338069 69200
0.338136 70200
0.338305 71200
0.338355 72200
0.338389 73200
0.338423 74200
0.338457 75200
0.338457 37600
0.338457 37600
0.33849 38600
0.338541 39600
0.3386 40600
0.338642 41600
0.338684 42600
0.338718 43600
0.338777 44600
0.338811 45600
0.338861 46600
0.338903 47600
0.34016 48600
0.340236 49600
0.340354 50600
0.340413 51600
0.340446 52600
0.34048 53600
0.340514 54600
0.340548 55600
0.340565 27800
0.340565 27800
0.340581 28800
0.340615 29800
0.340649 30800
0.340691 31800
0.34177 32800
0.341855 33800
0.341981 34800
0.342065 35800
0.342099 36800
0.342133 37800
0.342167 38800
0.3422 39800
0.342234 40800
0.342268 41800
0.342268 20900
0.342268 20900
0.343136 21900
0.343212 22900
0.34328 23900
0.343313 24900
0.343347 25900
0.343381 26900
0.343415 27900
0.343448 28900
0.343499 29900
0.344173 30900
0.344173 15450
0.344173 15450
0.344207 16450
0.344241 17450
0.344275 18450
0.344308 19450
0.344359 20450
0.344418 21450
0.344848 22450
0.344899 23450
0.344949 24450
0.345 25450
0.345059 26450
0.345531 27450
0.345607 28450
0.345649 29450
0.345708 30450
0.345759 31450
0.345818 32450
0.345868 33450
0.34645 34450
0.346526 35450
0.34656 36450
0.346619 37450
0.346669 38450
0.34672 39450
0.346787 40450
0.346838 41450
0.347538 42450
0.347614 43450
0.347673 44450
0.347732 45450
0.347782 46450
0.347841 47450
0.347892 48450
0.347934 49450
0.348002 50450
0.348052 51450
0.348921 52450
0.348988 53450
0.349064 54450
0.349131 55450
0.34919 56450
0.349241 57450
0.349266 28725
0.349266 28725
0.349292 29725
0.349351 30725
0.349393 31725
0.349452 32725
0.349519 33725
0.349561 34725
0.350556 35725
0.350674 36725
0.35075 37725
0.350835 38725
0.350885 39725
0.350944 40725
0.35102 41725
0.351062 42725
0.351256 43725
0.352361 21862
0.352361 21862
0.352428 22862
0.352513 23862
0.352589 24862
0.352673 25862
0.352723 26862
0.352782 27862
0.352825 28862
0.352901 29862
0.352951 30862
0.35301 31862
0.353946 32862
0.353946 16431
0.353946 16431
0.354174 17431
0.354216 18431
0.35425 19431
0.354309 20431
0.354351 21431
0.354401 22431
0.354612 23431
0.355177 11715
0.355177 11715
0.355388 12715
0.35543 13715
0.355464 14715
0.355498 15715
0.355531 16715
0.356054 17715
0.356054 8857
0.356054 8857
0.356299 9857
0.356332 10857
0.356366 11857
0.357133 12857
0.357167 13857
0.357226 14857
0.358145 15857
0.358179 16857
0.358238 17857
0.359359 18857
0.359418 19857
0.359469 20857
0.359528 21857
0.360902 22857
0.360978 23857
0.361021 24857
0.36108 25857
0.361139 26857
0.362572 27857
0.362639 28857
0.362699 29857
0.362758 30857
0.362817 31857
0.362876 32857
0.362918 33857
0.364385 16928
0.364385 16928
0.364427 17928
0.364503 18928
0.364554 19928
0.364613 20928
0.364663 21928
0.364731 22928
0.36479 23928
0.364832 24928
0.365751 12464
0.365751 12464
0.365894 13464
0.365953 14464
0.366021 15464
0.36608 16464
0.36613 17464
0.366181 18464
0.366957 9232
0.366957 9232
0.366974 10232
0.367007 11232
0.367049 12232
0.367092 13232
0.368036 14232
0.36807 15232
0.368103 16232
0.368812 17232
0.368896 18232
0.36893 19232
0.368963 20232
0.369807 21232
0.369925 22232
0.369975 23232
0.370009 24232
0.37006 25232
0.371063 26232
0.371181 27232
0.37124 28232
0.371274 29232
0.371316 30232
0.371367 31232
0.372606 32232
0.37264 16116
0.37264 16116
0.372733 17116
0.372808 18116
0.372868 19116
0.372901 20116
0.372952 21116
0.373011 22116
0.373053 23116
0.374554 24116
0.374815 25116
0.374874 26116
0.374891 13058
0.374891 13058
0.374925 14058
0.374967 15058
0.376653 16058
0.376738 17058
0.377008 18058
0.37705 19058
0.37823 20058
0.37823 10029
0.37823 10029
0.378357 11029
0.378711 12029
0.378745 13029
0.378778 14029
0.379419 7014
0.379419 7014
0.37995 8014
0.380001 9014
0.380043 10014
0.380928 11014
0.380928 5507
0.380928 5507
0.380962 6507
0.381004 7507
0.381654 8507
0.38232 9507
0.382413 10507
0.38318 11507
0.383306 12507
0.383416 13507
0.384335 14507
0.384478 15507
0.384613 16507
0.385709 17507
0.385878 18507
0.385988 19507
0.386139 20507
0.387421 21507
0.38764 22507
0.387742 23507
0.387876 24507
0.387952 25507
0.389082 12753
0.389082 12753
0.3892 13753
0.389479 14753
0.389546 15753
0.389698 16753
0.389799 17753
0.389875 18753
0.390659 9376
0.390659 9376
0.390988 10376
0.391106 11376
0.391173 12376
0.391207 13376
0.392388 14376
0.392388 7188
0.392388 7188
0.39243 8188
0.392463 9188
0.393349 10188
0.393349 5094
0.393349 5094
0.393442 6094
0.39415 7094
0.394302 8094
0.395195 9094
0.395288 10094
0.396351 11094
0.396477 12094
0.397658 13094
0.397877 14094
0.398012 15094
0.399428 16094
0.399572 17094
0.399605 18094
0.399681 19094
0.401064 9547
0.401064 9547
0.401098 10547
0.401266 11547
0.401317 12547
0.401385 13547
0.402641 14547
0.402641 7273
0.402641 7273
0.402784 8273
0.402818 9273
0.403855 10273
0.403855 5136
0.403855 5136
0.403923 6136
0.40474 7136
0.404825 8136
0.40587 9136
0.405929 10136
0.407169 11136
0.407236 12136
0.408678 13136
0.408813 14136
0.408881 15136
0.410238 16136
0.410398 17136
0.410424 8568
0.410424 8568
0.410457 9568
0.410516 10568
0.411756 11568
0.411941 12568
0.411975 6284
0.411975 6284
0.412979 7284
0.41308 8284
0.413189 9284
0.414033 4642
0.414033 4642
0.414049 5642
0.414083 6642
0.415112 7642
0.416267 8642
0.416385 9642
0.417818 10642
0.417962 11642
0.419505 12642
0.41964 13642
0.421225 14642
0.421225 7321
0.421225 7321
0.421326 8321
0.421486 9321
0.422692 10321
0.422692 5160
0.422692 5160
0.422962 6160
0.423965 7160
0.423965 3580
0.423965 3580
0.424109 4580
0.425028 2290
0.425028 2290
0.425045 3290
0.426419 4290
0.427153 5290
0.428063 6290
0.429185 7290
0.4305 8290
0.430627 9290
0.432288 10290
0.432431 11290
0.434033 12290
0.434075 13290
0.435433 14290
0.435433 7145
0.435433 7145
0.435526 8145
0.435559 9145
0.436748 10145
0.436748 5072
0.436748 5072
0.4369 6072
0.43771 7072
0.437912 8072
0.438831 9072
0.438898 10072
0.439851 11072
0.439944 12072
0.440872 13072
0.441158 14072
0.441276 15072
0.442431 16072
0.442743 17072
0.442853 18072
0.44298 19072
0.444312 20072
0.444506 21072
0.444641 22072
0.444784 23072
0.446049 24072
0.446049 12036
0.446049 12036
0.446125 13036
0.446395 14036
0.446546 15036
0.446614 16036
0.446732 17036
0.447465 8518
0.447465 8518
0.447845 9518
0.447997 10518
0.448064 11518
0.448148 12518
0.448654 6259
0.448654 6259
0.449177 7259
0.449261 8259
0.449295 9259
0.450113 10259
0.450155 11259
0.450745 12259
0.450796 13259
0.451479 14259
0.451555 15259
0.451622 16259
0.452449 17259
0.452533 18259
0.452584 19259
0.452651 20259
0.453663 21259
0.453756 22259
0.453806 23259
0.453865 24259
0.453933 25259
0.455189 26259
0.455282 27259
0.455349 28259
0.4554 29259
0.455459 30259
0.455535 31259
0.457044 32259
0.457103 33259
0.457204 34259
0.457204 17129
0.457204 17129
0.457289 18129
0.457339 19129
0.457398 20129
0.457474 21129
0.457533 22129
0.459026 23129
0.459102 24129
0.459211 25129
0.459211 12564
0.459211 12564
0.459414 13564
0.459473 14564
0.460392 15564
0.460476 16564
0.460543 17564
0.460923 18564
0.460923 9282
0.460923 9282
0.461437 10282
0.461496 11282
0.461572 12282
0.461985 13282
0.461985 6641
0.461985 6641
0.462323 7641
0.462356 8641
0.463022 9641
0.463056 10641
0.463646 11641
0.463689 12641
0.463739 13641
0.464456 14641
0.46449 15641
0.464549 16641
0.465426 17641
0.465459 18641
0.46551 19641
0.465569 20641
0.46664 21641
0.466682 22641
0.466741 23641
0.466775 24641
0.466842 25641
0.468158 26641
0.4682 27641
0.468242 28641
0.468292 29641
0.468343 30641
0.46841 31641
0.470038 32641
0.470097 33641
0.470131 34641
0.470181 35641
0.470223 36641
0.470274 37641
0.470333 38641
0.471927 39641
0.471927 19820
0.471927 19820
0.472078 20820
0.472146 21820
0.47218 22820
0.472222 23820
0.472264 24820
0.472315 25820
0.472357 26820
0.472416 27820
0.472492 28820
0.473672 14410
0.473672 14410
0.473706 15410
0.47374 16410
0.473799 17410
0.473849 18410
0.4739 19410
0.473959 20410
0.474035 21410
0.474979 10705
0.474979 10705
0.474996 11705
0.47503 12705
0.475063 13705
0.475097 14705
0.475131 15705
0.475915 7852
0.475915 7852
0.475957 8852
0.475991 9852
0.476025 10852
0.47659 11852
0.476665 12852
0.476699 13852
0.477433 14852
0.477483 15852
0.477525 16852
0.478386 17852
0.478461 18852
0.478495 19852
0.478546 20852
0.479591 21852
0.479676 22852
0.479709 23852
0.47976 24852
0.479819 25852
0.481008 12926
0.481008 12926
0.481118 13926
0.48121 14926
0.481252 15926
0.481286 16926
0.481337 17926
0.481404 18926
0.483099 19926
0.483116 9963
0.483116 9963
0.483133 10963
0.483192 11963
0.483251 12963
0.484819 13963
0.485089 14963
0.485089 7481
0.485089 7481
0.485173 8481
0.486362 9481
0.486649 10481
0.486649 5240
0.486649 5240
0.487593 6240
0.48777 7240
0.48777 3620
0.48777 3620
0.488529 4620
0.489297 5620
0.489988 6620
0.490823 7620
0.491851 8620
0.491919 9620
0.493192 10620
0.493276 11620
0.494853 12620
0.494921 13620
0.496464 14620
0.496616 15620
0.496641 7810
0.496641 7810
0.496675 8810
0.498428 9810
0.498631 10810
0.49869 11810
0.49869 5905
0.49869 5905
0.500165 6905
0.500233 7905
0.501253 3952
0.501253 3952
0.501304 4952
0.502122 5952
0.502122 2976
0.502122 2976
0.502906 3976
0.504204 4976
0.505132 5976
0.506279 6976
0.507712 7976
0.509432 8976
0.509559 9976
0.511135 4988
0.511135 4988
0.511169 5988
0.511321 6988
0.512476 3494
0.512476 3494
0.512628 4494
0.513589 5494
0.513589 2747
0.513589 2747
0.514399 3747
0.51606 4747
0.517232 5747
0.518665 6747
0.520453 7747
0.521979 8747
0.521979 4373
0.521979 4373
0.522013 5373
0.523438 2686
0.523438 2686
0.523455 3686
0.524618 1843
0.524618 1843
0.525478 2843
0.527662 3843
0.530976 4843
0.532696 2421
0.532696 2421
0.53273 3421
0.53407 1710
0.53407 1710
0.535352 2710
0.535352 1355
0.535352 1355
0.540352 1355
0.540352 1000
0.555032 1000
0.560032 1000
0.560766 1000
0.565766 1000
0.57317 1000
0.57817 1000
0.58 1000
0.585 1000
0.585851 1000
0.590851 1000
0.592378 1000
0.597378 1000
0.598423 1000
0.603424 1000
0.604925 1000
0.609925 1000
0.61108 1000
0.61608 1000
0.617648 1000
0.622648 1000
0.623871 1000
0.628871 1000
0.630423 1000
0.635423 1000
0.636882 1000
0.641882 1000
0.643265 1000
0.648265 1000
0.649783 1000
0.654783 1000
0.668485 1000
0.673485 1000
0.675306 1000
0.680306 1000
0.68115 1000
0.68615 1000
0.688191 1000
0.693191 1000
0.694017 1000
0.699017 1000
0.701024 1000
0.706024 1000
0.706884 1000
0.711884 1000
0.713352 1000
0.718352 1000
0.719726 1000
0.724726 1000
0.807411 1000
0.812411 1000
0.82016 1000
0.82516 1000
0.826998 1000
0.831998 1000
0.832673 1000
0.837673 1000
0.845152 1000
0.850152 1000
0.852269 1000
0.857269 1000
0.858163 1000
0.863163 1000
0.86474 1000
0.86974 1000
0.871013 1000
0.876013 1000
0.877337 1000
0.882337 1000
0.883661 1000
0.888661 1000
0.890103 1000
0.895103 1000
0.896453 1000
0.901453 1000
0.903181 1000
0.908181 1000
0.909547 1000
0.914547 1000
0.915652 1000
0.920652 1000
0.928233 1000
0.933233 1000
0.94099 1000
0.94599 1000
0.953723 1000
0.958723 1000
0.972804 1000
0.977804 1000
0.979154 1000
0.984154 1000
