0.0 0
8.1852e-05 4294967295
0.000180012 4294967295
0.000294604 4294967295
0.000400764 4294967295
0.000518812 4294967295
0.000535676 4294967295
0.000653724 4294967295
0.00067902 4294967295
0.000712748 4294967295
0.000906684 4294967295
0.000923548 4294967295
0.000957276 4294967295
0.000982572 4294967295
0.00126083 4294967295
0.00129456 4294967295
0.00131142 4294967295
0.00134515 4294967295
0.00137044 4294967295
0.00139574 4294967295
0.00175832 4294967295
0.00179204 4294967295
0.00181734 4294967295
0.00184264 4294967295
0.00187636 4294967295
0.00190166 4294967295
0.00193539 4294967295
0.00195225 4294967295
0.00197755 4294967295
0.00250876 4294967295
0.00253406 4294967295
0.00256779 4294967295
0.00259308 4294967295
0.00261838 4294967295
0.00265211 4294967295
0.0026774 4294967295
0.00271113 4294967295
0.00273643 4294967295
0.00277016 4294967295
0.00278702 4294967295
0.00281232 4294967295
0.00284604 4294967295
0.00287134 4294967295
0.00365552 4294967295
0.00368081 4294967295
0.00369768 4294967295
0.0037314 4294967295
0.0037567 4294967295
0.003782 4294967295
0.00381572 4294967295
0.00384102 4294967295
0.00387475 4294967295
0.00390004 4294967295
0.00393377 4294967295
0.00395907 4294967295
0.0039928 4294967295
0.00401809 4294967295
0.00405182 4294967295
0.00406868 4294967295
0.00409398 4294967295
0.00412771 4294967295
0.00414457 4294967295
0.0041783 4294967295
0.00422046 4294967295
0.00539251 4294967295
0.00542624 4294967295
0.0054431 4294967295
0.00547683 4294967295
0.00550212 4294967295
0.00553585 4294967295
0.00556115 4294967295
0.00557801 4294967295
0.00561174 4294967295
0.00563704 4294967295
0.00567076 4294967295
0.00569606 4294967295
0.00572979 4294967295
0.00575508 4294967295
0.00578881 4294967295
0.00581411 4294967295
0.00584784 4294967295
0.00587313 4294967295
0.00590686 4294967295
0.00593216 4294967295
0.00596588 4294967295
0.00599118 4294967295
0.00600804 4294967295
0.00604177 4294967295
0.00606707 4294967295
0.0061008 4294967295
0.00612609 4294967295
0.00614296 4294967295
0.00617668 4294967295
0.00620198 4294967295
0.00623571 4294967295
0.00798956 4294967295
0.00798956 4294967295
0.00798956 47500
0.00829312 47500
0.00862196 47500
0.00892552 47500
0.00922907 47500
0.0108143 47500
0.0108143 25750
0.0108311 25750
0.0108649 25750
0.0108986 25750
0.0109323 25750
0.0109661 25750
0.0109998 25750
0.0110672 25750
0.0111178 25750
0.0111769 25750
0.0112275 25750
0.0112865 25750
0.0113286 25750
0.012467 25750
0.012467 25750
0.012467 19375
0.0125344 19375
0.0125681 19375
0.0126019 19375
0.0126356 19375
0.0126693 19375
0.0127031 19375
0.0127368 19375
0.0127705 19375
0.0137486 19375
0.0137486 19375
0.0137486 14187
0.0137908 14187
0.0138245 14187
0.0138582 14187
0.013892 14187
0.0139257 14187
0.0139594 14187
0.0147099 14187
0.0147099 10093
0.0147436 10093
0.0147773 10093
0.0148111 10093
0.0148448 10093
0.0148785 10093
0.0154519 10093
0.0154856 10093
0.0155193 10093
0.0160674 10093
0.016118 10093
0.0161517 10093
0.0161855 10093
0.0162445 10093
0.0169106 10093
0.0169612 10093
0.0169949 10093
0.0170371 10093
0.0170877 10093
0.0178803 10093
0.0179646 10093
0.0180068 10093
0.0180405 10093
0.0180742 10093
0.0181248 10093
0.0181754 10093
0.0190945 10093
0.0191788 10093
0.0192294 10093
0.0192631 10093
0.0192969 10093
0.0193643 10093
0.0194234 10093
0.0204689 10093
0.0204689 21046
0.0205027 21046
0.020587 21046
0.0206291 21046
0.0206629 21046
0.0206966 21046
0.0207387 21046
0.0207809 21046
0.0208146 21046
0.0208737 21046
0.0209243 21046
0.0221216 21046
0.0221638 21046
0.0222059 21046
0.0222396 21046
0.0222818 21046
0.0223324 21046
0.0223914 21046
0.0224336 21046
0.0236056 21046
0.0236731 21046
0.0237237 21046
0.0237405 21046
0.0237405 21023
0.0237574 21023
0.0238164 21023
0.0238586 21023
0.0239092 21023
0.0239513 21023
0.0249885 21023
0.0250475 21023
0.0250897 21023
0.0251318 21023
0.0251655 21023
0.0252499 21023
0.0253005 21023
0.0264219 21023
0.0264556 21023
0.0264556 17011
0.0264725 17011
0.0265231 17011
0.0265568 17011
0.0265906 17011
0.0266327 17011
0.026717 17011
0.0267676 17011
0.0279397 17011
0.0280071 17011
0.0280493 17011
0.0281252 17011
0.0281758 17011
0.0282264 17011
0.0293394 17011
0.0293815 17011
0.0294237 17011
0.0294574 17011
0.0295502 17011
0.0295923 17011
0.0296429 17011
0.0306379 17011
0.0307138 17011
0.0307475 17011
0.0308066 17011
0.0308656 17011
0.0309162 17011
0.0309162 21005
0.0309583 21005
0.0310005 21005
0.0310511 21005
0.0310932 21005
0.0321725 21005
0.0322316 21005
0.0322653 21005
0.0323243 21005
0.0323749 21005
0.0324086 21005
0.033606 21005
0.0336734 21005
0.0337072 21005
0.0337493 21005
0.0337999 21005
0.0337999 21005
0.0337999 18002
0.0338421 18002
0.0338758 18002
0.0339264 18002
0.0350816 18002
0.035149 18002
0.0351828 18002
0.0352334 18002
0.0352755 18002
0.0364391 18002
0.0364982 18002
0.0365572 18002
0.0365909 18002
0.0365909 18002
0.0365909 15001
0.0366415 15001
0.0366752 15001
0.0367427 15001
0.0378135 15001
0.037881 15001
0.03794 15001
0.0379738 15001
0.0390952 15001
0.0391542 15001
0.0392217 15001
0.0392807 15001
0.0393229 15001
0.0393903 15001
0.0403516 15001
0.0404106 15001
0.0404781 15001
0.0405371 15001
0.0405708 15001
0.0406298 15001
0.0406973 15001
0.041667 15001
0.041726 15001
0.0417935 15001
0.0418525 15001
0.0418862 15001
0.0419284 15001
0.0419874 15001
0.0420464 15001
0.0430414 15001
0.0431341 15001
0.0432269 15001
0.0433196 15001
0.0434208 15001
0.0435726 15001
0.044635 15001
0.044635 15001
0.044635 25000
0.0447109 25000
0.0447699 25000
0.0448037 25000
0.0448458 25000
0.044888 25000
0.0449639 25000
0.0450145 25000
0.0450651 25000
0.0459336 25000
0.0460095 25000
0.0460685 25000
0.0461359 25000
0.0462877 25000
0.0463467 25000
0.0464142 25000
0.0464479 25000
0.0474345 25000
0.0475103 25000
0.0475609 25000
0.0476537 25000
0.047797 25000
0.0478476 25000
0.0479404 25000
0.0489607 25000
0.049045 25000
0.0491883 25000
0.0492052 25000
0.0492389 25000
0.0492895 25000
0.0493317 25000
0.0493654 25000
0.0503604 25000
0.0504278 25000
0.0504615 25000
0.0504953 25000
0.050529 25000
0.0505627 25000
0.0506218 25000
0.0507145 25000
0.0517263 25000
0.0517769 25000
0.0518107 25000
0.0518444 25000
0.0518781 25000
0.0519119 25000
0.0519877 25000
0.0520974 25000
0.053067 25000
0.0531429 25000
0.0531598 25000
0.0531598 24000
0.0531767 24000
0.0532104 24000
0.0532441 24000
0.0532863 24000
0.0533284 24000
0.0533875 24000
0.053438 24000
0.0534718 24000
0.0535139 24000
0.0544667 24000
0.0545426 24000
0.0545764 24000
0.0546523 24000
0.0547113 24000
0.054745 24000
0.0547787 24000
0.0548293 24000
0.0559255 24000
0.0559676 24000
0.0560014 24000
0.0560351 24000
0.0560857 24000
0.0561363 24000
0.0561869 24000
0.057106 24000
0.0572746 24000
0.0573589 24000
0.0574601 24000
0.0576203 24000
0.0586827 24000
0.0588683 24000
0.060015 24000
0.0602005 24000
0.0603607 24000
0.0603607 28500
0.0603776 28500
0.0604113 28500
0.0614147 28500
0.0614822 28500
0.0615159 28500
0.0615496 28500
0.0615834 28500
0.0616171 28500
0.0616508 28500
0.0616845 28500
0.0617183 28500
0.061752 28500
0.061811 28500
0.0618447 28500
0.0618616 28500
0.0618616 21250
0.0628229 21250
0.0628566 21250
0.0628903 21250
0.062924 21250
0.0629578 21250
0.0629915 21250
0.0630252 21250
0.0630758 21250
0.0631095 21250
0.0631601 21250
0.0642479 21250
0.0642816 21250
0.0643153 21250
0.0643743 21250
0.0643743 21250
0.0643743 17625
0.0644081 17625
0.0644418 17625
0.0644924 17625
0.0645514 17625
0.0656391 17625
0.0656729 17625
0.0657066 17625
0.0657403 17625
0.0657909 17625
0.0670304 17625
0.0670642 17625
0.0670979 17625
0.0671316 17625
0.0671316 17625
0.0671316 15312
0.0671738 15312
0.0672159 15312
0.0682615 15312
0.0683037 15312
0.0683374 15312
0.0683711 15312
0.0684048 15312
0.0696528 15312
0.0696865 15312
0.0697202 15312
0.069754 15312
0.0698046 15312
0.0710947 15312
0.0711368 15312
0.0711705 15312
0.0712043 15312
0.071238 15312
0.0712886 15312
0.0713476 15312
0.0725871 15312
0.0726461 15312
0.0726799 15312
0.0727136 15312
0.0727473 15312
0.0727895 15312
0.0728232 15312
0.0728569 15312
0.0741386 15312
0.0741892 15312
0.0741892 21656
0.0742145 21656
0.0742567 21656
0.0742904 21656
0.0743241 21656
0.0743578 21656
0.0744169 21656
0.0744506 21656
0.0744843 21656
0.0745349 21656
0.0746024 21656
0.0756648 21656
0.0756648 21656
0.0756648 16328
0.0757491 16328
0.0757913 16328
0.075825 16328
0.0758587 16328
0.0759178 16328
0.0759683 16328
0.0767441 16328
0.0769127 16328
0.0769465 16328
0.0769802 16328
0.0770223 16328
0.0770729 16328
0.0778065 16328
0.0778908 16328
0.0779246 16328
0.0779583 16328
0.0780173 16328
0.0780595 16328
0.0781185 16328
0.0788521 16328
0.0789617 16328
0.0790039 16328
0.0790376 16328
0.0790882 16328
0.0791219 16328
0.0791725 16328
0.0792231 16328
0.0792231 16328
0.0792231 21664
0.0800326 21664
0.0801759 21664
0.0803108 21664
0.0803614 21664
0.0803951 21664
0.0804289 21664
0.0804879 21664
0.0805216 21664
0.0805722 21664
0.0806059 21664
0.0818623 21664
0.0818623 21664
0.0818623 16332
0.081896 16332
0.0819466 16332
0.0819804 16332
0.0820141 16332
0.0820731 16332
0.0821068 16332
0.0833716 16332
0.083456 16332
0.0834897 16332
0.0835487 16332
0.0835909 16332
0.083633 16332
0.0848219 16332
0.08494 16332
0.0849906 16332
0.0850412 16332
0.0850412 16332
0.0850412 16166
0.0850833 16166
0.0851339 16166
0.0851761 16166
0.0863228 16166
0.0864999 16166
0.0865336 16166
0.0865842 16166
0.0877563 16166
0.0877563 16166
0.0877563 12083
0.0878659 12083
0.0880598 12083
0.0880936 12083
0.0881526 12083
0.0881863 12083
0.0890464 12083
0.0890464 8541
0.0892993 8541
0.0893499 8541
0.089409 8541
0.0894427 8541
0.0904124 8541
0.0904461 8541
0.0904798 8541
0.0912977 8541
0.0913315 8541
0.0913652 8541
0.0921325 8541
0.0924192 8541
0.0924529 8541
0.0925035 8541
0.0925541 8541
0.093743 8541
0.0938105 8541
0.0938442 8541
0.0938948 8541
0.0939454 8541
0.0949909 8541
0.0954041 8541
0.0954884 8541
0.0955222 8541
0.0955727 8541
0.0956065 8541
0.0956318 8541
0.0956318 17270
0.0956655 17270
0.096652 17270
0.0971242 17270
0.097217 17270
0.0972507 17270
0.0973013 17270
0.097335 17270
0.0973688 17270
0.0988781 17270
0.0988781 17270
0.0988781 13135
0.0989203 13135
0.0989708 13135
0.0990046 13135
0.0990383 13135
0.0990889 13135
0.100151 13135
0.100151 13135
0.100151 9567
0.100244 9567
0.100286 9567
0.100337 9567
0.100387 9567
0.101231 9567
0.101264 9567
0.101332 9567
0.102015 9567
0.102049 9567
0.102082 9567
0.102116 9567
0.10274 9567
0.102791 9567
0.102824 9567
0.102866 9567
0.102934 9567
0.103667 9567
0.103743 9567
0.103777 9567
0.103811 9567
0.103861 9567
0.103929 9567
0.104797 9567
0.104882 9567
0.104949 9567
0.104983 9567
0.105017 9567
0.105076 9567
0.105126 9567
0.106079 9567
0.106214 9567
0.106324 9567
0.106416 9567
0.10645 9567
0.106484 9567
0.106543 9567
0.106593 9567
0.106636 9567
0.106703 9567
0.107917 9567
0.108002 9567
0.108111 9567
0.108162 9567
0.108162 25783
0.108204 25783
0.108238 25783
0.108271 25783
0.108322 25783
0.108364 25783
0.108406 25783
0.108448 25783
0.108507 25783
0.108575 25783
0.109941 25783
0.110025 25783
0.110084 25783
0.110202 25783
0.110202 25783
0.110202 19391
0.110287 19391
0.11032 19391
0.110354 19391
0.110388 19391
0.111239 19391
0.111416 19391
0.111492 19391
0.111551 19391
0.111678 19391
0.111678 19391
0.111678 14195
0.111787 14195
0.112504 14195
0.112538 14195
0.112605 14195
0.112656 14195
0.112757 14195
0.112833 14195
0.112833 10097
0.113516 10097
0.113558 10097
0.113592 10097
0.113626 10097
0.113676 10097
0.114309 10097
0.114342 10097
0.114401 10097
0.115135 10097
0.115202 10097
0.115245 10097
0.115304 10097
0.115354 10097
0.116265 10097
0.116349 10097
0.1164 10097
0.116459 10097
0.116509 10097
0.11758 10097
0.11758 10097
0.11758 14548
0.117673 14548
0.117766 14548
0.117825 14548
0.117875 14548
0.117943 14548
0.117985 14548
0.119427 14548
0.119477 14548
0.119536 14548
0.119604 14548
0.119638 14548
0.121172 14548
0.121172 14548
0.121172 13274
0.121223 13274
0.121282 13274
0.121333 13274
0.121383 13274
0.121425 13274
0.122892 13274
0.122892 13274
0.122892 9637
0.12301 9637
0.123044 9637
0.123095 9637
0.123145 9637
0.12425 9637
0.12425 6818
0.124267 6818
0.124343 6818
0.124385 6818
0.125152 6818
0.125152 4909
0.125237 4909
0.125287 4909
0.125894 4909
0.12656 4909
0.126729 4909
0.127547 4909
0.127741 4909
0.128736 4909
0.128913 4909
0.130127 4909
0.130262 4909
0.130439 4909
0.131839 4909
0.131957 4909
0.132024 4909
0.13221 4909
0.133475 4909
0.133475 4909
0.133475 10954
0.133609 10954
0.133694 10954
0.133862 10954
0.133947 10954
0.134992 10954
0.134992 10954
0.134992 7977
0.135068 7977
0.135153 7977
0.135296 7977
0.136089 7977
0.136089 5488
0.136105 5488
0.136181 5488
0.136982 5488
0.137024 5488
0.137691 5488
0.137741 5488
0.138551 5488
0.138627 5488
0.139546 5488
0.139647 5488
0.139748 5488
0.140844 5488
0.140954 5488
0.141055 5488
0.141156 5488
0.14248 5488
0.142615 5488
0.142708 5488
0.142843 5488
0.142902 5488
0.144386 5488
0.144529 5488
0.144563 5488
0.144563 13744
0.144605 13744
0.144723 13744
0.144816 13744
0.144866 13744
0.146114 13744
0.146173 13744
0.146308 13744
0.146308 13744
0.146308 10372
0.146569 10372
0.14759 10372
0.147666 10372
0.147699 10372
0.147716 10372
0.147716 7186
0.148677 7186
0.148753 7186
0.148787 7186
0.149538 7186
0.149538 7186
0.149538 5593
0.149571 5593
0.149613 5593
0.150212 5593
0.150878 5593
0.150929 5593
0.151721 5593
0.15178 5593
0.151839 5593
0.152834 5593
0.152868 5593
0.152936 5593
0.154167 5593
0.154217 5593
0.154268 5593
0.154327 5593
0.155845 5593
0.155912 5593
0.155946 5593
0.156013 5593
0.156081 5593
0.156081 5593
0.156081 12796
0.157632 12796
0.157717 12796
0.15775 12796
0.157801 12796
0.157852 12796
0.159538 12796
0.159538 12796
0.159538 9398
0.159572 9398
0.159622 9398
0.159656 9398
0.160895 9398
0.160895 9398
0.160895 6699
0.160963 6699
0.160997 6699
0.161924 6699
0.161924 6699
0.161924 4849
0.161958 4849
0.162708 4849
0.163433 4849
0.163476 4849
0.164386 4849
0.164437 4849
0.165558 4849
0.165601 4849
0.166916 4849
0.167 4849
0.167059 4849
0.168594 4849
0.168703 4849
0.168754 4849
0.168813 4849
0.170365 4849
0.170432 4849
0.170474 4849
0.170525 4849
0.170525 4849
0.170525 11924
0.172177 11924
0.172262 11924
0.172346 11924
0.17238 11924
0.172414 11924
0.173721 11924
0.173721 8462
0.173754 8462
0.173796 8462
0.17383 8462
0.173864 8462
0.174859 8462
0.174859 6231
0.174876 6231
0.174909 6231
0.174952 6231
0.17571 6231
0.175753 6231
0.176436 6231
0.176478 6231
0.177313 6231
0.177388 6231
0.177431 6231
0.178434 6231
0.178518 6231
0.178569 6231
0.178628 6231
0.179859 6231
0.17996 6231
0.180011 6231
0.180053 6231
0.180104 6231
0.181596 6231
0.181697 6231
0.181765 6231
0.181798 6231
0.181849 6231
0.181908 6231
0.183308 6231
0.183308 6231
0.183308 16115
0.183384 16115
0.183485 16115
0.183535 16115
0.183569 16115
0.18362 16115
0.18367 16115
0.183729 16115
0.185036 16115
0.185036 11557
0.185104 11557
0.185137 11557
0.18518 11557
0.185213 11557
0.185247 11557
0.186478 11557
0.186478 11557
0.186478 8778
0.18652 8778
0.186554 8778
0.186588 8778
0.187541 8778
0.187574 8778
0.187616 8778
0.188316 8778
0.18835 8778
0.188384 8778
0.189016 8778
0.189084 8778
0.189117 8778
0.18916 8778
0.189918 8778
0.189994 8778
0.190028 8778
0.190062 8778
0.190112 8778
0.191006 8778
0.191082 8778
0.191149 8778
0.191183 8778
0.191225 8778
0.191268 8778
0.191318 8778
0.192423 8778
0.192507 8778
0.192566 8778
0.1926 8778
0.19265 8778
0.192693 8778
0.192735 8778
0.192785 8778
0.19416 8778
0.194236 8778
0.19432 8778
0.194362 8778
0.194396 8778
0.194446 8778
0.19448 8778
0.194514 8778
0.194573 8778
0.194623 8778
0.196032 8778
0.196032 25889
0.196048 25889
0.196082 25889
0.196116 25889
0.196183 25889
0.196217 25889
0.196251 25889
0.196293 25889
0.196335 25889
0.196369 25889
0.196411 25889
0.196462 25889
0.196512 25889
0.19771 25889
0.19771 25889
0.19771 19444
0.197743 19444
0.197785 19444
0.197819 19444
0.197853 19444
0.197887 19444
0.19792 19444
0.197954 19444
0.197988 19444
0.199084 19444
0.199084 19444
0.199084 14222
0.199118 14222
0.199151 14222
0.199185 14222
0.199219 14222
0.199253 14222
0.199286 14222
0.200146 14222
0.200146 10111
0.200189 10111
0.200222 10111
0.200256 10111
0.20029 10111
0.200323 10111
0.20099 10111
0.201023 10111
0.201057 10111
0.201647 10111
0.201698 10111
0.201732 10111
0.201765 10111
0.201808 10111
0.202533 10111
0.202575 10111
0.202609 10111
0.202642 10111
0.202684 10111
0.203536 10111
0.20362 10111
0.203654 10111
0.203688 10111
0.203722 10111
0.203772 10111
0.203823 10111
0.204851 10111
0.204944 10111
0.204978 10111
0.205012 10111
0.205045 10111
0.205096 10111
0.205138 10111
0.205189 10111
0.205248 10111
0.206521 10111
0.206622 10111
0.206656 10111
0.20669 10111
0.206723 10111
0.206766 10111
0.206808 10111
0.206858 10111
0.2069 10111
0.206951 10111
0.20701 10111
0.208351 10111
0.208351 27555
0.208393 27555
0.208503 27555
0.208536 27555
0.20857 27555
0.208604 27555
0.208637 27555
0.208688 27555
0.208722 27555
0.208764 27555
0.208798 27555
0.208831 27555
0.208865 27555
0.208899 27555
0.210172 27555
0.210172 27555
0.210172 20777
0.21029 20777
0.210324 20777
0.210358 20777
0.210391 20777
0.210425 20777
0.210459 20777
0.210492 20777
0.210526 20777
0.210577 20777
0.211597 20777
0.211597 20777
0.211597 15388
0.211631 15388
0.211665 15388
0.211698 15388
0.211732 15388
0.211766 15388
0.211808 15388
0.212533 15388
0.212533 15388
0.212533 11194
0.212584 11194
0.212617 11194
0.212651 11194
0.212685 11194
0.213191 11194
0.213267 11194
0.2133 11194
0.213351 11194
0.213975 11194
0.214042 11194
0.214076 11194
0.214127 11194
0.214852 11194
0.214945 11194
0.215004 11194
0.215037 11194
0.215088 11194
0.21513 11194
0.216058 11194
0.21615 11194
0.216218 11194
0.216252 11194
0.216302 11194
0.216344 11194
0.216386 11194
0.217516 11194
0.217609 11194
0.217693 11194
0.217752 11194
0.217786 11194
0.217837 11194
0.217879 11194
0.217913 11194
0.217963 11194
0.219355 11194
0.219464 11194
0.21954 11194
0.219624 11194
0.219666 11194
0.2197 11194
0.2197 11194
0.2197 25597
0.219742 25597
0.219776 25597
0.21981 25597
0.219844 25597
0.219877 25597
0.22142 25597
0.221505 25597
0.221606 25597
0.22169 25597
0.221774 25597
0.221825 25597
0.221859 25597
0.221876 25597
0.221876 18798
0.222879 18798
0.222972 18798
0.223048 18798
0.223157 18798
0.223242 18798
0.223309 18798
0.223393 18798
0.223427 18798
0.223461 18798
0.223478 18798
0.223478 13899
0.224414 13899
0.22449 13899
0.224565 13899
0.224658 13899
0.224692 13899
0.224726 13899
0.224759 13899
0.224759 13899
0.224759 10449
0.225619 10449
0.225653 10449
0.225687 10449
0.225721 10449
0.226395 10449
0.226429 10449
0.226471 10449
0.226505 10449
0.227087 10449
0.227137 10449
0.227171 10449
0.227222 10449
0.227888 10449
0.22798 10449
0.228014 10449
0.228048 10449
0.228098 10449
0.228166 10449
0.229001 10449
0.229093 10449
0.229127 10449
0.229161 10449
0.22922 10449
0.229271 10449
0.22933 10449
0.230325 10449
0.230443 10449
0.230485 10449
0.230518 10449
0.230577 10449
0.230628 10449
0.23067 10449
0.230729 10449
0.231834 10449
0.23196 10449
0.232104 10449
0.232171 10449
0.232205 10449
0.232264 10449
0.232314 10449
0.232314 10449
0.232314 25224
0.232374 25224
0.232407 25224
0.232458 25224
0.232525 25224
0.233672 25224
0.233824 25224
0.233992 25224
0.234068 25224
0.234127 25224
0.23417 25224
0.23422 25224
0.234271 25224
0.234271 25224
0.234271 18612
0.235595 18612
0.235628 18612
0.235662 18612
0.235696 18612
0.235738 18612
0.23578 18612
0.235814 18612
0.235847 18612
0.237171 18612
0.237171 18612
0.237171 13806
0.237213 13806
0.237247 13806
0.237289 13806
0.237323 13806
0.237357 13806
0.237391 13806
0.238352 13806
0.238352 9903
0.238369 9903
0.238402 9903
0.238436 9903
0.238487 9903
0.239153 9903
0.239153 9903
0.239153 7451
0.239229 7451
0.239271 7451
0.239735 7451
0.239844 7451
0.240409 7451
0.240544 7451
0.240595 7451
0.241278 7451
0.241429 7451
0.241497 7451
0.242332 7451
0.242424 7451
0.242576 7451
0.242652 7451
0.243656 7451
0.24374 7451
0.2439 7451
0.243984 7451
0.244077 7451
0.2453 7451
0.245376 7451
0.245477 7451
0.245629 7451
0.245738 7451
0.245839 7451
0.245882 7451
0.247248 7451
0.247248 16725
0.24729 16725
0.247374 16725
0.247475 16725
0.247644 16725
0.247737 16725
0.247779 16725
0.247813 16725
0.247846 16725
0.248959 16725
0.248959 12362
0.249322 12362
0.24944 12362
0.249482 12362
0.249516 12362
0.24955 12362
0.249592 12362
0.250738 12362
0.250738 9181
0.250764 9181
0.250797 9181
0.250831 9181
0.250865 9181
0.251843 9181
0.251843 9181
0.251843 7090
0.251877 7090
0.25191 7090
0.252593 7090
0.252593 7090
0.252593 5045
0.252652 5045
0.253125 5045
0.253217 5045
0.253816 5045
0.253884 5045
0.254592 5045
0.254676 5045
0.255452 5045
0.255604 5045
0.255705 5045
0.256658 5045
0.256826 5045
0.256911 5045
0.256978 5045
0.258167 5045
0.258353 5045
0.258454 5045
0.258538 5045
0.259938 5045
0.260022 5045
0.260224 5045
0.260334 5045
0.260427 5045
0.260494 5045
0.261919 5045
0.261919 14522
0.261953 14522
0.262054 14522
0.262273 14522
0.262358 14522
0.262459 14522
0.26256 14522
0.262619 14522
0.263597 14522
0.263597 10761
0.263968 10761
0.264078 10761
0.264145 10761
0.26423 10761
0.264289 10761
0.26498 10761
0.26498 7880
0.265393 7880
0.265461 7880
0.265503 7880
0.265975 7880
0.265975 7880
0.265975 5940
0.266397 5940
0.26643 5940
0.267054 5940
0.26756 5940
0.267645 5940
0.268252 5940
0.268361 5940
0.268446 5940
0.269162 5940
0.269272 5940
0.269382 5940
0.27025 5940
0.270368 5940
0.270469 5940
0.270587 5940
0.271591 5940
0.271734 5940
0.271852 5940
0.271995 5940
0.272071 5940
0.273277 5940
0.273328 5940
0.273328 13470
0.273437 13470
0.273513 13470
0.273665 13470
0.273808 13470
0.273859 13470
0.27498 13470
0.275377 13470
0.275377 13470
0.275377 10235
0.275554 10235
0.275613 10235
0.27654 10235
0.276582 10235
0.276835 10235
0.276835 7117
0.276979 7117
0.27794 7117
0.277991 7117
0.27896 7117
0.27896 7117
0.27896 5558
0.279019 5558
0.279062 5558
0.279804 5558
0.280664 5558
0.280714 5558
0.28176 5558
0.28181 5558
0.281878 5558
0.283168 5558
0.283227 5558
0.283294 5558
0.28488 5558
0.284939 5558
0.285006 5558
0.285074 5558
0.28665 5558
0.28665 10279
0.286667 10279
0.286718 10279
0.286768 10279
0.286836 10279
0.286912 10279
0.288227 10279
0.288227 7639
0.288278 7639
0.288345 7639
0.288413 7639
0.289492 7639
0.289492 7639
0.289492 5819
0.289585 5819
0.289627 5819
0.290521 5819
0.291153 5819
0.291237 5819
0.291777 5819
0.291887 5819
0.291954 5819
0.29262 5819
0.292721 5819
0.292797 5819
0.293615 5819
0.293725 5819
0.293818 5819
0.293885 5819
0.294846 5819
0.294981 5819
0.295074 5819
0.295175 5819
0.295251 5819
0.296398 5819
0.296558 5819
0.296634 5819
0.296777 5819
0.296853 5819
0.296937 5819
0.298168 5819
0.298202 5819
0.298261 5819
0.298261 5819
0.298261 17409
0.298345 17409
0.298497 17409
0.298582 17409
0.298666 17409
0.300066 17409
0.300125 17409
0.300175 17409
0.300217 17409
0.300217 17409
0.300217 12704
0.300538 12704
0.301533 12704
0.301575 12704
0.301609 12704
0.301668 12704
0.302705 12704
0.302705 12704
0.302705 9352
0.302789 9352
0.302831 9352
0.302865 9352
0.303573 9352
0.303573 9352
0.303573 6676
0.303717 6676
0.30375 6676
0.304383 6676
0.304425 6676
0.305024 6676
0.305091 6676
0.30515 6676
0.305858 6676
0.305943 6676
0.30601 6676
0.30687 6676
0.306963 6676
0.307039 6676
0.307106 6676
0.308143 6676
0.308262 6676
0.308354 6676
0.308422 6676
0.308498 6676
0.309703 6676
0.309847 6676
0.309923 6676
0.310041 6676
0.310108 6676
0.310192 6676
0.31166 6676
0.311752 6676
0.311862 6676
0.311862 16838
0.311904 16838
0.311997 16838
0.31209 16838
0.31214 16838
0.312216 16838
0.313624 16838
0.313776 16838
0.313894 16838
0.314004 16838
0.314004 12419
0.314223 12419
0.314257 12419
0.31526 12419
0.315328 12419
0.315361 12419
0.315446 12419
0.316457 12419
0.316457 9209
0.316508 9209
0.316592 9209
0.316634 9209
0.316668 9209
0.317511 9209
0.317545 9209
0.317579 9209
0.318161 9209
0.318228 9209
0.318262 9209
0.318304 9209
0.318776 9209
0.318869 9209
0.31892 9209
0.318953 9209
0.318995 9209
0.319544 9209
0.319662 9209
0.319721 9209
0.319754 9209
0.319788 9209
0.319839 9209
0.320496 9209
0.320589 9209
0.320716 9209
0.320758 9209
0.320791 9209
0.320825 9209
0.320876 9209
0.320926 9209
0.321702 9209
0.32182 9209
0.321972 9209
0.322031 9209
0.322065 9209
0.322098 9209
0.322141 9209
0.322191 9209
0.322233 9209
0.323136 9209
0.32322 9209
0.323363 9209
0.323532 9209
0.323599 9209
0.32365 9209
0.323684 9209
0.323717 9209
0.323776 9209
0.323827 9209
0.323861 9209
0.32392 9209
0.324873 9209
0.324982 9209
0.325075 9209
0.325176 9209
0.325176 31604
0.325269 31604
0.325395 31604
0.32548 31604
0.325539 31604
0.325572 31604
0.325606 31604
0.325657 31604
0.325699 31604
0.325749 31604
0.325783 31604
0.325834 31604
0.325893 31604
0.326736 31604
0.326871 31604
0.326947 31604
0.327124 31604
0.327124 31604
0.327124 23802
0.327461 23802
0.327495 23802
0.327529 23802
0.327571 23802
0.327621 23802
0.327672 23802
0.327731 23802
0.328363 23802
0.328397 23802
0.328431 23802
0.328532 23802
0.329063 23802
0.329063 17401
0.32908 17401
0.329114 17401
0.329148 17401
0.329645 17401
0.329679 17401
0.329713 17401
0.329755 17401
0.329788 17401
0.330581 17401
0.330581 17401
0.330581 13200
0.330623 13200
0.330657 13200
0.330699 13200
0.330733 13200
0.330767 13200
0.331331 13200
0.33139 13200
0.331424 13200
0.331458 13200
0.331492 13200
0.331989 13200
0.332031 13200
0.332065 13200
0.332099 13200
0.332141 13200
0.332681 13200
0.33279 13200
0.332832 13200
0.332866 13200
0.3329 13200
0.332934 13200
0.332984 13200
0.333617 13200
0.333743 13200
0.333785 13200
0.333819 13200
0.333853 13200
0.333886 13200
0.333945 13200
0.333988 13200
0.334038 13200
0.334805 13200
0.33494 13200
0.334983 13200
0.335016 13200
0.33505 13200
0.335084 13200
0.335134 13200
0.335193 13200
0.335227 13200
0.335278 13200
0.335328 13200
0.336281 13200
0.336433 13200
0.336483 13200
0.336517 13200
0.336551 13200
0.336585 13200
0.336618 13200
0.336677 13200
0.336728 13200
0.336762 13200
0.336812 13200
0.336854 13200
0.336905 13200
0.338069 13200
0.338136 13200
0.338305 13200
0.338355 13200
0.338389 13200
0.338423 13200
0.338457 13200
0.338457 13200
0.338457 37600
0.33849 37600
0.338541 37600
0.3386 37600
0.338642 37600
0.338684 37600
0.338718 37600
0.338777 37600
0.338811 37600
0.338861 37600
0.338903 37600
0.34016 37600
0.340236 37600
0.340354 37600
0.340413 37600
0.340446 37600
0.34048 37600
0.340514 37600
0.340548 37600
0.340565 37600
0.340565 27800
0.340581 27800
0.340615 27800
0.340649 27800
0.340691 27800
0.34177 27800
0.341855 27800
0.341981 27800
0.342065 27800
0.342099 27800
0.342133 27800
0.342167 27800
0.3422 27800
0.342234 27800
0.342268 27800
0.342268 27800
0.342268 20900
0.343136 20900
0.343212 20900
0.34328 20900
0.343313 20900
0.343347 20900
0.343381 20900
0.343415 20900
0.343448 20900
0.343499 20900
0.344173 20900
0.344173 20900
0.344173 15450
0.344207 15450
0.344241 15450
0.344275 15450
0.344308 15450
0.344359 15450
0.344418 15450
0.344848 15450
0.344899 15450
0.344949 15450
0.345 15450
0.345059 15450
0.345531 15450
0.345607 15450
0.345649 15450
0.345708 15450
0.345759 15450
0.345818 15450
0.345868 15450
0.34645 15450
0.346526 15450
0.34656 15450
0.346619 15450
0.346669 15450
0.34672 15450
0.346787 15450
0.346838 15450
0.347538 15450
0.347614 15450
0.347673 15450
0.347732 15450
0.347782 15450
0.347841 15450
0.347892 15450
0.347934 15450
0.348002 15450
0.348052 15450
0.348921 15450
0.348988 15450
0.349064 15450
0.349131 15450
0.34919 15450
0.349241 15450
0.349266 15450
0.349266 28725
0.349292 28725
0.349351 28725
0.349393 28725
0.349452 28725
0.349519 28725
0.349561 28725
0.350556 28725
0.350674 28725
0.35075 28725
0.350835 28725
0.350885 28725
0.350944 28725
0.35102 28725
0.351062 28725
0.351256 28725
0.352361 28725
0.352361 21862
0.352428 21862
0.352513 21862
0.352589 21862
0.352673 21862
0.352723 21862
0.352782 21862
0.352825 21862
0.352901 21862
0.352951 21862
0.35301 21862
0.353946 21862
0.353946 21862
0.353946 16431
0.354174 16431
0.354216 16431
0.35425 16431
0.354309 16431
0.354351 16431
0.354401 16431
0.354612 16431
0.355177 16431
0.355177 11715
0.355388 11715
0.35543 11715
0.355464 11715
0.355498 11715
0.355531 11715
0.356054 11715
0.356054 11715
0.356054 8857
0.356299 8857
0.356332 8857
0.356366 8857
0.357133 8857
0.357167 8857
0.357226 8857
0.358145 8857
0.358179 8857
0.358238 8857
0.359359 8857
0.359418 8857
0.359469 8857
0.359528 8857
0.360902 8857
0.360978 8857
0.361021 8857
0.36108 8857
0.361139 8857
0.362572 8857
0.362639 8857
0.362699 8857
0.362758 8857
0.362817 8857
0.362876 8857
0.362918 8857
0.364385 8857
0.364385 16928
0.364427 16928
0.364503 16928
0.364554 16928
0.364613 16928
0.364663 16928
0.364731 16928
0.36479 16928
0.364832 16928
0.365751 16928
0.365751 12464
0.365894 12464
0.365953 12464
0.366021 12464
0.36608 12464
0.36613 12464
0.366181 12464
0.366957 12464
0.366957 9232
0.366974 9232
0.367007 9232
0.367049 9232
0.367092 9232
0.368036 9232
0.36807 9232
0.368103 9232
0.368812 9232
0.368896 9232
0.36893 9232
0.368963 9232
0.369807 9232
0.369925 9232
0.369975 9232
0.370009 9232
0.37006 9232
0.371063 9232
0.371181 9232
0.37124 9232
0.371274 9232
0.371316 9232
0.371367 9232
0.372606 9232
0.37264 9232
0.37264 16116
0.372733 16116
0.372808 16116
0.372868 16116
0.372901 16116
0.372952 16116
0.373011 16116
0.373053 16116
0.374554 16116
0.374815 16116
0.374874 16116
0.374891 16116
0.374891 13058
0.374925 13058
0.374967 13058
0.376653 13058
0.376738 13058
0.377008 13058
0.37705 13058
0.37823 13058
0.37823 13058
0.37823 10029
0.378357 10029
0.378711 10029
0.378745 10029
0.378778 10029
0.379419 10029
0.379419 7014
0.37995 7014
0.380001 7014
0.380043 7014
0.380928 7014
0.380928 7014
0.380928 5507
0.380962 5507
0.381004 5507
0.381654 5507
0.38232 5507
0.382413 5507
0.38318 5507
0.383306 5507
0.383416 5507
0.384335 5507
0.384478 5507
0.384613 5507
0.385709 5507
0.385878 5507
0.385988 5507
0.386139 5507
0.387421 5507
0.38764 5507
0.387742 5507
0.387876 5507
0.387952 5507
0.389082 5507
0.389082 12753
0.3892 12753
0.389479 12753
0.389546 12753
0.389698 12753
0.389799 12753
0.389875 12753
0.390659 12753
0.390659 9376
0.390988 9376
0.391106 9376
0.391173 9376
0.391207 9376
0.392388 9376
0.392388 9376
0.392388 7188
0.39243 7188
0.392463 7188
0.393349 7188
0.393349 7188
0.393349 5094
0.393442 5094
0.39415 5094
0.394302 5094
0.395195 5094
0.395288 5094
0.396351 5094
0.396477 5094
0.397658 5094
0.397877 5094
0.398012 5094
0.399428 5094
0.399572 5094
0.399605 5094
0.399681 5094
0.401064 5094
0.401064 9547
0.401098 9547
0.401266 9547
0.401317 9547
0.401385 9547
0.402641 9547
0.402641 9547
0.402641 7273
0.402784 7273
0.402818 7273
0.403855 7273
0.403855 7273
0.403855 5136
0.403923 5136
0.40474 5136
0.404825 5136
0.40587 5136
0.405929 5136
0.407169 5136
0.407236 5136
0.408678 5136
0.408813 5136
0.408881 5136
0.410238 5136
0.410398 5136
0.410424 5136
0.410424 8568
0.410457 8568
0.410516 8568
0.411756 8568
0.411941 8568
0.411975 8568
0.411975 6284
0.412979 6284
0.41308 6284
0.413189 6284
0.414033 6284
0.414033 4642
0.414049 4642
0.414083 4642
0.415112 4642
0.416267 4642
0.416385 4642
0.417818 4642
0.417962 4642
0.419505 4642
0.41964 4642
0.421225 4642
0.421225 4642
0.421225 7321
0.421326 7321
0.421486 7321
0.422692 7321
0.422692 7321
0.422692 5160
0.422962 5160
0.423965 5160
0.423965 5160
0.423965 3580
0.424109 3580
0.425028 3580
0.425028 2290
0.425045 2290
0.426419 2290
0.427153 2290
0.428063 2290
0.429185 2290
0.4305 2290
0.430627 2290
0.432288 2290
0.432431 2290
0.434033 2290
0.434075 2290
0.435433 2290
0.435433 2290
0.435433 7145
0.435526 7145
0.435559 7145
0.436748 7145
0.436748 7145
0.436748 5072
0.4369 5072
0.43771 5072
0.437912 5072
0.438831 5072
0.438898 5072
0.439851 5072
0.439944 5072
0.440872 5072
0.441158 5072
0.441276 5072
0.442431 5072
0.442743 5072
0.442853 5072
0.44298 5072
0.444312 5072
0.444506 5072
0.444641 5072
0.444784 5072
0.446049 5072
0.446049 5072
0.446049 12036
0.446125 12036
0.446395 12036
0.446546 12036
0.446614 12036
0.446732 12036
0.447465 12036
0.447465 8518
0.447845 8518
0.447997 8518
0.448064 8518
0.448148 8518
0.448654 8518
0.448654 6259
0.449177 6259
0.449261 6259
0.449295 6259
0.450113 6259
0.450155 6259
0.450745 6259
0.450796 6259
0.451479 6259
0.451555 6259
0.451622 6259
0.452449 6259
0.452533 6259
0.452584 6259
0.452651 6259
0.453663 6259
0.453756 6259
0.453806 6259
0.453865 6259
0.453933 6259
0.455189 6259
0.455282 6259
0.455349 6259
0.4554 6259
0.455459 6259
0.455535 6259
0.457044 6259
0.457103 6259
0.457204 6259
0.457204 6259
0.457204 17129
0.457289 17129
0.457339 17129
0.457398 17129
0.457474 17129
0.457533 17129
0.459026 17129
0.459102 17129
0.459211 17129
0.459211 17129
0.459211 12564
0.459414 12564
0.459473 12564
0.460392 12564
0.460476 12564
0.460543 12564
0.460923 12564
0.460923 12564
0.460923 9282
0.461437 9282
0.461496 9282
0.461572 9282
0.461985 9282
0.461985 9282
0.461985 6641
0.462323 6641
0.462356 6641
0.463022 6641
0.463056 6641
0.463646 6641
0.463689 6641
0.463739 6641
0.464456 6641
0.46449 6641
0.464549 6641
0.465426 6641
0.465459 6641
0.46551 6641
0.465569 6641
0.46664 6641
0.466682 6641
0.466741 6641
0.466775 6641
0.466842 6641
0.468158 6641
0.4682 6641
0.468242 6641
0.468292 6641
0.468343 6641
0.46841 6641
0.470038 6641
0.470097 6641
0.470131 6641
0.470181 6641
0.470223 6641
0.470274 6641
0.470333 6641
0.471927 6641
0.471927 6641
0.471927 19820
0.472078 19820
0.472146 19820
0.47218 19820
0.472222 19820
0.472264 19820
0.472315 19820
0.472357 19820
0.472416 19820
0.472492 19820
0.473672 19820
0.473672 14410
0.473706 14410
0.47374 14410
0.473799 14410
0.473849 14410
0.4739 14410
0.473959 14410
0.474035 14410
0.474979 14410
0.474979 10705
0.474996 10705
0.47503 10705
0.475063 10705
0.475097 10705
0.475131 10705
0.475915 10705
0.475915 7852
0.475957 7852
0.475991 7852
0.476025 7852
0.47659 7852
0.476665 7852
0.476699 7852
0.477433 7852
0.477483 7852
0.477525 7852
0.478386 7852
0.478461 7852
0.478495 7852
0.478546 7852
0.479591 7852
0.479676 7852
0.479709 7852
0.47976 7852
0.479819 7852
0.481008 7852
0.481008 12926
0.481118 12926
0.48121 12926
0.481252 12926
0.481286 12926
0.481337 12926
0.481404 12926
0.483099 12926
0.483116 12926
0.483116 9963
0.483133 9963
0.483192 9963
0.483251 9963
0.484819 9963
0.485089 9963
0.485089 9963
0.485089 7481
0.485173 7481
0.486362 7481
0.486649 7481
0.486649 7481
0.486649 5240
0.487593 5240
0.48777 5240
0.48777 5240
0.48777 3620
0.488529 3620
0.489297 3620
0.489988 3620
0.490823 3620
0.491851 3620
0.491919 3620
0.493192 3620
0.493276 3620
0.494853 3620
0.494921 3620
0.496464 3620
0.496616 3620
0.496641 3620
0.496641 7810
0.496675 7810
0.498428 7810
0.498631 7810
0.49869 7810
0.49869 7810
0.49869 5905
0.500165 5905
0.500233 5905
0.501253 5905
0.501253 3952
0.501304 3952
0.502122 3952
0.502122 3952
0.502122 2976
0.502906 2976
0.504204 2976
0.505132 2976
0.506279 2976
0.507712 2976
0.509432 2976
0.509559 2976
0.511135 2976
0.511135 4988
0.511169 4988
0.511321 4988
0.512476 4988
0.512476 3494
0.512628 3494
0.513589 3494
0.513589 3494
0.513589 2747
0.514399 2747
0.51606 2747
0.517232 2747
0.518665 2747
0.520453 2747
0.521979 2747
0.521979 2747
0.521979 4373
0.522013 4373
0.523438 4373
0.523438 2686
0.523455 2686
0.524618 2686
0.524618 1843
0.525478 1843
0.527662 1843
0.530976 1843
0.532696 1843
0.532696 2421
0.53273 2421
0.53407 2421
0.53407 1710
0.535352 1710
0.535352 1710
0.535352 1355
0.540352 2000
0.540352 2000
0.555032 1000
0.560032 2000
0.560766 1000
0.565766 2000
0.57317 1000
0.57817 2000
0.58 1000
0.585 2000
0.585851 1000
0.590851 2000
0.592378 1000
0.597378 2000
0.598423 1000
0.603424 2000
0.604925 1000
0.609925 2000
0.61108 1000
0.61608 2000
0.617648 1000
0.622648 2000
0.623871 1000
0.628871 2000
0.630423 1000
0.635423 2000
0.636882 1000
0.641882 2000
0.643265 1000
0.648265 2000
0.649783 1000
0.654783 2000
0.668485 1000
0.673485 2000
0.675306 1000
0.680306 2000
0.68115 1000
0.68615 2000
0.688191 1000
0.693191 2000
0.694017 1000
0.699017 2000
0.701024 1000
0.706024 2000
0.706884 1000
0.711884 2000
0.713352 1000
0.718352 2000
0.719726 1000
0.724726 2000
0.807411 1000
0.812411 2000
0.82016 1000
0.82516 2000
0.826998 1000
0.831998 2000
0.832673 1000
0.837673 2000
0.845152 1000
0.850152 2000
0.852269 1000
0.857269 2000
0.858163 1000
0.863163 2000
0.86474 1000
0.86974 2000
0.871013 1000
0.876013 2000
0.877337 1000
0.882337 2000
0.883661 1000
0.888661 2000
0.890103 1000
0.895103 2000
0.896453 1000
0.901453 2000
0.903181 1000
0.908181 2000
0.909547 1000
0.914547 2000
0.915652 1000
0.920652 2000
0.928233 1000
0.933233 2000
0.94099 1000
0.94599 2000
0.953723 1000
0.958723 2000
0.972804 1000
0.977804 2000
0.979154 1000
0.984154 2000
