0.0 0
0.00120969 0.001
0.00220467 0.001125
0.00222996 0.00110937
0.00323337 0.0010957
0.00325023 0.00108374
0.00328396 0.00107327
0.00524862 0.00118911
0.00527391 0.00129047
0.00529921 0.00137916
0.00533294 0.00145677
0.00825884 0.00189967
0.00829257 0.00203721
0.00831787 0.00215756
0.00833473 0.00226287
0.00836846 0.00235501
0.00839375 0.00243563
0.010721 0.00275618
0.0107631 0.00266165
0.01078 0.00257895
0.0119689 0.00263158
0.0120027 0.00255263
0.0126182 0.00235855
0.0130904 0.00218873
0.013512 0.00204014
0.0142371 0.00191012
0.0142709 0.00179636
0.0149286 0.00169681
0.0156537 0.00160971
0.0157043 0.00153349
0.0157212 0.00146681
0.0166318 0.00153346
0.0166824 0.00146677
0.0167077 0.00140843
0.0167246 0.00135737
0.0176437 0.0013127
0.0177027 0.00127361
0.0177195 0.00123941
0.0177448 0.00120948
0.018782 0.0011833
0.0188241 0.00116038
0.018841 0.00114034
0.0188579 0.00112279
0.0199287 0.00110744
0.0199793 0.00109401
0.0199962 0.00108226
0.0200131 0.00119698
0.0212188 0.00142235
0.0212694 0.00149456
0.0212947 0.00155774
0.0213116 0.00161302
0.0224752 0.00166139
0.0225427 0.00157872
0.0225932 0.00150638
0.0226101 0.00144308
0.0236894 0.0015127
0.0237737 0.00144861
0.023799 0.00139253
0.0238327 0.00134346
0.0238496 0.00130053
0.0249542 0.00126296
0.025047 0.00135509
0.0250638 0.00143571
0.0250807 0.00150624
0.025106 0.00156796
0.0263118 0.00162196
0.0263961 0.00154422
0.0264129 0.00147619
0.0264298 0.00141667
0.0264467 0.00136458
0.0278211 0.00144401
0.0279054 0.00138851
0.0279223 0.00133994
0.0279391 0.00129745
0.027956 0.00126027
0.0292208 0.00147773
0.029263 0.00154302
0.0292798 0.00160014
0.0292967 0.00165012
0.0293135 0.00169386
0.0293388 0.00173212
0.0307133 0.00164061
0.0307723 0.00156053
0.0307891 0.00149046
0.030806 0.00142916
0.0308313 0.00137551
0.0308819 0.00132857
0.0323828 0.0014125
0.0324418 0.00148594
0.0324587 0.00155019
0.0324755 0.00160642
0.0325008 0.00165562
0.0325514 0.00169866
0.0340523 0.00198633
0.0341114 0.00198804
0.0341282 0.00198953
0.0341535 0.00199084
0.0350642 0.00186699
0.0351148 0.00175861
0.0357472 0.00166379
0.0362615 0.00158081
0.0362868 0.00150821
0.037872 0.00144468
0.0379142 0.0013891
0.0379311 0.00134046
0.0388923 0.0012979
0.0389345 0.00126066
0.0389682 0.00122808
0.0389935 0.00119957
0.0401065 0.00129962
0.0401402 0.00138717
0.040174 0.00146377
0.0401908 0.0015308
0.0402161 0.00158945
0.0414894 0.00151577
0.0415315 0.0014513
0.0415737 0.00139488
0.0415905 0.00134552
0.0416243 0.00130233
0.0429481 0.00138954
0.0429903 0.00134085
0.0430408 0.00142324
0.0430577 0.00149533
0.0430914 0.00155842
0.0431252 0.00161362
0.0445249 0.00166191
0.0445586 0.00170417
0.0446092 0.00161615
0.0446261 0.00153913
0.0446598 0.00147174
0.0446851 0.00141277
0.0461691 0.00148617
0.0461944 0.0015504
0.0462366 0.0016066
0.0462619 0.00165578
0.0462872 0.0016988
0.0463125 0.00173645
0.0477712 0.0018944
0.0477965 0.0017826
0.0478471 0.00168477
0.0478724 0.00159917
0.0479061 0.00152428
0.047923 0.00145874
0.0490782 0.0016514
0.0491878 0.00169497
0.0492299 0.0017331
0.0492552 0.00176646
0.0500563 0.00192066
0.0501912 0.00180557
0.050208 0.00170488
0.0514897 0.00161677
0.051515 0.00153967
0.0521727 0.00159721
0.052198 0.00152256
0.0522149 0.00145724
0.0530665 0.00140008
0.0531002 0.00135007
0.0531171 0.00130631
0.0531424 0.00126802
0.0542385 0.00123452
0.0542723 0.0012052
0.0542976 0.00117955
0.0543144 0.00115711
0.0543397 0.00113747
0.0556298 0.00112029
0.055672 0.00110525
0.0556973 0.00109209
0.0557141 0.00108058
0.055731 0.00107051
0.0557479 0.00106169
0.057215 0.00117898
0.0572572 0.00128161
0.0572909 0.00137141
0.0573078 0.00144998
0.0573246 0.00151873
0.0573415 0.00157889
0.0573584 0.00163153
0.0590363 0.00167759
0.0590785 0.00171789
0.0591122 0.00175315
0.059146 0.00178401
0.0608998 0.00193601
0.0609335 0.00181901
0.0609588 0.00171663
0.061001 0.00175205
0.0610263 0.00178304
0.062114 0.00193516
0.0621815 0.00194327
0.0622152 0.00182536
0.0622321 0.00172219
0.0631596 0.00163191
0.0631933 0.00155292
0.0632102 0.00148381
0.0641714 0.00142333
0.0642052 0.00137042
0.0647027 0.00132411
0.0652592 0.0012836
0.0652845 0.00124815
0.0653182 0.00121713
0.0653519 0.00118999
0.0660433 0.00116624
0.0660855 0.00114546
0.0661108 0.00112728
0.066153 0.00111137
0.0661867 0.00109744
0.0670046 0.00108526
0.0670636 0.0010746
0.0670889 0.00106528
0.0671395 0.00105712
0.0671732 0.00104998
0.0672154 0.00104373
0.0682357 0.00103826
0.0683115 0.00103348
0.0683537 0.00102929
0.0683874 0.00102563
0.0684296 0.00102243
0.0684633 0.00101962
0.0685055 0.00101717
0.0697787 0.00114002
0.0698124 0.00112252
0.0698883 0.0011072
0.0699305 0.0010938
0.0699642 0.00108208
0.0699979 0.00107182
0.0700401 0.00118784
0.0700823 0.00128936
0.0714398 0.00150319
0.071482 0.00156529
0.0714988 0.00161963
0.0716506 0.00166717
0.0716928 0.00158378
0.0717265 0.00151081
0.0732105 0.00157195
0.0732527 0.00162546
0.073278 0.00167228
0.0734298 0.00171324
0.0734635 0.00174909
0.0735057 0.00178045
0.0735394 0.00180789
0.0750403 0.00208191
0.0752089 0.00207167
0.0752511 0.00206271
0.0752679 0.00205487
0.0752848 0.00204801
0.0765243 0.00191701
0.0765496 0.00180238
0.0765665 0.00170208
0.0774856 0.00173932
0.0775277 0.00164691
0.0781264 0.00156604
0.0793153 0.00149529
0.0800152 0.00155837
0.0800489 0.00148858
0.0810101 0.0014275
0.0820894 0.00149907
0.08214 0.00156168
0.0821653 0.00149147
0.0834807 0.00143004
0.0835397 0.00137628
0.083565 0.00132925
0.0852008 0.00153809
0.0852346 0.00159583
0.085302 0.00164635
0.0853273 0.00169056
0.0874353 0.00197924
0.0874775 0.00198183
0.0875112 0.0019841
0.0875787 0.00198609
0.087604 0.00198783
0.0894253 0.00223935
0.0895265 0.00220943
0.0895518 0.00218325
0.0907491 0.00228534
0.0908419 0.00212467
0.0916598 0.00210909
0.0922753 0.00209545
0.0936581 0.00195852
0.0946531 0.0018387
0.0958673 0.00185887
0.0973008 0.00200151
0.0973345 0.00200132
0.098945 0.00187615
0.0989872 0.00176663
0.100766 0.0019208
0.100808 0.0019307
0.100834 0.00193936
0.10252 0.00194694
0.102562 0.00195357
0.103886 0.00183438
