0.0 0
4.16e-05 4.16e-05
0.000106637 4.4529e-05
0.000171339 4.705e-05
0.000183355 5.0758e-05
0.000291499 5.9433e-05
0.000303515 6.8525e-05
0.000315531 7.6481e-05
0.000339563 8.6446e-05
0.000519803 0.000104178
0.000543835 0.000122697
0.000555851 0.000138901
0.000567867 0.000154582
0.000591899 0.000169805
0.000615931 0.000186129
0.000639963 0.000200412
0.000663995 0.000215914
0.000976411 0.000246
0.00100044 0.00027533
0.00102447 0.000300993
0.00104851 0.000326452
0.00106052 0.000348729
0.00107254 0.000369723
0.00109657 0.000389595
0.0011206 0.000409987
0.00114463 0.00042783
0.00116867 0.000446447
0.0011927 0.000462737
0.00121673 0.000479994
0.00124076 0.000495094
0.00126479 0.000511311
0.00128883 0.000525501
0.00132488 0.000542423
0.00188963 0.000588772
0.00191366 0.000632331
0.00193769 0.000670445
0.00196172 0.000706799
0.00198576 0.000738609
0.00200979 0.000769446
0.00203382 0.000796429
0.00205785 0.000823043
0.00206987 0.00084633
0.00208188 0.000868208
0.00210591 0.000888854
0.00212995 0.000909923
0.00215398 0.000928358
0.00217801 0.000947493
0.00220204 0.000964236
0.00222608 0.00098189
0.00225011 0.000997337
0.00227414 0.00101386
0.00229817 0.00102831
0.0023222 0.00104396
0.00234623 0.00105766
0.00237027 0.00107265
0.0023943 0.00108576
0.00241833 0.00110024
0.00244236 0.00111291
0.0024664 0.001127
0.00249043 0.00113933
0.00251446 0.00115312
0.00253849 0.00116519
0.00257454 0.00118025
0.00259857 0.00119193
0.0026226 0.00120516
0.00371606 0.00128282
0.00374009 0.00135377
0.00376412 0.00141586
0.00378816 0.00147319
0.00381219 0.00152335
0.00383622 0.00157025
0.00386025 0.00161128
0.00388428 0.00165019
0.00390831 0.00168424
0.00393235 0.00171703
0.00395638 0.00174573
0.00398041 0.00177384
0.00400444 0.00179844
0.00402848 0.00182296
0.00405251 0.00184442
0.00407654 0.00186621
0.00408855 0.00188527
0.00410057 0.00190345
0.0041246 0.00192085
0.00414864 0.00193909
0.00417267 0.00195505
0.0041967 0.00197202
0.00422073 0.00198686
0.00424476 0.00200285
0.00426879 0.00201685
0.00429283 0.0020321
0.00430484 0.00204394
0.00431686 0.0020558
0.00432888 0.00206468
0.00434089 0.00207395
0.00435291 0.00208056
0.00436492 0.00208785
0.00437694 0.00209272
0.00438895 0.00209848
0.00440097 0.00210203
0.00441299 0.00210663
0.004425 0.00210916
0.00443702 0.00211287
0.00444903 0.00211461
0.00446105 0.00211764
0.00447307 0.00211879
0.00448508 0.0021213
0.0044971 0.00212199
0.00450912 0.00212409
0.00452113 0.00212444
0.00453315 0.00212624
0.00454516 0.00212631
0.00455718 0.00212788
0.00456919 0.00212775
0.00458121 0.00212913
0.00459323 0.00212885
0.00460524 0.0021301
0.00461726 0.00212969
0.00462928 0.00213083
0.00464129 0.00213033
0.00465331 0.0021314
0.00466532 0.00213082
0.00467734 0.00213183
0.00468936 0.0021297
0.00470137 0.00212934
0.00471339 0.00212752
0.0047254 0.00212744
0.00473742 0.00212586
0.00474943 0.00212598
0.00925543 0.00205847
0.0093035 0.00200391
0.00935156 0.00196067
0.0093756 0.00192434
0.00939963 0.00189405
0.00942366 0.00186905
0.00944769 0.00184868
0.00947172 0.00183236
0.00949575 0.00181958
0.00954382 0.0018129
0.00959188 0.00181156
0.00963995 0.0018149
0.00968801 0.00182232
0.00973608 0.00183333
0.00978414 0.00184746
0.0098322 0.00186433
0.00988027 0.0018836
0.00992833 0.00190497
0.00998841 0.00192967
0.0100605 0.0019588
0.0101086 0.00198879
0.0101687 0.00202104
0.0107454 0.00198467
0.0107935 0.00195285
0.0108536 0.00192651
0.0109016 0.00190346
0.0109257 0.00188032
0.0109617 0.00185856
0.0109978 0.00183802
0.0110338 0.00181855
0.0110458 0.00180001
0.0110578 0.00178228
0.0110699 0.00176527
0.0110819 0.00174888
0.0110939 0.00173304
0.0111059 0.00171768
0.0111299 0.00170123
0.011154 0.00168384
0.011178 0.00166562
0.011202 0.00164666
0.0112261 0.00162708
0.0112501 0.00160694
0.0112741 0.00158631
0.0112982 0.00156526
0.0113222 0.00154383
0.0113462 0.00152058
0.0114063 0.00149873
0.0114423 0.00147811
0.0114784 0.00145706
0.0120431 0.00143715
0.0120792 0.00141822
0.0121393 0.00140165
0.0121753 0.00138566
0.0121994 0.00137166
0.0122354 0.00135942
0.0122474 0.0013502
0.0122835 0.00134214
0.0123195 0.00133509
0.0123315 0.00132891
0.0123435 0.00132351
0.0123556 0.00131879
0.0123676 0.00131465
0.0123796 0.00131103
0.0123916 0.00130787
0.0124156 0.0013051
0.0124397 0.00130268
0.0124637 0.00130055
0.0124877 0.0012987
0.0125118 0.00129707
0.0125358 0.00129565
0.0125598 0.00129441
0.0125839 0.00129332
0.0126079 0.00129237
0.0126319 0.00129154
0.012692 0.00129081
0.012716 0.00128867
0.0127521 0.0012868
0.0132928 0.00128216
0.0133289 0.00127809
0.0133889 0.00127454
0.013437 0.00127293
0.013461 0.00127152
0.0134971 0.00127029
0.0135091 0.00126922
0.0135451 0.00126827
0.0135572 0.00126895
0.0135932 0.00126954
0.0136052 0.00127006
0.0136172 0.00127052
0.0136293 0.00127091
0.0136413 0.00127126
0.0136533 0.00127157
0.0136653 0.00127183
0.0136893 0.00127206
0.0137134 0.00127227
0.0137374 0.00127245
0.0137614 0.0012726
0.0137855 0.00127274
0.0138095 0.00127286
0.0138335 0.00127296
0.0138576 0.00127305
0.0138816 0.00127313
0.0139056 0.0012732
0.0139537 0.00127176
0.0139657 0.001269
0.0140018 0.00126658
0.0144704 0.00125545
0.0145064 0.00124572
0.0145665 0.0012372
0.0146266 0.00123125
0.0146506 0.00122604
0.0146867 0.00122148
0.0146987 0.00121749
0.0147347 0.001214
0.0147467 0.00121095
0.0147828 0.00120828
0.0147948 0.00120744
0.0148068 0.00120671
0.0148188 0.00120607
0.0148309 0.00120551
0.0148429 0.00120502
0.0148549 0.0012046
0.0148669 0.00120422
0.0148909 0.00120389
0.014915 0.00120361
0.014939 0.00120335
0.014963 0.00120313
0.0149871 0.00120294
0.0150111 0.00120277
0.0150351 0.00120263
0.0150592 0.0012025
0.0150832 0.00120239
0.0151072 0.00120229
0.0151553 0.0012022
0.0151673 0.00120213
0.0152034 0.00120206
0.015696 0.001205
0.0157321 0.00120758
0.0157921 0.00120984
0.0158522 0.00121181
0.0158883 0.00121504
0.0159243 0.00121787
0.0159363 0.00122034
0.0159724 0.0012225
0.0159844 0.0012244
0.0160204 0.00122605
0.0160325 0.0012275
0.0160445 0.00122877
0.0160565 0.00123138
0.0160685 0.00123366
0.0160805 0.00123566
0.0160925 0.00123741
0.0161046 0.00123894
0.0161166 0.00124028
0.0161406 0.00124146
0.0161646 0.00124248
0.0161887 0.00124338
0.0162127 0.00124416
0.0162367 0.00124485
0.0162608 0.00124545
0.0162848 0.00124598
0.0163088 0.00124644
0.0163329 0.00124684
0.0163569 0.00124719
0.016405 0.0012475
0.016417 0.00124777
0.016453 0.00124801
0.0169697 0.00125122
0.0170058 0.00125403
0.0170658 0.00125648
0.0171259 0.00125864
0.017162 0.00126052
0.01721 0.00126367
0.017222 0.00126642
0.0172581 0.00126883
0.0172701 0.00127094
0.0173062 0.00127279
0.0173182 0.0012744
0.0173302 0.00127582
0.0173422 0.00127705
0.0173542 0.00127964
0.0173662 0.0012819
0.0173783 0.00128388
0.0173903 0.00128561
0.0174023 0.00128712
0.0174143 0.00128845
0.0174383 0.00128961
0.0174624 0.00129062
0.0174864 0.00129151
0.0175104 0.00129229
0.0175345 0.00129297
0.0175585 0.00129356
0.0175825 0.00129408
0.0176066 0.00129454
0.0176306 0.00129494
0.0176546 0.00129528
0.0177027 0.00129559
0.0177147 0.00129586
0.0177507 0.00129609
0.0182795 0.0012978
0.0183155 0.00129929
0.0183756 0.00130059
0.0184357 0.00130174
0.0184717 0.00130274
0.0185318 0.00130511
0.0185438 0.00130719
0.0185799 0.00130901
0.0185919 0.00131061
0.0186279 0.001312
0.0186399 0.00131322
0.0186519 0.00131429
0.018664 0.00131522
0.018676 0.00131604
0.018688 0.00131675
0.0187 0.00131888
0.018712 0.00132074
0.018724 0.00132237
0.0187361 0.0013238
0.0187481 0.00132504
0.0187721 0.00132613
0.0188082 0.00132859
0.0188322 0.00133074
0.0188562 0.00133262
0.0188803 0.00133427
0.0189043 0.00133571
0.0189283 0.00133697
0.0189523 0.00133807
0.0189764 0.00133904
0.0190004 0.00133988
0.0190485 0.00134062
0.0190605 0.00134126
0.0190965 0.00134183
0.0196373 0.00134383
0.0196733 0.00134557
0.0197334 0.0013471
0.0197935 0.00134844
0.0198295 0.00134961
0.0198896 0.00135063
0.0199016 0.00135153
0.0199497 0.00135382
0.0199617 0.00135582
0.0199977 0.00135757
0.0200098 0.0013591
0.0200218 0.00136044
0.0200338 0.00136161
0.0200458 0.00136264
0.0200578 0.00136354
0.0200698 0.00136432
0.0200819 0.00136501
0.0200939 0.00136711
0.0201059 0.00136895
0.0201179 0.00137056
0.0201299 0.00137197
0.0201539 0.0013732
0.02019 0.00137428
0.020226 0.00137673
0.0202501 0.00137887
0.0202741 0.00138074
0.0202981 0.00138238
0.0203222 0.00138382
0.0203462 0.00138507
0.0203702 0.00138617
0.0203943 0.00138713
0.0204423 0.00138797
0.0204543 0.0013887
0.0204904 0.00138935
0.0210311 0.00138991
0.0210672 0.0013904
0.0211272 0.00139083
0.0211873 0.00139121
0.0212234 0.00139154
0.0212835 0.00139183
0.0212955 0.00139208
0.0213555 0.00139381
0.0213676 0.00139532
0.0214036 0.00139663
0.0214156 0.00139779
0.0214276 0.0013988
0.0214397 0.00139968
0.0214517 0.00140046
0.0214637 0.00140113
0.0214757 0.00140172
0.0214877 0.00140224
0.0214997 0.0014027
0.0215118 0.00140309
0.0215238 0.00140494
0.0215358 0.00140656
0.0215478 0.00140797
0.0215718 0.00140921
0.0216079 0.0014103
0.0216439 0.00141125
0.02168 0.00141358
0.021704 0.00141562
0.021728 0.0014174
0.0217521 0.00141896
0.0217761 0.00142033
0.0218001 0.00142153
0.0218242 0.00142257
0.0218843 0.00142499
0.0218963 0.00142711
0.0219323 0.00142896
0.022473 0.00143058
0.0225091 0.001432
0.0225692 0.00143324
0.0226292 0.00143432
0.0226653 0.00143527
0.0227254 0.0014361
0.0227374 0.00143683
0.0227975 0.00143746
0.0228095 0.00143802
0.0228575 0.00144001
0.0228696 0.00144175
0.0228816 0.00144327
0.0228936 0.0014446
0.0229056 0.00144577
0.0229176 0.00144679
0.0229296 0.00144768
0.0229417 0.00144846
0.0229537 0.00144915
0.0229657 0.00144975
0.0229777 0.00145027
0.0229897 0.00145073
0.0230017 0.00145263
0.0230138 0.00145429
0.0230378 0.00145575
0.0230738 0.00145703
0.0231099 0.00145814
0.0231579 0.00146062
0.023182 0.00146279
0.023206 0.00146468
0.02323 0.00146634
0.0232534 0.00146772
