2 0 0.000709482
2 0 0.000759453
2 0 0.000849219
2 0 0.000879112
2 0 0.000888916
2 0 0.000888916
2 0 0.00139381
2 0 0.00238616
2 0 0.000698882
2 0 0
2 0 0.000698882
2 0 0.0011972
2 0 0.00141592
2 0 0.00151573
20 971.137 0.00239078
20 969.511 0.00375587
20 971.137 0.00239078
20 905.609 0.0688372
20 905.609 0.0688372
30 931.367 0.0542636
20 905.609 0.0688372
30 931.367 0.0542636
40 100.729 0.0483951
10 967.23 4.00391e-320
33 936.219 6.93652e-310
34 85.5911 6.91104e-310
3 956.427 0
5 962.57 0
6 964.119 0
7 965.228 0
3 956.427 0
4 960.257 0
5 962.57 0
1 930.445 0
2 958.16 0
1 930.445 0
1 944.769 0
3 964.12 0
4 966.062 0
5 959.246 0.0107759
1 892.35 0
2 944.768 0
1 919.078 0
1 892.35 0
5 962.57 0
5 962.57 0
1 865.207 0
1 852.245 0
4 953.551 0
5 957.172 0
34 85.5798 0.0496823
33 935.737 0.0503555
