1 852.245
2 926.811
3 947.576
4 953.551
5 957.172
6 959.601
7 961.344
8 962.655
9 963.678
10 964.497
11 965.169
12 965.729
13 945.763
14 925.613
15 910.09
16 900.805
17 42.8231
18 924.48
19 917.31
20 919.589
21 52.8866
22 925.888
23 925.312
24 936.79
25 62.9453
26 65.529
27 68.0533
28 942.651
29 942.892
30 75.5925
31 944.17
32 944.141
33 946.196
34 946.292
35 88.0556
36 90.5337
37 949.326
38 954.337
39 98.2619
40 100.716
41 952.323
42 945.674
43 945.248
44 950.123
45 113.471
46 115.889
47 118.583
48 950.873
49 945.642
50 946.105
51 128.393
52 131.525
53 133.443
54 136.599
55 139.136
56 140.903
57 143.791
58 146.75
59 148.511
60 151.09
