1 967.685 0
2 969.015 0
3 927.056 0.0223577
4 933.518 0.0303644
5 928.329 0.0366422
6 935.413 0.0360963
7 936.108 0.0373832
8 935.339 0.0378235
9 941.253 0.0327979
10 937.61 0.036024
11 938.692 0.0364964
12 932.069 0.0360892
13 940.495 0.0363276
14 941.273 0.0370615
15 942.476 0.036208
16 943.81 0.0343688
17 939.777 0.0410691
18 944.424 0.0384866
19 948.254 0.0397394
20 945.695 0.0379581
21 942.863 0.0388853
22 934.055 0.0414277
23 938.805 0.0436177
24 937.319 0.0412437
25 940.462 0.0405145
26 947.615 0.0431145
27 938.929 0.048765
28 945.027 0.0460653
29 943.943 0.0423515
30 947.51 0.0433397
31 942.66 0.0450563
32 944.813 0.0461733
33 950.661 0.0478891
34 945.073 0.0502793
35 938.177 0.0498462
36 78.7865 0.0499087
37 937.694 0.051776
38 942.156 0.0526953
39 941.014 0.0554217
40 942.137 0.0543807
41 78.7254 0.0548523
42 933.08 0.0588589
43 930.104 0.0579011
44 936.306 0.0569057
45 78.8989 0.0588585
46 78.7907 0.0591787
47 78.7727 0.0604106
48 941.613 0.0586124
49 78.9094 0.0627615
50 934.721 0.063306
51 78.9324 0.0632081
52 79.1234 0.0644974
53 79.1302 0.0669407
54 78.906 0.066474
55 78.9688 0.0676471
56 79.1499 0.0653179
57 79.1563 0.068323
58 78.9318 0.0697406
59 79.169 0.0660216
60 79.1753 0.0722063
