Waf: Entering directory `/home/mushu/ns-allinone-3.30.1/ns-3-dctcp/build'
Waf: Leaving directory `/home/mushu/ns-allinone-3.30.1/ns-3-dctcp/build'
Build commands will be stored in build/compile_commands.json
'build' finished successfully (1.701s)
0
0
0
0
0
0
0
0
0
0
0
0
0
0
0
0
0
0
0
0
0
0
0
0
0
0
0
0
0
0
0
0
0
0
0
0
0
0
0
0
0
0
0
0
0
0
0
0
0
0
0
0
0
0
0
0
0
0
0
0
0
0
0
0
0
0
0
0
0
0
0
0
0
0
0
0
0
0
0
0
0
0
0
0
0
0
0
0
0
0
0
0
0
0
0
0
0
0
0
0
0
0
0
0
0
0
0
0
0
0
0
0
0
0
0
0
0
0
0
0
0
0.015625
0.03125
0.03125
0.03125
0.03125
0.03125
0.03125
0.03125
0.03125
0.03125
0.03125
0.03125
0.03125
0.03125
0.03125
0.03125
0.03125
0.03125
0.03125
0.03125
0.0917969
0.0917969
0.0917969
0.0917969
0.0917969
0.0917969
0.0917969
0.0917969
0.0917969
0.0917969
0.0917969
0.0917969
0.0917969
0.0917969
0.0917969
0.0917969
0.0917969
0.0917969
0.0917969
0.00520833
0.04375
0.00488281
0.00457764
0
0
0
0
0
0
0
0
0
0
0
0
0
0
0
0
0.0410156
0.0384521
0.14856
0.0563151
0.14856
0.160108
0.14856
0.180941
0.14856
0.160108
0.14856
0.139275
0.14856
0.201775
0.14856
0.180941
0.14856
0.180941
0.14856
0.201775
0.14856
0.180941
0.14856
0.160108
0.14856
0.201775
0.14856
0.180941
0.14856
0.180941
0.144393
0.160108
0.144393
0.144393
0.144393
0.14856
0.139275
0.00429153
0.00402331
0
0
0
0
0
0
0
0
0
0
0
0
0
0
0
0
0.0568822
0.0533271
0.0527954
0.0494957
0.150101
0.169632
0.150101
0.13057
0.189164
0.169632
0.169632
0.189164
0.169632
0.150101
0.189164
0.169632
0.169632
0.150101
0.13057
0.00377186
0.00353612
0
0
0
0
0
0
0
0
0
0
0
0
0
0
0
0
0.0499941
0.0464022
0.14072
0.0435021
0.15903
0.14072
0.122409
0.177341
0.15903
0.15903
0.177341
0.15903
0.14072
0.177341
0.15903
0.15903
0.14072
0.135368
0.135368
0.126908
0.135368
0.126908
0.135368
0.126908
0.126908
0.122409
0.00331511
0
0
0
0
0
0
0
0
0
0
0
0
0
0
0
0
0.0468695
0.131925
0.0407832
0.164716
0.0694842
0.17368
0.131925
0.154421
0.17368
0.130384
0.181882
0.164716
0.208015
0.164716
0.204421
0.181882
0.216921
0.164716
0.220515
0.14755
0.179421
0.166257
0.138328
0.164716
0.205866
0.164716
0.191921
0.14755
0.216921
0.200828
0.181476
0.181476
0.181476
0.181476
0.146009
0.0239412
0.0849449
0.0625
0.0625
0.0625
0.0625
0.0625
0.0625
0.0625
0.0625
0.0814402
0.127641
0.182164
0.225325
0.20727
0.184735
0.225325
0.235689
0.257514
0.254145
0.265864
0.269232
0.230707
0.192183
0.255499
0.242426
0.265864
0.232634
0.250776
0.232634
0.232634
0.232634
0.199383
0.249422
0.142136
0.121094
0.176025
0.121094
0.176025
0.121094
0.176025
0.121094
0.176025
0.121094
0.176025
0.121094
0.176025
0.121094
0.176025
0.121094
0.176025
0.13885
0.233279
0.273742
0.281199
0.256816
0.273742
0.283458
0.303919
0.300761
0.311747
0.314905
0.278788
0.242671
0.302031
0.289775
0.311747
0.280594
0.297603
0.280594
0.325557
0.280594
0.325557
0.280594
0.325557
0.325557
0.296333
0.195752
0.227524
0.227524
0.227524
0.227524
0.227524
0.227524
0.227524
0.227524
0.192672
0.24313
0.319133
0.326124
0.303265
0.319133
0.328242
0.347424
0.344463
0.354763
0.357724
0.323864
0.290004
0.345654
0.334164
0.354763
0.341503
0.36771
0.36771
0.36771
0.36771
0.340312
0.246018
0.275804
0.275804
0.275804
0.275804
0.275804
0.275804
0.275804
0.275804
0.361687
0.290434
0.346811
0.368241
0.407726
0.361687
0.387635
0.370227
0.409588
0.38821
0.385434
0.39509
0.366122
0.397866
0.334379
0.40574
0.37598
0.38655
0.375778
0.39509
0.382659
0.407228
0.407228
0.407228
0.407228
0.381543
0.420196
0.293142
0.33732
0.321066
0.321066
0.321066
0.321066
0.321066
0.321066
0.321066
0.321066
0.334782
0.401582
0.444743
0.401582
0.425908
0.426447
0.446489
0.423845
0.462294
0.432897
0.459854
0.435499
0.468341
0.470781
0.442881
0.424891
0.414981
0.414792
0.460835
0.432897
0.451368
0.421242
0.468341
0.444276
0.457415
0.444276
0.444276
0.444276
0.456434
0.378738
0.363499
0.403281
0.363499
0.403281
0.363499
0.403281
0.363499
0.403281
0.363499
0.403281
0.363499
0.403281
0.363499
0.403281
0.363499
0.403281
0.376358
0.438983
0.479447
0.511981
0.474046
0.438983
0.461788
0.474046
0.481083
0.495901
0.493614
0.50157
0.503857
0.477701
0.451545
0.494533
0.485657
0.50157
0.479009
0.491326
0.479009
0.511571
0.479009
0.511571
0.479009
0.511571
0.511571
0.490407
0.417567
0.440575
0.440575
0.440575
0.440575
0.440575
0.440575
0.440575
0.440575
0.415336
0.506919
0.495427
0.542482
0.526963
0.506919
0.513515
0.527407
0.525263
0.532722
0.534866
0.510345
0.485824
0.526125
0.517804
0.532722
0.523119
0.542098
0.542098
0.542098
0.542098
0.522256
0.453969
0.488096
0.47554
0.47554
0.47554
0.47554
0.47554
0.47554
0.47554
0.47554
0.451877
