0.0 0
4.16e-05 1460
4.16e-05 1460
0.000106637 2920
0.000171339 4380
0.000183355 5840
0.000236041 7300
0.000248057 8760
0.000260073 10220
0.000272089 11680
0.000300743 13140
0.000312759 14600
0.000324775 16060
0.000336791 17520
0.000348807 18980
0.000360823 20440
0.000372839 21900
0.000384855 23360
0.000396871 24820
0.000408887 26280
0.000420903 27740
0.000432919 29200
0.000444935 30660
0.000456951 32120
0.000468967 33580
0.000480983 35040
0.000492999 36500
0.000505015 37960
0.000517031 39420
0.000529047 40880
0.000541063 42340
0.000553079 43800
0.000565095 45260
0.000577111 46720
0.000589127 48180
0.000601143 49640
0.000613159 51100
0.000625175 52560
0.000637191 54020
0.000649207 55480
0.000661223 56940
0.000673239 58400
0.000685255 59860
0.000697271 61320
0.000709287 62780
0.000721303 64240
0.000733319 65700
0.000745335 67160
0.000757351 68620
0.000769367 70080
0.000781383 71540
0.000793399 73000
0.000805415 74460
0.000817431 75920
0.000829447 77380
0.000841463 78840
0.000853479 80300
0.000865495 81760
0.000877511 83220
0.000889527 84680
0.000901543 86140
0.000913559 87600
0.000925575 89060
0.000937591 90520
0.000949607 91980
0.000961623 93440
0.000973639 94900
0.000985655 96360
0.000997671 97820
0.00100969 99280
0.0010217 100740
0.00103372 102200
0.00104573 103660
0.00105775 105120
0.00106977 106580
0.00108178 108040
0.0010938 109500
0.00110582 110960
0.00111783 112420
0.00112985 113880
0.00114186 115340
0.00115388 116800
0.00116589 118260
0.00117791 119720
0.00118993 121180
0.00120194 122640
0.00121396 124100
0.00122598 125560
0.00123799 127020
0.00125001 128480
0.00126202 129940
0.00127404 131400
0.00128605 132860
0.00129807 134320
0.00131009 135780
0.0013221 137240
0.00133412 138700
0.00134614 140160
0.00135815 141620
0.00137017 143080
0.00138218 144540
0.0013942 146000
0.00140621 147460
0.00141823 148920
0.00143025 150380
0.00144226 151840
0.00145428 153300
0.00146629 154760
0.00147831 156220
0.00149033 157680
0.00150234 159140
0.00151436 160600
0.00152637 162060
0.00153839 163520
0.00155041 164980
0.00156242 166440
0.00157444 167900
0.00158646 169360
0.00159847 170820
0.00161049 172280
0.0016225 173740
0.00163452 175200
0.00164653 176660
0.00165855 178120
0.00167057 179580
0.00168258 181040
0.0016946 182500
0.00170661 183960
0.00171863 185420
0.00173065 186880
0.00174266 188340
0.00175468 189800
0.00176669 191260
0.00177871 192720
0.00179073 194180
0.00180274 195640
0.00181476 197100
0.00182678 198560
0.00183879 200020
0.00185081 201480
0.00186282 202940
0.00187484 204400
0.00188685 205860
0.00189887 207320
0.00191089 208780
0.0019229 210240
0.00193492 211700
0.00194693 213160
0.00195895 214620
0.00197097 216080
0.00198298 217540
0.001995 219000
0.00200702 220460
0.00201903 221920
0.00203105 223380
0.00204306 224840
0.00205508 226300
0.0020671 227760
0.00207911 229220
0.00209113 230680
0.00210314 232140
0.00211516 233600
0.00212717 235060
0.00213919 236520
0.00215121 237980
0.00216322 239440
0.00217524 240900
0.00218725 242360
0.00219927 243820
0.00221129 245280
0.0022233 246740
0.00223532 248200
0.00224734 249660
0.00225935 251120
0.00227137 252580
0.00228338 254040
0.0022954 255500
0.00230742 256960
0.00231943 258420
0.00233145 259880
0.00234346 261340
0.00235548 262800
0.00236749 264260
0.00237951 265720
0.00239153 267180
0.00240354 268640
0.00241556 270100
0.00242757 271560
0.00243959 273020
0.00245161 274480
0.00246362 275940
0.00247564 277400
0.00248766 278860
0.00249967 280320
0.00251169 281780
0.0025237 283240
0.00253572 284700
0.00254773 286160
0.00255975 287620
0.00257177 289080
0.00258378 290540
0.0025958 292000
0.00260781 293460
0.00261983 294920
0.00263185 296380
0.00264386 297840
0.00265588 299300
0.00266789 300760
0.00267991 302220
0.00269193 303680
0.00270394 305140
0.00271596 306600
0.00272798 308060
0.00273999 309520
0.00275201 310980
0.00276402 312440
0.00277604 313900
0.00278805 315360
0.00280007 316820
0.00281209 318280
0.0028241 319740
0.00283612 321200
0.00284813 322660
0.00286015 324120
0.00287217 325580
0.00288418 327040
0.0028962 328500
0.00290822 329960
0.00292023 331420
0.00293225 332880
0.00294426 334340
0.00295628 335800
0.0029683 337260
0.00298031 338720
0.00299233 340180
0.00300434 341640
0.00301636 343100
0.00302837 344560
0.00304039 346020
0.00305241 347480
0.00306442 348940
0.00307644 350400
0.00308845 351860
0.00310047 353320
0.00311249 354780
0.0031245 356240
0.00313652 357700
0.00314854 359160
0.00316055 360620
0.00317257 362080
0.00318458 363540
0.0031966 365000
0.00320861 366460
0.00322063 367920
0.00323265 369380
0.00324466 370840
0.00325668 372300
0.00326869 373760
0.00328071 375220
0.00329273 376680
0.00330474 378140
0.00331676 379600
0.00332877 381060
0.00334079 382520
0.00335281 383980
0.00336482 385440
0.00337684 386900
0.00338886 388360
0.00340087 389820
0.00341289 391280
0.0034249 392740
0.00343692 394200
0.00344894 395660
0.00346095 397120
0.00347297 398580
0.00348498 400040
0.003497 401500
0.00350901 402960
0.00352103 404420
0.00353305 405880
0.00354506 407340
0.00355708 408800
0.00356909 410260
0.00358111 411720
0.00359313 413180
0.00360514 414640
0.00361716 416100
0.00362918 417560
0.00364119 419020
0.00365321 420480
0.00366522 421940
0.00367724 423400
0.00368925 424860
0.00370127 426320
0.00371329 427780
0.0037253 429240
0.00373732 430700
0.00374933 432160
0.00376135 433620
0.00377337 435080
0.00378538 436540
0.0037974 438000
0.00380942 439460
0.00382143 440920
0.00383345 442380
0.00384546 443840
0.00385748 445300
0.0038695 446760
0.00388151 448220
0.00389353 449680
0.00390554 451140
0.00391756 452600
0.00392958 454060
0.00394159 455520
0.00395361 456980
0.00396562 458440
0.00397764 459900
0.00398965 461360
0.00400167 462820
0.00401369 464280
0.0040257 465740
0.00403772 467200
0.00404973 468660
0.00406175 470120
0.00407377 471580
0.00408578 473040
0.0040978 474500
0.00410982 475960
0.00412183 477420
0.00413385 478880
0.00414586 480340
0.00415788 481800
0.00416989 483260
0.00418191 484720
0.00419393 486180
0.00420594 487640
0.00421796 489100
0.00422998 490560
0.00424199 492020
0.00425401 493480
0.00426602 494940
0.00427804 496400
0.00429006 497860
0.00430207 499320
0.00431409 500780
0.0043261 502240
0.00433812 503700
0.00435013 505160
0.00436215 506620
0.00437417 508080
0.00438618 509540
0.0043982 511000
0.00441022 512460
0.00442223 513920
0.00443425 515380
0.00444626 516840
0.00445828 518300
0.00447029 519760
0.00448231 521220
0.00449433 522680
0.00450634 524140
0.00451836 525600
0.00453037 527060
0.00454239 528520
0.00455441 529980
0.00456642 531440
0.00457844 532900
0.00459046 534360
0.00460247 535820
0.00461449 537280
0.0046265 538740
0.00463852 540200
0.00465053 541660
0.00466255 543120
0.00467457 544580
0.00468658 546040
0.0046986 547500
0.00471061 548960
0.00472263 550420
0.00473465 551880
0.00474666 553340
0.00475868 554800
0.0047707 556260
0.00478271 557720
0.00479473 559180
0.00480674 560640
0.00481876 562100
0.00483077 563560
0.00484279 565020
0.00485481 566480
0.00486682 567940
0.00487884 569400
0.00489086 570860
0.00490287 572320
0.00491489 573780
0.0049269 575240
0.00493892 576700
0.00495094 578160
0.00496295 579620
0.00497497 581080
0.00498698 582540
0.004999 584000
0.00501101 585460
0.00502303 586920
0.00503505 588380
0.00504706 589840
0.00505908 591300
0.0050711 592760
0.00508311 594220
0.00509513 595680
0.00510714 597140
0.00511916 598600
0.00513117 600060
0.00514319 601520
0.00515521 602980
0.00516722 604440
0.00517924 605900
0.00519125 607360
0.00520327 608820
0.00521529 610280
0.0052273 611740
0.00523932 613200
0.00525134 614660
0.00526335 616120
0.00527537 617580
0.00528738 619040
0.0052994 620500
0.00531141 621960
0.00532343 623420
0.00533545 624880
0.00534746 626340
0.00535948 627800
0.00537149 629260
0.00538351 630720
0.00539553 632180
0.00540754 633640
0.00541956 635100
0.00543158 636560
0.00544359 638020
0.00545561 639480
0.00546762 640940
0.00547964 642400
0.00549165 643860
0.00550367 645320
0.00551569 646780
0.0055277 648240
0.00553972 649700
0.00555174 651160
0.00556375 652620
0.00557577 654080
0.00558778 655540
0.0055998 657000
0.00561182 658460
0.00562383 659920
0.00563585 661380
0.00564786 662840
0.00565988 664300
0.00567189 665760
0.00568391 667220
0.00569593 668680
0.00570794 670140
0.00571996 671600
0.00573198 673060
0.00574399 674520
0.00575601 675980
0.00576802 677440
0.00578004 678900
0.00579205 680360
0.00580407 681820
0.00581609 683280
0.0058281 684740
0.00584012 686200
0.00585213 687660
0.00586415 689120
0.00587617 690580
0.00588818 692040
0.0059002 693500
0.00591222 694960
0.00592423 696420
0.00593625 697880
0.00594826 699340
0.00596028 700800
0.00597229 702260
0.00598431 703720
0.00599633 705180
0.00600834 706640
0.00602036 708100
0.00603237 709560
0.00604439 711020
0.00605641 712480
0.00606842 713940
0.00608044 715400
0.00609246 716860
0.00610447 718320
0.00611649 719780
0.0061285 721240
0.00614052 722700
0.00615253 724160
0.00616455 725620
0.00617657 727080
0.00618858 728540
0.0062006 730000
0.00621262 731460
0.00622463 732920
0.00623665 734380
0.00624866 735840
0.00626068 737300
0.0062727 738760
0.00628471 740220
0.00629673 741680
0.00630874 743140
0.00632076 744600
0.00633277 746060
0.00634479 747520
0.00635681 748980
0.00636882 750440
0.00638084 751900
0.00639286 753360
0.00640487 754820
0.00641689 756280
0.0064289 757740
0.00644092 759200
0.00645293 760660
0.00646495 762120
0.00647697 763580
0.00648898 765040
0.006501 766500
0.00651301 767960
0.00652503 769420
0.00653705 770880
0.00654906 772340
0.00656108 773800
0.0065731 775260
0.00658511 776720
0.00659713 778180
0.00660914 779640
0.00662116 781100
0.00663317 782560
0.00664519 784020
0.00665721 785480
0.00666922 786940
0.00668124 788400
0.00669326 789860
0.00670527 791320
0.00671729 792780
0.0067293 794240
0.00674132 795700
0.00675334 797160
0.00676535 798620
0.00677737 800080
0.00678938 801540
0.0068014 803000
0.00681341 804460
0.00682543 805920
0.00683745 807380
0.00684946 808840
0.00686148 810300
0.0068735 811760
0.00688551 813220
0.00689753 814680
0.00690954 816140
0.00692156 817600
0.00693357 819060
0.00694559 820520
0.00695761 821980
0.00696962 823440
0.00698164 824900
0.00699365 826360
0.00700567 827820
0.00701769 829280
0.0070297 830740
0.00704172 832200
0.00705374 833660
0.00706575 835120
0.00707777 836580
0.00708978 838040
0.0071018 839500
0.00711381 840960
0.00712583 842420
0.00713785 843880
0.00714986 845340
0.00716188 846800
0.00717389 848260
0.00718591 849720
0.00719793 851180
0.00720994 852640
0.00722196 854100
0.00723398 855560
0.00724599 857020
0.00725801 858480
0.00727002 859940
0.00728204 861400
0.00729405 862860
0.00730607 864320
0.00731809 865780
0.0073301 867240
0.00734212 868700
0.00735414 870160
0.00736615 871620
0.00737817 873080
0.00739018 874540
0.0074022 876000
0.00741422 877460
0.00742623 878920
0.00743825 880380
0.00745026 881840
0.00746228 883300
0.00747429 884760
0.00748631 886220
0.00749833 887680
0.00751034 889140
0.00752236 890600
0.00753438 892060
0.00754639 893520
0.00755841 894980
0.00757042 896440
0.00758244 897900
0.00759445 899360
0.00760647 900820
0.00761849 902280
0.0076305 903740
0.00764252 905200
0.00765453 906660
0.00766655 908120
0.00767857 909580
0.00769058 911040
0.0077026 912500
0.00771462 913960
0.00772663 915420
0.00773865 916880
0.00775066 918340
0.00776268 919800
0.00777469 921260
0.00778671 922720
0.00779873 924180
0.00781074 925640
0.00782276 927100
0.00783478 928560
0.00784679 930020
0.00785881 931480
0.00787082 932940
0.00788284 934400
0.00789485 935860
0.00790687 937320
0.00791889 938780
0.0079309 940240
0.00794292 941700
0.00795493 943160
0.00796695 944620
0.00797897 946080
0.00799098 947540
0.008003 949000
0.00801502 950460
0.00802703 951920
0.00803905 953380
0.00805106 954840
0.00806308 956300
0.00807509 957760
0.00808711 959220
0.00809913 960680
0.00811114 962140
0.00812316 963600
0.00813517 965060
0.00814719 966520
0.00815921 967980
0.00817122 969440
0.00818324 970900
0.00819526 972360
0.00820727 973820
0.00821929 975280
0.0082313 976740
0.00824332 978200
0.00825534 979660
0.00826735 981120
0.00827937 982580
0.00829138 984040
0.0083034 985500
0.00831541 986960
0.00832743 988420
0.00833945 989880
0.00835146 991340
0.00836348 992800
0.0083755 994260
0.00838751 995720
0.00839953 997180
0.00841154 998640
0.00842356 1000100
0.00843558 1001560
0.00844759 1003020
0.00845961 1004480
0.00847162 1005940
0.00848364 1007400
0.00849565 1008860
0.00850767 1010320
0.00851969 1011780
0.0085317 1013240
0.00854372 1014700
0.00855574 1016160
0.00856775 1017620
0.00857977 1019080
0.00859178 1020540
0.0086038 1022000
0.00861582 1023460
0.00862783 1024920
0.00863985 1026380
0.00865186 1027840
0.00866388 1029300
0.00867589 1030760
0.00868791 1032220
0.00869993 1033680
0.00871194 1035140
0.00872396 1036600
0.00873597 1038060
0.00874799 1039520
0.00876001 1040980
0.00877202 1042440
0.00878404 1043900
0.00879606 1045360
0.00880807 1046820
0.00882009 1048280
0.0088321 1049740
0.00884412 1051200
0.00885613 1052660
0.00886815 1054120
0.00888017 1055580
0.00889218 1057040
0.0089042 1058500
0.00891621 1059960
0.00892823 1061420
0.00894025 1062880
0.00895226 1064340
0.00896428 1065800
0.0089763 1067260
0.00898831 1068720
0.00900033 1070180
0.00901234 1071640
0.00902436 1073100
0.00903637 1074560
0.00904839 1076020
0.00906041 1077480
0.00907242 1078940
0.00908444 1080400
0.00909645 1081860
0.00910847 1083320
0.00912049 1084780
0.0091325 1086240
0.00914452 1087700
0.00915654 1089160
0.00916855 1090620
0.00918057 1092080
0.00919258 1093540
0.0092046 1095000
0.00921661 1096460
0.00922863 1097920
0.00924065 1099380
0.00925266 1100840
0.00926468 1102300
0.00927669 1103760
0.00928871 1105220
0.00930073 1106680
0.00931274 1108140
0.00932476 1109600
0.00933678 1111060
0.00934879 1112520
0.00936081 1113980
0.00937282 1115440
0.00938484 1116900
0.00939685 1118360
0.00940887 1119820
0.00942089 1121280
0.0094329 1122740
0.00944492 1124200
0.00945693 1125660
0.00946895 1127120
0.00948097 1128580
0.00949298 1130040
0.009505 1131500
0.00951702 1132960
0.00952903 1134420
0.00954105 1135880
0.00955306 1137340
0.00956508 1138800
0.0095771 1140260
0.00958911 1141720
0.00960113 1143180
0.00961314 1144640
0.00962516 1146100
0.00963717 1147560
0.00964919 1149020
0.00966121 1150480
0.00967322 1151940
0.00968524 1153400
0.00969726 1154860
0.00970927 1156320
0.00972129 1157780
0.0097333 1159240
0.00974532 1160700
0.00975734 1162160
0.00976935 1163620
0.00978137 1165080
0.00979338 1166540
0.0098054 1168000
0.00981741 1169460
0.00982943 1170920
0.00984145 1172380
0.00985346 1173840
0.00986548 1175300
0.0098775 1176760
0.00988951 1178220
0.00990153 1179680
0.00991354 1181140
0.00992556 1182600
0.00993758 1184060
0.00994959 1185520
0.00996161 1186980
0.00997362 1188440
0.00998564 1189900
0.00999765 1191360
0.0100097 1192820
0.0100217 1194280
0.0100337 1195740
0.0100457 1197200
0.0100577 1198660
0.0100698 1200120
0.0100818 1201580
0.0100938 1203040
0.0101058 1204500
0.0101178 1205960
0.0101298 1207420
0.0101418 1208880
0.0101539 1210340
0.0101659 1211800
0.0101779 1213260
0.0101899 1214720
0.0102019 1216180
0.0102139 1217640
0.010226 1219100
0.010238 1220560
0.01025 1222020
0.010262 1223480
0.010274 1224940
0.010286 1226400
0.0102981 1227860
0.0103101 1229320
0.0103221 1230780
0.0103341 1232240
0.0103461 1233700
0.0103581 1235160
0.0103702 1236620
0.0103822 1238080
0.0103942 1239540
0.0104062 1241000
0.0104182 1242460
0.0104302 1243920
0.0104422 1245380
0.0104543 1246840
0.0104663 1248300
0.0104783 1249760
0.0104903 1251220
0.0105023 1252680
0.0105143 1254140
0.0105264 1255600
0.0105384 1257060
0.0105504 1258520
0.0105624 1259980
0.0105744 1261440
0.0105864 1262900
0.0105985 1264360
0.0106105 1265820
0.0106225 1267280
0.0106345 1268740
0.0106465 1270200
0.0106585 1271660
0.0106706 1273120
0.0106826 1274580
0.0106946 1276040
0.0107066 1277500
0.0107186 1278960
0.0107306 1280420
0.0107426 1281880
0.0107547 1283340
0.0107667 1284800
0.0107787 1286260
0.0107907 1287720
0.0108027 1289180
0.0108147 1290640
0.0108268 1292100
0.0108388 1293560
0.0108508 1295020
0.0108628 1296480
0.0108748 1297940
0.0108868 1299400
0.0108989 1300860
0.0109109 1302320
0.0109229 1303780
0.0109349 1305240
0.0109469 1306700
0.0109589 1308160
0.010971 1309620
0.010983 1311080
0.010995 1312540
0.011007 1314000
0.011019 1315460
0.011031 1316920
0.011043 1318380
0.0110551 1319840
0.0110671 1321300
0.0110791 1322760
0.0110911 1324220
0.0111031 1325680
0.0111151 1327140
0.0111272 1328600
0.0111392 1330060
0.0111512 1331520
0.0111632 1332980
0.0111752 1334440
0.0111872 1335900
0.0111993 1337360
0.0112113 1338820
0.0112233 1340280
0.0112353 1341740
0.0112473 1343200
0.0112593 1344660
0.0112714 1346120
0.0112834 1347580
0.0112954 1349040
0.0113074 1350500
0.0113194 1351960
0.0113314 1353420
0.0113434 1354880
0.0113555 1356340
0.0113675 1357800
0.0113795 1359260
0.0113915 1360720
0.0114035 1362180
0.0114155 1363640
0.0114276 1365100
0.0114396 1366560
0.0114516 1368020
0.0114636 1369480
0.0114756 1370940
0.0114876 1372400
0.0114997 1373860
0.0115117 1375320
0.0115237 1376780
0.0115357 1378240
0.0115477 1379700
0.0115597 1381160
0.0115718 1382620
0.0115838 1384080
0.0115958 1385540
0.0116078 1387000
0.0116198 1388460
0.0116318 1389920
0.0116438 1391380
0.0116559 1392840
0.0116679 1394300
0.0116799 1395760
0.0116919 1397220
0.0117039 1398680
0.0117159 1400140
0.011728 1401600
0.01174 1403060
0.011752 1404520
0.011764 1405980
0.011776 1407440
0.011788 1408900
0.0118001 1410360
0.0118121 1411820
0.0118241 1413280
0.0118361 1414740
0.0118481 1416200
0.0118601 1417660
0.0118722 1419120
0.0118842 1420580
0.0118962 1422040
0.0119082 1423500
0.0119202 1424960
0.0119322 1426420
0.0119442 1427880
0.0119563 1429340
0.0119683 1430800
0.0119803 1432260
0.0119923 1433720
0.0120043 1435180
0.0120163 1436640
0.0120284 1438100
0.0120404 1439560
0.0120524 1441020
0.0120644 1442480
0.0120764 1443940
0.0120884 1445400
0.0121005 1446860
0.0121125 1448320
0.0121245 1449780
0.0121365 1451240
0.0121485 1452700
0.0121605 1454160
0.0121726 1455620
0.0121846 1457080
0.0121966 1458540
0.0122086 1460000
0.0122206 1461460
0.0122326 1462920
0.0122446 1464380
0.0122567 1465840
0.0122687 1467300
0.0122807 1468760
0.0122927 1470220
0.0123047 1471680
0.0123167 1473140
0.0123288 1474600
0.0123408 1476060
0.0123528 1477520
0.0123648 1478980
0.0123768 1480440
0.0123888 1481900
0.0124009 1483360
0.0124129 1484820
0.0124249 1486280
0.0124369 1487740
0.0124489 1489200
0.0124609 1490660
0.012473 1492120
0.012485 1493580
0.012497 1495040
0.012509 1496500
0.012521 1497960
0.012533 1499420
0.012545 1500880
0.0125571 1502340
0.0125691 1503800
0.0125811 1505260
0.0125931 1506720
0.0126051 1508180
0.0126171 1509640
0.0126292 1511100
0.0126412 1512560
0.0126532 1514020
0.0126652 1515480
0.0126772 1516940
0.0126892 1518400
0.0127013 1519860
0.0127133 1521320
0.0127253 1522780
0.0127373 1524240
0.0127493 1525700
0.0127613 1527160
0.0127734 1528620
0.0127854 1530080
0.0127974 1531540
0.0128094 1533000
0.0128214 1534460
0.0128334 1535920
0.0128454 1537380
0.0128575 1538840
0.0128695 1540300
0.0128815 1541760
0.0128935 1543220
0.0129055 1544680
0.0129175 1546140
0.0129296 1547600
0.0129416 1549060
0.0129536 1550520
0.0129656 1551980
0.0129776 1553440
0.0129896 1554900
0.0130017 1556360
0.0130137 1557820
0.0130257 1559280
0.0130377 1560740
0.0130497 1562200
0.0130617 1563660
0.0130738 1565120
0.0130858 1566580
0.0130978 1568040
0.0131098 1569500
0.0131218 1570960
0.0131338 1572420
0.0131458 1573880
0.0131579 1575340
0.0131699 1576800
0.0131819 1578260
0.0131939 1579720
0.0132059 1581180
0.0132179 1582640
0.01323 1584100
0.013242 1585560
0.013254 1587020
0.013266 1588480
0.013278 1589940
0.01329 1591400
0.0133021 1592860
0.0133141 1594320
0.0133261 1595780
0.0133381 1597240
0.0133501 1598700
0.0133621 1600160
0.0133742 1601620
0.0133862 1603080
0.0133982 1604540
0.0134102 1606000
0.0134222 1607460
0.0134342 1608920
0.0134462 1610380
0.0134583 1611840
0.0134703 1613300
0.0134823 1614760
0.0134943 1616220
0.0135063 1617680
0.0135183 1619140
0.0135304 1620600
0.0135424 1622060
0.0135544 1623520
0.0135664 1624980
0.0135784 1626440
0.0135904 1627900
0.0136025 1629360
0.0136145 1630820
0.0136265 1632280
0.0136385 1633740
0.0136505 1635200
0.0136625 1636660
0.0136746 1638120
0.0136866 1639580
0.0136986 1641040
0.0137106 1642500
0.0137226 1643960
0.0137346 1645420
0.0137466 1646880
0.0137587 1648340
0.0137707 1649800
0.0137827 1651260
0.0137947 1652720
0.0138067 1654180
0.0138187 1655640
0.0138308 1657100
0.0138428 1658560
0.0138548 1660020
0.0138668 1661480
0.0138788 1662940
0.0138908 1664400
0.0139029 1665860
0.0139149 1667320
0.0139269 1668780
0.0139389 1670240
0.0139509 1671700
0.0139629 1673160
0.013975 1674620
0.013987 1676080
0.013999 1677540
0.014011 1679000
0.014023 1680460
0.014035 1681920
0.014047 1683380
0.0140591 1684840
0.0140711 1686300
0.0140831 1687760
0.0140951 1689220
0.0141071 1690680
0.0141191 1692140
0.0141312 1693600
0.0141432 1695060
0.0141552 1696520
0.0141672 1697980
0.0141792 1699440
0.0141912 1700900
0.0142033 1702360
0.0142153 1703820
0.0142273 1705280
0.0142393 1706740
0.0142513 1708200
0.0142633 1709660
0.0142754 1711120
0.0142874 1712580
0.0142994 1714040
0.0143114 1715500
0.0143234 1716960
0.0143354 1718420
0.0143474 1719880
0.0143595 1721340
0.0143715 1722800
0.0143835 1724260
0.0143955 1725720
0.0144075 1727180
0.0144195 1728640
0.0144316 1730100
0.0144436 1731560
0.0144556 1733020
0.0144676 1734480
0.0144796 1735940
0.0144916 1737400
0.0145037 1738860
0.0145157 1740320
0.0145277 1741780
0.0145397 1743240
0.0145517 1744700
0.0145637 1746160
0.0145758 1747620
0.0145878 1749080
0.0145998 1750540
0.0146118 1752000
0.0146238 1753460
0.0146358 1754920
0.0146478 1756380
0.0146599 1757840
0.0146719 1759300
0.0146839 1760760
0.0146959 1762220
0.0147079 1763680
0.0147199 1765140
0.014732 1766600
0.014744 1768060
0.014756 1769520
0.014768 1770980
0.01478 1772440
0.014792 1773900
0.0148041 1775360
0.0148161 1776820
0.0148281 1778280
0.0148401 1779740
0.0148521 1781200
0.0148641 1782660
0.0148762 1784120
0.0148882 1785580
0.0149002 1787040
0.0149122 1788500
0.0149242 1789960
0.0149362 1791420
0.0149482 1792880
0.0149603 1794340
0.0149723 1795800
0.0149843 1797260
0.0149963 1798720
0.0150083 1800180
0.0150203 1801640
0.0150324 1803100
0.0150444 1804560
0.0150564 1806020
0.0150684 1807480
0.0150804 1808940
0.0150924 1810400
0.0151045 1811860
0.0151165 1813320
0.0151285 1814780
0.0151405 1816240
0.0151525 1817700
0.0151645 1819160
0.0151766 1820620
0.0151886 1822080
0.0152006 1823540
0.0152126 1825000
0.0152246 1826460
0.0152366 1827920
0.0152486 1829380
0.0152607 1830840
0.0152727 1832300
0.0152847 1833760
0.0152967 1835220
0.0153087 1836680
0.0153207 1838140
0.0153328 1839600
0.0153448 1841060
0.0153568 1842520
0.0153688 1843980
0.0153808 1845440
0.0153928 1846900
0.0154049 1848360
0.0154169 1849820
0.0154289 1851280
0.0154409 1852740
0.0154529 1854200
0.0154649 1855660
0.015477 1857120
0.015489 1858580
0.015501 1860040
0.015513 1861500
0.015525 1862960
0.015537 1864420
0.015549 1865880
0.0155611 1867340
0.0155731 1868800
0.0155851 1870260
0.0155971 1871720
0.0156091 1873180
0.0156211 1874640
0.0156332 1876100
0.0156452 1877560
0.0156572 1879020
0.0156692 1880480
0.0156812 1881940
0.0156932 1883400
0.0157053 1884860
0.0157173 1886320
0.0157293 1887780
0.0157413 1889240
0.0157533 1890700
0.0157653 1892160
0.0157774 1893620
0.0157894 1895080
0.0158014 1896540
0.0158134 1898000
0.0158254 1899460
0.0158374 1900920
0.0158494 1902380
0.0158615 1903840
0.0158735 1905300
0.0158855 1906760
0.0158975 1908220
0.0159095 1909680
0.0159215 1911140
0.0159336 1912600
0.0159456 1914060
0.0159576 1915520
0.0159696 1916980
0.0159816 1918440
0.0159936 1919900
0.0160057 1921360
0.0160177 1922820
0.0160297 1924280
0.0160417 1925740
0.0160537 1927200
0.0160657 1928660
0.0160778 1930120
0.0160898 1931580
0.0161018 1933040
0.0161138 1934500
0.0161258 1935960
0.0161378 1937420
0.0161498 1938880
0.0161619 1940340
0.0161739 1941800
0.0161859 1943260
0.0161979 1944720
0.0162099 1946180
0.0162219 1947640
0.016234 1949100
0.016246 1950560
0.016258 1952020
0.01627 1953480
0.016282 1954940
0.016294 1956400
0.0163061 1957860
0.0163181 1959320
0.0163301 1960780
0.0163421 1962240
0.0163541 1963700
0.0163661 1965160
0.0163782 1966620
0.0163902 1968080
0.0164022 1969540
0.0164142 1971000
0.0164262 1972460
0.0164382 1973920
0.0164502 1975380
0.0164623 1976840
0.0164743 1978300
0.0164863 1979760
0.0164983 1981220
0.0165103 1982680
0.0165223 1984140
0.0165344 1985600
0.0165464 1987060
0.0165584 1988520
0.0165704 1989980
0.0165824 1991440
0.0165944 1992900
0.0166065 1994360
0.0166185 1995820
0.0166305 1997280
0.0166425 1998740
0.0166545 2000200
0.0166665 2001660
0.0166786 2003120
0.0166906 2004580
0.0167026 2006040
0.0167146 2007500
0.0167266 2008960
0.0167386 2010420
0.0167506 2011880
0.0167627 2013340
0.0167747 2014800
0.0167867 2016260
0.0167987 2017720
0.0168107 2019180
0.0168227 2020640
0.0168348 2022100
0.0168468 2023560
0.0168588 2025020
0.0168708 2026480
0.0168828 2027940
0.0168948 2029400
0.0169069 2030860
0.0169189 2032320
0.0169309 2033780
0.0169429 2035240
0.0169549 2036700
0.0169669 2038160
0.016979 2039620
0.016991 2041080
0.017003 2042540
0.017015 2044000
0.017027 2045460
0.017039 2046920
0.017051 2048380
0.0170631 2049840
0.0170751 2051300
0.0170871 2052760
0.0170991 2054220
0.0171111 2055680
0.0171231 2057140
0.0171352 2058600
0.0171472 2060060
0.0171592 2061520
0.0171712 2062980
0.0171832 2064440
0.0171952 2065900
0.0172073 2067360
0.0172193 2068820
0.0172313 2070280
0.0172433 2071740
0.0172553 2073200
0.0172673 2074660
0.0172794 2076120
0.0172914 2077580
0.0173034 2079040
0.0173154 2080500
0.0173274 2081960
0.0173394 2083420
0.0173514 2084880
0.0173635 2086340
0.0173755 2087800
0.0173875 2089260
0.0173995 2090720
0.0174115 2092180
0.0174235 2093640
0.0174356 2095100
0.0174476 2096560
0.0174596 2098020
0.0174716 2099480
0.0174836 2100940
0.0174956 2102400
0.0175077 2103860
0.0175197 2105320
0.0175317 2106780
0.0175437 2108240
0.0175557 2109700
0.0175677 2111160
0.0175798 2112620
0.0175918 2114080
0.0176038 2115540
0.0176158 2117000
0.0176278 2118460
0.0176398 2119920
0.0176518 2121380
0.0176639 2122840
0.0176759 2124300
0.0176879 2125760
0.0176999 2127220
0.0177119 2128680
0.0177239 2130140
0.017736 2131600
0.017748 2133060
0.01776 2134520
0.017772 2135980
0.017784 2137440
0.017796 2138900
0.0178081 2140360
0.0178201 2141820
0.0178321 2143280
0.0178441 2144740
0.0178561 2146200
0.0178681 2147660
0.0178802 2149120
0.0178922 2150580
0.0179042 2152040
0.0179162 2153500
0.0179282 2154960
0.0179402 2156420
0.0179522 2157880
0.0179643 2159340
0.0179763 2160800
0.0179883 2162260
0.0180003 2163720
0.0180123 2165180
0.0180243 2166640
0.0180364 2168100
0.0180484 2169560
0.0180604 2171020
0.0180724 2172480
0.0180844 2173940
0.0180964 2175400
0.0181085 2176860
0.0181205 2178320
0.0181325 2179780
0.0181445 2181240
0.0181565 2182700
0.0181685 2184160
0.0181806 2185620
0.0181926 2187080
0.0182046 2188540
0.0182166 2190000
0.0182286 2191460
0.0182406 2192920
0.0182526 2194380
0.0182647 2195840
0.0182767 2197300
0.0182887 2198760
0.0183007 2200220
0.0183127 2201680
0.0183247 2203140
0.0183368 2204600
0.0183488 2206060
0.0183608 2207520
0.0183728 2208980
0.0183848 2210440
0.0183968 2211900
0.0184089 2213360
0.0184209 2214820
0.0184329 2216280
0.0184449 2217740
0.0184569 2219200
0.0184689 2220660
0.018481 2222120
0.018493 2223580
0.018505 2225040
0.018517 2226500
0.018529 2227960
0.018541 2229420
0.018553 2230880
0.0185651 2232340
0.0185771 2233800
0.0185891 2235260
0.0186011 2236720
0.0186131 2238180
0.0186251 2239640
0.0186372 2241100
0.0186492 2242560
0.0186612 2244020
0.0186732 2245480
0.0186852 2246940
0.0186972 2248400
0.0187093 2249860
0.0187213 2251320
0.0187333 2252780
0.0187453 2254240
0.0187573 2255700
0.0187693 2257160
0.0187814 2258620
0.0187934 2260080
0.0188054 2261540
0.0188174 2263000
0.0188294 2264460
0.0188414 2265920
0.0188534 2267380
0.0188655 2268840
0.0188775 2270300
0.0188895 2271760
0.0189015 2273220
0.0189135 2274680
0.0189255 2276140
0.0189376 2277600
0.0189496 2279060
0.0189616 2280520
0.0189736 2281980
0.0189856 2283440
0.0189976 2284900
0.0190097 2286360
0.0190217 2287820
0.0190337 2289280
0.0190457 2290740
0.0190577 2292200
0.0190697 2293660
0.0190818 2295120
0.0190938 2296580
0.0191058 2298040
0.0191178 2299500
0.0191298 2300960
0.0191418 2302420
0.0191538 2303880
0.0191659 2305340
0.0191779 2306800
0.0191899 2308260
0.0192019 2309720
0.0192139 2311180
0.0192259 2312640
0.019238 2314100
0.01925 2315560
0.019262 2317020
0.019274 2318480
0.019286 2319940
0.019298 2321400
0.0193101 2322860
0.0193221 2324320
0.0193341 2325780
0.0193461 2327240
0.0193581 2328700
0.0193701 2330160
0.0193822 2331620
0.0193942 2333080
0.0194062 2334540
0.0194182 2336000
0.0194302 2337460
0.0194422 2338920
0.0194542 2340380
0.0194663 2341840
0.0194783 2343300
0.0194903 2344760
0.0195023 2346220
0.0195143 2347680
0.0195263 2349140
0.0195384 2350600
0.0195504 2352060
0.0195624 2353520
0.0195744 2354980
0.0195864 2356440
0.0195984 2357900
0.0196105 2359360
0.0196225 2360820
0.0196345 2362280
0.0196465 2363740
0.0196585 2365200
0.0196705 2366660
0.0196826 2368120
0.0196946 2369580
0.0197066 2371040
0.0197186 2372500
0.0197306 2373960
0.0197426 2375420
0.0197546 2376880
0.0197667 2378340
0.0197787 2379800
0.0197907 2381260
0.0198027 2382720
0.0198147 2384180
0.0198267 2385640
0.0198388 2387100
0.0198508 2388560
0.0198628 2390020
0.0198748 2391480
0.0198868 2392940
0.0198988 2394400
0.0199109 2395860
0.0199229 2397320
0.0199349 2398780
0.0199469 2400240
0.0199589 2401700
0.0199709 2403160
0.019983 2404620
0.019995 2406080
0.020007 2407540
0.020019 2409000
0.020031 2410460
0.020043 2411920
0.020055 2413380
0.0200671 2414840
0.0200791 2416300
0.0200911 2417760
0.0201031 2419220
0.0201151 2420680
0.0201271 2422140
0.0201392 2423600
0.0201512 2425060
0.0201632 2426520
0.0201752 2427980
0.0201872 2429440
0.0201992 2430900
0.0202113 2432360
0.0202233 2433820
0.0202353 2435280
0.0202473 2436740
0.0202593 2438200
0.0202713 2439660
0.0202834 2441120
0.0202954 2442580
0.0203074 2444040
0.0203194 2445500
0.0203314 2446960
0.0203434 2448420
0.0203554 2449880
0.0203675 2451340
0.0203795 2452800
0.0203915 2454260
0.0204035 2455720
0.0204155 2457180
0.0204275 2458640
0.0204396 2460100
0.0204516 2461560
0.0204636 2463020
0.0204756 2464480
0.0204876 2465940
0.0204996 2467400
0.0205117 2468860
0.0205237 2470320
0.0205357 2471780
0.0205477 2473240
0.0205597 2474700
0.0205717 2476160
0.0205838 2477620
0.0205958 2479080
0.0206078 2480540
0.0206198 2482000
0.0206318 2483460
0.0206438 2484920
0.0206558 2486380
0.0206679 2487840
0.0206799 2489300
0.0206919 2490760
0.0207039 2492220
0.0207159 2493680
0.0207279 2495140
0.02074 2496600
0.020752 2498060
0.020764 2499520
0.020776 2500980
0.020788 2502440
0.0208 2503900
0.0208121 2505360
0.0208241 2506820
0.0208361 2508280
0.0208481 2509740
0.0208601 2511200
0.0208721 2512660
0.0208842 2514120
0.0208962 2515580
0.0209082 2517040
0.0209202 2518500
0.0209322 2519960
0.0209442 2521420
0.0209562 2522880
0.0209683 2524340
0.0209803 2525800
0.0209923 2527260
0.0210043 2528720
0.0210163 2530180
0.0210283 2531640
0.0210404 2533100
0.0210524 2534560
0.0210644 2536020
0.0210764 2537480
0.0210884 2538940
0.0211004 2540400
0.0211125 2541860
0.0211245 2543320
0.0211365 2544780
0.0211485 2546240
0.0211605 2547700
0.0211725 2549160
0.0211846 2550620
0.0211966 2552080
0.0212086 2553540
0.0212206 2555000
0.0212326 2556460
0.0212446 2557920
0.0212566 2559380
0.0212687 2560840
0.0212807 2562300
0.0212927 2563760
0.0213047 2565220
0.0213167 2566680
0.0213287 2568140
0.0213408 2569600
0.0213528 2571060
0.0213648 2572520
0.0213768 2573980
0.0213888 2575440
0.0214008 2576900
0.0214129 2578360
0.0214249 2579820
0.0214369 2581280
0.0214489 2582740
0.0214609 2584200
0.0214729 2585660
0.021485 2587120
0.021497 2588580
0.021509 2590040
0.021521 2591500
0.021533 2592960
0.021545 2594420
0.021557 2595880
0.0215691 2597340
0.0215811 2598800
0.0215931 2600260
0.0216051 2601720
0.0216171 2603180
0.0216291 2604640
0.0216412 2606100
0.0216532 2607560
0.0216652 2609020
0.0216772 2610480
0.0216892 2611940
0.0217012 2613400
0.0217133 2614860
0.0217253 2616320
0.0217373 2617780
0.0217493 2619240
0.0217613 2620700
0.0217733 2622160
0.0217854 2623620
0.0217974 2625080
0.0218094 2626540
0.0218214 2628000
0.0218334 2629460
0.0218454 2630920
0.0218574 2632380
0.0218695 2633840
0.0218815 2635300
0.0218935 2636760
0.0219055 2638220
0.0219175 2639680
0.0219295 2641140
0.0219416 2642600
0.0219536 2644060
0.0219656 2645520
0.0219776 2646980
0.0219896 2648440
0.0220016 2649900
0.0220137 2651360
0.0220257 2652820
0.0220377 2654280
0.0220497 2655740
0.0220617 2657200
0.0220737 2658660
0.0220858 2660120
0.0220978 2661580
0.0221098 2663040
0.0221218 2664500
0.0221338 2665960
0.0221458 2667420
0.0221578 2668880
0.0221699 2670340
0.0221819 2671800
0.0221939 2673260
0.0222059 2674720
0.0222179 2676180
0.0222299 2677640
0.022242 2679100
0.022254 2680560
0.022266 2682020
0.022278 2683480
0.02229 2684940
0.022302 2686400
0.0223141 2687860
0.0223261 2689320
0.0223381 2690780
0.0223501 2692240
0.0223621 2693700
0.0223741 2695160
0.0223862 2696620
0.0223982 2698080
0.0224102 2699540
0.0224222 2701000
0.0224342 2702460
0.0224462 2703920
0.0224582 2705380
0.0224703 2706840
0.0224823 2708300
0.0224943 2709760
0.0225063 2711220
0.0225183 2712680
0.0225303 2714140
0.0225424 2715600
0.0225544 2717060
0.0225664 2718520
0.0225784 2719980
0.0225904 2721440
0.0226024 2722900
0.0226145 2724360
0.0226265 2725820
0.0226385 2727280
0.0226505 2728740
0.0226625 2730200
0.0226745 2731660
0.0226866 2733120
0.0226986 2734580
0.0227106 2736040
0.0227226 2737500
0.0227346 2738960
0.0227466 2740420
0.0227586 2741880
0.0227707 2743340
0.0227827 2744800
0.0227947 2746260
0.0228067 2747720
0.0228187 2749180
0.0228307 2750640
0.0228428 2752100
0.0228548 2753560
0.0228668 2755020
0.0228788 2756480
0.0228908 2757940
0.0229028 2759400
0.0229149 2760860
0.0229269 2762320
0.0229389 2763780
0.0229509 2765240
0.0229629 2766700
0.0229749 2768160
0.022987 2769620
0.022999 2771080
0.023011 2772540
0.023023 2774000
0.023035 2775460
0.023047 2776920
0.023059 2778380
0.0230711 2779840
0.0230831 2781300
0.0230951 2782760
0.0231071 2784220
0.0231191 2785680
0.0231311 2787140
0.0231432 2788600
0.0231552 2790060
0.0231672 2791520
0.0231792 2792980
0.0231912 2794440
0.0232032 2795900
0.0232153 2797360
0.0232273 2798820
0.0232393 2800280
0.0232513 2801740
0.0232633 2803200
0.0232753 2804660
0.0232874 2806120
0.0232994 2807580
0.0233114 2809040
0.0233234 2810500
0.0233354 2811960
0.0233474 2813420
0.0233594 2814880
0.0233715 2816340
0.0233835 2817800
0.0233955 2819260
0.0234075 2820720
0.0234195 2822180
0.0234315 2823640
0.0234436 2825100
0.0234556 2826560
0.0234676 2828020
0.0234796 2829480
0.0234916 2830940
0.0235036 2832400
0.0235157 2833860
0.0235277 2835320
0.0235397 2836780
0.0235517 2838240
0.0235637 2839700
0.0235757 2841160
0.0235878 2842620
0.0235998 2844080
0.0236118 2845540
0.0236238 2847000
0.0236358 2848460
0.0236478 2849920
0.0236598 2851380
0.0236719 2852840
0.0236839 2854300
0.0236959 2855760
0.0237079 2857220
0.0237199 2858680
0.0237319 2860140
0.023744 2861600
0.023756 2863060
0.023768 2864520
0.02378 2865980
0.023792 2867440
0.023804 2868900
0.0238161 2870360
0.0238281 2871820
0.0238401 2873280
0.0238521 2874740
0.0238641 2876200
0.0238761 2877660
0.0238882 2879120
0.0239002 2880580
0.0239122 2882040
0.0239242 2883500
0.0239362 2884960
0.0239482 2886420
0.0239602 2887880
0.0239723 2889340
0.0239843 2890800
0.0239963 2892260
0.0240083 2893720
0.0240203 2895180
0.0240323 2896640
0.0240444 2898100
0.0240564 2899560
0.0240684 2901020
0.0240804 2902480
0.0240924 2903940
0.0241044 2905400
0.0241165 2906860
0.0241285 2908320
0.0241405 2909780
0.0241525 2911240
0.0241645 2912700
0.0241765 2914160
0.0241886 2915620
0.0242006 2917080
0.0242126 2918540
0.0242246 2920000
0.0242366 2921460
0.0242486 2922920
0.0242606 2924380
0.0242727 2925840
0.0242847 2927300
0.0242967 2928760
0.0243087 2930220
0.0243207 2931680
0.0243327 2933140
0.0243448 2934600
0.0243568 2936060
0.0243688 2937520
0.0243808 2938980
0.0243928 2940440
0.0244048 2941900
0.0244169 2943360
0.0244289 2944820
0.0244409 2946280
0.0244529 2947740
0.0244649 2949200
0.0244769 2950660
0.024489 2952120
0.024501 2953580
0.024513 2955040
0.024525 2956500
0.024537 2957960
0.024549 2959420
0.024561 2960880
0.0245731 2962340
0.0245851 2963800
0.0245971 2965260
0.0246091 2966720
0.0246211 2968180
0.0246331 2969640
0.0246452 2971100
0.0246572 2972560
0.0246692 2974020
0.0246812 2975480
0.0246932 2976940
0.0247052 2978400
0.0247173 2979860
0.0247293 2981320
0.0247413 2982780
0.0247533 2984240
0.0247653 2985700
0.0247773 2987160
0.0247894 2988620
0.0248014 2990080
0.0248134 2991540
0.0248254 2993000
0.0248374 2994460
0.0248494 2995920
0.0248614 2997380
0.0248735 2998840
0.0248855 3000300
0.0248975 3001760
0.0249095 3003220
0.0249215 3004680
0.0249335 3006140
0.0249456 3007600
0.0249576 3009060
0.0249696 3010520
0.0249816 3011980
0.0249936 3013440
0.0250056 3014900
0.0250177 3016360
0.0250297 3017820
0.0250417 3019280
0.0250537 3020740
0.0250657 3022200
0.0250777 3023660
0.0250898 3025120
0.0251018 3026580
0.0251138 3028040
0.0251258 3029500
0.0251378 3030960
0.0251498 3032420
0.0251618 3033880
0.0251739 3035340
0.0251859 3036800
0.0251979 3038260
0.0252099 3039720
0.0252219 3041180
0.0252339 3042640
0.025246 3044100
0.025258 3045560
0.02527 3047020
0.025282 3048480
0.025294 3049940
0.025306 3051400
0.0253181 3052860
0.0253301 3054320
0.0253421 3055780
0.0253541 3057240
0.0253661 3058700
0.0253781 3060160
0.0253902 3061620
0.0254022 3063080
0.0254142 3064540
0.0254262 3066000
0.0254382 3067460
0.0254502 3068920
0.0254622 3070380
0.0254743 3071840
0.0254863 3073300
0.0254983 3074760
0.0255103 3076220
0.0255223 3077680
0.0255343 3079140
0.0255464 3080600
0.0255584 3082060
0.0255704 3083520
0.0255824 3084980
0.0255944 3086440
0.0256064 3087900
0.0256185 3089360
0.0256305 3090820
0.0256425 3092280
0.0256545 3093740
0.0256665 3095200
0.0256785 3096660
0.0256906 3098120
0.0257026 3099580
0.0257146 3101040
0.0257266 3102500
0.0257386 3103960
0.0257506 3105420
0.0257626 3106880
0.0257747 3108340
0.0257867 3109800
0.0257987 3111260
0.0258107 3112720
0.0258227 3114180
0.0258347 3115640
0.0258468 3117100
0.0258588 3118560
0.0258708 3120020
0.0258828 3121480
0.0258948 3122940
0.0259068 3124400
0.0259189 3125860
0.0259309 3127320
0.0259429 3128780
0.0259549 3130240
0.0259669 3131700
0.0259789 3133160
0.025991 3134620
0.026003 3136080
0.026015 3137540
0.026027 3139000
0.026039 3140460
0.026051 3141920
0.026063 3143380
0.0260751 3144840
0.0260871 3146300
0.0260991 3147760
0.0261111 3149220
0.0261231 3150680
0.0261351 3152140
0.0261472 3153600
0.0261592 3155060
0.0261712 3156520
0.0261832 3157980
0.0261952 3159440
0.0262072 3160900
0.0262193 3162360
0.0262313 3163820
0.0262433 3165280
0.0262553 3166740
0.0262673 3168200
0.0262793 3169660
0.0262914 3171120
0.0263034 3172580
0.0263154 3174040
0.0263274 3175500
0.0263394 3176960
0.0263514 3178420
0.0263634 3179880
0.0263755 3181340
0.0263875 3182800
0.0263995 3184260
0.0264115 3185720
0.0264235 3187180
0.0264355 3188640
0.0264476 3190100
0.0264596 3191560
0.0264716 3193020
0.0264836 3194480
0.0264956 3195940
0.0265076 3197400
0.0265197 3198860
0.0265317 3200320
0.0265437 3201780
0.0265557 3203240
0.0265677 3204700
0.0265797 3206160
0.0265918 3207620
0.0266038 3209080
0.0266158 3210540
0.0266278 3212000
0.0266398 3213460
0.0266518 3214920
0.0266638 3216380
0.0266759 3217840
0.0266879 3219300
0.0266999 3220760
0.0267119 3222220
0.0267239 3223680
0.0267359 3225140
0.026748 3226600
0.02676 3228060
0.026772 3229520
0.026784 3230980
0.026796 3232440
0.026808 3233900
0.0268201 3235360
0.0268321 3236820
0.0268441 3238280
0.0268561 3239740
0.0268681 3241200
0.0268801 3242660
0.0268922 3244120
0.0269042 3245580
0.0269162 3247040
0.0269282 3248500
0.0269402 3249960
0.0269522 3251420
0.0269642 3252880
0.0269763 3254340
0.0269883 3255800
0.0270003 3257260
0.0270123 3258720
0.0270243 3260180
0.0270363 3261640
0.0270484 3263100
0.0270604 3264560
0.0270724 3266020
0.0270844 3267480
0.0270964 3268940
0.0271084 3270400
0.0271205 3271860
0.0271325 3273320
0.0271445 3274780
0.0271565 3276240
0.0271685 3277700
0.0271805 3279160
0.0271926 3280620
0.0272046 3282080
0.0272166 3283540
0.0272286 3285000
0.0272406 3286460
0.0272526 3287920
0.0272646 3289380
0.0272767 3290840
0.0272887 3292300
0.0273007 3293760
0.0273127 3295220
0.0273247 3296680
0.0273367 3298140
0.0273488 3299600
0.0273608 3301060
0.0273728 3302520
0.0273848 3303980
0.0273968 3305440
0.0274088 3306900
0.0274209 3308360
0.0274329 3309820
0.0274449 3311280
0.0274569 3312740
0.0274689 3314200
0.0274809 3315660
0.027493 3317120
0.027505 3318580
0.027517 3320040
0.027529 3321500
0.027541 3322960
0.027553 3324420
0.027565 3325880
0.0275771 3327340
0.0275891 3328800
0.0276011 3330260
0.0276131 3331720
0.0276251 3333180
0.0276371 3334640
0.0276492 3336100
0.0276612 3337560
0.0276732 3339020
0.0276852 3340480
0.0276972 3341940
0.0277092 3343400
0.0277213 3344860
0.0277333 3346320
0.0277453 3347780
0.0277573 3349240
0.0277693 3350700
0.0277813 3352160
0.0277934 3353620
0.0278054 3355080
0.0278174 3356540
0.0278294 3358000
0.0278414 3359460
0.0278534 3360920
0.0278654 3362380
0.0278775 3363840
0.0278895 3365300
0.0279015 3366760
0.0279135 3368220
0.0279255 3369680
0.0279375 3371140
0.0279496 3372600
0.0279616 3374060
0.0279736 3375520
0.0279856 3376980
0.0279976 3378440
0.0280096 3379900
0.0280217 3381360
0.0280337 3382820
0.0280457 3384280
0.0280577 3385740
0.0280697 3387200
0.0280817 3388660
0.0280938 3390120
0.0281058 3391580
0.0281178 3393040
0.0281298 3394500
0.0281418 3395960
0.0281538 3397420
0.0281658 3398880
0.0281779 3400340
0.0281899 3401800
0.0282019 3403260
0.0282139 3404720
0.0282259 3406180
0.0282379 3407640
0.02825 3409100
0.028262 3410560
0.028274 3412020
0.028286 3413480
0.028298 3414940
0.02831 3416400
0.0283221 3417860
0.0283341 3419320
0.0283461 3420780
0.0283581 3422240
0.0283701 3423700
0.0283821 3425160
0.0283942 3426620
0.0284062 3428080
0.0284182 3429540
0.0284302 3431000
0.0284422 3432460
0.0284542 3433920
0.0284662 3435380
0.0284783 3436840
0.0284903 3438300
0.0285023 3439760
0.0285143 3441220
0.0285263 3442680
0.0285383 3444140
0.0285504 3445600
0.0285624 3447060
0.0285744 3448520
0.0285864 3449980
0.0285984 3451440
0.0286104 3452900
0.0286225 3454360
0.0286345 3455820
0.0286465 3457280
0.0286585 3458740
0.0286705 3460200
0.0286825 3461660
0.0286946 3463120
0.0287066 3464580
0.0287186 3466040
0.0287306 3467500
0.0287426 3468960
0.0287546 3470420
0.0287666 3471880
0.0287787 3473340
0.0287907 3474800
0.0288027 3476260
0.0288147 3477720
0.0288267 3479180
0.0288387 3480640
0.0288508 3482100
0.0288628 3483560
0.0288748 3485020
0.0288868 3486480
0.0288988 3487940
0.0289108 3489400
0.0289229 3490860
0.0289349 3492320
0.0289469 3493780
0.0289589 3495240
0.0289709 3496700
0.0289829 3498160
0.028995 3499620
0.029007 3501080
0.029019 3502540
0.029031 3504000
0.029043 3505460
0.029055 3506920
0.029067 3508380
0.0290791 3509840
0.0290911 3511300
0.0291031 3512760
0.0291151 3514220
0.0291271 3515680
0.0291391 3517140
0.0291512 3518600
0.0291632 3520060
0.0291752 3521520
0.0291872 3522980
0.0291992 3524440
0.0292112 3525900
0.0292233 3527360
0.0292353 3528820
0.0292473 3530280
0.0292593 3531740
0.0292713 3533200
0.0292833 3534660
0.0292954 3536120
0.0293074 3537580
0.0293194 3539040
0.0293314 3540500
0.0293434 3541960
0.0293554 3543420
0.0293674 3544880
0.0293795 3546340
0.0293915 3547800
0.0294035 3549260
0.0294155 3550720
0.0294275 3552180
0.0294395 3553640
0.0294516 3555100
0.0294636 3556560
0.0294756 3558020
0.0294876 3559480
0.0294996 3560940
0.0295116 3562400
0.0295237 3563860
0.0295357 3565320
0.0295477 3566780
0.0295597 3568240
0.0295717 3569700
0.0295837 3571160
0.0295958 3572620
0.0296078 3574080
0.0296198 3575540
0.0296318 3577000
0.0296438 3578460
0.0296558 3579920
0.0296678 3581380
0.0296799 3582840
0.0296919 3584300
0.0297039 3585760
0.0297159 3587220
0.0297279 3588680
0.0297399 3590140
0.029752 3591600
0.029764 3593060
0.029776 3594520
0.029788 3595980
0.0298 3597440
0.029812 3598900
0.0298241 3600360
0.0298361 3601820
0.0298481 3603280
0.0298601 3604740
0.0298721 3606200
0.0298841 3607660
0.0298962 3609120
0.0299082 3610580
0.0299202 3612040
0.0299322 3613500
0.0299442 3614960
0.0299562 3616420
0.0299682 3617880
0.0299803 3619340
0.0299923 3620800
0.0300043 3622260
0.0300163 3623720
0.0300283 3625180
0.0300403 3626640
0.0300524 3628100
0.0300644 3629560
0.0300764 3631020
0.0300884 3632480
0.0301004 3633940
0.0301124 3635400
0.0301245 3636860
0.0301365 3638320
0.0301485 3639780
0.0301605 3641240
0.0301725 3642700
0.0301845 3644160
0.0301966 3645620
0.0302086 3647080
0.0302206 3648540
0.0302326 3650000
0.0302446 3651460
0.0302566 3652920
0.0302686 3654380
0.0302807 3655840
0.0302927 3657300
0.0303047 3658760
0.0303167 3660220
0.0303287 3661680
0.0303407 3663140
0.0303528 3664600
0.0303648 3666060
0.0303768 3667520
0.0303888 3668980
0.0304008 3670440
0.0304128 3671900
0.0304249 3673360
0.0304369 3674820
0.0304489 3676280
0.0304609 3677740
0.0304729 3679200
0.0304849 3680660
0.030497 3682120
0.030509 3683580
0.030521 3685040
0.030533 3686500
0.030545 3687960
0.030557 3689420
0.030569 3690880
0.0305811 3692340
0.0305931 3693800
0.0306051 3695260
0.0306171 3696720
0.0306291 3698180
0.0306411 3699640
0.0306532 3701100
0.0306652 3702560
0.0306772 3704020
0.0306892 3705480
0.0307012 3706940
0.0307132 3708400
0.0307253 3709860
0.0307373 3711320
0.0307493 3712780
0.0307613 3714240
0.0307733 3715700
0.0307853 3717160
0.0307974 3718620
0.0308094 3720080
0.0308214 3721540
0.0308334 3723000
0.0308454 3724460
0.0308574 3725920
0.0308694 3727380
0.0308815 3728840
0.0308935 3730300
0.0309055 3731760
0.0309175 3733220
0.0309295 3734680
0.0309415 3736140
0.0309536 3737600
0.0309656 3739060
0.0309776 3740520
0.0309896 3741980
0.0310016 3743440
0.0310136 3744900
0.0310257 3746360
0.0310377 3747820
0.0310497 3749280
0.0310617 3750740
0.0310737 3752200
0.0310857 3753660
0.0310978 3755120
0.0311098 3756580
0.0311218 3758040
0.0311338 3759500
0.0311458 3760960
0.0311578 3762420
0.0311698 3763880
0.0311819 3765340
0.0311939 3766800
0.0312059 3768260
0.0312179 3769720
0.0312299 3771180
0.0312419 3772640
0.031254 3774100
0.031266 3775560
0.031278 3777020
0.03129 3778480
0.031302 3779940
0.031314 3781400
0.0313261 3782860
0.0313381 3784320
0.0313501 3785780
0.0313621 3787240
0.0313741 3788700
0.0313861 3790160
0.0313982 3791620
0.0314102 3793080
0.0314222 3794540
0.0314342 3796000
0.0314462 3797460
0.0314582 3798920
0.0314702 3800380
0.0314823 3801840
0.0314943 3803300
0.0315063 3804760
0.0315183 3806220
0.0315303 3807680
0.0315423 3809140
0.0315544 3810600
0.0315664 3812060
0.0315784 3813520
0.0315904 3814980
0.0316024 3816440
0.0316144 3817900
0.0316265 3819360
0.0316385 3820820
0.0316505 3822280
0.0316625 3823740
0.0316745 3825200
0.0316865 3826660
0.0316986 3828120
0.0317106 3829580
0.0317226 3831040
0.0317346 3832500
0.0317466 3833960
0.0317586 3835420
0.0317706 3836880
0.0317827 3838340
0.0317947 3839800
0.0318067 3841260
0.0318187 3842720
0.0318307 3844180
0.0318427 3845640
0.0318548 3847100
0.0318668 3848560
0.0318788 3850020
0.0318908 3851480
0.0319028 3852940
0.0319148 3854400
0.0319269 3855860
0.0319389 3857320
0.0319509 3858780
0.0319629 3860240
0.0319749 3861700
0.0319869 3863160
0.031999 3864620
0.032011 3866080
0.032023 3867540
0.032035 3869000
0.032047 3870460
0.032059 3871920
0.032071 3873380
0.0320831 3874840
0.0320951 3876300
0.0321071 3877760
0.0321191 3879220
0.0321311 3880680
0.0321431 3882140
0.0321552 3883600
0.0321672 3885060
0.0321792 3886520
0.0321912 3887980
0.0322032 3889440
0.0322152 3890900
0.0322273 3892360
0.0322393 3893820
0.0322513 3895280
0.0322633 3896740
0.0322753 3898200
0.0322873 3899660
0.0322994 3901120
0.0323114 3902580
0.0323234 3904040
0.0323354 3905500
0.0323474 3906960
0.0323594 3908420
0.0323714 3909880
0.0323835 3911340
0.0323955 3912800
0.0324075 3914260
0.0324195 3915720
0.0324315 3917180
0.0324435 3918640
0.0324556 3920100
0.0324676 3921560
0.0324796 3923020
0.0324916 3924480
0.0325036 3925940
0.0325156 3927400
0.0325277 3928860
0.0325397 3930320
0.0325517 3931780
0.0325637 3933240
0.0325757 3934700
0.0325877 3936160
0.0325998 3937620
0.0326118 3939080
0.0326238 3940540
0.0326358 3942000
0.0326478 3943460
0.0326598 3944920
0.0326718 3946380
0.0326839 3947840
0.0326959 3949300
0.0327079 3950760
0.0327199 3952220
0.0327319 3953680
0.0327439 3955140
0.032756 3956600
0.032768 3958060
0.03278 3959520
0.032792 3960980
0.032804 3962440
0.032816 3963900
0.0328281 3965360
0.0328401 3966820
0.0328521 3968280
0.0328641 3969740
0.0328761 3971200
0.0328881 3972660
0.0329002 3974120
0.0329122 3975580
0.0329242 3977040
0.0329362 3978500
0.0329482 3979960
0.0329602 3981420
0.0329722 3982880
0.0329843 3984340
0.0329963 3985800
0.0330083 3987260
0.0330203 3988720
0.0330323 3990180
0.0330443 3991640
0.0330564 3993100
0.0330684 3994560
0.0330804 3996020
0.0330924 3997480
0.0331044 3998940
0.0331164 4000400
