0.0 0
4.16e-05 4294967295
0.000106637 4294967295
0.000171339 4294967295
0.000183355 4294967295
0.000236041 4294967295
0.000248057 4294967295
0.000260073 4294967295
0.000272089 4294967295
0.000300743 4294967295
0.000312759 4294967295
0.000324775 4294967295
0.000336791 4294967295
0.000348807 4294967295
0.000360823 4294967295
0.000372839 4294967295
0.000384855 4294967295
0.000396871 4294967295
0.000408887 4294967295
0.000420903 4294967295
0.000432919 4294967295
0.000444935 4294967295
0.000456951 4294967295
0.000468967 4294967295
0.000480983 4294967295
0.000492999 4294967295
0.000505015 4294967295
0.000517031 4294967295
0.000529047 4294967295
0.000541063 4294967295
0.000553079 4294967295
0.000565095 4294967295
0.000577111 4294967295
0.000589127 4294967295
0.000601143 4294967295
0.000613159 4294967295
0.000625175 4294967295
0.000637191 4294967295
0.000649207 4294967295
0.000661223 4294967295
0.000673239 4294967295
0.000685255 4294967295
0.000697271 4294967295
0.000709287 4294967295
0.000721303 4294967295
0.000733319 4294967295
0.000745335 4294967295
0.000757351 4294967295
0.000769367 4294967295
0.000781383 4294967295
0.000793399 4294967295
0.000805415 4294967295
0.000817431 4294967295
0.000829447 4294967295
0.000841463 4294967295
0.000853479 4294967295
0.000865495 4294967295
0.000877511 4294967295
0.000889527 4294967295
0.000901543 4294967295
0.000913559 4294967295
0.000925575 4294967295
0.000937591 4294967295
0.000949607 4294967295
0.000961623 4294967295
0.000973639 4294967295
0.000985655 4294967295
0.000997671 4294967295
0.00100969 4294967295
0.0010217 4294967295
0.00103372 4294967295
0.00104573 4294967295
0.00105775 4294967295
0.00106977 4294967295
0.00108178 4294967295
0.0010938 4294967295
0.00110582 4294967295
0.00111783 4294967295
0.00112985 4294967295
0.00114186 4294967295
0.00115388 4294967295
0.00116589 4294967295
0.00117791 4294967295
0.00118993 4294967295
0.00120194 4294967295
0.00121396 4294967295
0.00122598 4294967295
0.00123799 4294967295
0.00125001 4294967295
0.00126202 4294967295
0.00127404 4294967295
0.00128605 4294967295
0.00129807 4294967295
0.00131009 4294967295
0.0013221 4294967295
0.00133412 4294967295
0.00134614 4294967295
0.00135815 4294967295
0.00137017 4294967295
0.00138218 4294967295
0.0013942 4294967295
0.00140621 4294967295
0.00141823 4294967295
0.00143025 4294967295
0.00144226 4294967295
0.00145428 4294967295
0.00146629 4294967295
0.00147831 4294967295
0.00149033 4294967295
0.00150234 4294967295
0.00151436 4294967295
0.00152637 4294967295
0.00153839 4294967295
0.00155041 4294967295
0.00156242 4294967295
0.00157444 4294967295
0.00158646 4294967295
0.00159847 4294967295
0.00161049 4294967295
0.0016225 4294967295
0.00163452 4294967295
0.00164653 4294967295
0.00165855 4294967295
0.00167057 4294967295
0.00168258 4294967295
0.0016946 4294967295
0.00170661 4294967295
0.00171863 4294967295
0.00173065 4294967295
0.00174266 4294967295
0.00175468 4294967295
0.00176669 4294967295
0.00177871 4294967295
0.00179073 4294967295
0.00180274 4294967295
0.00181476 4294967295
0.00182678 4294967295
0.00183879 4294967295
0.00185081 4294967295
0.00186282 4294967295
0.00187484 4294967295
0.00188685 4294967295
0.00189887 4294967295
0.00191089 4294967295
0.0019229 4294967295
0.00193492 4294967295
0.00194693 4294967295
0.00195895 4294967295
0.00197097 4294967295
0.00198298 4294967295
0.001995 4294967295
0.00200702 4294967295
0.00201903 4294967295
0.00203105 4294967295
0.00204306 4294967295
0.00205508 4294967295
0.0020671 4294967295
0.00207911 4294967295
0.00209113 4294967295
0.00210314 4294967295
0.00211516 4294967295
0.00212717 4294967295
0.00213919 4294967295
0.00215121 4294967295
0.00216322 4294967295
0.00217524 4294967295
0.00218725 4294967295
0.00219927 4294967295
0.00221129 4294967295
0.0022233 4294967295
0.00223532 4294967295
0.00224734 4294967295
0.00225935 4294967295
0.00227137 4294967295
0.00228338 4294967295
0.0022954 4294967295
0.00230742 4294967295
0.00231943 4294967295
0.00233145 4294967295
0.00234346 4294967295
0.00235548 4294967295
0.00236749 4294967295
0.00237951 4294967295
0.00239153 4294967295
0.00240354 4294967295
0.00241556 4294967295
0.00242757 4294967295
0.00243959 4294967295
0.00245161 4294967295
0.00246362 4294967295
0.00247564 4294967295
0.00248766 4294967295
0.00249967 4294967295
0.00251169 4294967295
0.0025237 4294967295
0.00253572 4294967295
0.00254773 4294967295
0.00255975 4294967295
0.00257177 4294967295
0.00258378 4294967295
0.0025958 4294967295
0.00260781 4294967295
0.00261983 4294967295
0.00263185 4294967295
0.00264386 4294967295
0.00265588 4294967295
0.00266789 4294967295
0.00267991 4294967295
0.00269193 4294967295
0.00270394 4294967295
0.00271596 4294967295
0.00272798 4294967295
0.00273999 4294967295
0.00275201 4294967295
0.00276402 4294967295
0.00277604 4294967295
0.00278805 4294967295
0.00280007 4294967295
0.00281209 4294967295
0.0028241 4294967295
0.00283612 4294967295
0.00284813 4294967295
0.00286015 4294967295
0.00287217 4294967295
0.00288418 4294967295
0.0028962 4294967295
0.00290822 4294967295
0.00292023 4294967295
0.00293225 4294967295
0.00294426 4294967295
0.00295628 4294967295
0.0029683 4294967295
0.00298031 4294967295
0.00299233 4294967295
0.00300434 4294967295
0.00301636 4294967295
0.00302837 4294967295
0.00304039 4294967295
0.00305241 4294967295
0.00306442 4294967295
0.00307644 4294967295
0.00308845 4294967295
0.00310047 4294967295
0.00311249 4294967295
0.0031245 4294967295
0.00313652 4294967295
0.00314854 4294967295
0.00316055 4294967295
0.00317257 4294967295
0.00318458 4294967295
0.0031966 4294967295
0.00320861 4294967295
0.00322063 4294967295
0.00323265 4294967295
0.00324466 4294967295
0.00325668 4294967295
0.00326869 4294967295
0.00328071 4294967295
0.00329273 4294967295
0.00330474 4294967295
0.00331676 4294967295
0.00332877 4294967295
0.00334079 4294967295
0.00335281 4294967295
0.00336482 4294967295
0.00337684 4294967295
0.00338886 4294967295
0.00340087 4294967295
0.00341289 4294967295
0.0034249 4294967295
0.00343692 4294967295
0.00344894 4294967295
0.00346095 4294967295
0.00347297 4294967295
0.00348498 4294967295
0.003497 4294967295
0.00350901 4294967295
0.00352103 4294967295
0.00353305 4294967295
0.00354506 4294967295
0.00355708 4294967295
0.00356909 4294967295
0.00358111 4294967295
0.00359313 4294967295
0.00360514 4294967295
0.00361716 4294967295
0.00362918 4294967295
0.00364119 4294967295
0.00365321 4294967295
0.00366522 4294967295
0.00367724 4294967295
0.00368925 4294967295
0.00370127 4294967295
0.00371329 4294967295
0.0037253 4294967295
0.00373732 4294967295
0.00374933 4294967295
0.00376135 4294967295
0.00377337 4294967295
0.00378538 4294967295
0.0037974 4294967295
0.00380942 4294967295
0.00382143 4294967295
0.00383345 4294967295
0.00384546 4294967295
0.00385748 4294967295
0.0038695 4294967295
0.00388151 4294967295
0.00389353 4294967295
0.00390554 4294967295
0.00391756 4294967295
0.00392958 4294967295
0.00394159 4294967295
0.00395361 4294967295
0.00396562 4294967295
0.00397764 4294967295
0.00398965 4294967295
0.00400167 4294967295
0.00401369 4294967295
0.0040257 4294967295
0.00403772 4294967295
0.00404973 4294967295
0.00406175 4294967295
0.00407377 4294967295
0.00408578 4294967295
0.0040978 4294967295
0.00410982 4294967295
0.00412183 4294967295
0.00413385 4294967295
0.00414586 4294967295
0.00415788 4294967295
0.00416989 4294967295
0.00418191 4294967295
0.00419393 4294967295
0.00420594 4294967295
0.00421796 4294967295
0.00422998 4294967295
0.00424199 4294967295
0.00425401 4294967295
0.00426602 4294967295
0.00427804 4294967295
0.00429006 4294967295
0.00430207 4294967295
0.00431409 4294967295
0.0043261 4294967295
0.00433812 4294967295
0.00435013 4294967295
0.00436215 4294967295
0.00437417 4294967295
0.00438618 4294967295
0.0043982 4294967295
0.00441022 4294967295
0.00442223 4294967295
0.00443425 4294967295
0.00444626 4294967295
0.00445828 4294967295
0.00447029 4294967295
0.00448231 4294967295
0.00449433 4294967295
0.00450634 4294967295
0.00451836 4294967295
0.00453037 4294967295
0.00454239 4294967295
0.00455441 4294967295
0.00456642 4294967295
0.00457844 4294967295
0.00459046 4294967295
0.00460247 4294967295
0.00461449 4294967295
0.0046265 4294967295
0.00463852 4294967295
0.00465053 4294967295
0.00466255 4294967295
0.00467457 4294967295
0.00468658 4294967295
0.0046986 4294967295
0.00471061 4294967295
0.00472263 4294967295
0.00473465 4294967295
0.00474666 4294967295
0.00475868 4294967295
0.0047707 4294967295
0.00478271 4294967295
0.00479473 4294967295
0.00480674 4294967295
0.00481876 4294967295
0.00483077 4294967295
0.00484279 4294967295
0.00485481 4294967295
0.00486682 4294967295
0.00487884 4294967295
0.00489086 4294967295
0.00490287 4294967295
0.00491489 4294967295
0.0049269 4294967295
0.00493892 4294967295
0.00495094 4294967295
0.00496295 4294967295
0.00497497 4294967295
0.00498698 4294967295
0.004999 4294967295
0.00501101 4294967295
0.00502303 4294967295
0.00503505 4294967295
0.00504706 4294967295
0.00505908 4294967295
0.0050711 4294967295
0.00508311 4294967295
0.00509513 4294967295
0.00510714 4294967295
0.00511916 4294967295
0.00513117 4294967295
0.00514319 4294967295
0.00515521 4294967295
0.00516722 4294967295
0.00517924 4294967295
0.00519125 4294967295
0.00520327 4294967295
0.00521529 4294967295
0.0052273 4294967295
0.00523932 4294967295
0.00525134 4294967295
0.00526335 4294967295
0.00527537 4294967295
0.00528738 4294967295
0.0052994 4294967295
0.00531141 4294967295
0.00532343 4294967295
0.00533545 4294967295
0.00534746 4294967295
0.00535948 4294967295
0.00537149 4294967295
0.00538351 4294967295
0.00539553 4294967295
0.00540754 4294967295
0.00541956 4294967295
0.00543158 4294967295
0.00544359 4294967295
0.00545561 4294967295
0.00546762 4294967295
0.00547964 4294967295
0.00549165 4294967295
0.00550367 4294967295
0.00551569 4294967295
0.0055277 4294967295
0.00553972 4294967295
0.00555174 4294967295
0.00556375 4294967295
0.00557577 4294967295
0.00558778 4294967295
0.0055998 4294967295
0.00561182 4294967295
0.00562383 4294967295
0.00563585 4294967295
0.00564786 4294967295
0.00565988 4294967295
0.00567189 4294967295
0.00568391 4294967295
0.00569593 4294967295
0.00570794 4294967295
0.00571996 4294967295
0.00573198 4294967295
0.00574399 4294967295
0.00575601 4294967295
0.00576802 4294967295
0.00578004 4294967295
0.00579205 4294967295
0.00580407 4294967295
0.00581609 4294967295
0.0058281 4294967295
0.00584012 4294967295
0.00585213 4294967295
0.00586415 4294967295
0.00587617 4294967295
0.00588818 4294967295
0.0059002 4294967295
0.00591222 4294967295
0.00592423 4294967295
0.00593625 4294967295
0.00594826 4294967295
0.00596028 4294967295
0.00597229 4294967295
0.00598431 4294967295
0.00599633 4294967295
0.00600834 4294967295
0.00602036 4294967295
0.00603237 4294967295
0.00604439 4294967295
0.00605641 4294967295
0.00606842 4294967295
0.00608044 4294967295
0.00609246 4294967295
0.00610447 4294967295
0.00611649 4294967295
0.0061285 4294967295
0.00614052 4294967295
0.00615253 4294967295
0.00616455 4294967295
0.00617657 4294967295
0.00618858 4294967295
0.0062006 4294967295
0.00621262 4294967295
0.00622463 4294967295
0.00623665 4294967295
0.00624866 4294967295
0.00626068 4294967295
0.0062727 4294967295
0.00628471 4294967295
0.00629673 4294967295
0.00630874 4294967295
0.00632076 4294967295
0.00633277 4294967295
0.00634479 4294967295
0.00635681 4294967295
0.00636882 4294967295
0.00638084 4294967295
0.00639286 4294967295
0.00640487 4294967295
0.00641689 4294967295
0.0064289 4294967295
0.00644092 4294967295
0.00645293 4294967295
0.00646495 4294967295
0.00647697 4294967295
0.00648898 4294967295
0.006501 4294967295
0.00651301 4294967295
0.00652503 4294967295
0.00653705 4294967295
0.00654906 4294967295
0.00656108 4294967295
0.0065731 4294967295
0.00658511 4294967295
0.00659713 4294967295
0.00660914 4294967295
0.00662116 4294967295
0.00663317 4294967295
0.00664519 4294967295
0.00665721 4294967295
0.00666922 4294967295
0.00668124 4294967295
0.00669326 4294967295
0.00670527 4294967295
0.00671729 4294967295
0.0067293 4294967295
0.00674132 4294967295
0.00675334 4294967295
0.00676535 4294967295
0.00677737 4294967295
0.00678938 4294967295
0.0068014 4294967295
0.00681341 4294967295
0.00682543 4294967295
0.00683745 4294967295
0.00684946 4294967295
0.00686148 4294967295
0.0068735 4294967295
0.00688551 4294967295
0.00689753 4294967295
0.00690954 4294967295
0.00692156 4294967295
0.00693357 4294967295
0.00694559 4294967295
0.00695761 4294967295
0.00696962 4294967295
0.00698164 4294967295
0.00699365 4294967295
0.00700567 4294967295
0.00701769 4294967295
0.0070297 4294967295
0.00704172 4294967295
0.00705374 4294967295
0.00706575 4294967295
0.00707777 4294967295
0.00708978 4294967295
0.0071018 4294967295
0.00711381 4294967295
0.00712583 4294967295
0.00713785 4294967295
0.00714986 4294967295
0.00716188 4294967295
0.00717389 4294967295
0.00718591 4294967295
0.00719793 4294967295
0.00720994 4294967295
0.00722196 4294967295
0.00723398 4294967295
0.00724599 4294967295
0.00725801 4294967295
0.00727002 4294967295
0.00728204 4294967295
0.00729405 4294967295
0.00730607 4294967295
0.00731809 4294967295
0.0073301 4294967295
0.00734212 4294967295
0.00735414 4294967295
0.00736615 4294967295
0.00737817 4294967295
0.00739018 4294967295
0.0074022 4294967295
0.00741422 4294967295
0.00742623 4294967295
0.00743825 4294967295
0.00745026 4294967295
0.00746228 4294967295
0.00747429 4294967295
0.00748631 4294967295
0.00749833 4294967295
0.00751034 4294967295
0.00752236 4294967295
0.00753438 4294967295
0.00754639 4294967295
0.00755841 4294967295
0.00757042 4294967295
0.00758244 4294967295
0.00759445 4294967295
0.00760647 4294967295
0.00761849 4294967295
0.0076305 4294967295
0.00764252 4294967295
0.00765453 4294967295
0.00766655 4294967295
0.00767857 4294967295
0.00769058 4294967295
0.0077026 4294967295
0.00771462 4294967295
0.00772663 4294967295
0.00773865 4294967295
0.00775066 4294967295
0.00776268 4294967295
0.00777469 4294967295
0.00778671 4294967295
0.00779873 4294967295
0.00781074 4294967295
0.00782276 4294967295
0.00783478 4294967295
0.00784679 4294967295
0.00785881 4294967295
0.00787082 4294967295
0.00788284 4294967295
0.00789485 4294967295
0.00790687 4294967295
0.00791889 4294967295
0.0079309 4294967295
0.00794292 4294967295
0.00795493 4294967295
0.00796695 4294967295
0.00797897 4294967295
0.00799098 4294967295
0.008003 4294967295
0.00801502 4294967295
0.00802703 4294967295
0.00803905 4294967295
0.00805106 4294967295
0.00806308 4294967295
0.00807509 4294967295
0.00808711 4294967295
0.00809913 4294967295
0.00811114 4294967295
0.00812316 4294967295
0.00813517 4294967295
0.00814719 4294967295
0.00815921 4294967295
0.00817122 4294967295
0.00818324 4294967295
0.00819526 4294967295
0.00820727 4294967295
0.00821929 4294967295
0.0082313 4294967295
0.00824332 4294967295
0.00825534 4294967295
0.00826735 4294967295
0.00827937 4294967295
0.00829138 4294967295
0.0083034 4294967295
0.00831541 4294967295
0.00832743 4294967295
0.00833945 4294967295
0.00835146 4294967295
0.00836348 4294967295
0.0083755 4294967295
0.00838751 4294967295
0.00839953 4294967295
0.00841154 4294967295
0.00842356 4294967295
0.00843558 4294967295
0.00844759 4294967295
0.00845961 4294967295
0.00847162 4294967295
0.00848364 4294967295
0.00849565 4294967295
0.00850767 4294967295
0.00851969 4294967295
0.0085317 4294967295
0.00854372 4294967295
0.00855574 4294967295
0.00856775 4294967295
0.00857977 4294967295
0.00859178 4294967295
0.0086038 4294967295
0.00861582 4294967295
0.00862783 4294967295
0.00863985 4294967295
0.00865186 4294967295
0.00866388 4294967295
0.00867589 4294967295
0.00868791 4294967295
0.00869993 4294967295
0.00871194 4294967295
0.00872396 4294967295
0.00873597 4294967295
0.00874799 4294967295
0.00876001 4294967295
0.00877202 4294967295
0.00878404 4294967295
0.00879606 4294967295
0.00880807 4294967295
0.00882009 4294967295
0.0088321 4294967295
0.00884412 4294967295
0.00885613 4294967295
0.00886815 4294967295
0.00888017 4294967295
0.00889218 4294967295
0.0089042 4294967295
0.00891621 4294967295
0.00892823 4294967295
0.00894025 4294967295
0.00895226 4294967295
0.00896428 4294967295
0.0089763 4294967295
0.00898831 4294967295
0.00900033 4294967295
0.00901234 4294967295
0.00902436 4294967295
0.00903637 4294967295
0.00904839 4294967295
0.00906041 4294967295
0.00907242 4294967295
0.00908444 4294967295
0.00909645 4294967295
0.00910847 4294967295
0.00912049 4294967295
0.0091325 4294967295
0.00914452 4294967295
0.00915654 4294967295
0.00916855 4294967295
0.00918057 4294967295
0.00919258 4294967295
0.0092046 4294967295
0.00921661 4294967295
0.00922863 4294967295
0.00924065 4294967295
0.00925266 4294967295
0.00926468 4294967295
0.00927669 4294967295
0.00928871 4294967295
0.00930073 4294967295
0.00931274 4294967295
0.00932476 4294967295
0.00933678 4294967295
0.00934879 4294967295
0.00936081 4294967295
0.00937282 4294967295
0.00938484 4294967295
0.00939685 4294967295
0.00940887 4294967295
0.00942089 4294967295
0.0094329 4294967295
0.00944492 4294967295
0.00945693 4294967295
0.00946895 4294967295
0.00948097 4294967295
0.00949298 4294967295
0.009505 4294967295
0.00951702 4294967295
0.00952903 4294967295
0.00954105 4294967295
0.00955306 4294967295
0.00956508 4294967295
0.0095771 4294967295
0.00958911 4294967295
0.00960113 4294967295
0.00961314 4294967295
0.00962516 4294967295
0.00963717 4294967295
0.00964919 4294967295
0.00966121 4294967295
0.00967322 4294967295
0.00968524 4294967295
0.00969726 4294967295
0.00970927 4294967295
0.00972129 4294967295
0.0097333 4294967295
0.00974532 4294967295
0.00975734 4294967295
0.00976935 4294967295
0.00978137 4294967295
0.00979338 4294967295
0.0098054 4294967295
0.00981741 4294967295
0.00982943 4294967295
0.00984145 4294967295
0.00985346 4294967295
0.00986548 4294967295
0.0098775 4294967295
0.00988951 4294967295
0.00990153 4294967295
0.00991354 4294967295
0.00992556 4294967295
0.00993758 4294967295
0.00994959 4294967295
0.00996161 4294967295
0.00997362 4294967295
0.00998564 4294967295
0.00999765 4294967295
0.0100097 4294967295
0.0100217 4294967295
0.0100337 4294967295
0.0100457 4294967295
0.0100577 4294967295
0.0100698 4294967295
0.0100818 4294967295
0.0100938 4294967295
0.0101058 4294967295
0.0101178 4294967295
0.0101298 4294967295
0.0101418 4294967295
0.0101539 4294967295
0.0101659 4294967295
0.0101779 4294967295
0.0101899 4294967295
0.0102019 4294967295
0.0102139 4294967295
0.010226 4294967295
0.010238 4294967295
0.01025 4294967295
0.010262 4294967295
0.010274 4294967295
0.010286 4294967295
0.0102981 4294967295
0.0103101 4294967295
0.0103221 4294967295
0.0103341 4294967295
0.0103461 4294967295
0.0103581 4294967295
0.0103702 4294967295
0.0103822 4294967295
0.0103942 4294967295
0.0104062 4294967295
0.0104182 4294967295
0.0104302 4294967295
0.0104422 4294967295
0.0104543 4294967295
0.0104663 4294967295
0.0104783 4294967295
0.0104903 4294967295
0.0105023 4294967295
0.0105143 4294967295
0.0105264 4294967295
0.0105384 4294967295
0.0105504 4294967295
0.0105624 4294967295
0.0105744 4294967295
0.0105864 4294967295
0.0105985 4294967295
0.0106105 4294967295
0.0106225 4294967295
0.0106345 4294967295
0.0106465 4294967295
0.0106585 4294967295
0.0106706 4294967295
0.0106826 4294967295
0.0106946 4294967295
0.0107066 4294967295
0.0107186 4294967295
0.0107306 4294967295
0.0107426 4294967295
0.0107547 4294967295
0.0107667 4294967295
0.0107787 4294967295
0.0107907 4294967295
0.0108027 4294967295
0.0108147 4294967295
0.0108268 4294967295
0.0108388 4294967295
0.0108508 4294967295
0.0108628 4294967295
0.0108748 4294967295
0.0108868 4294967295
0.0108989 4294967295
0.0109109 4294967295
0.0109229 4294967295
0.0109349 4294967295
0.0109469 4294967295
0.0109589 4294967295
0.010971 4294967295
0.010983 4294967295
0.010995 4294967295
0.011007 4294967295
0.011019 4294967295
0.011031 4294967295
0.011043 4294967295
0.0110551 4294967295
0.0110671 4294967295
0.0110791 4294967295
0.0110911 4294967295
0.0111031 4294967295
0.0111151 4294967295
0.0111272 4294967295
0.0111392 4294967295
0.0111512 4294967295
0.0111632 4294967295
0.0111752 4294967295
0.0111872 4294967295
0.0111993 4294967295
0.0112113 4294967295
0.0112233 4294967295
0.0112353 4294967295
0.0112473 4294967295
0.0112593 4294967295
0.0112714 4294967295
0.0112834 4294967295
0.0112954 4294967295
0.0113074 4294967295
0.0113194 4294967295
0.0113314 4294967295
0.0113434 4294967295
0.0113555 4294967295
0.0113675 4294967295
0.0113795 4294967295
0.0113915 4294967295
0.0114035 4294967295
0.0114155 4294967295
0.0114276 4294967295
0.0114396 4294967295
0.0114516 4294967295
0.0114636 4294967295
0.0114756 4294967295
0.0114876 4294967295
0.0114997 4294967295
0.0115117 4294967295
0.0115237 4294967295
0.0115357 4294967295
0.0115477 4294967295
0.0115597 4294967295
0.0115718 4294967295
0.0115838 4294967295
0.0115958 4294967295
0.0116078 4294967295
0.0116198 4294967295
0.0116318 4294967295
0.0116438 4294967295
0.0116559 4294967295
0.0116679 4294967295
0.0116799 4294967295
0.0116919 4294967295
0.0117039 4294967295
0.0117159 4294967295
0.011728 4294967295
0.01174 4294967295
0.011752 4294967295
0.011764 4294967295
0.011776 4294967295
0.011788 4294967295
0.0118001 4294967295
0.0118121 4294967295
0.0118241 4294967295
0.0118361 4294967295
0.0118481 4294967295
0.0118601 4294967295
0.0118722 4294967295
0.0118842 4294967295
0.0118962 4294967295
0.0119082 4294967295
0.0119202 4294967295
0.0119322 4294967295
0.0119442 4294967295
0.0119563 4294967295
0.0119683 4294967295
0.0119803 4294967295
0.0119923 4294967295
0.0120043 4294967295
0.0120163 4294967295
0.0120284 4294967295
0.0120404 4294967295
0.0120524 4294967295
0.0120644 4294967295
0.0120764 4294967295
0.0120884 4294967295
0.0121005 4294967295
0.0121125 4294967295
0.0121245 4294967295
0.0121365 4294967295
0.0121485 4294967295
0.0121605 4294967295
0.0121726 4294967295
0.0121846 4294967295
0.0121966 4294967295
0.0122086 4294967295
0.0122206 4294967295
0.0122326 4294967295
0.0122446 4294967295
0.0122567 4294967295
0.0122687 4294967295
0.0122807 4294967295
0.0122927 4294967295
0.0123047 4294967295
0.0123167 4294967295
0.0123288 4294967295
0.0123408 4294967295
0.0123528 4294967295
0.0123648 4294967295
0.0123768 4294967295
0.0123888 4294967295
0.0124009 4294967295
0.0124129 4294967295
0.0124249 4294967295
0.0124369 4294967295
0.0124489 4294967295
0.0124609 4294967295
0.012473 4294967295
0.012485 4294967295
0.012497 4294967295
0.012509 4294967295
0.012521 4294967295
0.012533 4294967295
0.012545 4294967295
0.0125571 4294967295
0.0125691 4294967295
0.0125811 4294967295
0.0125931 4294967295
0.0126051 4294967295
0.0126171 4294967295
0.0126292 4294967295
0.0126412 4294967295
0.0126532 4294967295
0.0126652 4294967295
0.0126772 4294967295
0.0126892 4294967295
0.0127013 4294967295
0.0127133 4294967295
0.0127253 4294967295
0.0127373 4294967295
0.0127493 4294967295
0.0127613 4294967295
0.0127734 4294967295
0.0127854 4294967295
0.0127974 4294967295
0.0128094 4294967295
0.0128214 4294967295
0.0128334 4294967295
0.0128454 4294967295
0.0128575 4294967295
0.0128695 4294967295
0.0128815 4294967295
0.0128935 4294967295
0.0129055 4294967295
0.0129175 4294967295
0.0129296 4294967295
0.0129416 4294967295
0.0129536 4294967295
0.0129656 4294967295
0.0129776 4294967295
0.0129896 4294967295
0.0130017 4294967295
0.0130137 4294967295
0.0130257 4294967295
0.0130377 4294967295
0.0130497 4294967295
0.0130617 4294967295
0.0130738 4294967295
0.0130858 4294967295
0.0130978 4294967295
0.0131098 4294967295
0.0131218 4294967295
0.0131338 4294967295
0.0131458 4294967295
0.0131579 4294967295
0.0131699 4294967295
0.0131819 4294967295
0.0131939 4294967295
0.0132059 4294967295
0.0132179 4294967295
0.01323 4294967295
0.013242 4294967295
0.013254 4294967295
0.013266 4294967295
0.013278 4294967295
0.01329 4294967295
0.0133021 4294967295
0.0133141 4294967295
0.0133261 4294967295
0.0133381 4294967295
0.0133501 4294967295
0.0133621 4294967295
0.0133742 4294967295
0.0133862 4294967295
0.0133982 4294967295
0.0134102 4294967295
0.0134222 4294967295
0.0134342 4294967295
0.0134462 4294967295
0.0134583 4294967295
0.0134703 4294967295
0.0134823 4294967295
0.0134943 4294967295
0.0135063 4294967295
0.0135183 4294967295
0.0135304 4294967295
0.0135424 4294967295
0.0135544 4294967295
0.0135664 4294967295
0.0135784 4294967295
0.0135904 4294967295
0.0136025 4294967295
0.0136145 4294967295
0.0136265 4294967295
0.0136385 4294967295
0.0136505 4294967295
0.0136625 4294967295
0.0136746 4294967295
0.0136866 4294967295
0.0136986 4294967295
0.0137106 4294967295
0.0137226 4294967295
0.0137346 4294967295
0.0137466 4294967295
0.0137587 4294967295
0.0137707 4294967295
0.0137827 4294967295
0.0137947 4294967295
0.0138067 4294967295
0.0138187 4294967295
0.0138308 4294967295
0.0138428 4294967295
0.0138548 4294967295
0.0138668 4294967295
0.0138788 4294967295
0.0138908 4294967295
0.0139029 4294967295
0.0139149 4294967295
0.0139269 4294967295
0.0139389 4294967295
0.0139509 4294967295
0.0139629 4294967295
0.013975 4294967295
0.013987 4294967295
0.013999 4294967295
0.014011 4294967295
0.014023 4294967295
0.014035 4294967295
0.014047 4294967295
0.0140591 4294967295
0.0140711 4294967295
0.0140831 4294967295
0.0140951 4294967295
0.0141071 4294967295
0.0141191 4294967295
0.0141312 4294967295
0.0141432 4294967295
0.0141552 4294967295
0.0141672 4294967295
0.0141792 4294967295
0.0141912 4294967295
0.0142033 4294967295
0.0142153 4294967295
0.0142273 4294967295
0.0142393 4294967295
0.0142513 4294967295
0.0142633 4294967295
0.0142754 4294967295
0.0142874 4294967295
0.0142994 4294967295
0.0143114 4294967295
0.0143234 4294967295
0.0143354 4294967295
0.0143474 4294967295
0.0143595 4294967295
0.0143715 4294967295
0.0143835 4294967295
0.0143955 4294967295
0.0144075 4294967295
0.0144195 4294967295
0.0144316 4294967295
0.0144436 4294967295
0.0144556 4294967295
0.0144676 4294967295
0.0144796 4294967295
0.0144916 4294967295
0.0145037 4294967295
0.0145157 4294967295
0.0145277 4294967295
0.0145397 4294967295
0.0145517 4294967295
0.0145637 4294967295
0.0145758 4294967295
0.0145878 4294967295
0.0145998 4294967295
0.0146118 4294967295
0.0146238 4294967295
0.0146358 4294967295
0.0146478 4294967295
0.0146599 4294967295
0.0146719 4294967295
0.0146839 4294967295
0.0146959 4294967295
0.0147079 4294967295
0.0147199 4294967295
0.014732 4294967295
0.014744 4294967295
0.014756 4294967295
0.014768 4294967295
0.01478 4294967295
0.014792 4294967295
0.0148041 4294967295
0.0148161 4294967295
0.0148281 4294967295
0.0148401 4294967295
0.0148521 4294967295
0.0148641 4294967295
0.0148762 4294967295
0.0148882 4294967295
0.0149002 4294967295
0.0149122 4294967295
0.0149242 4294967295
0.0149362 4294967295
0.0149482 4294967295
0.0149603 4294967295
0.0149723 4294967295
0.0149843 4294967295
0.0149963 4294967295
0.0150083 4294967295
0.0150203 4294967295
0.0150324 4294967295
0.0150444 4294967295
0.0150564 4294967295
0.0150684 4294967295
0.0150804 4294967295
0.0150924 4294967295
0.0151045 4294967295
0.0151165 4294967295
0.0151285 4294967295
0.0151405 4294967295
0.0151525 4294967295
0.0151645 4294967295
0.0151766 4294967295
0.0151886 4294967295
0.0152006 4294967295
0.0152126 4294967295
0.0152246 4294967295
0.0152366 4294967295
0.0152486 4294967295
0.0152607 4294967295
0.0152727 4294967295
0.0152847 4294967295
0.0152967 4294967295
0.0153087 4294967295
0.0153207 4294967295
0.0153328 4294967295
0.0153448 4294967295
0.0153568 4294967295
0.0153688 4294967295
0.0153808 4294967295
0.0153928 4294967295
0.0154049 4294967295
0.0154169 4294967295
0.0154289 4294967295
0.0154409 4294967295
0.0154529 4294967295
0.0154649 4294967295
0.015477 4294967295
0.015489 4294967295
0.015501 4294967295
0.015513 4294967295
0.015525 4294967295
0.015537 4294967295
0.015549 4294967295
0.0155611 4294967295
0.0155731 4294967295
0.0155851 4294967295
0.0155971 4294967295
0.0156091 4294967295
0.0156211 4294967295
0.0156332 4294967295
0.0156452 4294967295
0.0156572 4294967295
0.0156692 4294967295
0.0156812 4294967295
0.0156932 4294967295
0.0157053 4294967295
0.0157173 4294967295
0.0157293 4294967295
0.0157413 4294967295
0.0157533 4294967295
0.0157653 4294967295
0.0157774 4294967295
0.0157894 4294967295
0.0158014 4294967295
0.0158134 4294967295
0.0158254 4294967295
0.0158374 4294967295
0.0158494 4294967295
0.0158615 4294967295
0.0158735 4294967295
0.0158855 4294967295
0.0158975 4294967295
0.0159095 4294967295
0.0159215 4294967295
0.0159336 4294967295
0.0159456 4294967295
0.0159576 4294967295
0.0159696 4294967295
0.0159816 4294967295
0.0159936 4294967295
0.0160057 4294967295
0.0160177 4294967295
0.0160297 4294967295
0.0160417 4294967295
0.0160537 4294967295
0.0160657 4294967295
0.0160778 4294967295
0.0160898 4294967295
0.0161018 4294967295
0.0161138 4294967295
0.0161258 4294967295
0.0161378 4294967295
0.0161498 4294967295
0.0161619 4294967295
0.0161739 4294967295
0.0161859 4294967295
0.0161979 4294967295
0.0162099 4294967295
0.0162219 4294967295
0.016234 4294967295
0.016246 4294967295
0.016258 4294967295
0.01627 4294967295
0.016282 4294967295
0.016294 4294967295
0.0163061 4294967295
0.0163181 4294967295
0.0163301 4294967295
0.0163421 4294967295
0.0163541 4294967295
0.0163661 4294967295
0.0163782 4294967295
0.0163902 4294967295
0.0164022 4294967295
0.0164142 4294967295
0.0164262 4294967295
0.0164382 4294967295
0.0164502 4294967295
0.0164623 4294967295
0.0164743 4294967295
0.0164863 4294967295
0.0164983 4294967295
0.0165103 4294967295
0.0165223 4294967295
0.0165344 4294967295
0.0165464 4294967295
0.0165584 4294967295
0.0165704 4294967295
0.0165824 4294967295
0.0165944 4294967295
0.0166065 4294967295
0.0166185 4294967295
0.0166305 4294967295
0.0166425 4294967295
0.0166545 4294967295
0.0166665 4294967295
0.0166786 4294967295
0.0166906 4294967295
0.0167026 4294967295
0.0167146 4294967295
0.0167266 4294967295
0.0167386 4294967295
0.0167506 4294967295
0.0167627 4294967295
0.0167747 4294967295
0.0167867 4294967295
0.0167987 4294967295
0.0168107 4294967295
0.0168227 4294967295
0.0168348 4294967295
0.0168468 4294967295
0.0168588 4294967295
0.0168708 4294967295
0.0168828 4294967295
0.0168948 4294967295
0.0169069 4294967295
0.0169189 4294967295
0.0169309 4294967295
0.0169429 4294967295
0.0169549 4294967295
0.0169669 4294967295
0.016979 4294967295
0.016991 4294967295
0.017003 4294967295
0.017015 4294967295
0.017027 4294967295
0.017039 4294967295
0.017051 4294967295
0.0170631 4294967295
0.0170751 4294967295
0.0170871 4294967295
0.0170991 4294967295
0.0171111 4294967295
0.0171231 4294967295
0.0171352 4294967295
0.0171472 4294967295
0.0171592 4294967295
0.0171712 4294967295
0.0171832 4294967295
0.0171952 4294967295
0.0172073 4294967295
0.0172193 4294967295
0.0172313 4294967295
0.0172433 4294967295
0.0172553 4294967295
0.0172673 4294967295
0.0172794 4294967295
0.0172914 4294967295
0.0173034 4294967295
0.0173154 4294967295
0.0173274 4294967295
0.0173394 4294967295
0.0173514 4294967295
0.0173635 4294967295
0.0173755 4294967295
0.0173875 4294967295
0.0173995 4294967295
0.0174115 4294967295
0.0174235 4294967295
0.0174356 4294967295
0.0174476 4294967295
0.0174596 4294967295
0.0174716 4294967295
0.0174836 4294967295
0.0174956 4294967295
0.0175077 4294967295
0.0175197 4294967295
0.0175317 4294967295
0.0175437 4294967295
0.0175557 4294967295
0.0175677 4294967295
0.0175798 4294967295
0.0175918 4294967295
0.0176038 4294967295
0.0176158 4294967295
0.0176278 4294967295
0.0176398 4294967295
0.0176518 4294967295
0.0176639 4294967295
0.0176759 4294967295
0.0176879 4294967295
0.0176999 4294967295
0.0177119 4294967295
0.0177239 4294967295
0.017736 4294967295
0.017748 4294967295
0.01776 4294967295
0.017772 4294967295
0.017784 4294967295
0.017796 4294967295
0.0178081 4294967295
0.0178201 4294967295
0.0178321 4294967295
0.0178441 4294967295
0.0178561 4294967295
0.0178681 4294967295
0.0178802 4294967295
0.0178922 4294967295
0.0179042 4294967295
0.0179162 4294967295
0.0179282 4294967295
0.0179402 4294967295
0.0179522 4294967295
0.0179643 4294967295
0.0179763 4294967295
0.0179883 4294967295
0.0180003 4294967295
0.0180123 4294967295
0.0180243 4294967295
0.0180364 4294967295
0.0180484 4294967295
0.0180604 4294967295
0.0180724 4294967295
0.0180844 4294967295
0.0180964 4294967295
0.0181085 4294967295
0.0181205 4294967295
0.0181325 4294967295
0.0181445 4294967295
0.0181565 4294967295
0.0181685 4294967295
0.0181806 4294967295
0.0181926 4294967295
0.0182046 4294967295
0.0182166 4294967295
0.0182286 4294967295
0.0182406 4294967295
0.0182526 4294967295
0.0182647 4294967295
0.0182767 4294967295
0.0182887 4294967295
0.0183007 4294967295
0.0183127 4294967295
0.0183247 4294967295
0.0183368 4294967295
0.0183488 4294967295
0.0183608 4294967295
0.0183728 4294967295
0.0183848 4294967295
0.0183968 4294967295
0.0184089 4294967295
0.0184209 4294967295
0.0184329 4294967295
0.0184449 4294967295
0.0184569 4294967295
0.0184689 4294967295
0.018481 4294967295
0.018493 4294967295
0.018505 4294967295
0.018517 4294967295
0.018529 4294967295
0.018541 4294967295
0.018553 4294967295
0.0185651 4294967295
0.0185771 4294967295
0.0185891 4294967295
0.0186011 4294967295
0.0186131 4294967295
0.0186251 4294967295
0.0186372 4294967295
0.0186492 4294967295
0.0186612 4294967295
0.0186732 4294967295
0.0186852 4294967295
0.0186972 4294967295
0.0187093 4294967295
0.0187213 4294967295
0.0187333 4294967295
0.0187453 4294967295
0.0187573 4294967295
0.0187693 4294967295
0.0187814 4294967295
0.0187934 4294967295
0.0188054 4294967295
0.0188174 4294967295
0.0188294 4294967295
0.0188414 4294967295
0.0188534 4294967295
0.0188655 4294967295
0.0188775 4294967295
0.0188895 4294967295
0.0189015 4294967295
0.0189135 4294967295
0.0189255 4294967295
0.0189376 4294967295
0.0189496 4294967295
0.0189616 4294967295
0.0189736 4294967295
0.0189856 4294967295
0.0189976 4294967295
0.0190097 4294967295
0.0190217 4294967295
0.0190337 4294967295
0.0190457 4294967295
0.0190577 4294967295
0.0190697 4294967295
0.0190818 4294967295
0.0190938 4294967295
0.0191058 4294967295
0.0191178 4294967295
0.0191298 4294967295
0.0191418 4294967295
0.0191538 4294967295
0.0191659 4294967295
0.0191779 4294967295
0.0191899 4294967295
0.0192019 4294967295
0.0192139 4294967295
0.0192259 4294967295
0.019238 4294967295
0.01925 4294967295
0.019262 4294967295
0.019274 4294967295
0.019286 4294967295
0.019298 4294967295
0.0193101 4294967295
0.0193221 4294967295
0.0193341 4294967295
0.0193461 4294967295
0.0193581 4294967295
0.0193701 4294967295
0.0193822 4294967295
0.0193942 4294967295
0.0194062 4294967295
0.0194182 4294967295
0.0194302 4294967295
0.0194422 4294967295
0.0194542 4294967295
0.0194663 4294967295
0.0194783 4294967295
0.0194903 4294967295
0.0195023 4294967295
0.0195143 4294967295
0.0195263 4294967295
0.0195384 4294967295
0.0195504 4294967295
0.0195624 4294967295
0.0195744 4294967295
0.0195864 4294967295
0.0195984 4294967295
0.0196105 4294967295
0.0196225 4294967295
0.0196345 4294967295
0.0196465 4294967295
0.0196585 4294967295
0.0196705 4294967295
0.0196826 4294967295
0.0196946 4294967295
0.0197066 4294967295
0.0197186 4294967295
0.0197306 4294967295
0.0197426 4294967295
0.0197546 4294967295
0.0197667 4294967295
0.0197787 4294967295
0.0197907 4294967295
0.0198027 4294967295
0.0198147 4294967295
0.0198267 4294967295
0.0198388 4294967295
0.0198508 4294967295
0.0198628 4294967295
0.0198748 4294967295
0.0198868 4294967295
0.0198988 4294967295
0.0199109 4294967295
0.0199229 4294967295
0.0199349 4294967295
0.0199469 4294967295
0.0199589 4294967295
0.0199709 4294967295
0.019983 4294967295
0.019995 4294967295
0.020007 4294967295
0.020019 4294967295
0.020031 4294967295
0.020043 4294967295
0.020055 4294967295
0.0200671 4294967295
0.0200791 4294967295
0.0200911 4294967295
0.0201031 4294967295
0.0201151 4294967295
0.0201271 4294967295
0.0201392 4294967295
0.0201512 4294967295
0.0201632 4294967295
0.0201752 4294967295
0.0201872 4294967295
0.0201992 4294967295
0.0202113 4294967295
0.0202233 4294967295
0.0202353 4294967295
0.0202473 4294967295
0.0202593 4294967295
0.0202713 4294967295
0.0202834 4294967295
0.0202954 4294967295
0.0203074 4294967295
0.0203194 4294967295
0.0203314 4294967295
0.0203434 4294967295
0.0203554 4294967295
0.0203675 4294967295
0.0203795 4294967295
0.0203915 4294967295
0.0204035 4294967295
0.0204155 4294967295
0.0204275 4294967295
0.0204396 4294967295
0.0204516 4294967295
0.0204636 4294967295
0.0204756 4294967295
0.0204876 4294967295
0.0204996 4294967295
0.0205117 4294967295
0.0205237 4294967295
0.0205357 4294967295
0.0205477 4294967295
0.0205597 4294967295
0.0205717 4294967295
0.0205838 4294967295
0.0205958 4294967295
0.0206078 4294967295
0.0206198 4294967295
0.0206318 4294967295
0.0206438 4294967295
0.0206558 4294967295
0.0206679 4294967295
0.0206799 4294967295
0.0206919 4294967295
0.0207039 4294967295
0.0207159 4294967295
0.0207279 4294967295
0.02074 4294967295
0.020752 4294967295
0.020764 4294967295
0.020776 4294967295
0.020788 4294967295
0.0208 4294967295
0.0208121 4294967295
0.0208241 4294967295
0.0208361 4294967295
0.0208481 4294967295
0.0208601 4294967295
0.0208721 4294967295
0.0208842 4294967295
0.0208962 4294967295
0.0209082 4294967295
0.0209202 4294967295
0.0209322 4294967295
0.0209442 4294967295
0.0209562 4294967295
0.0209683 4294967295
0.0209803 4294967295
0.0209923 4294967295
0.0210043 4294967295
0.0210163 4294967295
0.0210283 4294967295
0.0210404 4294967295
0.0210524 4294967295
0.0210644 4294967295
0.0210764 4294967295
0.0210884 4294967295
0.0211004 4294967295
0.0211125 4294967295
0.0211245 4294967295
0.0211365 4294967295
0.0211485 4294967295
0.0211605 4294967295
0.0211725 4294967295
0.0211846 4294967295
0.0211966 4294967295
0.0212086 4294967295
0.0212206 4294967295
0.0212326 4294967295
0.0212446 4294967295
0.0212566 4294967295
0.0212687 4294967295
0.0212807 4294967295
0.0212927 4294967295
0.0213047 4294967295
0.0213167 4294967295
0.0213287 4294967295
0.0213408 4294967295
0.0213528 4294967295
0.0213648 4294967295
0.0213768 4294967295
0.0213888 4294967295
0.0214008 4294967295
0.0214129 4294967295
0.0214249 4294967295
0.0214369 4294967295
0.0214489 4294967295
0.0214609 4294967295
0.0214729 4294967295
0.021485 4294967295
0.021497 4294967295
0.021509 4294967295
0.021521 4294967295
0.021533 4294967295
0.021545 4294967295
0.021557 4294967295
0.0215691 4294967295
0.0215811 4294967295
0.0215931 4294967295
0.0216051 4294967295
0.0216171 4294967295
0.0216291 4294967295
0.0216412 4294967295
0.0216532 4294967295
0.0216652 4294967295
0.0216772 4294967295
0.0216892 4294967295
0.0217012 4294967295
0.0217133 4294967295
0.0217253 4294967295
0.0217373 4294967295
0.0217493 4294967295
0.0217613 4294967295
0.0217733 4294967295
0.0217854 4294967295
0.0217974 4294967295
0.0218094 4294967295
0.0218214 4294967295
0.0218334 4294967295
0.0218454 4294967295
0.0218574 4294967295
0.0218695 4294967295
0.0218815 4294967295
0.0218935 4294967295
0.0219055 4294967295
0.0219175 4294967295
0.0219295 4294967295
0.0219416 4294967295
0.0219536 4294967295
0.0219656 4294967295
0.0219776 4294967295
0.0219896 4294967295
0.0220016 4294967295
0.0220137 4294967295
0.0220257 4294967295
0.0220377 4294967295
0.0220497 4294967295
0.0220617 4294967295
0.0220737 4294967295
0.0220858 4294967295
0.0220978 4294967295
0.0221098 4294967295
0.0221218 4294967295
0.0221338 4294967295
0.0221458 4294967295
0.0221578 4294967295
0.0221699 4294967295
0.0221819 4294967295
0.0221939 4294967295
0.0222059 4294967295
0.0222179 4294967295
0.0222299 4294967295
0.022242 4294967295
0.022254 4294967295
0.022266 4294967295
0.022278 4294967295
0.02229 4294967295
0.022302 4294967295
0.0223141 4294967295
0.0223261 4294967295
0.0223381 4294967295
0.0223501 4294967295
0.0223621 4294967295
0.0223741 4294967295
0.0223862 4294967295
0.0223982 4294967295
0.0224102 4294967295
0.0224222 4294967295
0.0224342 4294967295
0.0224462 4294967295
0.0224582 4294967295
0.0224703 4294967295
0.0224823 4294967295
0.0224943 4294967295
0.0225063 4294967295
0.0225183 4294967295
0.0225303 4294967295
0.0225424 4294967295
0.0225544 4294967295
0.0225664 4294967295
0.0225784 4294967295
0.0225904 4294967295
0.0226024 4294967295
0.0226145 4294967295
0.0226265 4294967295
0.0226385 4294967295
0.0226505 4294967295
0.0226625 4294967295
0.0226745 4294967295
0.0226866 4294967295
0.0226986 4294967295
0.0227106 4294967295
0.0227226 4294967295
0.0227346 4294967295
0.0227466 4294967295
0.0227586 4294967295
0.0227707 4294967295
0.0227827 4294967295
0.0227947 4294967295
0.0228067 4294967295
0.0228187 4294967295
0.0228307 4294967295
0.0228428 4294967295
0.0228548 4294967295
0.0228668 4294967295
0.0228788 4294967295
0.0228908 4294967295
0.0229028 4294967295
0.0229149 4294967295
0.0229269 4294967295
0.0229389 4294967295
0.0229509 4294967295
0.0229629 4294967295
0.0229749 4294967295
0.022987 4294967295
0.022999 4294967295
0.023011 4294967295
0.023023 4294967295
0.023035 4294967295
0.023047 4294967295
0.023059 4294967295
0.0230711 4294967295
0.0230831 4294967295
0.0230951 4294967295
0.0231071 4294967295
0.0231191 4294967295
0.0231311 4294967295
0.0231432 4294967295
0.0231552 4294967295
0.0231672 4294967295
0.0231792 4294967295
0.0231912 4294967295
0.0232032 4294967295
0.0232153 4294967295
0.0232273 4294967295
0.0232393 4294967295
0.0232513 4294967295
0.0232633 4294967295
0.0232753 4294967295
0.0232874 4294967295
0.0232994 4294967295
0.0233114 4294967295
0.0233234 4294967295
0.0233354 4294967295
0.0233474 4294967295
0.0233594 4294967295
0.0233715 4294967295
0.0233835 4294967295
0.0233955 4294967295
0.0234075 4294967295
0.0234195 4294967295
0.0234315 4294967295
0.0234436 4294967295
0.0234556 4294967295
0.0234676 4294967295
0.0234796 4294967295
0.0234916 4294967295
0.0235036 4294967295
0.0235157 4294967295
0.0235277 4294967295
0.0235397 4294967295
0.0235517 4294967295
0.0235637 4294967295
0.0235757 4294967295
0.0235878 4294967295
0.0235998 4294967295
0.0236118 4294967295
0.0236238 4294967295
0.0236358 4294967295
0.0236478 4294967295
0.0236598 4294967295
0.0236719 4294967295
0.0236839 4294967295
0.0236959 4294967295
0.0237079 4294967295
0.0237199 4294967295
0.0237319 4294967295
0.023744 4294967295
0.023756 4294967295
0.023768 4294967295
0.02378 4294967295
0.023792 4294967295
0.023804 4294967295
0.0238161 4294967295
0.0238281 4294967295
0.0238401 4294967295
0.0238521 4294967295
0.0238641 4294967295
0.0238761 4294967295
0.0238882 4294967295
0.0239002 4294967295
0.0239122 4294967295
0.0239242 4294967295
0.0239362 4294967295
0.0239482 4294967295
0.0239602 4294967295
0.0239723 4294967295
0.0239843 4294967295
0.0239963 4294967295
0.0240083 4294967295
0.0240203 4294967295
0.0240323 4294967295
0.0240444 4294967295
0.0240564 4294967295
0.0240684 4294967295
0.0240804 4294967295
0.0240924 4294967295
0.0241044 4294967295
0.0241165 4294967295
0.0241285 4294967295
0.0241405 4294967295
0.0241525 4294967295
0.0241645 4294967295
0.0241765 4294967295
0.0241886 4294967295
0.0242006 4294967295
0.0242126 4294967295
0.0242246 4294967295
0.0242366 4294967295
0.0242486 4294967295
0.0242606 4294967295
0.0242727 4294967295
0.0242847 4294967295
0.0242967 4294967295
0.0243087 4294967295
0.0243207 4294967295
0.0243327 4294967295
0.0243448 4294967295
0.0243568 4294967295
0.0243688 4294967295
0.0243808 4294967295
0.0243928 4294967295
0.0244048 4294967295
0.0244169 4294967295
0.0244289 4294967295
0.0244409 4294967295
0.0244529 4294967295
0.0244649 4294967295
0.0244769 4294967295
0.024489 4294967295
0.024501 4294967295
0.024513 4294967295
0.024525 4294967295
0.024537 4294967295
0.024549 4294967295
0.024561 4294967295
0.0245731 4294967295
0.0245851 4294967295
0.0245971 4294967295
0.0246091 4294967295
0.0246211 4294967295
0.0246331 4294967295
0.0246452 4294967295
0.0246572 4294967295
0.0246692 4294967295
0.0246812 4294967295
0.0246932 4294967295
0.0247052 4294967295
0.0247173 4294967295
0.0247293 4294967295
0.0247413 4294967295
0.0247533 4294967295
0.0247653 4294967295
0.0247773 4294967295
0.0247894 4294967295
0.0248014 4294967295
0.0248134 4294967295
0.0248254 4294967295
0.0248374 4294967295
0.0248494 4294967295
0.0248614 4294967295
0.0248735 4294967295
0.0248855 4294967295
0.0248975 4294967295
0.0249095 4294967295
0.0249215 4294967295
0.0249335 4294967295
0.0249456 4294967295
0.0249576 4294967295
0.0249696 4294967295
0.0249816 4294967295
0.0249936 4294967295
0.0250056 4294967295
0.0250177 4294967295
0.0250297 4294967295
0.0250417 4294967295
0.0250537 4294967295
0.0250657 4294967295
0.0250777 4294967295
0.0250898 4294967295
0.0251018 4294967295
0.0251138 4294967295
0.0251258 4294967295
0.0251378 4294967295
0.0251498 4294967295
0.0251618 4294967295
0.0251739 4294967295
0.0251859 4294967295
0.0251979 4294967295
0.0252099 4294967295
0.0252219 4294967295
0.0252339 4294967295
0.025246 4294967295
0.025258 4294967295
0.02527 4294967295
0.025282 4294967295
0.025294 4294967295
0.025306 4294967295
0.0253181 4294967295
0.0253301 4294967295
0.0253421 4294967295
0.0253541 4294967295
0.0253661 4294967295
0.0253781 4294967295
0.0253902 4294967295
0.0254022 4294967295
0.0254142 4294967295
0.0254262 4294967295
0.0254382 4294967295
0.0254502 4294967295
0.0254622 4294967295
0.0254743 4294967295
0.0254863 4294967295
0.0254983 4294967295
0.0255103 4294967295
0.0255223 4294967295
0.0255343 4294967295
0.0255464 4294967295
0.0255584 4294967295
0.0255704 4294967295
0.0255824 4294967295
0.0255944 4294967295
0.0256064 4294967295
0.0256185 4294967295
0.0256305 4294967295
0.0256425 4294967295
0.0256545 4294967295
0.0256665 4294967295
0.0256785 4294967295
0.0256906 4294967295
0.0257026 4294967295
0.0257146 4294967295
0.0257266 4294967295
0.0257386 4294967295
0.0257506 4294967295
0.0257626 4294967295
0.0257747 4294967295
0.0257867 4294967295
0.0257987 4294967295
0.0258107 4294967295
0.0258227 4294967295
0.0258347 4294967295
0.0258468 4294967295
0.0258588 4294967295
0.0258708 4294967295
0.0258828 4294967295
0.0258948 4294967295
0.0259068 4294967295
0.0259189 4294967295
0.0259309 4294967295
0.0259429 4294967295
0.0259549 4294967295
0.0259669 4294967295
0.0259789 4294967295
0.025991 4294967295
0.026003 4294967295
0.026015 4294967295
0.026027 4294967295
0.026039 4294967295
0.026051 4294967295
0.026063 4294967295
0.0260751 4294967295
0.0260871 4294967295
0.0260991 4294967295
0.0261111 4294967295
0.0261231 4294967295
0.0261351 4294967295
0.0261472 4294967295
0.0261592 4294967295
0.0261712 4294967295
0.0261832 4294967295
0.0261952 4294967295
0.0262072 4294967295
0.0262193 4294967295
0.0262313 4294967295
0.0262433 4294967295
0.0262553 4294967295
0.0262673 4294967295
0.0262793 4294967295
0.0262914 4294967295
0.0263034 4294967295
0.0263154 4294967295
0.0263274 4294967295
0.0263394 4294967295
0.0263514 4294967295
0.0263634 4294967295
0.0263755 4294967295
0.0263875 4294967295
0.0263995 4294967295
0.0264115 4294967295
0.0264235 4294967295
0.0264355 4294967295
0.0264476 4294967295
0.0264596 4294967295
0.0264716 4294967295
0.0264836 4294967295
0.0264956 4294967295
0.0265076 4294967295
0.0265197 4294967295
0.0265317 4294967295
0.0265437 4294967295
0.0265557 4294967295
0.0265677 4294967295
0.0265797 4294967295
0.0265918 4294967295
0.0266038 4294967295
0.0266158 4294967295
0.0266278 4294967295
0.0266398 4294967295
0.0266518 4294967295
0.0266638 4294967295
0.0266759 4294967295
0.0266879 4294967295
0.0266999 4294967295
0.0267119 4294967295
0.0267239 4294967295
0.0267359 4294967295
0.026748 4294967295
0.02676 4294967295
0.026772 4294967295
0.026784 4294967295
0.026796 4294967295
0.026808 4294967295
0.0268201 4294967295
0.0268321 4294967295
0.0268441 4294967295
0.0268561 4294967295
0.0268681 4294967295
0.0268801 4294967295
0.0268922 4294967295
0.0269042 4294967295
0.0269162 4294967295
0.0269282 4294967295
0.0269402 4294967295
0.0269522 4294967295
0.0269642 4294967295
0.0269763 4294967295
0.0269883 4294967295
0.0270003 4294967295
0.0270123 4294967295
0.0270243 4294967295
0.0270363 4294967295
0.0270484 4294967295
0.0270604 4294967295
0.0270724 4294967295
0.0270844 4294967295
0.0270964 4294967295
0.0271084 4294967295
0.0271205 4294967295
0.0271325 4294967295
0.0271445 4294967295
0.0271565 4294967295
0.0271685 4294967295
0.0271805 4294967295
0.0271926 4294967295
0.0272046 4294967295
0.0272166 4294967295
0.0272286 4294967295
0.0272406 4294967295
0.0272526 4294967295
0.0272646 4294967295
0.0272767 4294967295
0.0272887 4294967295
0.0273007 4294967295
0.0273127 4294967295
0.0273247 4294967295
0.0273367 4294967295
0.0273488 4294967295
0.0273608 4294967295
0.0273728 4294967295
0.0273848 4294967295
0.0273968 4294967295
0.0274088 4294967295
0.0274209 4294967295
0.0274329 4294967295
0.0274449 4294967295
0.0274569 4294967295
0.0274689 4294967295
0.0274809 4294967295
0.027493 4294967295
0.027505 4294967295
0.027517 4294967295
0.027529 4294967295
0.027541 4294967295
0.027553 4294967295
0.027565 4294967295
0.0275771 4294967295
0.0275891 4294967295
0.0276011 4294967295
0.0276131 4294967295
0.0276251 4294967295
0.0276371 4294967295
0.0276492 4294967295
0.0276612 4294967295
0.0276732 4294967295
0.0276852 4294967295
0.0276972 4294967295
0.0277092 4294967295
0.0277213 4294967295
0.0277333 4294967295
0.0277453 4294967295
0.0277573 4294967295
0.0277693 4294967295
0.0277813 4294967295
0.0277934 4294967295
0.0278054 4294967295
0.0278174 4294967295
0.0278294 4294967295
0.0278414 4294967295
0.0278534 4294967295
0.0278654 4294967295
0.0278775 4294967295
0.0278895 4294967295
0.0279015 4294967295
0.0279135 4294967295
0.0279255 4294967295
0.0279375 4294967295
0.0279496 4294967295
0.0279616 4294967295
0.0279736 4294967295
0.0279856 4294967295
0.0279976 4294967295
0.0280096 4294967295
0.0280217 4294967295
0.0280337 4294967295
0.0280457 4294967295
0.0280577 4294967295
0.0280697 4294967295
0.0280817 4294967295
0.0280938 4294967295
0.0281058 4294967295
0.0281178 4294967295
0.0281298 4294967295
0.0281418 4294967295
0.0281538 4294967295
0.0281658 4294967295
0.0281779 4294967295
0.0281899 4294967295
0.0282019 4294967295
0.0282139 4294967295
0.0282259 4294967295
0.0282379 4294967295
0.02825 4294967295
0.028262 4294967295
0.028274 4294967295
0.028286 4294967295
0.028298 4294967295
0.02831 4294967295
0.0283221 4294967295
0.0283341 4294967295
0.0283461 4294967295
0.0283581 4294967295
0.0283701 4294967295
0.0283821 4294967295
0.0283942 4294967295
0.0284062 4294967295
0.0284182 4294967295
0.0284302 4294967295
0.0284422 4294967295
0.0284542 4294967295
0.0284662 4294967295
0.0284783 4294967295
0.0284903 4294967295
0.0285023 4294967295
0.0285143 4294967295
0.0285263 4294967295
0.0285383 4294967295
0.0285504 4294967295
0.0285624 4294967295
0.0285744 4294967295
0.0285864 4294967295
0.0285984 4294967295
0.0286104 4294967295
0.0286225 4294967295
0.0286345 4294967295
0.0286465 4294967295
0.0286585 4294967295
0.0286705 4294967295
0.0286825 4294967295
0.0286946 4294967295
0.0287066 4294967295
0.0287186 4294967295
0.0287306 4294967295
0.0287426 4294967295
0.0287546 4294967295
0.0287666 4294967295
0.0287787 4294967295
0.0287907 4294967295
0.0288027 4294967295
0.0288147 4294967295
0.0288267 4294967295
0.0288387 4294967295
0.0288508 4294967295
0.0288628 4294967295
0.0288748 4294967295
0.0288868 4294967295
0.0288988 4294967295
0.0289108 4294967295
0.0289229 4294967295
0.0289349 4294967295
0.0289469 4294967295
0.0289589 4294967295
0.0289709 4294967295
0.0289829 4294967295
0.028995 4294967295
0.029007 4294967295
0.029019 4294967295
0.029031 4294967295
0.029043 4294967295
0.029055 4294967295
0.029067 4294967295
0.0290791 4294967295
0.0290911 4294967295
0.0291031 4294967295
0.0291151 4294967295
0.0291271 4294967295
0.0291391 4294967295
0.0291512 4294967295
0.0291632 4294967295
0.0291752 4294967295
0.0291872 4294967295
0.0291992 4294967295
0.0292112 4294967295
0.0292233 4294967295
0.0292353 4294967295
0.0292473 4294967295
0.0292593 4294967295
0.0292713 4294967295
0.0292833 4294967295
0.0292954 4294967295
0.0293074 4294967295
0.0293194 4294967295
0.0293314 4294967295
0.0293434 4294967295
0.0293554 4294967295
0.0293674 4294967295
0.0293795 4294967295
0.0293915 4294967295
0.0294035 4294967295
0.0294155 4294967295
0.0294275 4294967295
0.0294395 4294967295
0.0294516 4294967295
0.0294636 4294967295
0.0294756 4294967295
0.0294876 4294967295
0.0294996 4294967295
0.0295116 4294967295
0.0295237 4294967295
0.0295357 4294967295
0.0295477 4294967295
0.0295597 4294967295
0.0295717 4294967295
0.0295837 4294967295
0.0295958 4294967295
0.0296078 4294967295
0.0296198 4294967295
0.0296318 4294967295
0.0296438 4294967295
0.0296558 4294967295
0.0296678 4294967295
0.0296799 4294967295
0.0296919 4294967295
0.0297039 4294967295
0.0297159 4294967295
0.0297279 4294967295
0.0297399 4294967295
0.029752 4294967295
0.029764 4294967295
0.029776 4294967295
0.029788 4294967295
0.0298 4294967295
0.029812 4294967295
0.0298241 4294967295
0.0298361 4294967295
0.0298481 4294967295
0.0298601 4294967295
0.0298721 4294967295
0.0298841 4294967295
0.0298962 4294967295
0.0299082 4294967295
0.0299202 4294967295
0.0299322 4294967295
0.0299442 4294967295
0.0299562 4294967295
0.0299682 4294967295
0.0299803 4294967295
0.0299923 4294967295
0.0300043 4294967295
0.0300163 4294967295
0.0300283 4294967295
0.0300403 4294967295
0.0300524 4294967295
0.0300644 4294967295
0.0300764 4294967295
0.0300884 4294967295
0.0301004 4294967295
0.0301124 4294967295
0.0301245 4294967295
0.0301365 4294967295
0.0301485 4294967295
0.0301605 4294967295
0.0301725 4294967295
0.0301845 4294967295
0.0301966 4294967295
0.0302086 4294967295
0.0302206 4294967295
0.0302326 4294967295
0.0302446 4294967295
0.0302566 4294967295
0.0302686 4294967295
0.0302807 4294967295
0.0302927 4294967295
0.0303047 4294967295
0.0303167 4294967295
0.0303287 4294967295
0.0303407 4294967295
0.0303528 4294967295
0.0303648 4294967295
0.0303768 4294967295
0.0303888 4294967295
0.0304008 4294967295
0.0304128 4294967295
0.0304249 4294967295
0.0304369 4294967295
0.0304489 4294967295
0.0304609 4294967295
0.0304729 4294967295
0.0304849 4294967295
0.030497 4294967295
0.030509 4294967295
0.030521 4294967295
0.030533 4294967295
0.030545 4294967295
0.030557 4294967295
0.030569 4294967295
0.0305811 4294967295
0.0305931 4294967295
0.0306051 4294967295
0.0306171 4294967295
0.0306291 4294967295
0.0306411 4294967295
0.0306532 4294967295
0.0306652 4294967295
0.0306772 4294967295
0.0306892 4294967295
0.0307012 4294967295
0.0307132 4294967295
0.0307253 4294967295
0.0307373 4294967295
0.0307493 4294967295
0.0307613 4294967295
0.0307733 4294967295
0.0307853 4294967295
0.0307974 4294967295
0.0308094 4294967295
0.0308214 4294967295
0.0308334 4294967295
0.0308454 4294967295
0.0308574 4294967295
0.0308694 4294967295
0.0308815 4294967295
0.0308935 4294967295
0.0309055 4294967295
0.0309175 4294967295
0.0309295 4294967295
0.0309415 4294967295
0.0309536 4294967295
0.0309656 4294967295
0.0309776 4294967295
0.0309896 4294967295
0.0310016 4294967295
0.0310136 4294967295
0.0310257 4294967295
0.0310377 4294967295
0.0310497 4294967295
0.0310617 4294967295
0.0310737 4294967295
0.0310857 4294967295
0.0310978 4294967295
0.0311098 4294967295
0.0311218 4294967295
0.0311338 4294967295
0.0311458 4294967295
0.0311578 4294967295
0.0311698 4294967295
0.0311819 4294967295
0.0311939 4294967295
0.0312059 4294967295
0.0312179 4294967295
0.0312299 4294967295
0.0312419 4294967295
0.031254 4294967295
0.031266 4294967295
0.031278 4294967295
0.03129 4294967295
0.031302 4294967295
0.031314 4294967295
0.0313261 4294967295
0.0313381 4294967295
0.0313501 4294967295
0.0313621 4294967295
0.0313741 4294967295
0.0313861 4294967295
0.0313982 4294967295
0.0314102 4294967295
0.0314222 4294967295
0.0314342 4294967295
0.0314462 4294967295
0.0314582 4294967295
0.0314702 4294967295
0.0314823 4294967295
0.0314943 4294967295
0.0315063 4294967295
0.0315183 4294967295
0.0315303 4294967295
0.0315423 4294967295
0.0315544 4294967295
0.0315664 4294967295
0.0315784 4294967295
0.0315904 4294967295
0.0316024 4294967295
0.0316144 4294967295
0.0316265 4294967295
0.0316385 4294967295
0.0316505 4294967295
0.0316625 4294967295
0.0316745 4294967295
0.0316865 4294967295
0.0316986 4294967295
0.0317106 4294967295
0.0317226 4294967295
0.0317346 4294967295
0.0317466 4294967295
0.0317586 4294967295
0.0317706 4294967295
0.0317827 4294967295
0.0317947 4294967295
0.0318067 4294967295
0.0318187 4294967295
0.0318307 4294967295
0.0318427 4294967295
0.0318548 4294967295
0.0318668 4294967295
0.0318788 4294967295
0.0318908 4294967295
0.0319028 4294967295
0.0319148 4294967295
0.0319269 4294967295
0.0319389 4294967295
0.0319509 4294967295
0.0319629 4294967295
0.0319749 4294967295
0.0319869 4294967295
0.031999 4294967295
0.032011 4294967295
0.032023 4294967295
0.032035 4294967295
0.032047 4294967295
0.032059 4294967295
0.032071 4294967295
0.0320831 4294967295
0.0320951 4294967295
0.0321071 4294967295
0.0321191 4294967295
0.0321311 4294967295
0.0321431 4294967295
0.0321552 4294967295
0.0321672 4294967295
0.0321792 4294967295
0.0321912 4294967295
0.0322032 4294967295
0.0322152 4294967295
0.0322273 4294967295
0.0322393 4294967295
0.0322513 4294967295
0.0322633 4294967295
0.0322753 4294967295
0.0322873 4294967295
0.0322994 4294967295
0.0323114 4294967295
0.0323234 4294967295
0.0323354 4294967295
0.0323474 4294967295
0.0323594 4294967295
0.0323714 4294967295
0.0323835 4294967295
0.0323955 4294967295
0.0324075 4294967295
0.0324195 4294967295
0.0324315 4294967295
0.0324435 4294967295
0.0324556 4294967295
0.0324676 4294967295
0.0324796 4294967295
0.0324916 4294967295
0.0325036 4294967295
0.0325156 4294967295
0.0325277 4294967295
0.0325397 4294967295
0.0325517 4294967295
0.0325637 4294967295
0.0325757 4294967295
0.0325877 4294967295
0.0325998 4294967295
0.0326118 4294967295
0.0326238 4294967295
0.0326358 4294967295
0.0326478 4294967295
0.0326598 4294967295
0.0326718 4294967295
0.0326839 4294967295
0.0326959 4294967295
0.0327079 4294967295
0.0327199 4294967295
0.0327319 4294967295
0.0327439 4294967295
0.032756 4294967295
0.032768 4294967295
0.03278 4294967295
0.032792 4294967295
0.032804 4294967295
0.032816 4294967295
0.0328281 4294967295
0.0328401 4294967295
0.0328521 4294967295
0.0328641 4294967295
0.0328761 4294967295
0.0328881 4294967295
0.0329002 4294967295
0.0329122 4294967295
0.0329242 4294967295
0.0329362 4294967295
0.0329482 4294967295
0.0329602 4294967295
0.0329722 4294967295
0.0329843 4294967295
0.0329963 4294967295
0.0330083 4294967295
0.0330203 4294967295
0.0330323 4294967295
0.0330443 4294967295
0.0330564 4294967295
0.0330684 4294967295
0.0330804 4294967295
0.0330924 4294967295
0.0331044 4294967295
0.0331164 4294967295
