0.0 0
0.0001016 4294967295
0.000226637 4294967295
0.000351339 4294967295
0.000375371 4294967295
0.000476041 4294967295
0.000500073 4294967295
0.000524105 4294967295
0.000548137 4294967295
0.000716361 4294967295
0.000740393 4294967295
0.000764425 4294967295
0.000788457 4294967295
0.000812489 4294967295
0.000836521 4294967295
0.000860553 4294967295
0.000884585 4294967295
0.00117297 4294967295
0.00120902 4294967295
0.00124507 4294967295
0.0012691 4294967295
0.00129313 4294967295
0.00131716 4294967295
0.00134119 4294967295
0.00136522 4294967295
0.00138926 4294967295
0.00141329 4294967295
0.00143732 4294967295
0.00146135 4294967295
0.00148539 4294967295
0.00150942 4294967295
0.00153345 4294967295
0.00155748 4294967295
0.0020982 4294967295
0.00212223 4294967295
0.0021703 4294967295
0.00220635 4294967295
0.00224239 4294967295
0.00226642 4294967295
0.00229046 4294967295
0.00231449 4294967295
0.00233852 4294967295
0.00236255 4294967295
0.00238659 4294967295
0.00241062 4294967295
0.00243465 4294967295
0.00245868 4294967295
0.00248271 4294967295
0.00250674 4294967295
0.00253078 4294967295
0.00256683 4294967295
0.00259086 4294967295
0.00261489 4294967295
0.00263892 4294967295
0.00266295 4294967295
0.00268698 4294967295
0.00271102 4294967295
0.00273505 4294967295
0.00275908 4294967295
0.00278311 4294967295
0.00280715 4294967295
0.00283118 4294967295
0.00285521 4294967295
0.00287924 4294967295
0.00290327 4294967295
0.00394866 4294967295
0.0039727 4294967295
0.00399673 4294967295
0.00402076 4294967295
0.00409286 4294967295
0.00412891 4294967295
0.00416495 4294967295
0.004201 4294967295
0.00423705 4294967295
0.0042731 4294967295
0.00429713 4294967295
0.00432116 4294967295
0.00434519 4294967295
0.00436923 4294967295
0.00439326 4294967295
0.00441729 4294967295
0.00444132 4294967295
0.00446535 4294967295
0.00448939 4294967295
0.00451342 4294967295
0.00453745 4294967295
0.00456148 4294967295
0.00475393 53290
0.00475393 53290
0.204561 26280
0.204561 26280
0.204686 26280
0.204811 26280
0.204823 26280
0.204936 26280
0.204948 26280
0.20496 26280
0.205061 26280
0.205073 26280
0.205085 26280
0.205097 26280
0.205109 26280
0.205121 26280
0.205133 26280
0.205186 26280
0.205198 26280
0.20521 26280
0.205222 26280
0.205234 26280
0.205246 26280
0.205258 26280
0.20527 26280
0.205282 26280
0.205294 26280
0.205306 26280
0.205318 26280
0.20533 26280
0.205342 26280
0.205354 26280
0.205366 26280
0.205378 26280
0.20539 26280
0.205402 26280
0.205414 26280
0.205426 26280
0.205438 26280
0.20545 26280
0.205462 26280
0.205474 26280
0.205486 26280
0.205498 26280
0.20551 26280
0.205522 26280
0.205534 26280
0.205546 26280
0.205558 26280
0.20557 26280
0.205582 26280
0.205594 26280
0.205606 26280
0.205618 26280
0.20563 26280
0.205642 26280
0.205654 26280
0.205666 26280
0.205678 26280
0.20569 26280
0.205702 26280
0.205714 26280
0.205726 26280
0.205738 26280
0.20575 26280
0.205762 26280
0.205774 26280
0.205786 26280
0.205798 26280
0.20581 26280
0.205822 26280
0.205834 26280
0.205846 26280
0.205858 26280
0.20587 26280
0.205883 26280
0.205895 26280
0.205907 26280
0.205919 26280
0.205931 26280
0.205943 26280
0.205955 26280
0.205967 26280
0.205979 26280
0.205991 26280
0.206003 26280
0.206015 26280
0.206027 26280
0.206039 26280
0.206051 26280
0.206063 26280
0.206075 26280
0.206087 26280
0.206099 26280
0.206111 26280
0.206123 26280
0.206135 26280
0.206147 26280
0.206159 26280
0.206171 26280
0.206183 26280
0.206195 26280
0.206207 26280
0.206219 26280
0.206231 26280
0.206243 26280
0.206255 26280
0.206267 26280
0.206279 26280
0.206291 26280
0.206303 26280
0.206315 26280
0.206327 26280
0.206339 26280
0.206351 26280
0.206363 26280
0.206375 26280
0.206387 26280
0.206399 26280
0.206411 26280
0.206423 26280
0.206435 26280
0.206447 26280
0.206459 26280
0.206471 26280
0.206483 26280
0.206495 26280
0.206507 26280
0.206519 26280
0.206531 26280
0.206543 26280
0.206555 26280
0.206567 26280
0.206579 26280
0.206591 26280
0.206603 26280
0.206615 26280
0.206627 26280
0.20664 26280
0.206652 26280
0.206664 26280
0.206676 26280
0.206688 26280
0.2067 26280
0.206712 26280
0.206724 26280
0.206736 26280
0.206748 26280
0.20676 26280
0.206772 26280
0.206784 26280
0.206796 26280
0.206808 26280
0.20682 26280
0.206832 26280
0.206844 26280
0.206856 26280
0.206868 26280
0.20688 26280
0.206892 26280
0.206904 26280
0.206916 26280
0.206928 26280
0.20694 26280
0.206952 26280
0.206964 26280
0.206976 26280
0.206988 26280
0.207 26280
0.207012 26280
0.207024 26280
0.207036 26280
0.207048 26280
0.20706 26280
0.207072 26280
0.207084 26280
0.207096 26280
0.207108 26280
0.20712 26280
0.207132 26280
0.207144 26280
0.207156 26280
0.207168 26280
0.20718 26280
0.207192 26280
0.207204 26280
0.207216 26280
0.207228 26280
0.20724 26280
0.207252 26280
0.207264 26280
0.207276 26280
0.207288 26280
0.2073 26280
0.207312 26280
0.207324 26280
0.207336 26280
0.207348 26280
0.20736 26280
0.207372 26280
0.207385 26280
0.207397 26280
0.207409 26280
0.207421 26280
0.207433 26280
0.207445 26280
0.207457 26280
0.207469 26280
0.207481 26280
0.207493 26280
0.207505 26280
0.207517 26280
0.207529 26280
0.207541 26280
0.207553 26280
0.207565 26280
0.207577 26280
0.207589 26280
0.207601 26280
0.207613 26280
0.207625 26280
0.207637 26280
0.207649 26280
0.207661 26280
0.207673 26280
0.207685 26280
0.207697 26280
0.207709 26280
0.207721 26280
0.207733 26280
0.207745 26280
0.207757 26280
0.207769 26280
0.207781 26280
0.207793 26280
0.207805 26280
0.207817 26280
0.207829 26280
0.207841 26280
0.207853 26280
0.207865 26280
0.207877 26280
0.207889 26280
0.207901 26280
0.207913 26280
0.207925 26280
0.207937 26280
0.207949 26280
0.207961 26280
0.207973 26280
0.207985 26280
0.207997 26280
0.208009 26280
0.208021 26280
0.208033 26280
0.208045 26280
0.208057 26280
0.208069 26280
0.208081 26280
0.208093 26280
0.208105 26280
0.208117 26280
0.208129 26280
0.208142 26280
0.208154 26280
0.208166 26280
0.208178 26280
0.20819 26280
0.208202 26280
0.208214 26280
0.208226 26280
0.208238 26280
0.20825 26280
0.208262 26280
0.208274 26280
0.208286 26280
0.208298 26280
0.20831 26280
0.208322 26280
0.208334 26280
0.208346 26280
0.208358 26280
0.20837 26280
0.208382 26280
0.208394 26280
0.208406 26280
0.208418 26280
0.20843 26280
0.208442 26280
0.208454 26280
0.208466 26280
0.208478 26280
0.20849 26280
0.208502 26280
0.208514 26280
0.208526 26280
0.208538 26280
0.20855 26280
0.208562 26280
0.208574 26280
0.208586 26280
0.208598 26280
0.20861 26280
0.208622 26280
0.208634 26280
0.208646 26280
0.208658 26280
0.20867 26280
0.208682 26280
0.208694 26280
0.208706 26280
0.208718 26280
0.20873 26280
0.208742 26280
0.208754 26280
0.208766 26280
0.208778 26280
0.20879 26280
0.208802 26280
0.208814 26280
0.208826 26280
0.208838 26280
0.20885 26280
0.208862 26280
0.208874 26280
0.208887 26280
0.208899 26280
0.208911 26280
0.208923 26280
0.208935 26280
0.208947 26280
0.208959 26280
0.208971 26280
0.208983 26280
0.208995 26280
0.209007 26280
0.209019 26280
0.209031 26280
0.209043 26280
0.209055 26280
0.209067 26280
0.209079 26280
0.209091 26280
0.209103 26280
0.209115 26280
0.209127 26280
0.209139 26280
0.209151 26280
0.209163 26280
0.209175 26280
0.209187 26280
0.209199 26280
0.209211 26280
0.209223 26280
0.209235 26280
0.209247 26280
0.209259 26280
0.209271 26280
0.209283 26280
0.209295 26280
0.209307 26280
0.209319 26280
0.209331 26280
0.209343 26280
0.209355 26280
0.209367 26280
0.209379 26280
0.209391 26280
0.209403 26280
0.209415 26280
0.209427 26280
0.209439 26280
0.209451 26280
0.209463 26280
0.209475 26280
0.209487 26280
0.209499 26280
0.209511 26280
0.209523 26280
0.209535 26280
0.209547 26280
0.209559 26280
0.209571 26280
0.209583 26280
