0.0 0
0.0001016 1360
0.0001016 1360
0.000225035 2720
0.000348135 4080
0.00035935 5440
0.000471235 6800
0.00048245 8160
0.000493665 9520
0.00050488 10880
0.000594335 12240
0.00060555 13600
0.000616765 14960
0.00062798 16320
0.000639195 17680
0.00065041 19040
0.000661625 20400
0.00067284 21760
0.000717435 23120
0.00072865 24480
0.000739865 25840
0.00075108 27200
0.000762295 28560
0.00077351 29920
0.000784725 31280
0.00079594 32640
0.000807155 34000
0.00081837 35360
0.000829585 36720
0.0008408 38080
0.000852015 39440
0.00086323 40800
0.000874445 42160
0.00088566 43520
0.000896875 44880
0.00090809 46240
0.000919305 47600
0.00093052 48960
0.000941735 50320
0.00095295 51680
0.000964165 53040
0.00097538 54400
0.000986595 55760
0.00099781 57120
0.00100902 58480
0.00102024 59840
0.00103145 61200
0.00104267 62560
0.00105389 63920
0.0010651 65280
0.00107631 66640
0.00108753 68000
0.00109874 69360
0.00110996 70720
0.00112117 72080
0.00113239 73440
0.00114361 74800
0.00115482 76160
0.00116603 77520
0.00117725 78880
0.00118847 80240
0.00119968 81600
0.0012109 82960
0.00122211 84320
0.00123332 85680
0.00124454 87040
0.00125575 88400
0.00126697 89760
0.00127819 91120
0.0012894 92480
0.00130061 93840
0.00131183 95200
0.00132304 96560
0.00133426 97920
0.00134548 99280
0.00135669 100640
0.0013679 102000
0.00137912 103360
0.00139033 104720
0.00140155 106080
0.00141276 107440
0.00142398 108800
0.0014352 110160
0.00144641 111520
0.00145762 112880
0.00146884 114240
0.00148006 115600
0.00149127 116960
0.00150249 118320
0.0015137 119680
0.00152491 121040
0.00153613 122400
0.00154734 123760
0.00155856 125120
0.00156978 126480
0.00158099 127840
0.0015922 129200
0.00160342 130560
0.00161463 131920
0.00162585 133280
0.00163707 134640
0.00164828 136000
0.00165949 137360
0.00167071 138720
0.00168192 140080
0.00169314 141440
0.00170435 142800
0.00171557 144160
0.00172678 145520
0.001738 146880
0.00174921 148240
0.00176043 149600
0.00177165 150960
0.00178286 152320
0.00179408 153680
0.00180529 155040
0.0018165 156400
0.00182772 157760
0.00183893 159120
0.00185015 160480
0.00186137 161840
0.00187258 163200
0.00188379 164560
0.00189501 165920
0.00190623 167280
0.00191744 168640
0.00192866 170000
0.00193987 171360
0.00195108 172720
0.0019623 174080
0.00197351 175440
0.00198473 176800
0.00199594 178160
0.00200716 179520
0.00201838 180880
0.00202959 182240
0.00204081 183600
0.00205202 184960
0.00206324 186320
0.00207445 187680
0.00208567 189040
0.00209688 190400
0.00210809 191760
0.00211931 193120
0.00213052 194480
0.00214174 195840
0.00215295 197200
0.00216417 198560
0.00217539 199920
0.0021866 201280
0.00219782 202640
0.00220903 204000
0.00222025 205360
0.00223146 206720
0.00224267 208080
0.00225389 209440
0.0022651 210800
0.00227632 212160
0.00228753 213520
0.00229875 214880
0.00230996 216240
0.00232118 217600
0.0023324 218960
0.00234361 220320
0.00235483 221680
0.00236604 223040
0.00237725 224400
0.00238847 225760
0.00239968 227120
0.0024109 228480
0.00242211 229840
0.00243333 231200
0.00244454 232560
0.00245576 233920
0.00246698 235280
0.00247819 236640
0.00248941 238000
0.00250062 239360
0.00251184 240720
0.00252305 242080
0.00253426 243440
0.00254548 244800
0.00255669 246160
0.00256791 247520
0.00257912 248880
0.00259034 250240
0.00260156 251600
0.00261277 252960
0.00262399 254320
0.0026352 255680
0.00264642 257040
0.00265763 258400
0.00266884 259760
0.00268006 261120
0.00269127 262480
0.00270249 263840
0.0027137 265200
0.00272492 266560
0.00273613 267920
0.00274735 269280
0.00275857 270640
0.00276978 272000
0.002781 273360
0.00279221 274720
0.00280343 276080
0.00281464 277440
0.00282585 278800
0.00283707 280160
0.00284828 281520
0.0028595 282880
0.00287071 284240
0.00288193 285600
0.00289314 286960
0.00290436 288320
0.00291558 289680
0.00292679 291040
0.00293801 292400
0.00294922 293760
0.00296043 295120
0.00297165 296480
0.00298286 297840
0.00299408 299200
0.00300529 300560
0.00301651 301920
0.00302773 303280
0.00303894 304640
0.00305016 306000
0.00306137 307360
0.00307259 308720
0.0030838 310080
0.00309502 311440
0.00310623 312800
0.00311744 314160
0.00312866 315520
0.00313987 316880
0.00315109 318240
0.0031623 319600
0.00317352 320960
0.00318474 322320
0.00319595 323680
0.00320717 325040
0.00321838 326400
0.0032296 327760
0.00324081 329120
0.00325202 330480
0.00326324 331840
0.00327445 333200
0.00328567 334560
0.00329688 335920
0.0033081 337280
0.00331931 338640
0.00333053 340000
0.00334175 341360
0.00335296 342720
0.00336418 344080
0.00337539 345440
0.0033866 346800
0.00339782 348160
0.00340903 349520
0.00342025 350880
0.00343146 352240
0.00344268 353600
0.00345389 354960
0.00346511 356320
0.00347633 357680
0.00348754 359040
0.00349876 360400
0.00350997 361760
0.00352119 363120
0.0035324 364480
0.00354361 365840
0.00355483 367200
0.00356604 368560
0.00357726 369920
0.00358847 371280
0.00359969 372640
0.00361091 374000
0.00362212 375360
0.00363334 376720
0.00364455 378080
0.00365577 379440
0.00366698 380800
0.00367819 382160
0.00368941 383520
0.00370062 384880
0.00371184 386240
0.00372305 387600
0.00373427 388960
0.00374548 390320
0.0037567 391680
0.00376792 393040
0.00377913 394400
0.00379035 395760
0.00380156 397120
0.00381278 398480
0.00382399 399840
0.0038352 401200
0.00384642 402560
0.00385763 403920
0.00386885 405280
0.00388006 406640
0.00389128 408000
0.00390249 409360
0.00391371 410720
0.00392493 412080
0.00393614 413440
0.00394735 414800
0.00395857 416160
0.00396978 417520
0.003981 418880
0.00399222 420240
0.00400343 421600
0.00401464 422960
0.00402586 424320
0.00403708 425680
0.00404829 427040
0.0040595 428400
0.00407072 429760
0.00408194 431120
0.00409315 432480
0.00410436 433840
0.00411558 435200
0.00412679 436560
0.00413801 437920
0.00414923 439280
0.00416044 440640
0.00417165 442000
0.00418287 443360
0.00419409 444720
0.0042053 446080
0.00421651 447440
0.00422773 448800
0.00423895 450160
0.00425016 451520
0.00426137 452880
0.00427259 454240
0.0042838 455600
0.00429502 456960
0.00430624 458320
0.00431745 459680
0.00432866 461040
0.00433988 462400
0.0043511 463760
0.00436231 465120
0.00437352 466480
0.00438474 467840
0.00439596 469200
0.00440717 470560
0.00441839 471920
0.0044296 473280
0.00444081 474640
0.00445203 476000
0.00446325 477360
0.00447446 478720
0.00448567 480080
0.00449689 481440
0.00450811 482800
0.00451932 484160
0.00453053 485520
0.00454175 486880
0.00455296 488240
0.00456418 489600
0.0045754 490960
0.00458661 492320
0.00459782 493680
0.00460904 495040
0.00462026 496400
0.00463147 497760
0.00464268 499120
0.0046539 500480
0.00466512 501840
0.00467633 503200
0.00468754 504560
0.00469876 505920
0.00470997 507280
0.00472119 508640
0.00473241 510000
0.00474362 511360
0.00475483 512720
0.00476605 514080
0.00477727 515440
0.00478848 516800
0.00479969 518160
0.00481091 519520
0.00482213 520880
0.00483334 522240
0.00484456 523600
0.00485577 524960
0.00486698 526320
0.0048782 527680
0.00488942 529040
0.00490063 530400
0.00491184 531760
0.00492306 533120
0.00493428 534480
0.00494549 535840
0.0049567 537200
0.00496792 538560
0.00497913 539920
0.00499035 541280
0.00500157 542640
0.00501278 544000
0.00502399 545360
0.00503521 546720
0.00504643 548080
0.00505764 549440
0.00506885 550800
0.00508007 552160
0.00509129 553520
0.0051025 554880
0.00511371 556240
0.00512493 557600
0.00513614 558960
0.00514736 560320
0.00515858 561680
0.00516979 563040
0.005181 564400
0.00519222 565760
0.00520344 567120
0.00521465 568480
0.00522586 569840
0.00523708 571200
0.0052483 572560
0.00525951 573920
0.00527073 575280
0.00528194 576640
0.00529315 578000
0.00530437 579360
0.00531559 580720
0.0053268 582080
0.00533801 583440
0.00534923 584800
0.00536045 586160
0.00537166 587520
0.00538287 588880
0.00539409 590240
0.00540531 591600
0.00541652 592960
0.00542774 594320
0.00543895 595680
0.00545016 597040
0.00546138 598400
0.0054726 599760
0.00548381 601120
0.00549502 602480
0.00550624 603840
0.00551746 605200
0.00552867 606560
0.00553988 607920
0.0055511 609280
0.00556231 610640
0.00557353 612000
0.00558475 613360
0.00559596 614720
0.00560717 616080
0.00561839 617440
0.00562961 618800
0.00564082 620160
0.00565203 621520
0.00566325 622880
0.00567447 624240
0.00568568 625600
0.0056969 626960
0.00570811 628320
0.00571932 629680
0.00573054 631040
0.00574176 632400
0.00575297 633760
0.00576418 635120
0.0057754 636480
0.00578662 637840
0.00579783 639200
0.00580904 640560
0.00582026 641920
0.00583148 643280
0.00584269 644640
0.0058539 646000
0.00586512 647360
0.00587633 648720
0.00588755 650080
0.00589877 651440
0.00590998 652800
0.00592119 654160
0.00593241 655520
0.00594363 656880
0.00595484 658240
0.00596605 659600
0.00597727 660960
0.00598848 662320
0.0059997 663680
0.00601092 665040
0.00602213 666400
0.00603334 667760
0.00604456 669120
0.00605578 670480
0.00606699 671840
0.0060782 673200
0.00608942 674560
0.00610064 675920
0.00611185 677280
0.00612306 678640
0.00613428 680000
0.00614549 681360
0.00615671 682720
0.00616793 684080
0.00617914 685440
0.00619035 686800
0.00620157 688160
0.00621279 689520
0.006224 690880
0.00623521 692240
0.00624643 693600
0.00625765 694960
0.00626886 696320
0.00628007 697680
0.00629129 699040
0.0063025 700400
0.00631372 701760
0.00632494 703120
0.00633615 704480
0.00634736 705840
0.00635858 707200
0.0063698 708560
0.00638101 709920
0.00639222 711280
0.00640344 712640
0.00641466 714000
0.00642587 715360
0.00643709 716720
0.0064483 718080
0.00645951 719440
0.00647073 720800
0.00648195 722160
0.00649316 723520
0.00650437 724880
0.00651559 726240
0.00652681 727600
0.00653802 728960
0.00654923 730320
0.00656045 731680
0.00657166 733040
0.00658288 734400
0.0065941 735760
0.00660531 737120
0.00661652 738480
0.00662774 739840
0.00663896 741200
0.00665017 742560
0.00666138 743920
0.0066726 745280
0.00668382 746640
0.00669503 748000
0.00670624 749360
0.00671746 750720
0.00672867 752080
0.00673989 753440
0.00675111 754800
0.00676232 756160
0.00677353 757520
0.00678475 758880
0.00679597 760240
0.00680718 761600
0.00681839 762960
0.00682961 764320
0.00684083 765680
0.00685204 767040
0.00686326 768400
0.00687447 769760
0.00688568 771120
0.0068969 772480
0.00690812 773840
0.00691933 775200
0.00693054 776560
0.00694176 777920
0.00695298 779280
0.00696419 780640
0.0069754 782000
0.00698662 783360
0.00699783 784720
0.00700905 786080
0.00702027 787440
0.00703148 788800
0.00704269 790160
0.00705391 791520
0.00706513 792880
0.00707634 794240
0.00708755 795600
0.00709877 796960
0.00710999 798320
0.0071212 799680
0.00713241 801040
0.00714363 802400
0.00715484 803760
0.00716606 805120
0.00717728 806480
0.00718849 807840
0.0071997 809200
0.00721092 810560
0.00722214 811920
0.00723335 813280
0.00724456 814640
0.00725578 816000
0.007267 817360
0.00727821 818720
0.00728943 820080
0.00730064 821440
0.00731185 822800
0.00732307 824160
0.00733429 825520
0.0073455 826880
0.00735671 828240
0.00736793 829600
0.00737915 830960
0.00739036 832320
0.00740157 833680
0.00741279 835040
0.00742401 836400
0.00743522 837760
0.00744643 839120
0.00745765 840480
0.00746886 841840
0.00748008 843200
0.0074913 844560
0.00750251 845920
0.00751372 847280
0.00752494 848640
0.00753616 850000
0.00754737 851360
0.00755858 852720
0.0075698 854080
0.00758101 855440
0.00759223 856800
0.00760345 858160
0.00761466 859520
0.00762587 860880
0.00763709 862240
0.00764831 863600
0.00765952 864960
0.00767073 866320
0.00768195 867680
0.00769317 869040
0.00770438 870400
0.00771559 871760
0.00772681 873120
0.00773802 874480
0.00774924 875840
0.00776046 877200
0.00777167 878560
0.00778288 879920
0.0077941 881280
0.00780532 882640
0.00781653 884000
0.00782775 885360
0.00783896 886720
0.00785017 888080
0.00786139 889440
0.0078726 890800
0.00788382 892160
0.00789503 893520
0.00790625 894880
0.00791747 896240
0.00792868 897600
0.0079399 898960
0.00795111 900320
0.00796232 901680
0.00797354 903040
0.00798475 904400
0.00799597 905760
0.00800718 907120
0.0080184 908480
0.00802962 909840
0.00804083 911200
0.00805205 912560
0.00806326 913920
0.00807447 915280
0.00808569 916640
0.0080969 918000
0.00810812 919360
0.00811934 920720
0.00813055 922080
0.00814177 923440
0.00815298 924800
0.00816419 926160
0.00817541 927520
0.00818662 928880
0.00819784 930240
0.00820905 931600
0.00822027 932960
0.00823149 934320
0.0082427 935680
0.00825392 937040
0.00826513 938400
0.00827634 939760
0.00828756 941120
0.00829877 942480
0.00830999 943840
0.0083212 945200
0.00833242 946560
0.00834364 947920
0.00835485 949280
0.00836607 950640
0.00837728 952000
0.00838849 953360
0.00839971 954720
0.00841092 956080
0.00842214 957440
0.00843336 958800
0.00844457 960160
0.00845579 961520
0.008467 962880
0.00847822 964240
0.00848943 965600
0.00850064 966960
0.00851186 968320
0.00852307 969680
0.00853429 971040
0.00854551 972400
0.00855672 973760
0.00856794 975120
0.00857915 976480
0.00859036 977840
0.00860158 979200
0.00861279 980560
0.00862401 981920
0.00863522 983280
0.00864644 984640
0.00865766 986000
0.00866887 987360
0.00868009 988720
0.0086913 990080
0.00870251 991440
0.00871373 992800
0.00872494 994160
0.00873616 995520
0.00874737 996880
0.00875859 998240
0.00876981 999600
0.00878102 1000960
0.00879224 1002320
0.00880345 1003680
0.00881466 1005040
0.00882588 1006400
0.00883709 1007760
0.00884831 1009120
0.00885953 1010480
0.00887074 1011840
0.00888196 1013200
0.00889317 1014560
0.00890439 1015920
0.0089156 1017280
0.00892681 1018640
0.00893803 1020000
0.00894924 1021360
0.00896046 1022720
0.00897168 1024080
0.00898289 1025440
0.00899411 1026800
0.00900532 1028160
0.00901653 1029520
0.00902775 1030880
0.00903896 1032240
0.00905018 1033600
0.00906139 1034960
0.00907261 1036320
0.00908383 1037680
0.00909504 1039040
0.00910626 1040400
0.00911747 1041760
0.00912868 1043120
0.0091399 1044480
0.00915111 1045840
0.00916233 1047200
0.00917354 1048560
0.00918476 1049920
0.00919598 1051280
0.00920719 1052640
0.00921841 1054000
0.00922962 1055360
0.00924083 1056720
0.00925205 1058080
0.00926326 1059440
0.00927448 1060800
0.0092857 1062160
0.00929691 1063520
0.00930813 1064880
0.00931934 1066240
0.00933056 1067600
0.00934177 1068960
0.00935298 1070320
0.0093642 1071680
0.00937541 1073040
0.00938663 1074400
0.00939785 1075760
0.00940906 1077120
0.00942028 1078480
0.00943149 1079840
0.0094427 1081200
0.00945392 1082560
0.00946513 1083920
0.00947635 1085280
0.00948756 1086640
0.00949878 1088000
0.00951 1089360
0.00952121 1090720
0.00953243 1092080
0.00954364 1093440
0.00955485 1094800
0.00956607 1096160
0.00957728 1097520
0.0095885 1098880
0.00959971 1100240
0.00961093 1101600
0.00962215 1102960
0.00963336 1104320
0.00964458 1105680
0.00965579 1107040
0.009667 1108400
0.00967822 1109760
0.00968943 1111120
0.00970065 1112480
0.00971187 1113840
0.00972308 1115200
0.0097343 1116560
0.00974551 1117920
0.00975673 1119280
0.00976794 1120640
0.00977915 1122000
0.00979037 1123360
0.00980158 1124720
0.0098128 1126080
0.00982402 1127440
0.00983523 1128800
0.00984645 1130160
0.00985766 1131520
0.00986887 1132880
0.00988009 1134240
0.0098913 1135600
0.00990252 1136960
0.00991373 1138320
0.00992495 1139680
0.00993617 1141040
0.00994738 1142400
0.0099586 1143760
0.00996981 1145120
0.00998102 1146480
0.00999224 1147840
0.0100035 1149200
0.0100147 1150560
0.0100259 1151920
0.0100371 1153280
0.0100483 1154640
0.0100595 1156000
0.0100707 1157360
0.010082 1158720
0.0100932 1160080
0.0101044 1161440
0.0101156 1162800
0.0101268 1164160
0.010138 1165520
0.0101493 1166880
0.0101605 1168240
0.0101717 1169600
0.0101829 1170960
0.0101941 1172320
0.0102053 1173680
0.0102165 1175040
0.0102278 1176400
0.010239 1177760
0.0102502 1179120
0.0102614 1180480
0.0102726 1181840
0.0102838 1183200
0.010295 1184560
0.0103063 1185920
0.0103175 1187280
0.0103287 1188640
0.0103399 1190000
0.0103511 1191360
0.0103623 1192720
0.0103736 1194080
0.0103848 1195440
0.010396 1196800
0.0104072 1198160
0.0104184 1199520
0.0104296 1200880
0.0104408 1202240
0.0104521 1203600
0.0104633 1204960
0.0104745 1206320
0.0104857 1207680
0.0104969 1209040
0.0105081 1210400
0.0105193 1211760
0.0105306 1213120
0.0105418 1214480
0.010553 1215840
0.0105642 1217200
0.0105754 1218560
0.0105866 1219920
0.0105979 1221280
0.0106091 1222640
0.0106203 1224000
0.0106315 1225360
0.0106427 1226720
0.0106539 1228080
0.0106651 1229440
0.0106764 1230800
0.0106876 1232160
0.0106988 1233520
0.01071 1234880
0.0107212 1236240
0.0107324 1237600
0.0107436 1238960
0.0107549 1240320
0.0107661 1241680
0.0107773 1243040
0.0107885 1244400
0.0107997 1245760
0.0108109 1247120
0.0108221 1248480
0.0108334 1249840
0.0108446 1251200
0.0108558 1252560
0.010867 1253920
0.0108782 1255280
0.0108894 1256640
0.0109007 1258000
0.0109119 1259360
0.0109231 1260720
0.0109343 1262080
0.0109455 1263440
0.0109567 1264800
0.0109679 1266160
0.0109792 1267520
0.0109904 1268880
0.0110016 1270240
0.0110128 1271600
0.011024 1272960
0.0110352 1274320
0.0110464 1275680
0.0110577 1277040
0.0110689 1278400
0.0110801 1279760
0.0110913 1281120
0.0111025 1282480
0.0111137 1283840
0.011125 1285200
0.0111362 1286560
0.0111474 1287920
0.0111586 1289280
0.0111698 1290640
0.011181 1292000
0.0111922 1293360
0.0112035 1294720
0.0112147 1296080
0.0112259 1297440
0.0112371 1298800
0.0112483 1300160
0.0112595 1301520
0.0112707 1302880
0.011282 1304240
0.0112932 1305600
0.0113044 1306960
0.0113156 1308320
0.0113268 1309680
0.011338 1311040
0.0113493 1312400
0.0113605 1313760
0.0113717 1315120
0.0113829 1316480
0.0113941 1317840
0.0114053 1319200
0.0114165 1320560
0.0114278 1321920
0.011439 1323280
0.0114502 1324640
0.0114614 1326000
0.0114726 1327360
0.0114838 1328720
0.011495 1330080
0.0115063 1331440
0.0115175 1332800
0.0115287 1334160
0.0115399 1335520
0.0115511 1336880
0.0115623 1338240
0.0115736 1339600
0.0115848 1340960
0.011596 1342320
0.0116072 1343680
0.0116184 1345040
0.0116296 1346400
0.0116408 1347760
0.0116521 1349120
0.0116633 1350480
0.0116745 1351840
0.0116857 1353200
0.0116969 1354560
0.0117081 1355920
0.0117193 1357280
0.0117306 1358640
0.0117418 1360000
0.011753 1361360
0.0117642 1362720
0.0117754 1364080
0.0117866 1365440
0.0117979 1366800
0.0118091 1368160
0.0118203 1369520
0.0118315 1370880
0.0118427 1372240
0.0118539 1373600
0.0118651 1374960
0.0118764 1376320
0.0118876 1377680
0.0118988 1379040
0.01191 1380400
0.0119212 1381760
0.0119324 1383120
0.0119437 1384480
0.0119549 1385840
0.0119661 1387200
0.0119773 1388560
0.0119885 1389920
0.0119997 1391280
0.0120109 1392640
0.0120222 1394000
0.0120334 1395360
0.0120446 1396720
0.0120558 1398080
0.012067 1399440
0.0120782 1400800
0.0120894 1402160
0.0121007 1403520
0.0121119 1404880
0.0121231 1406240
0.0121343 1407600
0.0121455 1408960
0.0121567 1410320
0.012168 1411680
0.0121792 1413040
0.0121904 1414400
0.0122016 1415760
0.0122128 1417120
0.012224 1418480
0.0122352 1419840
0.0122465 1421200
0.0122577 1422560
0.0122689 1423920
0.0122801 1425280
0.0122913 1426640
0.0123025 1428000
0.0123137 1429360
0.012325 1430720
0.0123362 1432080
0.0123474 1433440
0.0123586 1434800
0.0123698 1436160
0.012381 1437520
0.0123923 1438880
0.0124035 1440240
0.0124147 1441600
0.0124259 1442960
0.0124371 1444320
0.0124483 1445680
0.0124595 1447040
0.0124708 1448400
0.012482 1449760
0.0124932 1451120
0.0125044 1452480
0.0125156 1453840
0.0125268 1455200
0.012538 1456560
0.0125493 1457920
0.0125605 1459280
0.0125717 1460640
0.0125829 1462000
0.0125941 1463360
0.0126053 1464720
0.0126166 1466080
0.0126278 1467440
0.012639 1468800
0.0126502 1470160
0.0126614 1471520
0.0126726 1472880
0.0126838 1474240
0.0126951 1475600
0.0127063 1476960
0.0127175 1478320
0.0127287 1479680
0.0127399 1481040
0.0127511 1482400
0.0127623 1483760
0.0127736 1485120
0.0127848 1486480
0.012796 1487840
0.0128072 1489200
0.0128184 1490560
0.0128296 1491920
0.0128408 1493280
0.0128521 1494640
0.0128633 1496000
0.0128745 1497360
0.0128857 1498720
0.0128969 1500080
0.0129081 1501440
0.0129194 1502800
0.0129306 1504160
0.0129418 1505520
0.012953 1506880
0.0129642 1508240
0.0129754 1509600
0.0129866 1510960
0.0129979 1512320
0.0130091 1513680
0.0130203 1515040
0.0130315 1516400
0.0130427 1517760
0.0130539 1519120
0.0130651 1520480
0.0130764 1521840
0.0130876 1523200
0.0130988 1524560
0.01311 1525920
0.0131212 1527280
0.0131324 1528640
0.0131437 1530000
0.0131549 1531360
0.0131661 1532720
0.0131773 1534080
0.0131885 1535440
0.0131997 1536800
0.0132109 1538160
0.0132222 1539520
0.0132334 1540880
0.0132446 1542240
0.0132558 1543600
0.013267 1544960
0.0132782 1546320
0.0132894 1547680
0.0133007 1549040
0.0133119 1550400
0.0133231 1551760
0.0133343 1553120
0.0133455 1554480
0.0133567 1555840
0.013368 1557200
0.0133792 1558560
0.0133904 1559920
0.0134016 1561280
0.0134128 1562640
0.013424 1564000
0.0134352 1565360
0.0134465 1566720
0.0134577 1568080
0.0134689 1569440
0.0134801 1570800
0.0134913 1572160
0.0135025 1573520
0.0135137 1574880
0.013525 1576240
0.0135362 1577600
0.0135474 1578960
0.0135586 1580320
0.0135698 1581680
0.013581 1583040
0.0135923 1584400
0.0136035 1585760
0.0136147 1587120
0.0136259 1588480
0.0136371 1589840
0.0136483 1591200
0.0136595 1592560
0.0136708 1593920
0.013682 1595280
0.0136932 1596640
0.0137044 1598000
0.0137156 1599360
0.0137268 1600720
0.013738 1602080
0.0137493 1603440
0.0137605 1604800
0.0137717 1606160
0.0137829 1607520
0.0137941 1608880
0.0138053 1610240
0.0138166 1611600
0.0138278 1612960
0.013839 1614320
0.0138502 1615680
0.0138614 1617040
0.0138726 1618400
0.0138838 1619760
0.0138951 1621120
0.0139063 1622480
0.0139175 1623840
0.0139287 1625200
0.0139399 1626560
0.0139511 1627920
0.0139624 1629280
0.0139736 1630640
0.0139848 1632000
0.013996 1633360
0.0140072 1634720
0.0140184 1636080
0.0140296 1637440
0.0140409 1638800
0.0140521 1640160
0.0140633 1641520
0.0140745 1642880
0.0140857 1644240
0.0140969 1645600
0.0141081 1646960
0.0141194 1648320
0.0141306 1649680
0.0141418 1651040
0.014153 1652400
0.0141642 1653760
0.0141754 1655120
0.0141867 1656480
0.0141979 1657840
0.0142091 1659200
0.0142203 1660560
0.0142315 1661920
0.0142427 1663280
0.0142539 1664640
0.0142652 1666000
0.0142764 1667360
0.0142876 1668720
0.0142988 1670080
0.01431 1671440
0.0143212 1672800
0.0143324 1674160
0.0143437 1675520
0.0143549 1676880
0.0143661 1678240
0.0143773 1679600
0.0143885 1680960
0.0143997 1682320
0.014411 1683680
0.0144222 1685040
0.0144334 1686400
0.0144446 1687760
0.0144558 1689120
0.014467 1690480
0.0144782 1691840
0.0144895 1693200
0.0145007 1694560
0.0145119 1695920
0.0145231 1697280
0.0145343 1698640
0.0145455 1700000
0.0145567 1701360
0.014568 1702720
0.0145792 1704080
0.0145904 1705440
0.0146016 1706800
0.0146128 1708160
0.014624 1709520
0.0146353 1710880
0.0146465 1712240
0.0146577 1713600
0.0146689 1714960
0.0146801 1716320
0.0146913 1717680
0.0147025 1719040
0.0147138 1720400
0.014725 1721760
0.0147362 1723120
0.0147474 1724480
0.0147586 1725840
0.0147698 1727200
0.014781 1728560
0.0147923 1729920
0.0148035 1731280
0.0148147 1732640
0.0148259 1734000
0.0148371 1735360
0.0148483 1736720
0.0148595 1738080
0.0148708 1739440
0.014882 1740800
0.0148932 1742160
0.0149044 1743520
0.0149156 1744880
0.0149268 1746240
0.0149381 1747600
0.0149493 1748960
0.0149605 1750320
0.0149717 1751680
0.0149829 1753040
0.0149941 1754400
0.0150053 1755760
0.0150166 1757120
0.0150278 1758480
0.015039 1759840
0.0150502 1761200
0.0150614 1762560
0.0150726 1763920
0.0150838 1765280
0.0150951 1766640
0.0151063 1768000
0.0151175 1769360
0.0151287 1770720
0.0151399 1772080
0.0151511 1773440
0.0151624 1774800
0.0151736 1776160
0.0151848 1777520
0.015196 1778880
0.0152072 1780240
0.0152184 1781600
0.0152296 1782960
0.0152409 1784320
0.0152521 1785680
0.0152633 1787040
0.0152745 1788400
0.0152857 1789760
0.0152969 1791120
0.0153081 1792480
0.0153194 1793840
0.0153306 1795200
0.0153418 1796560
0.015353 1797920
0.0153642 1799280
0.0153754 1800640
0.0153867 1802000
0.0153979 1803360
0.0154091 1804720
0.0154203 1806080
0.0154315 1807440
0.0154427 1808800
0.0154539 1810160
0.0154652 1811520
0.0154764 1812880
0.0154876 1814240
0.0154988 1815600
0.01551 1816960
0.0155212 1818320
0.0155324 1819680
0.0155437 1821040
0.0155549 1822400
0.0155661 1823760
0.0155773 1825120
0.0155885 1826480
0.0155997 1827840
0.015611 1829200
0.0156222 1830560
0.0156334 1831920
0.0156446 1833280
0.0156558 1834640
0.015667 1836000
0.0156782 1837360
0.0156895 1838720
0.0157007 1840080
0.0157119 1841440
0.0157231 1842800
0.0157343 1844160
0.0157455 1845520
0.0157567 1846880
0.015768 1848240
0.0157792 1849600
0.0157904 1850960
0.0158016 1852320
0.0158128 1853680
0.015824 1855040
0.0158353 1856400
0.0158465 1857760
0.0158577 1859120
0.0158689 1860480
0.0158801 1861840
0.0158913 1863200
0.0159025 1864560
0.0159138 1865920
0.015925 1867280
0.0159362 1868640
0.0159474 1870000
0.0159586 1871360
0.0159698 1872720
0.0159811 1874080
0.0159923 1875440
0.0160035 1876800
0.0160147 1878160
0.0160259 1879520
0.0160371 1880880
0.0160483 1882240
0.0160596 1883600
0.0160708 1884960
0.016082 1886320
0.0160932 1887680
0.0161044 1889040
0.0161156 1890400
0.0161268 1891760
0.0161381 1893120
0.0161493 1894480
0.0161605 1895840
0.0161717 1897200
0.0161829 1898560
0.0161941 1899920
0.0162054 1901280
0.0162166 1902640
0.0162278 1904000
0.016239 1905360
0.0162502 1906720
0.0162614 1908080
0.0162726 1909440
0.0162839 1910800
0.0162951 1912160
0.0163063 1913520
0.0163175 1914880
0.0163287 1916240
0.0163399 1917600
0.0163511 1918960
0.0163624 1920320
0.0163736 1921680
0.0163848 1923040
0.016396 1924400
0.0164072 1925760
0.0164184 1927120
0.0164297 1928480
0.0164409 1929840
0.0164521 1931200
0.0164633 1932560
0.0164745 1933920
0.0164857 1935280
0.0164969 1936640
0.0165082 1938000
0.0165194 1939360
0.0165306 1940720
0.0165418 1942080
0.016553 1943440
0.0165642 1944800
0.0165754 1946160
0.0165867 1947520
0.0165979 1948880
0.0166091 1950240
0.0166203 1951600
0.0166315 1952960
0.0166427 1954320
0.016654 1955680
0.0166652 1957040
0.0166764 1958400
0.0166876 1959760
0.0166988 1961120
0.01671 1962480
0.0167212 1963840
0.0167325 1965200
0.0167437 1966560
0.0167549 1967920
0.0167661 1969280
0.0167773 1970640
0.0167885 1972000
0.0167997 1973360
0.016811 1974720
0.0168222 1976080
0.0168334 1977440
0.0168446 1978800
0.0168558 1980160
0.016867 1981520
0.0168783 1982880
0.0168895 1984240
0.0169007 1985600
0.0169119 1986960
0.0169231 1988320
0.0169343 1989680
0.0169455 1991040
0.0169568 1992400
0.016968 1993760
0.0169792 1995120
0.0169904 1996480
0.0170016 1997840
0.0170128 1999200
0.017024 2000560
0.0170353 2001920
0.0170465 2003280
0.0170577 2004640
0.0170689 2006000
0.0170801 2007360
0.0170913 2008720
0.0171026 2010080
0.0171138 2011440
0.017125 2012800
0.0171362 2014160
0.0171474 2015520
0.0171586 2016880
0.0171698 2018240
0.0171811 2019600
0.0171923 2020960
0.0172035 2022320
0.0172147 2023680
0.0172259 2025040
0.0172371 2026400
0.0172483 2027760
0.0172596 2029120
0.0172708 2030480
0.017282 2031840
0.0172932 2033200
0.0173044 2034560
0.0173156 2035920
0.0173269 2037280
0.0173381 2038640
0.0173493 2040000
0.0173605 2041360
0.0173717 2042720
0.0173829 2044080
0.0173941 2045440
0.0174054 2046800
0.0174166 2048160
0.0174278 2049520
0.017439 2050880
0.0174502 2052240
0.0174614 2053600
0.0174726 2054960
0.0174839 2056320
0.0174951 2057680
0.0175063 2059040
0.0175175 2060400
0.0175287 2061760
0.0175399 2063120
0.0175512 2064480
0.0175624 2065840
0.0175736 2067200
0.0175848 2068560
0.017596 2069920
0.0176072 2071280
0.0176184 2072640
0.0176297 2074000
0.0176409 2075360
0.0176521 2076720
0.0176633 2078080
0.0176745 2079440
0.0176857 2080800
0.0176969 2082160
0.0177082 2083520
0.0177194 2084880
0.0177306 2086240
0.0177418 2087600
0.017753 2088960
0.0177642 2090320
0.0177755 2091680
0.0177867 2093040
0.0177979 2094400
0.0178091 2095760
0.0178203 2097120
0.0178315 2098480
0.0178427 2099840
0.017854 2101200
0.0178652 2102560
0.0178764 2103920
0.0178876 2105280
0.0178988 2106640
0.01791 2108000
0.0179212 2109360
0.0179325 2110720
0.0179437 2112080
0.0179549 2113440
0.0179661 2114800
0.0179773 2116160
0.0179885 2117520
0.0179997 2118880
0.018011 2120240
0.0180222 2121600
0.0180334 2122960
0.0180446 2124320
0.0180558 2125680
0.018067 2127040
0.0180783 2128400
0.0180895 2129760
0.0181007 2131120
0.0181119 2132480
0.0181231 2133840
0.0181343 2135200
0.0181455 2136560
0.0181568 2137920
0.018168 2139280
0.0181792 2140640
0.0181904 2142000
0.0182016 2143360
0.0182128 2144720
0.018224 2146080
0.0182353 2147440
0.0182465 2148800
0.0182577 2150160
0.0182689 2151520
0.0182801 2152880
0.0182913 2154240
0.0183026 2155600
0.0183138 2156960
0.018325 2158320
0.0183362 2159680
0.0183474 2161040
0.0183586 2162400
0.0183698 2163760
0.0183811 2165120
0.0183923 2166480
0.0184035 2167840
0.0184147 2169200
0.0184259 2170560
0.0184371 2171920
0.0184483 2173280
0.0184596 2174640
0.0184708 2176000
0.018482 2177360
0.0184932 2178720
0.0185044 2180080
0.0185156 2181440
0.0185269 2182800
0.0185381 2184160
0.0185493 2185520
0.0185605 2186880
0.0185717 2188240
0.0185829 2189600
0.0185941 2190960
0.0186054 2192320
0.0186166 2193680
0.0186278 2195040
0.018639 2196400
0.0186502 2197760
0.0186614 2199120
0.0186726 2200480
0.0186839 2201840
0.0186951 2203200
0.0187063 2204560
0.0187175 2205920
0.0187287 2207280
0.0187399 2208640
0.0187512 2210000
0.0187624 2211360
0.0187736 2212720
0.0187848 2214080
0.018796 2215440
0.0188072 2216800
0.0188184 2218160
0.0188297 2219520
0.0188409 2220880
0.0188521 2222240
0.0188633 2223600
0.0188745 2224960
0.0188857 2226320
0.0188969 2227680
0.0189082 2229040
0.0189194 2230400
0.0189306 2231760
0.0189418 2233120
0.018953 2234480
0.0189642 2235840
0.0189755 2237200
0.0189867 2238560
0.0189979 2239920
0.0190091 2241280
0.0190203 2242640
0.0190315 2244000
0.0190427 2245360
0.019054 2246720
0.0190652 2248080
0.0190764 2249440
0.0190876 2250800
0.0190988 2252160
0.01911 2253520
0.0191212 2254880
0.0191325 2256240
0.0191437 2257600
0.0191549 2258960
0.0191661 2260320
0.0191773 2261680
0.0191885 2263040
0.0191998 2264400
0.019211 2265760
0.0192222 2267120
0.0192334 2268480
0.0192446 2269840
0.0192558 2271200
0.019267 2272560
0.0192783 2273920
0.0192895 2275280
0.0193007 2276640
0.0193119 2278000
0.0193231 2279360
0.0193343 2280720
0.0193455 2282080
0.0193568 2283440
0.019368 2284800
0.0193792 2286160
0.0193904 2287520
0.0194016 2288880
0.0194128 2290240
0.0194241 2291600
0.0194353 2292960
0.0194465 2294320
0.0194577 2295680
0.0194689 2297040
0.0194801 2298400
0.0194913 2299760
0.0195026 2301120
0.0195138 2302480
0.019525 2303840
0.0195362 2305200
0.0195474 2306560
0.0195586 2307920
0.0195698 2309280
0.0195811 2310640
0.0195923 2312000
0.0196035 2313360
0.0196147 2314720
0.0196259 2316080
0.0196371 2317440
0.0196484 2318800
0.0196596 2320160
0.0196708 2321520
0.019682 2322880
0.0196932 2324240
0.0197044 2325600
0.0197156 2326960
0.0197269 2328320
0.0197381 2329680
0.0197493 2331040
0.0197605 2332400
0.0197717 2333760
0.0197829 2335120
0.0197941 2336480
0.0198054 2337840
0.0198166 2339200
0.0198278 2340560
0.019839 2341920
0.0198502 2343280
0.0198614 2344640
0.0198727 2346000
0.0198839 2347360
0.0198951 2348720
0.0199063 2350080
0.0199175 2351440
0.0199287 2352800
0.0199399 2354160
0.0199512 2355520
0.0199624 2356880
0.0199736 2358240
0.0199848 2359600
0.019996 2360960
0.0200072 2362320
0.0200185 2363680
0.0200297 2365040
0.0200409 2366400
0.0200521 2367760
0.0200633 2369120
0.0200745 2370480
0.0200857 2371840
0.020097 2373200
0.0201082 2374560
0.0201194 2375920
0.0201306 2377280
0.0201418 2378640
0.020153 2380000
0.0201642 2381360
0.0201755 2382720
0.0201867 2384080
0.0201979 2385440
0.0202091 2386800
0.0202203 2388160
0.0202315 2389520
0.0202428 2390880
0.020254 2392240
0.0202652 2393600
0.0202764 2394960
0.0202876 2396320
0.0202988 2397680
0.02031 2399040
0.0203213 2400400
0.0203325 2401760
0.0203437 2403120
0.0203549 2404480
0.0203661 2405840
0.0203773 2407200
0.0203885 2408560
0.0203998 2409920
0.020411 2411280
0.0204222 2412640
0.0204334 2414000
0.0204446 2415360
0.0204558 2416720
0.0204671 2418080
0.0204783 2419440
0.0204895 2420800
0.0205007 2422160
0.0205119 2423520
0.0205231 2424880
0.0205343 2426240
0.0205456 2427600
0.0205568 2428960
0.020568 2430320
0.0205792 2431680
0.0205904 2433040
0.0206016 2434400
0.0206128 2435760
0.0206241 2437120
0.0206353 2438480
0.0206465 2439840
0.0206577 2441200
0.0206689 2442560
0.0206801 2443920
0.0206914 2445280
0.0207026 2446640
0.0207138 2448000
0.020725 2449360
0.0207362 2450720
0.0207474 2452080
0.0207586 2453440
0.0207699 2454800
0.0207811 2456160
0.0207923 2457520
0.0208035 2458880
0.0208147 2460240
0.0208259 2461600
0.0208371 2462960
0.0208484 2464320
0.0208596 2465680
0.0208708 2467040
0.020882 2468400
0.0208932 2469760
0.0209044 2471120
0.0209157 2472480
0.0209269 2473840
0.0209381 2475200
0.0209493 2476560
0.0209605 2477920
0.0209717 2479280
0.0209829 2480640
0.0209942 2482000
0.0210054 2483360
0.0210166 2484720
0.0210278 2486080
0.021039 2487440
0.0210502 2488800
0.0210614 2490160
0.0210727 2491520
0.0210839 2492880
0.0210951 2494240
0.0211063 2495600
0.0211175 2496960
0.0211287 2498320
0.02114 2499680
0.0211512 2501040
0.0211624 2502400
0.0211736 2503760
0.0211848 2505120
0.021196 2506480
0.0212072 2507840
0.0212185 2509200
0.0212297 2510560
0.0212409 2511920
0.0212521 2513280
0.0212633 2514640
0.0212745 2516000
0.0212857 2517360
0.021297 2518720
0.0213082 2520080
0.0213194 2521440
0.0213306 2522800
0.0213418 2524160
0.021353 2525520
0.0213643 2526880
0.0213755 2528240
0.0213867 2529600
0.0213979 2530960
0.0214091 2532320
0.0214203 2533680
0.0214315 2535040
0.0214428 2536400
0.021454 2537760
0.0214652 2539120
0.0214764 2540480
0.0214876 2541840
0.0214988 2543200
0.02151 2544560
0.0215213 2545920
0.0215325 2547280
0.0215437 2548640
0.0215549 2550000
0.0215661 2551360
0.0215773 2552720
0.0215886 2554080
0.0215998 2555440
0.021611 2556800
0.0216222 2558160
0.0216334 2559520
0.0216446 2560880
0.0216558 2562240
0.0216671 2563600
0.0216783 2564960
0.0216895 2566320
0.0217007 2567680
0.0217119 2569040
0.0217231 2570400
0.0217343 2571760
0.0217456 2573120
0.0217568 2574480
0.021768 2575840
0.0217792 2577200
0.0217904 2578560
0.0218016 2579920
0.0218129 2581280
0.0218241 2582640
0.0218353 2584000
0.0218465 2585360
0.0218577 2586720
0.0218689 2588080
0.0218801 2589440
0.0218914 2590800
0.0219026 2592160
0.0219138 2593520
0.021925 2594880
0.0219362 2596240
0.0219474 2597600
0.0219586 2598960
0.0219699 2600320
0.0219811 2601680
0.0219923 2603040
0.0220035 2604400
0.0220147 2605760
0.0220259 2607120
0.0220371 2608480
0.0220484 2609840
0.0220596 2611200
0.0220708 2612560
0.022082 2613920
0.0220932 2615280
0.0221044 2616640
0.0221157 2618000
0.0221269 2619360
0.0221381 2620720
0.0221493 2622080
0.0221605 2623440
0.0221717 2624800
0.0221829 2626160
0.0221942 2627520
0.0222054 2628880
0.0222166 2630240
0.0222278 2631600
0.022239 2632960
0.0222502 2634320
0.0222614 2635680
0.0222727 2637040
0.0222839 2638400
0.0222951 2639760
0.0223063 2641120
0.0223175 2642480
0.0223287 2643840
0.02234 2645200
0.0223512 2646560
0.0223624 2647920
0.0223736 2649280
0.0223848 2650640
0.022396 2652000
0.0224072 2653360
0.0224185 2654720
0.0224297 2656080
0.0224409 2657440
0.0224521 2658800
0.0224633 2660160
0.0224745 2661520
0.0224857 2662880
0.022497 2664240
0.0225082 2665600
0.0225194 2666960
0.0225306 2668320
0.0225418 2669680
0.022553 2671040
0.0225643 2672400
0.0225755 2673760
0.0225867 2675120
0.0225979 2676480
0.0226091 2677840
0.0226203 2679200
0.0226315 2680560
0.0226428 2681920
0.022654 2683280
0.0226652 2684640
0.0226764 2686000
0.0226876 2687360
0.0226988 2688720
0.02271 2690080
0.0227213 2691440
0.0227325 2692800
0.0227437 2694160
0.0227549 2695520
0.0227661 2696880
0.0227773 2698240
0.0227886 2699600
0.0227998 2700960
0.022811 2702320
0.0228222 2703680
0.0228334 2705040
0.0228446 2706400
0.0228558 2707760
0.0228671 2709120
0.0228783 2710480
0.0228895 2711840
0.0229007 2713200
0.0229119 2714560
0.0229231 2715920
0.0229343 2717280
0.0229456 2718640
0.0229568 2720000
0.022968 2721360
0.0229792 2722720
0.0229904 2724080
0.0230016 2725440
0.0230129 2726800
0.0230241 2728160
0.0230353 2729520
0.0230465 2730880
0.0230577 2732240
0.0230689 2733600
0.0230801 2734960
0.0230914 2736320
0.0231026 2737680
0.0231138 2739040
0.023125 2740400
0.0231362 2741760
0.0231474 2743120
0.0231586 2744480
0.0231699 2745840
0.0231811 2747200
0.0231923 2748560
0.0232035 2749920
0.0232147 2751280
0.0232259 2752640
0.0232372 2754000
0.0232484 2755360
0.0232596 2756720
0.0232708 2758080
0.023282 2759440
0.0232932 2760800
0.0233044 2762160
0.0233157 2763520
0.0233269 2764880
0.0233381 2766240
0.0233493 2767600
0.0233605 2768960
0.0233717 2770320
0.0233829 2771680
0.0233942 2773040
0.0234054 2774400
0.0234166 2775760
0.0234278 2777120
0.023439 2778480
0.0234502 2779840
0.0234615 2781200
0.0234727 2782560
0.0234839 2783920
0.0234951 2785280
0.0235063 2786640
0.0235175 2788000
0.0235287 2789360
0.02354 2790720
0.0235512 2792080
0.0235624 2793440
0.0235736 2794800
0.0235848 2796160
0.023596 2797520
0.0236072 2798880
0.0236185 2800240
0.0236297 2801600
0.0236409 2802960
0.0236521 2804320
0.0236633 2805680
0.0236745 2807040
0.0236858 2808400
0.023697 2809760
0.0237082 2811120
0.0237194 2812480
0.0237306 2813840
0.0237418 2815200
0.023753 2816560
0.0237643 2817920
0.0237755 2819280
0.0237867 2820640
0.0237979 2822000
0.0238091 2823360
0.0238203 2824720
0.0238315 2826080
0.0238428 2827440
0.023854 2828800
0.0238652 2830160
0.0238764 2831520
0.0238876 2832880
0.0238988 2834240
0.0239101 2835600
0.0239213 2836960
0.0239325 2838320
0.0239437 2839680
0.0239549 2841040
0.0239661 2842400
0.0239773 2843760
0.0239886 2845120
0.0239998 2846480
0.024011 2847840
0.0240222 2849200
0.0240334 2850560
0.0240446 2851920
0.0240559 2853280
0.0240671 2854640
0.0240783 2856000
0.0240895 2857360
0.0241007 2858720
0.0241119 2860080
0.0241231 2861440
0.0241344 2862800
0.0241456 2864160
0.0241568 2865520
0.024168 2866880
0.0241792 2868240
0.0241904 2869600
0.0242016 2870960
0.0242129 2872320
0.0242241 2873680
0.0242353 2875040
0.0242465 2876400
0.0242577 2877760
0.0242689 2879120
0.0242802 2880480
0.0242914 2881840
0.0243026 2883200
0.0243138 2884560
0.024325 2885920
0.0243362 2887280
0.0243474 2888640
0.0243587 2890000
0.0243699 2891360
0.0243811 2892720
0.0243923 2894080
0.0244035 2895440
0.0244147 2896800
0.0244259 2898160
0.0244372 2899520
0.0244484 2900880
0.0244596 2902240
0.0244708 2903600
0.024482 2904960
0.0244932 2906320
0.0245045 2907680
0.0245157 2909040
0.0245269 2910400
0.0245381 2911760
0.0245493 2913120
0.0245605 2914480
0.0245717 2915840
0.024583 2917200
0.0245942 2918560
0.0246054 2919920
0.0246166 2921280
0.0246278 2922640
0.024639 2924000
0.0246502 2925360
0.0246615 2926720
0.0246727 2928080
0.0246839 2929440
0.0246951 2930800
0.0247063 2932160
0.0247175 2933520
0.0247288 2934880
0.02474 2936240
0.0247512 2937600
0.0247624 2938960
0.0247736 2940320
0.0247848 2941680
0.024796 2943040
0.0248073 2944400
0.0248185 2945760
0.0248297 2947120
0.0248409 2948480
0.0248521 2949840
0.0248633 2951200
0.0248745 2952560
0.0248858 2953920
0.024897 2955280
0.0249082 2956640
0.0249194 2958000
0.0249306 2959360
0.0249418 2960720
0.0249531 2962080
0.0249643 2963440
0.0249755 2964800
0.0249867 2966160
0.0249979 2967520
0.0250091 2968880
0.0250203 2970240
0.0250316 2971600
0.0250428 2972960
0.025054 2974320
0.0250652 2975680
0.0250764 2977040
0.0250876 2978400
0.0250988 2979760
0.0251101 2981120
0.0251213 2982480
0.0251325 2983840
0.0251437 2985200
0.0251549 2986560
0.0251661 2987920
0.0251774 2989280
0.0251886 2990640
0.0251998 2992000
0.025211 2993360
0.0252222 2994720
0.0252334 2996080
0.0252446 2997440
0.0252559 2998800
0.0252671 3000160
0.0252783 3001520
0.0252895 3002880
0.0253007 3004240
0.0253119 3005600
0.0253231 3006960
0.0253344 3008320
0.0253456 3009680
0.0253568 3011040
0.025368 3012400
0.0253792 3013760
0.0253904 3015120
0.0254017 3016480
0.0254129 3017840
0.0254241 3019200
0.0254353 3020560
0.0254465 3021920
0.0254577 3023280
0.0254689 3024640
0.0254802 3026000
0.0254914 3027360
0.0255026 3028720
0.0255138 3030080
0.025525 3031440
0.0255362 3032800
0.0255474 3034160
0.0255587 3035520
0.0255699 3036880
0.0255811 3038240
0.0255923 3039600
0.0256035 3040960
0.0256147 3042320
0.025626 3043680
0.0256372 3045040
0.0256484 3046400
0.0256596 3047760
0.0256708 3049120
0.025682 3050480
0.0256932 3051840
0.0257045 3053200
0.0257157 3054560
0.0257269 3055920
0.0257381 3057280
0.0257493 3058640
0.0257605 3060000
0.0257717 3061360
0.025783 3062720
0.0257942 3064080
0.0258054 3065440
0.0258166 3066800
0.0258278 3068160
0.025839 3069520
0.0258502 3070880
0.0258615 3072240
0.0258727 3073600
0.0258839 3074960
0.0258951 3076320
0.0259063 3077680
0.0259175 3079040
0.0259288 3080400
0.02594 3081760
0.0259512 3083120
0.0259624 3084480
0.0259736 3085840
0.0259848 3087200
0.025996 3088560
0.0260073 3089920
0.0260185 3091280
0.0260297 3092640
0.0260409 3094000
0.0260521 3095360
0.0260633 3096720
0.0260745 3098080
0.0260858 3099440
0.026097 3100800
0.0261082 3102160
0.0261194 3103520
0.0261306 3104880
0.0261418 3106240
0.0261531 3107600
0.0261643 3108960
0.0261755 3110320
0.0261867 3111680
0.0261979 3113040
0.0262091 3114400
0.0262203 3115760
0.0262316 3117120
0.0262428 3118480
0.026254 3119840
0.0262652 3121200
0.0262764 3122560
0.0262876 3123920
0.0262988 3125280
0.0263101 3126640
0.0263213 3128000
0.0263325 3129360
0.0263437 3130720
0.0263549 3132080
0.0263661 3133440
0.0263774 3134800
0.0263886 3136160
0.0263998 3137520
0.026411 3138880
0.0264222 3140240
0.0264334 3141600
0.0264446 3142960
0.0264559 3144320
0.0264671 3145680
0.0264783 3147040
0.0264895 3148400
0.0265007 3149760
0.0265119 3151120
0.0265231 3152480
0.0265344 3153840
0.0265456 3155200
0.0265568 3156560
0.026568 3157920
0.0265792 3159280
0.0265904 3160640
0.0266017 3162000
0.0266129 3163360
0.0266241 3164720
0.0266353 3166080
0.0266465 3167440
0.0266577 3168800
0.0266689 3170160
0.0266802 3171520
0.0266914 3172880
0.0267026 3174240
0.0267138 3175600
0.026725 3176960
0.0267362 3178320
0.0267474 3179680
0.0267587 3181040
0.0267699 3182400
0.0267811 3183760
0.0267923 3185120
0.0268035 3186480
0.0268147 3187840
0.026826 3189200
0.0268372 3190560
0.0268484 3191920
0.0268596 3193280
0.0268708 3194640
0.026882 3196000
0.0268932 3197360
0.0269045 3198720
0.0269157 3200080
0.0269269 3201440
0.0269381 3202800
0.0269493 3204160
0.0269605 3205520
0.0269717 3206880
0.026983 3208240
0.0269942 3209600
0.0270054 3210960
0.0270166 3212320
0.0270278 3213680
0.027039 3215040
0.0270503 3216400
0.0270615 3217760
0.0270727 3219120
0.0270839 3220480
0.0270951 3221840
0.0271063 3223200
0.0271175 3224560
0.0271288 3225920
0.02714 3227280
0.0271512 3228640
0.0271624 3230000
0.0271736 3231360
0.0271848 3232720
0.027196 3234080
0.0272073 3235440
0.0272185 3236800
0.0272297 3238160
0.0272409 3239520
0.0272521 3240880
0.0272633 3242240
0.0272746 3243600
0.0272858 3244960
0.027297 3246320
0.0273082 3247680
0.0273194 3249040
0.0273306 3250400
0.0273418 3251760
0.0273531 3253120
0.0273643 3254480
0.0273755 3255840
0.0273867 3257200
0.0273979 3258560
0.0274091 3259920
0.0274203 3261280
0.0274316 3262640
0.0274428 3264000
0.027454 3265360
0.0274652 3266720
0.0274764 3268080
0.0274876 3269440
0.0274989 3270800
0.0275101 3272160
0.0275213 3273520
0.0275325 3274880
0.0275437 3276240
0.0275549 3277600
0.0275661 3278960
0.0275774 3280320
0.0275886 3281680
0.0275998 3283040
0.027611 3284400
0.0276222 3285760
0.0276334 3287120
0.0276446 3288480
0.0276559 3289840
0.0276671 3291200
0.0276783 3292560
0.0276895 3293920
0.0277007 3295280
0.0277119 3296640
0.0277232 3298000
0.0277344 3299360
0.0277456 3300720
0.0277568 3302080
0.027768 3303440
0.0277792 3304800
0.0277904 3306160
0.0278017 3307520
0.0278129 3308880
0.0278241 3310240
0.0278353 3311600
0.0278465 3312960
0.0278577 3314320
0.0278689 3315680
0.0278802 3317040
0.0278914 3318400
0.0279026 3319760
0.0279138 3321120
0.027925 3322480
0.0279362 3323840
0.0279475 3325200
0.0279587 3326560
0.0279699 3327920
0.0279811 3329280
0.0279923 3330640
0.0280035 3332000
0.0280147 3333360
0.028026 3334720
0.0280372 3336080
0.0280484 3337440
0.0280596 3338800
0.0280708 3340160
0.028082 3341520
0.0280933 3342880
0.0281045 3344240
0.0281157 3345600
0.0281269 3346960
0.0281381 3348320
0.0281493 3349680
0.0281605 3351040
0.0281718 3352400
0.028183 3353760
0.0281942 3355120
0.0282054 3356480
0.0282166 3357840
0.0282278 3359200
0.028239 3360560
0.0282503 3361920
0.0282615 3363280
0.0282727 3364640
0.0282839 3366000
0.0282951 3367360
0.0283063 3368720
0.0283176 3370080
0.0283288 3371440
0.02834 3372800
0.0283512 3374160
0.0283624 3375520
0.0283736 3376880
0.0283848 3378240
0.0283961 3379600
0.0284073 3380960
0.0284185 3382320
0.0284297 3383680
0.0284409 3385040
0.0284521 3386400
0.0284633 3387760
0.0284746 3389120
0.0284858 3390480
0.028497 3391840
0.0285082 3393200
0.0285194 3394560
0.0285306 3395920
0.0285419 3397280
0.0285531 3398640
0.0285643 3400000
0.0285755 3401360
0.0285867 3402720
0.0285979 3404080
0.0286091 3405440
0.0286204 3406800
0.0286316 3408160
0.0286428 3409520
0.028654 3410880
0.0286652 3412240
0.0286764 3413600
0.0286876 3414960
0.0286989 3416320
0.0287101 3417680
0.0287213 3419040
0.0287325 3420400
0.0287437 3421760
0.0287549 3423120
0.0287662 3424480
0.0287774 3425840
0.0287886 3427200
0.0287998 3428560
0.028811 3429920
0.0288222 3431280
0.0288334 3432640
0.0288447 3434000
0.0288559 3435360
0.0288671 3436720
0.0288783 3438080
0.0288895 3439440
0.0289007 3440800
0.0289119 3442160
0.0289232 3443520
0.0289344 3444880
0.0289456 3446240
0.0289568 3447600
0.028968 3448960
0.0289792 3450320
0.0289905 3451680
0.0290017 3453040
0.0290129 3454400
0.0290241 3455760
0.0290353 3457120
0.0290465 3458480
0.0290577 3459840
0.029069 3461200
0.0290802 3462560
0.0290914 3463920
0.0291026 3465280
0.0291138 3466640
0.029125 3468000
0.0291362 3469360
0.0291475 3470720
0.0291587 3472080
0.0291699 3473440
0.0291811 3474800
0.0291923 3476160
0.0292035 3477520
0.0292148 3478880
0.029226 3480240
0.0292372 3481600
0.0292484 3482960
0.0292596 3484320
0.0292708 3485680
0.029282 3487040
0.0292933 3488400
0.0293045 3489760
0.0293157 3491120
0.0293269 3492480
0.0293381 3493840
0.0293493 3495200
0.0293605 3496560
0.0293718 3497920
0.029383 3499280
0.0293942 3500640
0.0294054 3502000
0.0294166 3503360
0.0294278 3504720
0.0294391 3506080
0.0294503 3507440
0.0294615 3508800
0.0294727 3510160
0.0294839 3511520
0.0294951 3512880
0.0295063 3514240
0.0295176 3515600
0.0295288 3516960
0.02954 3518320
0.0295512 3519680
0.0295624 3521040
0.0295736 3522400
0.0295848 3523760
0.0295961 3525120
0.0296073 3526480
0.0296185 3527840
0.0296297 3529200
0.0296409 3530560
0.0296521 3531920
0.0296634 3533280
0.0296746 3534640
0.0296858 3536000
0.029697 3537360
0.0297082 3538720
0.0297194 3540080
0.0297306 3541440
0.0297419 3542800
0.0297531 3544160
0.0297643 3545520
0.0297755 3546880
0.0297867 3548240
0.0297979 3549600
0.0298091 3550960
0.0298204 3552320
0.0298316 3553680
0.0298428 3555040
0.029854 3556400
0.0298652 3557760
0.0298764 3559120
0.0298877 3560480
0.0298989 3561840
0.0299101 3563200
0.0299213 3564560
0.0299325 3565920
0.0299437 3567280
0.0299549 3568640
0.0299662 3570000
0.0299774 3571360
0.0299886 3572720
0.0299998 3574080
0.030011 3575440
0.0300222 3576800
0.0300334 3578160
0.0300447 3579520
0.0300559 3580880
0.0300671 3582240
0.0300783 3583600
0.0300895 3584960
0.0301007 3586320
0.0301119 3587680
0.0301232 3589040
0.0301344 3590400
0.0301456 3591760
0.0301568 3593120
0.030168 3594480
0.0301792 3595840
0.0301905 3597200
0.0302017 3598560
0.0302129 3599920
0.0302241 3601280
0.0302353 3602640
0.0302465 3604000
0.0302577 3605360
0.030269 3606720
0.0302802 3608080
0.0302914 3609440
0.0303026 3610800
0.0303138 3612160
0.030325 3613520
0.0303362 3614880
0.0303475 3616240
0.0303587 3617600
0.0303699 3618960
0.0303811 3620320
0.0303923 3621680
0.0304035 3623040
0.0304148 3624400
0.030426 3625760
0.0304372 3627120
0.0304484 3628480
0.0304596 3629840
0.0304708 3631200
0.030482 3632560
0.0304933 3633920
0.0305045 3635280
0.0305157 3636640
0.0305269 3638000
0.0305381 3639360
0.0305493 3640720
0.0305605 3642080
0.0305718 3643440
0.030583 3644800
0.0305942 3646160
0.0306054 3647520
0.0306166 3648880
0.0306278 3650240
0.0306391 3651600
0.0306503 3652960
0.0306615 3654320
0.0306727 3655680
0.0306839 3657040
0.0306951 3658400
0.0307063 3659760
0.0307176 3661120
0.0307288 3662480
0.03074 3663840
0.0307512 3665200
0.0307624 3666560
0.0307736 3667920
0.0307848 3669280
0.0307961 3670640
0.0308073 3672000
0.0308185 3673360
0.0308297 3674720
0.0308409 3676080
0.0308521 3677440
0.0308634 3678800
0.0308746 3680160
0.0308858 3681520
0.030897 3682880
0.0309082 3684240
0.0309194 3685600
0.0309306 3686960
0.0309419 3688320
0.0309531 3689680
0.0309643 3691040
0.0309755 3692400
0.0309867 3693760
0.0309979 3695120
0.0310091 3696480
0.0310204 3697840
0.0310316 3699200
0.0310428 3700560
0.031054 3701920
0.0310652 3703280
0.0310764 3704640
0.0310877 3706000
0.0310989 3707360
0.0311101 3708720
0.0311213 3710080
0.0311325 3711440
0.0311437 3712800
0.0311549 3714160
0.0311662 3715520
0.0311774 3716880
0.0311886 3718240
0.0311998 3719600
0.031211 3720960
0.0312222 3722320
0.0312334 3723680
0.0312447 3725040
0.0312559 3726400
0.0312671 3727760
0.0312783 3729120
0.0312895 3730480
0.0313007 3731840
0.031312 3733200
0.0313232 3734560
0.0313344 3735920
0.0313456 3737280
0.0313568 3738640
0.031368 3740000
0.0313792 3741360
0.0313905 3742720
0.0314017 3744080
0.0314129 3745440
0.0314241 3746800
0.0314353 3748160
0.0314465 3749520
0.0314577 3750880
0.031469 3752240
0.0314802 3753600
0.0314914 3754960
0.0315026 3756320
0.0315138 3757680
0.031525 3759040
0.0315363 3760400
0.0315475 3761760
0.0315587 3763120
0.0315699 3764480
0.0315811 3765840
0.0315923 3767200
0.0316035 3768560
0.0316148 3769920
0.031626 3771280
0.0316372 3772640
0.0316484 3774000
0.0316596 3775360
0.0316708 3776720
0.0316821 3778080
0.0316933 3779440
0.0317045 3780800
0.0317157 3782160
0.0317269 3783520
0.0317381 3784880
0.0317493 3786240
0.0317606 3787600
0.0317718 3788960
0.031783 3790320
0.0317942 3791680
0.0318054 3793040
0.0318166 3794400
0.0318278 3795760
0.0318391 3797120
0.0318503 3798480
0.0318615 3799840
0.0318727 3801200
0.0318839 3802560
0.0318951 3803920
0.0319063 3805280
0.0319176 3806640
0.0319288 3808000
0.03194 3809360
0.0319512 3810720
0.0319624 3812080
0.0319736 3813440
0.0319849 3814800
0.0319961 3816160
0.0320073 3817520
0.0320185 3818880
0.0320297 3820240
0.0320409 3821600
0.0320521 3822960
0.0320634 3824320
0.0320746 3825680
0.0320858 3827040
0.032097 3828400
0.0321082 3829760
0.0321194 3831120
0.0321306 3832480
0.0321419 3833840
0.0321531 3835200
0.0321643 3836560
0.0321755 3837920
0.0321867 3839280
0.0321979 3840640
0.0322092 3842000
0.0322204 3843360
0.0322316 3844720
0.0322428 3846080
0.032254 3847440
0.0322652 3848800
0.0322764 3850160
0.0322877 3851520
0.0322989 3852880
0.0323101 3854240
0.0323213 3855600
0.0323325 3856960
0.0323437 3858320
0.032355 3859680
0.0323662 3861040
0.0323774 3862400
0.0323886 3863760
0.0323998 3865120
0.032411 3866480
0.0324222 3867840
0.0324335 3869200
0.0324447 3870560
0.0324559 3871920
0.0324671 3873280
0.0324783 3874640
0.0324895 3876000
0.0325007 3877360
0.032512 3878720
0.0325232 3880080
0.0325344 3881440
0.0325456 3882800
0.0325568 3884160
0.032568 3885520
0.0325792 3886880
0.0325905 3888240
0.0326017 3889600
0.0326129 3890960
0.0326241 3892320
0.0326353 3893680
0.0326465 3895040
0.0326578 3896400
0.032669 3897760
0.0326802 3899120
0.0326914 3900480
0.0327026 3901840
0.0327138 3903200
0.032725 3904560
0.0327363 3905920
0.0327475 3907280
0.0327587 3908640
0.0327699 3910000
0.0327811 3911360
0.0327923 3912720
0.0328036 3914080
0.0328148 3915440
0.032826 3916800
0.0328372 3918160
0.0328484 3919520
0.0328596 3920880
0.0328708 3922240
0.0328821 3923600
0.0328933 3924960
0.0329045 3926320
0.0329157 3927680
0.0329269 3929040
0.0329381 3930400
0.0329493 3931760
0.0329606 3933120
0.0329718 3934480
0.032983 3935840
0.0329942 3937200
0.0330054 3938560
0.0330166 3939920
0.0330278 3941280
0.0330391 3942640
0.0330503 3944000
0.0330615 3945360
0.0330727 3946720
0.0330839 3948080
0.0330951 3949440
0.0331064 3950800
0.0331176 3952160
0.0331288 3953520
0.03314 3954880
0.0331512 3956240
0.0331624 3957600
0.0331736 3958960
0.0331849 3960320
0.0331961 3961680
0.0332073 3963040
0.0332185 3964400
0.0332297 3965760
0.0332409 3967120
0.0332522 3968480
0.0332634 3969840
0.0332746 3971200
0.0332858 3972560
0.033297 3973920
0.0333082 3975280
0.0333194 3976640
0.0333307 3978000
0.0333419 3979360
0.0333531 3980720
0.0333643 3982080
0.0333755 3983440
0.0333867 3984800
0.0333979 3986160
0.0334092 3987520
0.0334204 3988880
0.0334316 3990240
0.0334428 3991600
0.033454 3992960
0.0334652 3994320
0.0334764 3995680
0.0334877 3997040
0.0334989 3998400
0.0335101 3999760
0.0335213 4001120
0.0335325 4002480
0.0335437 4003840
0.033555 4005200
0.0335662 4006560
0.0335774 4007920
0.0335886 4009280
0.0335998 4010640
0.033611 4012000
0.0336222 4013360
0.0336335 4014720
0.0336447 4016080
0.0336559 4017440
0.0336671 4018800
0.0336783 4020160
0.0336895 4021520
0.0337008 4022880
0.033712 4024240
0.0337232 4025600
0.0337344 4026960
0.0337456 4028320
0.0337568 4029680
0.033768 4031040
0.0337793 4032400
0.0337905 4033760
0.0338017 4035120
0.0338129 4036480
0.0338241 4037840
0.0338353 4039200
0.0338465 4040560
0.0338578 4041920
0.033869 4043280
0.0338802 4044640
0.0338914 4046000
0.0339026 4047360
0.0339138 4048720
0.033925 4050080
0.0339363 4051440
0.0339475 4052800
0.0339587 4054160
0.0339699 4055520
0.0339811 4056880
0.0339923 4058240
0.0340036 4059600
0.0340148 4060960
0.034026 4062320
0.0340372 4063680
0.0340484 4065040
0.0340596 4066400
0.0340708 4067760
0.0340821 4069120
0.0340933 4070480
0.0341045 4071840
0.0341157 4073200
0.0341269 4074560
0.0341381 4075920
0.0341494 4077280
0.0341606 4078640
0.0341718 4080000
0.034183 4081360
0.0341942 4082720
0.0342054 4084080
0.0342166 4085440
0.0342279 4086800
0.0342391 4088160
0.0342503 4089520
0.0342615 4090880
0.0342727 4092240
0.0342839 4093600
0.0342951 4094960
0.0343064 4096320
0.0343176 4097680
0.0343288 4099040
0.03434 4100400
0.0343512 4101760
0.0343624 4103120
0.0343736 4104480
0.0343849 4105840
0.0343961 4107200
0.0344073 4108560
0.0344185 4109920
0.0344297 4111280
0.0344409 4112640
0.0344522 4114000
0.0344634 4115360
0.0344746 4116720
0.0344858 4118080
0.034497 4119440
0.0345082 4120800
0.0345194 4122160
0.0345307 4123520
0.0345419 4124880
0.0345531 4126240
0.0345643 4127600
0.0345755 4128960
0.0345867 4130320
0.034598 4131680
0.0346092 4133040
0.0346204 4134400
0.0346316 4135760
0.0346428 4137120
0.034654 4138480
0.0346652 4139840
0.0346765 4141200
0.0346877 4142560
0.0346989 4143920
0.0347101 4145280
0.0347213 4146640
0.0347325 4148000
0.0347437 4149360
0.034755 4150720
0.0347662 4152080
0.0347774 4153440
0.0347886 4154800
0.0347998 4156160
0.034811 4157520
0.0348222 4158880
0.0348335 4160240
0.0348447 4161600
0.0348559 4162960
0.0348671 4164320
0.0348783 4165680
0.0348895 4167040
0.0349008 4168400
0.034912 4169760
0.0349232 4171120
0.0349344 4172480
0.0349456 4173840
0.0349568 4175200
0.034968 4176560
0.0349793 4177920
0.0349905 4179280
0.0350017 4180640
0.0350129 4182000
0.0350241 4183360
0.0350353 4184720
0.0350466 4186080
0.0350578 4187440
0.035069 4188800
0.0350802 4190160
0.0350914 4191520
0.0351026 4192880
0.0351138 4194240
0.0351251 4195600
