0.0 0
0.0001016 4294967295
0.000225035 4294967295
0.000348135 4294967295
0.00035935 4294967295
0.000471235 4294967295
0.00048245 4294967295
0.000493665 4294967295
0.00050488 4294967295
0.000594335 4294967295
0.00060555 4294967295
0.000616765 4294967295
0.00062798 4294967295
0.000639195 4294967295
0.00065041 4294967295
0.000661625 4294967295
0.00067284 4294967295
0.000717435 4294967295
0.00072865 4294967295
0.000739865 4294967295
0.00075108 4294967295
0.000762295 4294967295
0.00077351 4294967295
0.000784725 4294967295
0.00079594 4294967295
0.000807155 4294967295
0.00081837 4294967295
0.000829585 4294967295
0.0008408 4294967295
0.000852015 4294967295
0.00086323 4294967295
0.000874445 4294967295
0.00088566 4294967295
0.000896875 4294967295
0.00090809 4294967295
0.000919305 4294967295
0.00093052 4294967295
0.000941735 4294967295
0.00095295 4294967295
0.000964165 4294967295
0.00097538 4294967295
0.000986595 4294967295
0.00099781 4294967295
0.00100902 4294967295
0.00102024 4294967295
0.00103145 4294967295
0.00104267 4294967295
0.00105389 4294967295
0.0010651 4294967295
0.00107631 4294967295
0.00108753 4294967295
0.00109874 4294967295
0.00110996 4294967295
0.00112117 4294967295
0.00113239 4294967295
0.00114361 4294967295
0.00115482 4294967295
0.00116603 4294967295
0.00117725 4294967295
0.00118847 4294967295
0.00119968 4294967295
0.0012109 4294967295
0.00122211 4294967295
0.00123332 4294967295
0.00124454 4294967295
0.00125575 4294967295
0.00126697 4294967295
0.00127819 4294967295
0.0012894 4294967295
0.00130061 4294967295
0.00131183 4294967295
0.00132304 4294967295
0.00133426 4294967295
0.00134548 4294967295
0.00135669 4294967295
0.0013679 4294967295
0.00137912 4294967295
0.00139033 4294967295
0.00140155 4294967295
0.00141276 4294967295
0.00142398 4294967295
0.0014352 4294967295
0.00144641 4294967295
0.00145762 4294967295
0.00146884 4294967295
0.00148006 4294967295
0.00149127 4294967295
0.00150249 4294967295
0.0015137 4294967295
0.00152491 4294967295
0.00153613 4294967295
0.00154734 4294967295
0.00155856 4294967295
0.00156978 4294967295
0.00158099 4294967295
0.0015922 4294967295
0.00160342 4294967295
0.00161463 4294967295
0.00162585 4294967295
0.00163707 4294967295
0.00164828 4294967295
0.00165949 4294967295
0.00167071 4294967295
0.00168192 4294967295
0.00169314 4294967295
0.00170435 4294967295
0.00171557 4294967295
0.00172678 4294967295
0.001738 4294967295
0.00174921 4294967295
0.00176043 4294967295
0.00177165 4294967295
0.00178286 4294967295
0.00179408 4294967295
0.00180529 4294967295
0.0018165 4294967295
0.00182772 4294967295
0.00183893 4294967295
0.00185015 4294967295
0.00186137 4294967295
0.00187258 4294967295
0.00188379 4294967295
0.00189501 4294967295
0.00190623 4294967295
0.00191744 4294967295
0.00192866 4294967295
0.00193987 4294967295
0.00195108 4294967295
0.0019623 4294967295
0.00197351 4294967295
0.00198473 4294967295
0.00199594 4294967295
0.00200716 4294967295
0.00201838 4294967295
0.00202959 4294967295
0.00204081 4294967295
0.00205202 4294967295
0.00206324 4294967295
0.00207445 4294967295
0.00208567 4294967295
0.00209688 4294967295
0.00210809 4294967295
0.00211931 4294967295
0.00213052 4294967295
0.00214174 4294967295
0.00215295 4294967295
0.00216417 4294967295
0.00217539 4294967295
0.0021866 4294967295
0.00219782 4294967295
0.00220903 4294967295
0.00222025 4294967295
0.00223146 4294967295
0.00224267 4294967295
0.00225389 4294967295
0.0022651 4294967295
0.00227632 4294967295
0.00228753 4294967295
0.00229875 4294967295
0.00230996 4294967295
0.00232118 4294967295
0.0023324 4294967295
0.00234361 4294967295
0.00235483 4294967295
0.00236604 4294967295
0.00237725 4294967295
0.00238847 4294967295
0.00239968 4294967295
0.0024109 4294967295
0.00242211 4294967295
0.00243333 4294967295
0.00244454 4294967295
0.00245576 4294967295
0.00246698 4294967295
0.00247819 4294967295
0.00248941 4294967295
0.00250062 4294967295
0.00251184 4294967295
0.00252305 4294967295
0.00253426 4294967295
0.00254548 4294967295
0.00255669 4294967295
0.00256791 4294967295
0.00257912 4294967295
0.00259034 4294967295
0.00260156 4294967295
0.00261277 4294967295
0.00262399 4294967295
0.0026352 4294967295
0.00264642 4294967295
0.00265763 4294967295
0.00266884 4294967295
0.00268006 4294967295
0.00269127 4294967295
0.00270249 4294967295
0.0027137 4294967295
0.00272492 4294967295
0.00273613 4294967295
0.00274735 4294967295
0.00275857 4294967295
0.00276978 4294967295
0.002781 4294967295
0.00279221 4294967295
0.00280343 4294967295
0.00281464 4294967295
0.00282585 4294967295
0.00283707 4294967295
0.00284828 4294967295
0.0028595 4294967295
0.00287071 4294967295
0.00288193 4294967295
0.00289314 4294967295
0.00290436 4294967295
0.00291558 4294967295
0.00292679 4294967295
0.00293801 4294967295
0.00294922 4294967295
0.00296043 4294967295
0.00297165 4294967295
0.00298286 4294967295
0.00299408 4294967295
0.00300529 4294967295
0.00301651 4294967295
0.00302773 4294967295
0.00303894 4294967295
0.00305016 4294967295
0.00306137 4294967295
0.00307259 4294967295
0.0030838 4294967295
0.00309502 4294967295
0.00310623 4294967295
0.00311744 4294967295
0.00312866 4294967295
0.00313987 4294967295
0.00315109 4294967295
0.0031623 4294967295
0.00317352 4294967295
0.00318474 4294967295
0.00319595 4294967295
0.00320717 4294967295
0.00321838 4294967295
0.0032296 4294967295
0.00324081 4294967295
0.00325202 4294967295
0.00326324 4294967295
0.00327445 4294967295
0.00328567 4294967295
0.00329688 4294967295
0.0033081 4294967295
0.00331931 4294967295
0.00333053 4294967295
0.00334175 4294967295
0.00335296 4294967295
0.00336418 4294967295
0.00337539 4294967295
0.0033866 4294967295
0.00339782 4294967295
0.00340903 4294967295
0.00342025 4294967295
0.00343146 4294967295
0.00344268 4294967295
0.00345389 4294967295
0.00346511 4294967295
0.00347633 4294967295
0.00348754 4294967295
0.00349876 4294967295
0.00350997 4294967295
0.00352119 4294967295
0.0035324 4294967295
0.00354361 4294967295
0.00355483 4294967295
0.00356604 4294967295
0.00357726 4294967295
0.00358847 4294967295
0.00359969 4294967295
0.00361091 4294967295
0.00362212 4294967295
0.00363334 4294967295
0.00364455 4294967295
0.00365577 4294967295
0.00366698 4294967295
0.00367819 4294967295
0.00368941 4294967295
0.00370062 4294967295
0.00371184 4294967295
0.00372305 4294967295
0.00373427 4294967295
0.00374548 4294967295
0.0037567 4294967295
0.00376792 4294967295
0.00377913 4294967295
0.00379035 4294967295
0.00380156 4294967295
0.00381278 4294967295
0.00382399 4294967295
0.0038352 4294967295
0.00384642 4294967295
0.00385763 4294967295
0.00386885 4294967295
0.00388006 4294967295
0.00389128 4294967295
0.00390249 4294967295
0.00391371 4294967295
0.00392493 4294967295
0.00393614 4294967295
0.00394735 4294967295
0.00395857 4294967295
0.00396978 4294967295
0.003981 4294967295
0.00399222 4294967295
0.00400343 4294967295
0.00401464 4294967295
0.00402586 4294967295
0.00403708 4294967295
0.00404829 4294967295
0.0040595 4294967295
0.00407072 4294967295
0.00408194 4294967295
0.00409315 4294967295
0.00410436 4294967295
0.00411558 4294967295
0.00412679 4294967295
0.00413801 4294967295
0.00414923 4294967295
0.00416044 4294967295
0.00417165 4294967295
0.00418287 4294967295
0.00419409 4294967295
0.0042053 4294967295
0.00421651 4294967295
0.00422773 4294967295
0.00423895 4294967295
0.00425016 4294967295
0.00426137 4294967295
0.00427259 4294967295
0.0042838 4294967295
0.00429502 4294967295
0.00430624 4294967295
0.00431745 4294967295
0.00432866 4294967295
0.00433988 4294967295
0.0043511 4294967295
0.00436231 4294967295
0.00437352 4294967295
0.00438474 4294967295
0.00439596 4294967295
0.00440717 4294967295
0.00441839 4294967295
0.0044296 4294967295
0.00444081 4294967295
0.00445203 4294967295
0.00446325 4294967295
0.00447446 4294967295
0.00448567 4294967295
0.00449689 4294967295
0.00450811 4294967295
0.00451932 4294967295
0.00453053 4294967295
0.00454175 4294967295
0.00455296 4294967295
0.00456418 4294967295
0.0045754 4294967295
0.00458661 4294967295
0.00459782 4294967295
0.00460904 4294967295
0.00462026 4294967295
0.00463147 4294967295
0.00464268 4294967295
0.0046539 4294967295
0.00466512 4294967295
0.00467633 4294967295
0.00468754 4294967295
0.00469876 4294967295
0.00470997 4294967295
0.00472119 4294967295
0.00473241 4294967295
0.00474362 4294967295
0.00475483 4294967295
0.00476605 4294967295
0.00477727 4294967295
0.00478848 4294967295
0.00479969 4294967295
0.00481091 4294967295
0.00482213 4294967295
0.00483334 4294967295
0.00484456 4294967295
0.00485577 4294967295
0.00486698 4294967295
0.0048782 4294967295
0.00488942 4294967295
0.00490063 4294967295
0.00491184 4294967295
0.00492306 4294967295
0.00493428 4294967295
0.00494549 4294967295
0.0049567 4294967295
0.00496792 4294967295
0.00497913 4294967295
0.00499035 4294967295
0.00500157 4294967295
0.00501278 4294967295
0.00502399 4294967295
0.00503521 4294967295
0.00504643 4294967295
0.00505764 4294967295
0.00506885 4294967295
0.00508007 4294967295
0.00509129 4294967295
0.0051025 4294967295
0.00511371 4294967295
0.00512493 4294967295
0.00513614 4294967295
0.00514736 4294967295
0.00515858 4294967295
0.00516979 4294967295
0.005181 4294967295
0.00519222 4294967295
0.00520344 4294967295
0.00521465 4294967295
0.00522586 4294967295
0.00523708 4294967295
0.0052483 4294967295
0.00525951 4294967295
0.00527073 4294967295
0.00528194 4294967295
0.00529315 4294967295
0.00530437 4294967295
0.00531559 4294967295
0.0053268 4294967295
0.00533801 4294967295
0.00534923 4294967295
0.00536045 4294967295
0.00537166 4294967295
0.00538287 4294967295
0.00539409 4294967295
0.00540531 4294967295
0.00541652 4294967295
0.00542774 4294967295
0.00543895 4294967295
0.00545016 4294967295
0.00546138 4294967295
0.0054726 4294967295
0.00548381 4294967295
0.00549502 4294967295
0.00550624 4294967295
0.00551746 4294967295
0.00552867 4294967295
0.00553988 4294967295
0.0055511 4294967295
0.00556231 4294967295
0.00557353 4294967295
0.00558475 4294967295
0.00559596 4294967295
0.00560717 4294967295
0.00561839 4294967295
0.00562961 4294967295
0.00564082 4294967295
0.00565203 4294967295
0.00566325 4294967295
0.00567447 4294967295
0.00568568 4294967295
0.0056969 4294967295
0.00570811 4294967295
0.00571932 4294967295
0.00573054 4294967295
0.00574176 4294967295
0.00575297 4294967295
0.00576418 4294967295
0.0057754 4294967295
0.00578662 4294967295
0.00579783 4294967295
0.00580904 4294967295
0.00582026 4294967295
0.00583148 4294967295
0.00584269 4294967295
0.0058539 4294967295
0.00586512 4294967295
0.00587633 4294967295
0.00588755 4294967295
0.00589877 4294967295
0.00590998 4294967295
0.00592119 4294967295
0.00593241 4294967295
0.00594363 4294967295
0.00595484 4294967295
0.00596605 4294967295
0.00597727 4294967295
0.00598848 4294967295
0.0059997 4294967295
0.00601092 4294967295
0.00602213 4294967295
0.00603334 4294967295
0.00604456 4294967295
0.00605578 4294967295
0.00606699 4294967295
0.0060782 4294967295
0.00608942 4294967295
0.00610064 4294967295
0.00611185 4294967295
0.00612306 4294967295
0.00613428 4294967295
0.00614549 4294967295
0.00615671 4294967295
0.00616793 4294967295
0.00617914 4294967295
0.00619035 4294967295
0.00620157 4294967295
0.00621279 4294967295
0.006224 4294967295
0.00623521 4294967295
0.00624643 4294967295
0.00625765 4294967295
0.00626886 4294967295
0.00628007 4294967295
0.00629129 4294967295
0.0063025 4294967295
0.00631372 4294967295
0.00632494 4294967295
0.00633615 4294967295
0.00634736 4294967295
0.00635858 4294967295
0.0063698 4294967295
0.00638101 4294967295
0.00639222 4294967295
0.00640344 4294967295
0.00641466 4294967295
0.00642587 4294967295
0.00643709 4294967295
0.0064483 4294967295
0.00645951 4294967295
0.00647073 4294967295
0.00648195 4294967295
0.00649316 4294967295
0.00650437 4294967295
0.00651559 4294967295
0.00652681 4294967295
0.00653802 4294967295
0.00654923 4294967295
0.00656045 4294967295
0.00657166 4294967295
0.00658288 4294967295
0.0065941 4294967295
0.00660531 4294967295
0.00661652 4294967295
0.00662774 4294967295
0.00663896 4294967295
0.00665017 4294967295
0.00666138 4294967295
0.0066726 4294967295
0.00668382 4294967295
0.00669503 4294967295
0.00670624 4294967295
0.00671746 4294967295
0.00672867 4294967295
0.00673989 4294967295
0.00675111 4294967295
0.00676232 4294967295
0.00677353 4294967295
0.00678475 4294967295
0.00679597 4294967295
0.00680718 4294967295
0.00681839 4294967295
0.00682961 4294967295
0.00684083 4294967295
0.00685204 4294967295
0.00686326 4294967295
0.00687447 4294967295
0.00688568 4294967295
0.0068969 4294967295
0.00690812 4294967295
0.00691933 4294967295
0.00693054 4294967295
0.00694176 4294967295
0.00695298 4294967295
0.00696419 4294967295
0.0069754 4294967295
0.00698662 4294967295
0.00699783 4294967295
0.00700905 4294967295
0.00702027 4294967295
0.00703148 4294967295
0.00704269 4294967295
0.00705391 4294967295
0.00706513 4294967295
0.00707634 4294967295
0.00708755 4294967295
0.00709877 4294967295
0.00710999 4294967295
0.0071212 4294967295
0.00713241 4294967295
0.00714363 4294967295
0.00715484 4294967295
0.00716606 4294967295
0.00717728 4294967295
0.00718849 4294967295
0.0071997 4294967295
0.00721092 4294967295
0.00722214 4294967295
0.00723335 4294967295
0.00724456 4294967295
0.00725578 4294967295
0.007267 4294967295
0.00727821 4294967295
0.00728943 4294967295
0.00730064 4294967295
0.00731185 4294967295
0.00732307 4294967295
0.00733429 4294967295
0.0073455 4294967295
0.00735671 4294967295
0.00736793 4294967295
0.00737915 4294967295
0.00739036 4294967295
0.00740157 4294967295
0.00741279 4294967295
0.00742401 4294967295
0.00743522 4294967295
0.00744643 4294967295
0.00745765 4294967295
0.00746886 4294967295
0.00748008 4294967295
0.0074913 4294967295
0.00750251 4294967295
0.00751372 4294967295
0.00752494 4294967295
0.00753616 4294967295
0.00754737 4294967295
0.00755858 4294967295
0.0075698 4294967295
0.00758101 4294967295
0.00759223 4294967295
0.00760345 4294967295
0.00761466 4294967295
0.00762587 4294967295
0.00763709 4294967295
0.00764831 4294967295
0.00765952 4294967295
0.00767073 4294967295
0.00768195 4294967295
0.00769317 4294967295
0.00770438 4294967295
0.00771559 4294967295
0.00772681 4294967295
0.00773802 4294967295
0.00774924 4294967295
0.00776046 4294967295
0.00777167 4294967295
0.00778288 4294967295
0.0077941 4294967295
0.00780532 4294967295
0.00781653 4294967295
0.00782775 4294967295
0.00783896 4294967295
0.00785017 4294967295
0.00786139 4294967295
0.0078726 4294967295
0.00788382 4294967295
0.00789503 4294967295
0.00790625 4294967295
0.00791747 4294967295
0.00792868 4294967295
0.0079399 4294967295
0.00795111 4294967295
0.00796232 4294967295
0.00797354 4294967295
0.00798475 4294967295
0.00799597 4294967295
0.00800718 4294967295
0.0080184 4294967295
0.00802962 4294967295
0.00804083 4294967295
0.00805205 4294967295
0.00806326 4294967295
0.00807447 4294967295
0.00808569 4294967295
0.0080969 4294967295
0.00810812 4294967295
0.00811934 4294967295
0.00813055 4294967295
0.00814177 4294967295
0.00815298 4294967295
0.00816419 4294967295
0.00817541 4294967295
0.00818662 4294967295
0.00819784 4294967295
0.00820905 4294967295
0.00822027 4294967295
0.00823149 4294967295
0.0082427 4294967295
0.00825392 4294967295
0.00826513 4294967295
0.00827634 4294967295
0.00828756 4294967295
0.00829877 4294967295
0.00830999 4294967295
0.0083212 4294967295
0.00833242 4294967295
0.00834364 4294967295
0.00835485 4294967295
0.00836607 4294967295
0.00837728 4294967295
0.00838849 4294967295
0.00839971 4294967295
0.00841092 4294967295
0.00842214 4294967295
0.00843336 4294967295
0.00844457 4294967295
0.00845579 4294967295
0.008467 4294967295
0.00847822 4294967295
0.00848943 4294967295
0.00850064 4294967295
0.00851186 4294967295
0.00852307 4294967295
0.00853429 4294967295
0.00854551 4294967295
0.00855672 4294967295
0.00856794 4294967295
0.00857915 4294967295
0.00859036 4294967295
0.00860158 4294967295
0.00861279 4294967295
0.00862401 4294967295
0.00863522 4294967295
0.00864644 4294967295
0.00865766 4294967295
0.00866887 4294967295
0.00868009 4294967295
0.0086913 4294967295
0.00870251 4294967295
0.00871373 4294967295
0.00872494 4294967295
0.00873616 4294967295
0.00874737 4294967295
0.00875859 4294967295
0.00876981 4294967295
0.00878102 4294967295
0.00879224 4294967295
0.00880345 4294967295
0.00881466 4294967295
0.00882588 4294967295
0.00883709 4294967295
0.00884831 4294967295
0.00885953 4294967295
0.00887074 4294967295
0.00888196 4294967295
0.00889317 4294967295
0.00890439 4294967295
0.0089156 4294967295
0.00892681 4294967295
0.00893803 4294967295
0.00894924 4294967295
0.00896046 4294967295
0.00897168 4294967295
0.00898289 4294967295
0.00899411 4294967295
0.00900532 4294967295
0.00901653 4294967295
0.00902775 4294967295
0.00903896 4294967295
0.00905018 4294967295
0.00906139 4294967295
0.00907261 4294967295
0.00908383 4294967295
0.00909504 4294967295
0.00910626 4294967295
0.00911747 4294967295
0.00912868 4294967295
0.0091399 4294967295
0.00915111 4294967295
0.00916233 4294967295
0.00917354 4294967295
0.00918476 4294967295
0.00919598 4294967295
0.00920719 4294967295
0.00921841 4294967295
0.00922962 4294967295
0.00924083 4294967295
0.00925205 4294967295
0.00926326 4294967295
0.00927448 4294967295
0.0092857 4294967295
0.00929691 4294967295
0.00930813 4294967295
0.00931934 4294967295
0.00933056 4294967295
0.00934177 4294967295
0.00935298 4294967295
0.0093642 4294967295
0.00937541 4294967295
0.00938663 4294967295
0.00939785 4294967295
0.00940906 4294967295
0.00942028 4294967295
0.00943149 4294967295
0.0094427 4294967295
0.00945392 4294967295
0.00946513 4294967295
0.00947635 4294967295
0.00948756 4294967295
0.00949878 4294967295
0.00951 4294967295
0.00952121 4294967295
0.00953243 4294967295
0.00954364 4294967295
0.00955485 4294967295
0.00956607 4294967295
0.00957728 4294967295
0.0095885 4294967295
0.00959971 4294967295
0.00961093 4294967295
0.00962215 4294967295
0.00963336 4294967295
0.00964458 4294967295
0.00965579 4294967295
0.009667 4294967295
0.00967822 4294967295
0.00968943 4294967295
0.00970065 4294967295
0.00971187 4294967295
0.00972308 4294967295
0.0097343 4294967295
0.00974551 4294967295
0.00975673 4294967295
0.00976794 4294967295
0.00977915 4294967295
0.00979037 4294967295
0.00980158 4294967295
0.0098128 4294967295
0.00982402 4294967295
0.00983523 4294967295
0.00984645 4294967295
0.00985766 4294967295
0.00986887 4294967295
0.00988009 4294967295
0.0098913 4294967295
0.00990252 4294967295
0.00991373 4294967295
0.00992495 4294967295
0.00993617 4294967295
0.00994738 4294967295
0.0099586 4294967295
0.00996981 4294967295
0.00998102 4294967295
0.00999224 4294967295
0.0100035 4294967295
0.0100147 4294967295
0.0100259 4294967295
0.0100371 4294967295
0.0100483 4294967295
0.0100595 4294967295
0.0100707 4294967295
0.010082 4294967295
0.0100932 4294967295
0.0101044 4294967295
0.0101156 4294967295
0.0101268 4294967295
0.010138 4294967295
0.0101493 4294967295
0.0101605 4294967295
0.0101717 4294967295
0.0101829 4294967295
0.0101941 4294967295
0.0102053 4294967295
0.0102165 4294967295
0.0102278 4294967295
0.010239 4294967295
0.0102502 4294967295
0.0102614 4294967295
0.0102726 4294967295
0.0102838 4294967295
0.010295 4294967295
0.0103063 4294967295
0.0103175 4294967295
0.0103287 4294967295
0.0103399 4294967295
0.0103511 4294967295
0.0103623 4294967295
0.0103736 4294967295
0.0103848 4294967295
0.010396 4294967295
0.0104072 4294967295
0.0104184 4294967295
0.0104296 4294967295
0.0104408 4294967295
0.0104521 4294967295
0.0104633 4294967295
0.0104745 4294967295
0.0104857 4294967295
0.0104969 4294967295
0.0105081 4294967295
0.0105193 4294967295
0.0105306 4294967295
0.0105418 4294967295
0.010553 4294967295
0.0105642 4294967295
0.0105754 4294967295
0.0105866 4294967295
0.0105979 4294967295
0.0106091 4294967295
0.0106203 4294967295
0.0106315 4294967295
0.0106427 4294967295
0.0106539 4294967295
0.0106651 4294967295
0.0106764 4294967295
0.0106876 4294967295
0.0106988 4294967295
0.01071 4294967295
0.0107212 4294967295
0.0107324 4294967295
0.0107436 4294967295
0.0107549 4294967295
0.0107661 4294967295
0.0107773 4294967295
0.0107885 4294967295
0.0107997 4294967295
0.0108109 4294967295
0.0108221 4294967295
0.0108334 4294967295
0.0108446 4294967295
0.0108558 4294967295
0.010867 4294967295
0.0108782 4294967295
0.0108894 4294967295
0.0109007 4294967295
0.0109119 4294967295
0.0109231 4294967295
0.0109343 4294967295
0.0109455 4294967295
0.0109567 4294967295
0.0109679 4294967295
0.0109792 4294967295
0.0109904 4294967295
0.0110016 4294967295
0.0110128 4294967295
0.011024 4294967295
0.0110352 4294967295
0.0110464 4294967295
0.0110577 4294967295
0.0110689 4294967295
0.0110801 4294967295
0.0110913 4294967295
0.0111025 4294967295
0.0111137 4294967295
0.011125 4294967295
0.0111362 4294967295
0.0111474 4294967295
0.0111586 4294967295
0.0111698 4294967295
0.011181 4294967295
0.0111922 4294967295
0.0112035 4294967295
0.0112147 4294967295
0.0112259 4294967295
0.0112371 4294967295
0.0112483 4294967295
0.0112595 4294967295
0.0112707 4294967295
0.011282 4294967295
0.0112932 4294967295
0.0113044 4294967295
0.0113156 4294967295
0.0113268 4294967295
0.011338 4294967295
0.0113493 4294967295
0.0113605 4294967295
0.0113717 4294967295
0.0113829 4294967295
0.0113941 4294967295
0.0114053 4294967295
0.0114165 4294967295
0.0114278 4294967295
0.011439 4294967295
0.0114502 4294967295
0.0114614 4294967295
0.0114726 4294967295
0.0114838 4294967295
0.011495 4294967295
0.0115063 4294967295
0.0115175 4294967295
0.0115287 4294967295
0.0115399 4294967295
0.0115511 4294967295
0.0115623 4294967295
0.0115736 4294967295
0.0115848 4294967295
0.011596 4294967295
0.0116072 4294967295
0.0116184 4294967295
0.0116296 4294967295
0.0116408 4294967295
0.0116521 4294967295
0.0116633 4294967295
0.0116745 4294967295
0.0116857 4294967295
0.0116969 4294967295
0.0117081 4294967295
0.0117193 4294967295
0.0117306 4294967295
0.0117418 4294967295
0.011753 4294967295
0.0117642 4294967295
0.0117754 4294967295
0.0117866 4294967295
0.0117979 4294967295
0.0118091 4294967295
0.0118203 4294967295
0.0118315 4294967295
0.0118427 4294967295
0.0118539 4294967295
0.0118651 4294967295
0.0118764 4294967295
0.0118876 4294967295
0.0118988 4294967295
0.01191 4294967295
0.0119212 4294967295
0.0119324 4294967295
0.0119437 4294967295
0.0119549 4294967295
0.0119661 4294967295
0.0119773 4294967295
0.0119885 4294967295
0.0119997 4294967295
0.0120109 4294967295
0.0120222 4294967295
0.0120334 4294967295
0.0120446 4294967295
0.0120558 4294967295
0.012067 4294967295
0.0120782 4294967295
0.0120894 4294967295
0.0121007 4294967295
0.0121119 4294967295
0.0121231 4294967295
0.0121343 4294967295
0.0121455 4294967295
0.0121567 4294967295
0.012168 4294967295
0.0121792 4294967295
0.0121904 4294967295
0.0122016 4294967295
0.0122128 4294967295
0.012224 4294967295
0.0122352 4294967295
0.0122465 4294967295
0.0122577 4294967295
0.0122689 4294967295
0.0122801 4294967295
0.0122913 4294967295
0.0123025 4294967295
0.0123137 4294967295
0.012325 4294967295
0.0123362 4294967295
0.0123474 4294967295
0.0123586 4294967295
0.0123698 4294967295
0.012381 4294967295
0.0123923 4294967295
0.0124035 4294967295
0.0124147 4294967295
0.0124259 4294967295
0.0124371 4294967295
0.0124483 4294967295
0.0124595 4294967295
0.0124708 4294967295
0.012482 4294967295
0.0124932 4294967295
0.0125044 4294967295
0.0125156 4294967295
0.0125268 4294967295
0.012538 4294967295
0.0125493 4294967295
0.0125605 4294967295
0.0125717 4294967295
0.0125829 4294967295
0.0125941 4294967295
0.0126053 4294967295
0.0126166 4294967295
0.0126278 4294967295
0.012639 4294967295
0.0126502 4294967295
0.0126614 4294967295
0.0126726 4294967295
0.0126838 4294967295
0.0126951 4294967295
0.0127063 4294967295
0.0127175 4294967295
0.0127287 4294967295
0.0127399 4294967295
0.0127511 4294967295
0.0127623 4294967295
0.0127736 4294967295
0.0127848 4294967295
0.012796 4294967295
0.0128072 4294967295
0.0128184 4294967295
0.0128296 4294967295
0.0128408 4294967295
0.0128521 4294967295
0.0128633 4294967295
0.0128745 4294967295
0.0128857 4294967295
0.0128969 4294967295
0.0129081 4294967295
0.0129194 4294967295
0.0129306 4294967295
0.0129418 4294967295
0.012953 4294967295
0.0129642 4294967295
0.0129754 4294967295
0.0129866 4294967295
0.0129979 4294967295
0.0130091 4294967295
0.0130203 4294967295
0.0130315 4294967295
0.0130427 4294967295
0.0130539 4294967295
0.0130651 4294967295
0.0130764 4294967295
0.0130876 4294967295
0.0130988 4294967295
0.01311 4294967295
0.0131212 4294967295
0.0131324 4294967295
0.0131437 4294967295
0.0131549 4294967295
0.0131661 4294967295
0.0131773 4294967295
0.0131885 4294967295
0.0131997 4294967295
0.0132109 4294967295
0.0132222 4294967295
0.0132334 4294967295
0.0132446 4294967295
0.0132558 4294967295
0.013267 4294967295
0.0132782 4294967295
0.0132894 4294967295
0.0133007 4294967295
0.0133119 4294967295
0.0133231 4294967295
0.0133343 4294967295
0.0133455 4294967295
0.0133567 4294967295
0.013368 4294967295
0.0133792 4294967295
0.0133904 4294967295
0.0134016 4294967295
0.0134128 4294967295
0.013424 4294967295
0.0134352 4294967295
0.0134465 4294967295
0.0134577 4294967295
0.0134689 4294967295
0.0134801 4294967295
0.0134913 4294967295
0.0135025 4294967295
0.0135137 4294967295
0.013525 4294967295
0.0135362 4294967295
0.0135474 4294967295
0.0135586 4294967295
0.0135698 4294967295
0.013581 4294967295
0.0135923 4294967295
0.0136035 4294967295
0.0136147 4294967295
0.0136259 4294967295
0.0136371 4294967295
0.0136483 4294967295
0.0136595 4294967295
0.0136708 4294967295
0.013682 4294967295
0.0136932 4294967295
0.0137044 4294967295
0.0137156 4294967295
0.0137268 4294967295
0.013738 4294967295
0.0137493 4294967295
0.0137605 4294967295
0.0137717 4294967295
0.0137829 4294967295
0.0137941 4294967295
0.0138053 4294967295
0.0138166 4294967295
0.0138278 4294967295
0.013839 4294967295
0.0138502 4294967295
0.0138614 4294967295
0.0138726 4294967295
0.0138838 4294967295
0.0138951 4294967295
0.0139063 4294967295
0.0139175 4294967295
0.0139287 4294967295
0.0139399 4294967295
0.0139511 4294967295
0.0139624 4294967295
0.0139736 4294967295
0.0139848 4294967295
0.013996 4294967295
0.0140072 4294967295
0.0140184 4294967295
0.0140296 4294967295
0.0140409 4294967295
0.0140521 4294967295
0.0140633 4294967295
0.0140745 4294967295
0.0140857 4294967295
0.0140969 4294967295
0.0141081 4294967295
0.0141194 4294967295
0.0141306 4294967295
0.0141418 4294967295
0.014153 4294967295
0.0141642 4294967295
0.0141754 4294967295
0.0141867 4294967295
0.0141979 4294967295
0.0142091 4294967295
0.0142203 4294967295
0.0142315 4294967295
0.0142427 4294967295
0.0142539 4294967295
0.0142652 4294967295
0.0142764 4294967295
0.0142876 4294967295
0.0142988 4294967295
0.01431 4294967295
0.0143212 4294967295
0.0143324 4294967295
0.0143437 4294967295
0.0143549 4294967295
0.0143661 4294967295
0.0143773 4294967295
0.0143885 4294967295
0.0143997 4294967295
0.014411 4294967295
0.0144222 4294967295
0.0144334 4294967295
0.0144446 4294967295
0.0144558 4294967295
0.014467 4294967295
0.0144782 4294967295
0.0144895 4294967295
0.0145007 4294967295
0.0145119 4294967295
0.0145231 4294967295
0.0145343 4294967295
0.0145455 4294967295
0.0145567 4294967295
0.014568 4294967295
0.0145792 4294967295
0.0145904 4294967295
0.0146016 4294967295
0.0146128 4294967295
0.014624 4294967295
0.0146353 4294967295
0.0146465 4294967295
0.0146577 4294967295
0.0146689 4294967295
0.0146801 4294967295
0.0146913 4294967295
0.0147025 4294967295
0.0147138 4294967295
0.014725 4294967295
0.0147362 4294967295
0.0147474 4294967295
0.0147586 4294967295
0.0147698 4294967295
0.014781 4294967295
0.0147923 4294967295
0.0148035 4294967295
0.0148147 4294967295
0.0148259 4294967295
0.0148371 4294967295
0.0148483 4294967295
0.0148595 4294967295
0.0148708 4294967295
0.014882 4294967295
0.0148932 4294967295
0.0149044 4294967295
0.0149156 4294967295
0.0149268 4294967295
0.0149381 4294967295
0.0149493 4294967295
0.0149605 4294967295
0.0149717 4294967295
0.0149829 4294967295
0.0149941 4294967295
0.0150053 4294967295
0.0150166 4294967295
0.0150278 4294967295
0.015039 4294967295
0.0150502 4294967295
0.0150614 4294967295
0.0150726 4294967295
0.0150838 4294967295
0.0150951 4294967295
0.0151063 4294967295
0.0151175 4294967295
0.0151287 4294967295
0.0151399 4294967295
0.0151511 4294967295
0.0151624 4294967295
0.0151736 4294967295
0.0151848 4294967295
0.015196 4294967295
0.0152072 4294967295
0.0152184 4294967295
0.0152296 4294967295
0.0152409 4294967295
0.0152521 4294967295
0.0152633 4294967295
0.0152745 4294967295
0.0152857 4294967295
0.0152969 4294967295
0.0153081 4294967295
0.0153194 4294967295
0.0153306 4294967295
0.0153418 4294967295
0.015353 4294967295
0.0153642 4294967295
0.0153754 4294967295
0.0153867 4294967295
0.0153979 4294967295
0.0154091 4294967295
0.0154203 4294967295
0.0154315 4294967295
0.0154427 4294967295
0.0154539 4294967295
0.0154652 4294967295
0.0154764 4294967295
0.0154876 4294967295
0.0154988 4294967295
0.01551 4294967295
0.0155212 4294967295
0.0155324 4294967295
0.0155437 4294967295
0.0155549 4294967295
0.0155661 4294967295
0.0155773 4294967295
0.0155885 4294967295
0.0155997 4294967295
0.015611 4294967295
0.0156222 4294967295
0.0156334 4294967295
0.0156446 4294967295
0.0156558 4294967295
0.015667 4294967295
0.0156782 4294967295
0.0156895 4294967295
0.0157007 4294967295
0.0157119 4294967295
0.0157231 4294967295
0.0157343 4294967295
0.0157455 4294967295
0.0157567 4294967295
0.015768 4294967295
0.0157792 4294967295
0.0157904 4294967295
0.0158016 4294967295
0.0158128 4294967295
0.015824 4294967295
0.0158353 4294967295
0.0158465 4294967295
0.0158577 4294967295
0.0158689 4294967295
0.0158801 4294967295
0.0158913 4294967295
0.0159025 4294967295
0.0159138 4294967295
0.015925 4294967295
0.0159362 4294967295
0.0159474 4294967295
0.0159586 4294967295
0.0159698 4294967295
0.0159811 4294967295
0.0159923 4294967295
0.0160035 4294967295
0.0160147 4294967295
0.0160259 4294967295
0.0160371 4294967295
0.0160483 4294967295
0.0160596 4294967295
0.0160708 4294967295
0.016082 4294967295
0.0160932 4294967295
0.0161044 4294967295
0.0161156 4294967295
0.0161268 4294967295
0.0161381 4294967295
0.0161493 4294967295
0.0161605 4294967295
0.0161717 4294967295
0.0161829 4294967295
0.0161941 4294967295
0.0162054 4294967295
0.0162166 4294967295
0.0162278 4294967295
0.016239 4294967295
0.0162502 4294967295
0.0162614 4294967295
0.0162726 4294967295
0.0162839 4294967295
0.0162951 4294967295
0.0163063 4294967295
0.0163175 4294967295
0.0163287 4294967295
0.0163399 4294967295
0.0163511 4294967295
0.0163624 4294967295
0.0163736 4294967295
0.0163848 4294967295
0.016396 4294967295
0.0164072 4294967295
0.0164184 4294967295
0.0164297 4294967295
0.0164409 4294967295
0.0164521 4294967295
0.0164633 4294967295
0.0164745 4294967295
0.0164857 4294967295
0.0164969 4294967295
0.0165082 4294967295
0.0165194 4294967295
0.0165306 4294967295
0.0165418 4294967295
0.016553 4294967295
0.0165642 4294967295
0.0165754 4294967295
0.0165867 4294967295
0.0165979 4294967295
0.0166091 4294967295
0.0166203 4294967295
0.0166315 4294967295
0.0166427 4294967295
0.016654 4294967295
0.0166652 4294967295
0.0166764 4294967295
0.0166876 4294967295
0.0166988 4294967295
0.01671 4294967295
0.0167212 4294967295
0.0167325 4294967295
0.0167437 4294967295
0.0167549 4294967295
0.0167661 4294967295
0.0167773 4294967295
0.0167885 4294967295
0.0167997 4294967295
0.016811 4294967295
0.0168222 4294967295
0.0168334 4294967295
0.0168446 4294967295
0.0168558 4294967295
0.016867 4294967295
0.0168783 4294967295
0.0168895 4294967295
0.0169007 4294967295
0.0169119 4294967295
0.0169231 4294967295
0.0169343 4294967295
0.0169455 4294967295
0.0169568 4294967295
0.016968 4294967295
0.0169792 4294967295
0.0169904 4294967295
0.0170016 4294967295
0.0170128 4294967295
0.017024 4294967295
0.0170353 4294967295
0.0170465 4294967295
0.0170577 4294967295
0.0170689 4294967295
0.0170801 4294967295
0.0170913 4294967295
0.0171026 4294967295
0.0171138 4294967295
0.017125 4294967295
0.0171362 4294967295
0.0171474 4294967295
0.0171586 4294967295
0.0171698 4294967295
0.0171811 4294967295
0.0171923 4294967295
0.0172035 4294967295
0.0172147 4294967295
0.0172259 4294967295
0.0172371 4294967295
0.0172483 4294967295
0.0172596 4294967295
0.0172708 4294967295
0.017282 4294967295
0.0172932 4294967295
0.0173044 4294967295
0.0173156 4294967295
0.0173269 4294967295
0.0173381 4294967295
0.0173493 4294967295
0.0173605 4294967295
0.0173717 4294967295
0.0173829 4294967295
0.0173941 4294967295
0.0174054 4294967295
0.0174166 4294967295
0.0174278 4294967295
0.017439 4294967295
0.0174502 4294967295
0.0174614 4294967295
0.0174726 4294967295
0.0174839 4294967295
0.0174951 4294967295
0.0175063 4294967295
0.0175175 4294967295
0.0175287 4294967295
0.0175399 4294967295
0.0175512 4294967295
0.0175624 4294967295
0.0175736 4294967295
0.0175848 4294967295
0.017596 4294967295
0.0176072 4294967295
0.0176184 4294967295
0.0176297 4294967295
0.0176409 4294967295
0.0176521 4294967295
0.0176633 4294967295
0.0176745 4294967295
0.0176857 4294967295
0.0176969 4294967295
0.0177082 4294967295
0.0177194 4294967295
0.0177306 4294967295
0.0177418 4294967295
0.017753 4294967295
0.0177642 4294967295
0.0177755 4294967295
0.0177867 4294967295
0.0177979 4294967295
0.0178091 4294967295
0.0178203 4294967295
0.0178315 4294967295
0.0178427 4294967295
0.017854 4294967295
0.0178652 4294967295
0.0178764 4294967295
0.0178876 4294967295
0.0178988 4294967295
0.01791 4294967295
0.0179212 4294967295
0.0179325 4294967295
0.0179437 4294967295
0.0179549 4294967295
0.0179661 4294967295
0.0179773 4294967295
0.0179885 4294967295
0.0179997 4294967295
0.018011 4294967295
0.0180222 4294967295
0.0180334 4294967295
0.0180446 4294967295
0.0180558 4294967295
0.018067 4294967295
0.0180783 4294967295
0.0180895 4294967295
0.0181007 4294967295
0.0181119 4294967295
0.0181231 4294967295
0.0181343 4294967295
0.0181455 4294967295
0.0181568 4294967295
0.018168 4294967295
0.0181792 4294967295
0.0181904 4294967295
0.0182016 4294967295
0.0182128 4294967295
0.018224 4294967295
0.0182353 4294967295
0.0182465 4294967295
0.0182577 4294967295
0.0182689 4294967295
0.0182801 4294967295
0.0182913 4294967295
0.0183026 4294967295
0.0183138 4294967295
0.018325 4294967295
0.0183362 4294967295
0.0183474 4294967295
0.0183586 4294967295
0.0183698 4294967295
0.0183811 4294967295
0.0183923 4294967295
0.0184035 4294967295
0.0184147 4294967295
0.0184259 4294967295
0.0184371 4294967295
0.0184483 4294967295
0.0184596 4294967295
0.0184708 4294967295
0.018482 4294967295
0.0184932 4294967295
0.0185044 4294967295
0.0185156 4294967295
0.0185269 4294967295
0.0185381 4294967295
0.0185493 4294967295
0.0185605 4294967295
0.0185717 4294967295
0.0185829 4294967295
0.0185941 4294967295
0.0186054 4294967295
0.0186166 4294967295
0.0186278 4294967295
0.018639 4294967295
0.0186502 4294967295
0.0186614 4294967295
0.0186726 4294967295
0.0186839 4294967295
0.0186951 4294967295
0.0187063 4294967295
0.0187175 4294967295
0.0187287 4294967295
0.0187399 4294967295
0.0187512 4294967295
0.0187624 4294967295
0.0187736 4294967295
0.0187848 4294967295
0.018796 4294967295
0.0188072 4294967295
0.0188184 4294967295
0.0188297 4294967295
0.0188409 4294967295
0.0188521 4294967295
0.0188633 4294967295
0.0188745 4294967295
0.0188857 4294967295
0.0188969 4294967295
0.0189082 4294967295
0.0189194 4294967295
0.0189306 4294967295
0.0189418 4294967295
0.018953 4294967295
0.0189642 4294967295
0.0189755 4294967295
0.0189867 4294967295
0.0189979 4294967295
0.0190091 4294967295
0.0190203 4294967295
0.0190315 4294967295
0.0190427 4294967295
0.019054 4294967295
0.0190652 4294967295
0.0190764 4294967295
0.0190876 4294967295
0.0190988 4294967295
0.01911 4294967295
0.0191212 4294967295
0.0191325 4294967295
0.0191437 4294967295
0.0191549 4294967295
0.0191661 4294967295
0.0191773 4294967295
0.0191885 4294967295
0.0191998 4294967295
0.019211 4294967295
0.0192222 4294967295
0.0192334 4294967295
0.0192446 4294967295
0.0192558 4294967295
0.019267 4294967295
0.0192783 4294967295
0.0192895 4294967295
0.0193007 4294967295
0.0193119 4294967295
0.0193231 4294967295
0.0193343 4294967295
0.0193455 4294967295
0.0193568 4294967295
0.019368 4294967295
0.0193792 4294967295
0.0193904 4294967295
0.0194016 4294967295
0.0194128 4294967295
0.0194241 4294967295
0.0194353 4294967295
0.0194465 4294967295
0.0194577 4294967295
0.0194689 4294967295
0.0194801 4294967295
0.0194913 4294967295
0.0195026 4294967295
0.0195138 4294967295
0.019525 4294967295
0.0195362 4294967295
0.0195474 4294967295
0.0195586 4294967295
0.0195698 4294967295
0.0195811 4294967295
0.0195923 4294967295
0.0196035 4294967295
0.0196147 4294967295
0.0196259 4294967295
0.0196371 4294967295
0.0196484 4294967295
0.0196596 4294967295
0.0196708 4294967295
0.019682 4294967295
0.0196932 4294967295
0.0197044 4294967295
0.0197156 4294967295
0.0197269 4294967295
0.0197381 4294967295
0.0197493 4294967295
0.0197605 4294967295
0.0197717 4294967295
0.0197829 4294967295
0.0197941 4294967295
0.0198054 4294967295
0.0198166 4294967295
0.0198278 4294967295
0.019839 4294967295
0.0198502 4294967295
0.0198614 4294967295
0.0198727 4294967295
0.0198839 4294967295
0.0198951 4294967295
0.0199063 4294967295
0.0199175 4294967295
0.0199287 4294967295
0.0199399 4294967295
0.0199512 4294967295
0.0199624 4294967295
0.0199736 4294967295
0.0199848 4294967295
0.019996 4294967295
0.0200072 4294967295
0.0200185 4294967295
0.0200297 4294967295
0.0200409 4294967295
0.0200521 4294967295
0.0200633 4294967295
0.0200745 4294967295
0.0200857 4294967295
0.020097 4294967295
0.0201082 4294967295
0.0201194 4294967295
0.0201306 4294967295
0.0201418 4294967295
0.020153 4294967295
0.0201642 4294967295
0.0201755 4294967295
0.0201867 4294967295
0.0201979 4294967295
0.0202091 4294967295
0.0202203 4294967295
0.0202315 4294967295
0.0202428 4294967295
0.020254 4294967295
0.0202652 4294967295
0.0202764 4294967295
0.0202876 4294967295
0.0202988 4294967295
0.02031 4294967295
0.0203213 4294967295
0.0203325 4294967295
0.0203437 4294967295
0.0203549 4294967295
0.0203661 4294967295
0.0203773 4294967295
0.0203885 4294967295
0.0203998 4294967295
0.020411 4294967295
0.0204222 4294967295
0.0204334 4294967295
0.0204446 4294967295
0.0204558 4294967295
0.0204671 4294967295
0.0204783 4294967295
0.0204895 4294967295
0.0205007 4294967295
0.0205119 4294967295
0.0205231 4294967295
0.0205343 4294967295
0.0205456 4294967295
0.0205568 4294967295
0.020568 4294967295
0.0205792 4294967295
0.0205904 4294967295
0.0206016 4294967295
0.0206128 4294967295
0.0206241 4294967295
0.0206353 4294967295
0.0206465 4294967295
0.0206577 4294967295
0.0206689 4294967295
0.0206801 4294967295
0.0206914 4294967295
0.0207026 4294967295
0.0207138 4294967295
0.020725 4294967295
0.0207362 4294967295
0.0207474 4294967295
0.0207586 4294967295
0.0207699 4294967295
0.0207811 4294967295
0.0207923 4294967295
0.0208035 4294967295
0.0208147 4294967295
0.0208259 4294967295
0.0208371 4294967295
0.0208484 4294967295
0.0208596 4294967295
0.0208708 4294967295
0.020882 4294967295
0.0208932 4294967295
0.0209044 4294967295
0.0209157 4294967295
0.0209269 4294967295
0.0209381 4294967295
0.0209493 4294967295
0.0209605 4294967295
0.0209717 4294967295
0.0209829 4294967295
0.0209942 4294967295
0.0210054 4294967295
0.0210166 4294967295
0.0210278 4294967295
0.021039 4294967295
0.0210502 4294967295
0.0210614 4294967295
0.0210727 4294967295
0.0210839 4294967295
0.0210951 4294967295
0.0211063 4294967295
0.0211175 4294967295
0.0211287 4294967295
0.02114 4294967295
0.0211512 4294967295
0.0211624 4294967295
0.0211736 4294967295
0.0211848 4294967295
0.021196 4294967295
0.0212072 4294967295
0.0212185 4294967295
0.0212297 4294967295
0.0212409 4294967295
0.0212521 4294967295
0.0212633 4294967295
0.0212745 4294967295
0.0212857 4294967295
0.021297 4294967295
0.0213082 4294967295
0.0213194 4294967295
0.0213306 4294967295
0.0213418 4294967295
0.021353 4294967295
0.0213643 4294967295
0.0213755 4294967295
0.0213867 4294967295
0.0213979 4294967295
0.0214091 4294967295
0.0214203 4294967295
0.0214315 4294967295
0.0214428 4294967295
0.021454 4294967295
0.0214652 4294967295
0.0214764 4294967295
0.0214876 4294967295
0.0214988 4294967295
0.02151 4294967295
0.0215213 4294967295
0.0215325 4294967295
0.0215437 4294967295
0.0215549 4294967295
0.0215661 4294967295
0.0215773 4294967295
0.0215886 4294967295
0.0215998 4294967295
0.021611 4294967295
0.0216222 4294967295
0.0216334 4294967295
0.0216446 4294967295
0.0216558 4294967295
0.0216671 4294967295
0.0216783 4294967295
0.0216895 4294967295
0.0217007 4294967295
0.0217119 4294967295
0.0217231 4294967295
0.0217343 4294967295
0.0217456 4294967295
0.0217568 4294967295
0.021768 4294967295
0.0217792 4294967295
0.0217904 4294967295
0.0218016 4294967295
0.0218129 4294967295
0.0218241 4294967295
0.0218353 4294967295
0.0218465 4294967295
0.0218577 4294967295
0.0218689 4294967295
0.0218801 4294967295
0.0218914 4294967295
0.0219026 4294967295
0.0219138 4294967295
0.021925 4294967295
0.0219362 4294967295
0.0219474 4294967295
0.0219586 4294967295
0.0219699 4294967295
0.0219811 4294967295
0.0219923 4294967295
0.0220035 4294967295
0.0220147 4294967295
0.0220259 4294967295
0.0220371 4294967295
0.0220484 4294967295
0.0220596 4294967295
0.0220708 4294967295
0.022082 4294967295
0.0220932 4294967295
0.0221044 4294967295
0.0221157 4294967295
0.0221269 4294967295
0.0221381 4294967295
0.0221493 4294967295
0.0221605 4294967295
0.0221717 4294967295
0.0221829 4294967295
0.0221942 4294967295
0.0222054 4294967295
0.0222166 4294967295
0.0222278 4294967295
0.022239 4294967295
0.0222502 4294967295
0.0222614 4294967295
0.0222727 4294967295
0.0222839 4294967295
0.0222951 4294967295
0.0223063 4294967295
0.0223175 4294967295
0.0223287 4294967295
0.02234 4294967295
0.0223512 4294967295
0.0223624 4294967295
0.0223736 4294967295
0.0223848 4294967295
0.022396 4294967295
0.0224072 4294967295
0.0224185 4294967295
0.0224297 4294967295
0.0224409 4294967295
0.0224521 4294967295
0.0224633 4294967295
0.0224745 4294967295
0.0224857 4294967295
0.022497 4294967295
0.0225082 4294967295
0.0225194 4294967295
0.0225306 4294967295
0.0225418 4294967295
0.022553 4294967295
0.0225643 4294967295
0.0225755 4294967295
0.0225867 4294967295
0.0225979 4294967295
0.0226091 4294967295
0.0226203 4294967295
0.0226315 4294967295
0.0226428 4294967295
0.022654 4294967295
0.0226652 4294967295
0.0226764 4294967295
0.0226876 4294967295
0.0226988 4294967295
0.02271 4294967295
0.0227213 4294967295
0.0227325 4294967295
0.0227437 4294967295
0.0227549 4294967295
0.0227661 4294967295
0.0227773 4294967295
0.0227886 4294967295
0.0227998 4294967295
0.022811 4294967295
0.0228222 4294967295
0.0228334 4294967295
0.0228446 4294967295
0.0228558 4294967295
0.0228671 4294967295
0.0228783 4294967295
0.0228895 4294967295
0.0229007 4294967295
0.0229119 4294967295
0.0229231 4294967295
0.0229343 4294967295
0.0229456 4294967295
0.0229568 4294967295
0.022968 4294967295
0.0229792 4294967295
0.0229904 4294967295
0.0230016 4294967295
0.0230129 4294967295
0.0230241 4294967295
0.0230353 4294967295
0.0230465 4294967295
0.0230577 4294967295
0.0230689 4294967295
0.0230801 4294967295
0.0230914 4294967295
0.0231026 4294967295
0.0231138 4294967295
0.023125 4294967295
0.0231362 4294967295
0.0231474 4294967295
0.0231586 4294967295
0.0231699 4294967295
0.0231811 4294967295
0.0231923 4294967295
0.0232035 4294967295
0.0232147 4294967295
0.0232259 4294967295
0.0232372 4294967295
0.0232484 4294967295
0.0232596 4294967295
0.0232708 4294967295
0.023282 4294967295
0.0232932 4294967295
0.0233044 4294967295
0.0233157 4294967295
0.0233269 4294967295
0.0233381 4294967295
0.0233493 4294967295
0.0233605 4294967295
0.0233717 4294967295
0.0233829 4294967295
0.0233942 4294967295
0.0234054 4294967295
0.0234166 4294967295
0.0234278 4294967295
0.023439 4294967295
0.0234502 4294967295
0.0234615 4294967295
0.0234727 4294967295
0.0234839 4294967295
0.0234951 4294967295
0.0235063 4294967295
0.0235175 4294967295
0.0235287 4294967295
0.02354 4294967295
0.0235512 4294967295
0.0235624 4294967295
0.0235736 4294967295
0.0235848 4294967295
0.023596 4294967295
0.0236072 4294967295
0.0236185 4294967295
0.0236297 4294967295
0.0236409 4294967295
0.0236521 4294967295
0.0236633 4294967295
0.0236745 4294967295
0.0236858 4294967295
0.023697 4294967295
0.0237082 4294967295
0.0237194 4294967295
0.0237306 4294967295
0.0237418 4294967295
0.023753 4294967295
0.0237643 4294967295
0.0237755 4294967295
0.0237867 4294967295
0.0237979 4294967295
0.0238091 4294967295
0.0238203 4294967295
0.0238315 4294967295
0.0238428 4294967295
0.023854 4294967295
0.0238652 4294967295
0.0238764 4294967295
0.0238876 4294967295
0.0238988 4294967295
0.0239101 4294967295
0.0239213 4294967295
0.0239325 4294967295
0.0239437 4294967295
0.0239549 4294967295
0.0239661 4294967295
0.0239773 4294967295
0.0239886 4294967295
0.0239998 4294967295
0.024011 4294967295
0.0240222 4294967295
0.0240334 4294967295
0.0240446 4294967295
0.0240559 4294967295
0.0240671 4294967295
0.0240783 4294967295
0.0240895 4294967295
0.0241007 4294967295
0.0241119 4294967295
0.0241231 4294967295
0.0241344 4294967295
0.0241456 4294967295
0.0241568 4294967295
0.024168 4294967295
0.0241792 4294967295
0.0241904 4294967295
0.0242016 4294967295
0.0242129 4294967295
0.0242241 4294967295
0.0242353 4294967295
0.0242465 4294967295
0.0242577 4294967295
0.0242689 4294967295
0.0242802 4294967295
0.0242914 4294967295
0.0243026 4294967295
0.0243138 4294967295
0.024325 4294967295
0.0243362 4294967295
0.0243474 4294967295
0.0243587 4294967295
0.0243699 4294967295
0.0243811 4294967295
0.0243923 4294967295
0.0244035 4294967295
0.0244147 4294967295
0.0244259 4294967295
0.0244372 4294967295
0.0244484 4294967295
0.0244596 4294967295
0.0244708 4294967295
0.024482 4294967295
0.0244932 4294967295
0.0245045 4294967295
0.0245157 4294967295
0.0245269 4294967295
0.0245381 4294967295
0.0245493 4294967295
0.0245605 4294967295
0.0245717 4294967295
0.024583 4294967295
0.0245942 4294967295
0.0246054 4294967295
0.0246166 4294967295
0.0246278 4294967295
0.024639 4294967295
0.0246502 4294967295
0.0246615 4294967295
0.0246727 4294967295
0.0246839 4294967295
0.0246951 4294967295
0.0247063 4294967295
0.0247175 4294967295
0.0247288 4294967295
0.02474 4294967295
0.0247512 4294967295
0.0247624 4294967295
0.0247736 4294967295
0.0247848 4294967295
0.024796 4294967295
0.0248073 4294967295
0.0248185 4294967295
0.0248297 4294967295
0.0248409 4294967295
0.0248521 4294967295
0.0248633 4294967295
0.0248745 4294967295
0.0248858 4294967295
0.024897 4294967295
0.0249082 4294967295
0.0249194 4294967295
0.0249306 4294967295
0.0249418 4294967295
0.0249531 4294967295
0.0249643 4294967295
0.0249755 4294967295
0.0249867 4294967295
0.0249979 4294967295
0.0250091 4294967295
0.0250203 4294967295
0.0250316 4294967295
0.0250428 4294967295
0.025054 4294967295
0.0250652 4294967295
0.0250764 4294967295
0.0250876 4294967295
0.0250988 4294967295
0.0251101 4294967295
0.0251213 4294967295
0.0251325 4294967295
0.0251437 4294967295
0.0251549 4294967295
0.0251661 4294967295
0.0251774 4294967295
0.0251886 4294967295
0.0251998 4294967295
0.025211 4294967295
0.0252222 4294967295
0.0252334 4294967295
0.0252446 4294967295
0.0252559 4294967295
0.0252671 4294967295
0.0252783 4294967295
0.0252895 4294967295
0.0253007 4294967295
0.0253119 4294967295
0.0253231 4294967295
0.0253344 4294967295
0.0253456 4294967295
0.0253568 4294967295
0.025368 4294967295
0.0253792 4294967295
0.0253904 4294967295
0.0254017 4294967295
0.0254129 4294967295
0.0254241 4294967295
0.0254353 4294967295
0.0254465 4294967295
0.0254577 4294967295
0.0254689 4294967295
0.0254802 4294967295
0.0254914 4294967295
0.0255026 4294967295
0.0255138 4294967295
0.025525 4294967295
0.0255362 4294967295
0.0255474 4294967295
0.0255587 4294967295
0.0255699 4294967295
0.0255811 4294967295
0.0255923 4294967295
0.0256035 4294967295
0.0256147 4294967295
0.025626 4294967295
0.0256372 4294967295
0.0256484 4294967295
0.0256596 4294967295
0.0256708 4294967295
0.025682 4294967295
0.0256932 4294967295
0.0257045 4294967295
0.0257157 4294967295
0.0257269 4294967295
0.0257381 4294967295
0.0257493 4294967295
0.0257605 4294967295
0.0257717 4294967295
0.025783 4294967295
0.0257942 4294967295
0.0258054 4294967295
0.0258166 4294967295
0.0258278 4294967295
0.025839 4294967295
0.0258502 4294967295
0.0258615 4294967295
0.0258727 4294967295
0.0258839 4294967295
0.0258951 4294967295
0.0259063 4294967295
0.0259175 4294967295
0.0259288 4294967295
0.02594 4294967295
0.0259512 4294967295
0.0259624 4294967295
0.0259736 4294967295
0.0259848 4294967295
0.025996 4294967295
0.0260073 4294967295
0.0260185 4294967295
0.0260297 4294967295
0.0260409 4294967295
0.0260521 4294967295
0.0260633 4294967295
0.0260745 4294967295
0.0260858 4294967295
0.026097 4294967295
0.0261082 4294967295
0.0261194 4294967295
0.0261306 4294967295
0.0261418 4294967295
0.0261531 4294967295
0.0261643 4294967295
0.0261755 4294967295
0.0261867 4294967295
0.0261979 4294967295
0.0262091 4294967295
0.0262203 4294967295
0.0262316 4294967295
0.0262428 4294967295
0.026254 4294967295
0.0262652 4294967295
0.0262764 4294967295
0.0262876 4294967295
0.0262988 4294967295
0.0263101 4294967295
0.0263213 4294967295
0.0263325 4294967295
0.0263437 4294967295
0.0263549 4294967295
0.0263661 4294967295
0.0263774 4294967295
0.0263886 4294967295
0.0263998 4294967295
0.026411 4294967295
0.0264222 4294967295
0.0264334 4294967295
0.0264446 4294967295
0.0264559 4294967295
0.0264671 4294967295
0.0264783 4294967295
0.0264895 4294967295
0.0265007 4294967295
0.0265119 4294967295
0.0265231 4294967295
0.0265344 4294967295
0.0265456 4294967295
0.0265568 4294967295
0.026568 4294967295
0.0265792 4294967295
0.0265904 4294967295
0.0266017 4294967295
0.0266129 4294967295
0.0266241 4294967295
0.0266353 4294967295
0.0266465 4294967295
0.0266577 4294967295
0.0266689 4294967295
0.0266802 4294967295
0.0266914 4294967295
0.0267026 4294967295
0.0267138 4294967295
0.026725 4294967295
0.0267362 4294967295
0.0267474 4294967295
0.0267587 4294967295
0.0267699 4294967295
0.0267811 4294967295
0.0267923 4294967295
0.0268035 4294967295
0.0268147 4294967295
0.026826 4294967295
0.0268372 4294967295
0.0268484 4294967295
0.0268596 4294967295
0.0268708 4294967295
0.026882 4294967295
0.0268932 4294967295
0.0269045 4294967295
0.0269157 4294967295
0.0269269 4294967295
0.0269381 4294967295
0.0269493 4294967295
0.0269605 4294967295
0.0269717 4294967295
0.026983 4294967295
0.0269942 4294967295
0.0270054 4294967295
0.0270166 4294967295
0.0270278 4294967295
0.027039 4294967295
0.0270503 4294967295
0.0270615 4294967295
0.0270727 4294967295
0.0270839 4294967295
0.0270951 4294967295
0.0271063 4294967295
0.0271175 4294967295
0.0271288 4294967295
0.02714 4294967295
0.0271512 4294967295
0.0271624 4294967295
0.0271736 4294967295
0.0271848 4294967295
0.027196 4294967295
0.0272073 4294967295
0.0272185 4294967295
0.0272297 4294967295
0.0272409 4294967295
0.0272521 4294967295
0.0272633 4294967295
0.0272746 4294967295
0.0272858 4294967295
0.027297 4294967295
0.0273082 4294967295
0.0273194 4294967295
0.0273306 4294967295
0.0273418 4294967295
0.0273531 4294967295
0.0273643 4294967295
0.0273755 4294967295
0.0273867 4294967295
0.0273979 4294967295
0.0274091 4294967295
0.0274203 4294967295
0.0274316 4294967295
0.0274428 4294967295
0.027454 4294967295
0.0274652 4294967295
0.0274764 4294967295
0.0274876 4294967295
0.0274989 4294967295
0.0275101 4294967295
0.0275213 4294967295
0.0275325 4294967295
0.0275437 4294967295
0.0275549 4294967295
0.0275661 4294967295
0.0275774 4294967295
0.0275886 4294967295
0.0275998 4294967295
0.027611 4294967295
0.0276222 4294967295
0.0276334 4294967295
0.0276446 4294967295
0.0276559 4294967295
0.0276671 4294967295
0.0276783 4294967295
0.0276895 4294967295
0.0277007 4294967295
0.0277119 4294967295
0.0277232 4294967295
0.0277344 4294967295
0.0277456 4294967295
0.0277568 4294967295
0.027768 4294967295
0.0277792 4294967295
0.0277904 4294967295
0.0278017 4294967295
0.0278129 4294967295
0.0278241 4294967295
0.0278353 4294967295
0.0278465 4294967295
0.0278577 4294967295
0.0278689 4294967295
0.0278802 4294967295
0.0278914 4294967295
0.0279026 4294967295
0.0279138 4294967295
0.027925 4294967295
0.0279362 4294967295
0.0279475 4294967295
0.0279587 4294967295
0.0279699 4294967295
0.0279811 4294967295
0.0279923 4294967295
0.0280035 4294967295
0.0280147 4294967295
0.028026 4294967295
0.0280372 4294967295
0.0280484 4294967295
0.0280596 4294967295
0.0280708 4294967295
0.028082 4294967295
0.0280933 4294967295
0.0281045 4294967295
0.0281157 4294967295
0.0281269 4294967295
0.0281381 4294967295
0.0281493 4294967295
0.0281605 4294967295
0.0281718 4294967295
0.028183 4294967295
0.0281942 4294967295
0.0282054 4294967295
0.0282166 4294967295
0.0282278 4294967295
0.028239 4294967295
0.0282503 4294967295
0.0282615 4294967295
0.0282727 4294967295
0.0282839 4294967295
0.0282951 4294967295
0.0283063 4294967295
0.0283176 4294967295
0.0283288 4294967295
0.02834 4294967295
0.0283512 4294967295
0.0283624 4294967295
0.0283736 4294967295
0.0283848 4294967295
0.0283961 4294967295
0.0284073 4294967295
0.0284185 4294967295
0.0284297 4294967295
0.0284409 4294967295
0.0284521 4294967295
0.0284633 4294967295
0.0284746 4294967295
0.0284858 4294967295
0.028497 4294967295
0.0285082 4294967295
0.0285194 4294967295
0.0285306 4294967295
0.0285419 4294967295
0.0285531 4294967295
0.0285643 4294967295
0.0285755 4294967295
0.0285867 4294967295
0.0285979 4294967295
0.0286091 4294967295
0.0286204 4294967295
0.0286316 4294967295
0.0286428 4294967295
0.028654 4294967295
0.0286652 4294967295
0.0286764 4294967295
0.0286876 4294967295
0.0286989 4294967295
0.0287101 4294967295
0.0287213 4294967295
0.0287325 4294967295
0.0287437 4294967295
0.0287549 4294967295
0.0287662 4294967295
0.0287774 4294967295
0.0287886 4294967295
0.0287998 4294967295
0.028811 4294967295
0.0288222 4294967295
0.0288334 4294967295
0.0288447 4294967295
0.0288559 4294967295
0.0288671 4294967295
0.0288783 4294967295
0.0288895 4294967295
0.0289007 4294967295
0.0289119 4294967295
0.0289232 4294967295
0.0289344 4294967295
0.0289456 4294967295
0.0289568 4294967295
0.028968 4294967295
0.0289792 4294967295
0.0289905 4294967295
0.0290017 4294967295
0.0290129 4294967295
0.0290241 4294967295
0.0290353 4294967295
0.0290465 4294967295
0.0290577 4294967295
0.029069 4294967295
0.0290802 4294967295
0.0290914 4294967295
0.0291026 4294967295
0.0291138 4294967295
0.029125 4294967295
0.0291362 4294967295
0.0291475 4294967295
0.0291587 4294967295
0.0291699 4294967295
0.0291811 4294967295
0.0291923 4294967295
0.0292035 4294967295
0.0292148 4294967295
0.029226 4294967295
0.0292372 4294967295
0.0292484 4294967295
0.0292596 4294967295
0.0292708 4294967295
0.029282 4294967295
0.0292933 4294967295
0.0293045 4294967295
0.0293157 4294967295
0.0293269 4294967295
0.0293381 4294967295
0.0293493 4294967295
0.0293605 4294967295
0.0293718 4294967295
0.029383 4294967295
0.0293942 4294967295
0.0294054 4294967295
0.0294166 4294967295
0.0294278 4294967295
0.0294391 4294967295
0.0294503 4294967295
0.0294615 4294967295
0.0294727 4294967295
0.0294839 4294967295
0.0294951 4294967295
0.0295063 4294967295
0.0295176 4294967295
0.0295288 4294967295
0.02954 4294967295
0.0295512 4294967295
0.0295624 4294967295
0.0295736 4294967295
0.0295848 4294967295
0.0295961 4294967295
0.0296073 4294967295
0.0296185 4294967295
0.0296297 4294967295
0.0296409 4294967295
0.0296521 4294967295
0.0296634 4294967295
0.0296746 4294967295
0.0296858 4294967295
0.029697 4294967295
0.0297082 4294967295
0.0297194 4294967295
0.0297306 4294967295
0.0297419 4294967295
0.0297531 4294967295
0.0297643 4294967295
0.0297755 4294967295
0.0297867 4294967295
0.0297979 4294967295
0.0298091 4294967295
0.0298204 4294967295
0.0298316 4294967295
0.0298428 4294967295
0.029854 4294967295
0.0298652 4294967295
0.0298764 4294967295
0.0298877 4294967295
0.0298989 4294967295
0.0299101 4294967295
0.0299213 4294967295
0.0299325 4294967295
0.0299437 4294967295
0.0299549 4294967295
0.0299662 4294967295
0.0299774 4294967295
0.0299886 4294967295
0.0299998 4294967295
0.030011 4294967295
0.0300222 4294967295
0.0300334 4294967295
0.0300447 4294967295
0.0300559 4294967295
0.0300671 4294967295
0.0300783 4294967295
0.0300895 4294967295
0.0301007 4294967295
0.0301119 4294967295
0.0301232 4294967295
0.0301344 4294967295
0.0301456 4294967295
0.0301568 4294967295
0.030168 4294967295
0.0301792 4294967295
0.0301905 4294967295
0.0302017 4294967295
0.0302129 4294967295
0.0302241 4294967295
0.0302353 4294967295
0.0302465 4294967295
0.0302577 4294967295
0.030269 4294967295
0.0302802 4294967295
0.0302914 4294967295
0.0303026 4294967295
0.0303138 4294967295
0.030325 4294967295
0.0303362 4294967295
0.0303475 4294967295
0.0303587 4294967295
0.0303699 4294967295
0.0303811 4294967295
0.0303923 4294967295
0.0304035 4294967295
0.0304148 4294967295
0.030426 4294967295
0.0304372 4294967295
0.0304484 4294967295
0.0304596 4294967295
0.0304708 4294967295
0.030482 4294967295
0.0304933 4294967295
0.0305045 4294967295
0.0305157 4294967295
0.0305269 4294967295
0.0305381 4294967295
0.0305493 4294967295
0.0305605 4294967295
0.0305718 4294967295
0.030583 4294967295
0.0305942 4294967295
0.0306054 4294967295
0.0306166 4294967295
0.0306278 4294967295
0.0306391 4294967295
0.0306503 4294967295
0.0306615 4294967295
0.0306727 4294967295
0.0306839 4294967295
0.0306951 4294967295
0.0307063 4294967295
0.0307176 4294967295
0.0307288 4294967295
0.03074 4294967295
0.0307512 4294967295
0.0307624 4294967295
0.0307736 4294967295
0.0307848 4294967295
0.0307961 4294967295
0.0308073 4294967295
0.0308185 4294967295
0.0308297 4294967295
0.0308409 4294967295
0.0308521 4294967295
0.0308634 4294967295
0.0308746 4294967295
0.0308858 4294967295
0.030897 4294967295
0.0309082 4294967295
0.0309194 4294967295
0.0309306 4294967295
0.0309419 4294967295
0.0309531 4294967295
0.0309643 4294967295
0.0309755 4294967295
0.0309867 4294967295
0.0309979 4294967295
0.0310091 4294967295
0.0310204 4294967295
0.0310316 4294967295
0.0310428 4294967295
0.031054 4294967295
0.0310652 4294967295
0.0310764 4294967295
0.0310877 4294967295
0.0310989 4294967295
0.0311101 4294967295
0.0311213 4294967295
0.0311325 4294967295
0.0311437 4294967295
0.0311549 4294967295
0.0311662 4294967295
0.0311774 4294967295
0.0311886 4294967295
0.0311998 4294967295
0.031211 4294967295
0.0312222 4294967295
0.0312334 4294967295
0.0312447 4294967295
0.0312559 4294967295
0.0312671 4294967295
0.0312783 4294967295
0.0312895 4294967295
0.0313007 4294967295
0.031312 4294967295
0.0313232 4294967295
0.0313344 4294967295
0.0313456 4294967295
0.0313568 4294967295
0.031368 4294967295
0.0313792 4294967295
0.0313905 4294967295
0.0314017 4294967295
0.0314129 4294967295
0.0314241 4294967295
0.0314353 4294967295
0.0314465 4294967295
0.0314577 4294967295
0.031469 4294967295
0.0314802 4294967295
0.0314914 4294967295
0.0315026 4294967295
0.0315138 4294967295
0.031525 4294967295
0.0315363 4294967295
0.0315475 4294967295
0.0315587 4294967295
0.0315699 4294967295
0.0315811 4294967295
0.0315923 4294967295
0.0316035 4294967295
0.0316148 4294967295
0.031626 4294967295
0.0316372 4294967295
0.0316484 4294967295
0.0316596 4294967295
0.0316708 4294967295
0.0316821 4294967295
0.0316933 4294967295
0.0317045 4294967295
0.0317157 4294967295
0.0317269 4294967295
0.0317381 4294967295
0.0317493 4294967295
0.0317606 4294967295
0.0317718 4294967295
0.031783 4294967295
0.0317942 4294967295
0.0318054 4294967295
0.0318166 4294967295
0.0318278 4294967295
0.0318391 4294967295
0.0318503 4294967295
0.0318615 4294967295
0.0318727 4294967295
0.0318839 4294967295
0.0318951 4294967295
0.0319063 4294967295
0.0319176 4294967295
0.0319288 4294967295
0.03194 4294967295
0.0319512 4294967295
0.0319624 4294967295
0.0319736 4294967295
0.0319849 4294967295
0.0319961 4294967295
0.0320073 4294967295
0.0320185 4294967295
0.0320297 4294967295
0.0320409 4294967295
0.0320521 4294967295
0.0320634 4294967295
0.0320746 4294967295
0.0320858 4294967295
0.032097 4294967295
0.0321082 4294967295
0.0321194 4294967295
0.0321306 4294967295
0.0321419 4294967295
0.0321531 4294967295
0.0321643 4294967295
0.0321755 4294967295
0.0321867 4294967295
0.0321979 4294967295
0.0322092 4294967295
0.0322204 4294967295
0.0322316 4294967295
0.0322428 4294967295
0.032254 4294967295
0.0322652 4294967295
0.0322764 4294967295
0.0322877 4294967295
0.0322989 4294967295
0.0323101 4294967295
0.0323213 4294967295
0.0323325 4294967295
0.0323437 4294967295
0.032355 4294967295
0.0323662 4294967295
0.0323774 4294967295
0.0323886 4294967295
0.0323998 4294967295
0.032411 4294967295
0.0324222 4294967295
0.0324335 4294967295
0.0324447 4294967295
0.0324559 4294967295
0.0324671 4294967295
0.0324783 4294967295
0.0324895 4294967295
0.0325007 4294967295
0.032512 4294967295
0.0325232 4294967295
0.0325344 4294967295
0.0325456 4294967295
0.0325568 4294967295
0.032568 4294967295
0.0325792 4294967295
0.0325905 4294967295
0.0326017 4294967295
0.0326129 4294967295
0.0326241 4294967295
0.0326353 4294967295
0.0326465 4294967295
0.0326578 4294967295
0.032669 4294967295
0.0326802 4294967295
0.0326914 4294967295
0.0327026 4294967295
0.0327138 4294967295
0.032725 4294967295
0.0327363 4294967295
0.0327475 4294967295
0.0327587 4294967295
0.0327699 4294967295
0.0327811 4294967295
0.0327923 4294967295
0.0328036 4294967295
0.0328148 4294967295
0.032826 4294967295
0.0328372 4294967295
0.0328484 4294967295
0.0328596 4294967295
0.0328708 4294967295
0.0328821 4294967295
0.0328933 4294967295
0.0329045 4294967295
0.0329157 4294967295
0.0329269 4294967295
0.0329381 4294967295
0.0329493 4294967295
0.0329606 4294967295
0.0329718 4294967295
0.032983 4294967295
0.0329942 4294967295
0.0330054 4294967295
0.0330166 4294967295
0.0330278 4294967295
0.0330391 4294967295
0.0330503 4294967295
0.0330615 4294967295
0.0330727 4294967295
0.0330839 4294967295
0.0330951 4294967295
0.0331064 4294967295
0.0331176 4294967295
0.0331288 4294967295
0.03314 4294967295
0.0331512 4294967295
0.0331624 4294967295
0.0331736 4294967295
0.0331849 4294967295
0.0331961 4294967295
0.0332073 4294967295
0.0332185 4294967295
0.0332297 4294967295
0.0332409 4294967295
0.0332522 4294967295
0.0332634 4294967295
0.0332746 4294967295
0.0332858 4294967295
0.033297 4294967295
0.0333082 4294967295
0.0333194 4294967295
0.0333307 4294967295
0.0333419 4294967295
0.0333531 4294967295
0.0333643 4294967295
0.0333755 4294967295
0.0333867 4294967295
0.0333979 4294967295
0.0334092 4294967295
0.0334204 4294967295
0.0334316 4294967295
0.0334428 4294967295
0.033454 4294967295
0.0334652 4294967295
0.0334764 4294967295
0.0334877 4294967295
0.0334989 4294967295
0.0335101 4294967295
0.0335213 4294967295
0.0335325 4294967295
0.0335437 4294967295
0.033555 4294967295
0.0335662 4294967295
0.0335774 4294967295
0.0335886 4294967295
0.0335998 4294967295
0.033611 4294967295
0.0336222 4294967295
0.0336335 4294967295
0.0336447 4294967295
0.0336559 4294967295
0.0336671 4294967295
0.0336783 4294967295
0.0336895 4294967295
0.0337008 4294967295
0.033712 4294967295
0.0337232 4294967295
0.0337344 4294967295
0.0337456 4294967295
0.0337568 4294967295
0.033768 4294967295
0.0337793 4294967295
0.0337905 4294967295
0.0338017 4294967295
0.0338129 4294967295
0.0338241 4294967295
0.0338353 4294967295
0.0338465 4294967295
0.0338578 4294967295
0.033869 4294967295
0.0338802 4294967295
0.0338914 4294967295
0.0339026 4294967295
0.0339138 4294967295
0.033925 4294967295
0.0339363 4294967295
0.0339475 4294967295
0.0339587 4294967295
0.0339699 4294967295
0.0339811 4294967295
0.0339923 4294967295
0.0340036 4294967295
0.0340148 4294967295
0.034026 4294967295
0.0340372 4294967295
0.0340484 4294967295
0.0340596 4294967295
0.0340708 4294967295
0.0340821 4294967295
0.0340933 4294967295
0.0341045 4294967295
0.0341157 4294967295
0.0341269 4294967295
0.0341381 4294967295
0.0341494 4294967295
0.0341606 4294967295
0.0341718 4294967295
0.034183 4294967295
0.0341942 4294967295
0.0342054 4294967295
0.0342166 4294967295
0.0342279 4294967295
0.0342391 4294967295
0.0342503 4294967295
0.0342615 4294967295
0.0342727 4294967295
0.0342839 4294967295
0.0342951 4294967295
0.0343064 4294967295
0.0343176 4294967295
0.0343288 4294967295
0.03434 4294967295
0.0343512 4294967295
0.0343624 4294967295
0.0343736 4294967295
0.0343849 4294967295
0.0343961 4294967295
0.0344073 4294967295
0.0344185 4294967295
0.0344297 4294967295
0.0344409 4294967295
0.0344522 4294967295
0.0344634 4294967295
0.0344746 4294967295
0.0344858 4294967295
0.034497 4294967295
0.0345082 4294967295
0.0345194 4294967295
0.0345307 4294967295
0.0345419 4294967295
0.0345531 4294967295
0.0345643 4294967295
0.0345755 4294967295
0.0345867 4294967295
0.034598 4294967295
0.0346092 4294967295
0.0346204 4294967295
0.0346316 4294967295
0.0346428 4294967295
0.034654 4294967295
0.0346652 4294967295
0.0346765 4294967295
0.0346877 4294967295
0.0346989 4294967295
0.0347101 4294967295
0.0347213 4294967295
0.0347325 4294967295
0.0347437 4294967295
0.034755 4294967295
0.0347662 4294967295
0.0347774 4294967295
0.0347886 4294967295
0.0347998 4294967295
0.034811 4294967295
0.0348222 4294967295
0.0348335 4294967295
0.0348447 4294967295
0.0348559 4294967295
0.0348671 4294967295
0.0348783 4294967295
0.0348895 4294967295
0.0349008 4294967295
0.034912 4294967295
0.0349232 4294967295
0.0349344 4294967295
0.0349456 4294967295
0.0349568 4294967295
0.034968 4294967295
0.0349793 4294967295
0.0349905 4294967295
0.0350017 4294967295
0.0350129 4294967295
0.0350241 4294967295
0.0350353 4294967295
0.0350466 4294967295
0.0350578 4294967295
0.035069 4294967295
0.0350802 4294967295
0.0350914 4294967295
0.0351026 4294967295
0.0351138 4294967295
0.0351251 4294967295
