non-dealy ack
enable sack
minRto = 200 ms
data_mbytes = 128KB*N
base_rtt = 40 us
PACKET_SIZE = 1400B
initialCwnd = 1

1 796.658 796.658
2 891.303 891.303
5 939.265 939.265
8 866.818 883.126
10 880.949 898.477
15 911.92 922.333
20 923.917 932.501
25 932.881 939.899
30 939.331 946.466
35 173.677 948.658
40 198.42 948.421
45 223.122 948.335
50 247.843 255.92
55 281.589 281.589
60 250.374 308.883
65 329.723 332.932
70 352.963 352.963
75 377.853 377.853
80 395.134 395.915
85 419.941 420.54
90 439.103 437.205
95 469.23 461.536
100 493.78 494.322
105 109.608 109.608
110 113.603 113.603
115 117.506 117.506
120 121.967 121.967
125 126.381 126.381
130 130.887 130.887
135 135.214 135.214
140 139.496 139.496
145 143.735 143.734
150 147.928 147.93
155 133.827 134.01
160 156.19 156.19
165 160.258 160.259
170 164.286 164.287
175 168.264 168.271
180 62.7977 62.7977
185 64.4066 64.4116
190 66.0302 66.0344
195 67.6456 67.6503
200 69.2564 69.2612
205 70.8617 70.8676
210 68.5704 72.4658
215 70.2014 74.0563
220 71.8319 75.641
225 73.4631 73.6161
230 75.2533 75.2533
235 75.7902 76.9162
240 78.4786 78.5274
245 80.0825 80.0825
250 81.7124 81.7124
