0.0 0
4.56e-05 1460
4.56e-05 1460
0.000230131 2920
0.000830931 4380
0.000842947 5840
0.00202052 7300
0.00204455 8760
0.00205656 10220
0.0020806 11680
0.00439968 13140
0.00439968 13140
0.00442371 13302
0.00444775 13462
0.00447178 13620
0.00448379 13776
0.00450783 13930
0.00453186 14083
0.00455589 14234
0.00686296 14383
0.00686296 14158
0.00686296 14158
0.00687498 14308
0.00688699 14456
0.00691103 14603
0.00693506 14748
0.00694707 14892
0.00925434 14892
0.00925434 5840
0.0109604 6205
0.0110085 6548
0.0110445 6873
0.0127388 7183
0.0127388 6682
0.0127388 6682
0.0127748 7001
0.0128229 7305
0.012871 7596
0.0140846 7876
0.0141326 8146
0.0141687 8407
0.0141807 8660
0.0142408 8906
0.015875 9145
0.015875 8208
0.015875 8208
0.015935 8467
0.0159711 8718
0.0159831 8962
0.0160432 9199
0.0160552 9430
0.0180499 9656
0.0180499 8427
0.0180499 8427
0.018134 8679
0.018146 8924
0.018158 9162
0.0182181 9394
0.0182301 9620
0.0202488 9841
0.0202488 8359
0.0202488 8359
0.0203329 8614
0.0203449 8861
0.0203569 9101
0.020405 9335
0.020417 9563
0.0227001 9785
0.0227001 8097
0.0227001 8097
0.0227842 8360
0.0227962 8614
0.0228082 8861
0.0228442 9101
0.0228563 9335
0.0251513 9563
0.0251513 7534
0.0251513 7534
0.0252354 7816
0.0252474 8088
0.0252595 8351
0.0252715 8606
0.0252835 8853
0.0275785 9093
0.0275785 7000
0.0275785 7000
0.0276627 7304
0.0276747 7595
0.0276867 7875
0.0276987 8145
0.0277107 8406
0.0297655 8659
0.0297655 6520
0.0297655 6520
0.0298376 6846
0.0298496 7157
0.0298616 7454
0.0298736 7739
0.0317962 8014
0.0317962 5789
0.0317962 5789
0.0318683 6157
0.0318803 6503
0.0318923 6830
0.0319043 7142
0.0337187 7440
0.0337187 5271
0.0337187 5271
0.0337788 5675
0.0337908 6050
0.0338028 6402
0.0355572 6734
0.0355572 4601
0.0355572 4601
0.0356173 5064
0.0356293 5484
0.0356413 5872
0.0372154 6235
0.0372755 6576
0.0372875 6900
0.0372995 7208
0.0389457 7503
0.0390178 7787
0.0390298 8060
0.0390418 8324
0.0411446 8580
0.0411446 6259
0.0411446 6259
0.0411566 6599
0.0412287 6922
0.0412407 7229
0.0412528 7523
0.0431633 7806
0.0431633 5583
0.0431633 5583
0.0432354 5964
0.0432474 6321
0.0432594 6658
0.0432714 6978
0.0450017 7283
0.0450017 5019
0.0450017 5019
0.0450618 5443
0.0450738 5834
0.0450859 6199
0.0467681 6542
0.0467681 4431
0.0467681 4431
0.0468282 4912
0.0468402 5345
0.0468522 5743
0.0483302 6114
0.0483782 6462
0.0483903 6791
0.0502047 7104
0.0502047 4881
0.0502047 4881
0.0502167 5317
0.0502648 5717
0.0502768 6089
0.0522354 6439
0.0522354 4278
0.0522354 4278
0.0522955 4776
0.0523075 5222
0.0523195 5630
0.0540738 6008
0.0540738 3930
0.0540738 3930
0.0541219 4472
0.0541339 4948
0.0558041 5378
0.0558522 5774
0.0558642 6143
0.0573542 6489
0.0574263 6817
0.0574383 7129
0.0574503 7428
0.0593008 7714
0.0593008 5416
0.0593008 5416
0.0593849 5809
0.0593969 6175
0.0594089 6520
0.0594209 6846
0.0613195 7157
0.0613195 4934
0.0613195 4934
0.0613796 5366
0.0613916 5763
0.0614036 6132
0.0630738 6479
0.0630738 4318
0.0630738 4318
0.0631339 4811
0.0631459 5254
0.0631579 5659
0.06472 6035
0.0647681 6388
0.0647801 6721
0.0664143 7038
0.0664263 7340
0.0664864 7630
0.0664984 7909
0.068493 8178
0.068493 5986
0.068493 5986
0.068505 6342
0.0685171 6678
0.0685892 6997
0.0686012 7301
0.0704396 7592
0.0704396 5447
0.0704396 5447
0.0704516 5838
0.0705237 6203
0.0705357 6546
0.0705478 6871
0.0723261 7181
0.0723261 4963
0.0723261 4963
0.0723862 5392
0.0723982 5787
0.0724102 6155
0.0739002 6501
0.0739603 6828
0.0739723 7140
0.0739843 7438
0.0757747 7724
0.0757747 5465
0.0757747 5465
0.0758468 5855
0.0758588 6219
0.0758709 6561
0.0758829 6885
0.0778655 7194
0.0778655 4997
0.0778655 4997
0.0779256 5423
0.0779376 5816
0.0779496 6182
0.0796799 6526
0.0796799 4379
0.0796799 4379
0.07974 4865
0.079752 5303
0.079764 5704
0.0813742 6077
0.0814222 6427
0.0814343 6758
0.0829363 7073
0.0829483 7374
0.0830084 7663
0.0830204 7941
0.0849189 8209
0.0849189 5826
0.0849189 5826
0.0849309 6191
0.0849429 6535
0.085003 6861
0.085015 7171
0.0869736 7468
0.0869736 5202
0.0869736 5202
0.0869857 5611
0.0870337 5990
0.0870457 6345
0.0888121 6680
0.0888121 4494
0.0888121 4494
0.0888722 4968
0.0888842 5397
0.0888962 5791
0.0905063 6159
0.0905544 6505
0.0905664 6832
0.0921645 7144
0.0921766 7442
0.0922366 7728
0.0922487 8003
0.0941953 8269
0.0941953 5880
0.0941953 5880
0.0942073 6242
0.0942193 6583
0.0942914 6906
0.0943034 7214
0.0961418 7509
0.0961418 5240
0.0961418 5240
0.0961539 5646
0.0962139 6023
0.096226 6376
0.0978962 6710
0.0978962 4522
0.0978962 4522
0.0979563 4993
0.0979683 5419
0.0979803 5812
0.0994703 6178
0.0995183 6523
0.0995304 6849
0.101225 7160
0.101225 5108
0.101225 5108
0.101237 5525
0.101297 5910
0.101309 6270
0.103363 6609
0.103363 4608
0.103363 4608
0.1034 5070
0.103412 5490
0.103424 5878
0.105262 6240
0.105262 4274
0.105262 4274
0.105298 4772
0.10531 5218
0.105322 5626
0.1071 6004
0.1071 3978
0.1071 3978
0.107136 4513
0.107148 4985
0.108614 5412
0.10865 5805
0.108663 6172
0.110441 6517
0.110441 4424
0.110441 4424
0.110489 4905
0.110501 5339
0.110513 5738
0.112544 6109
0.112544 4079
0.112544 4079
0.112592 4601
0.112604 5064
0.114286 5484
0.114334 5872
0.114346 6235
0.11604 6576
0.11604 4498
0.11604 4498
0.1161 4971
0.116112 5399
0.116124 5793
0.118227 6160
0.118227 4076
0.118227 4076
0.118275 4598
0.118287 5061
0.120018 5482
0.120018 3572
0.120018 3572
0.120054 4168
0.120066 4679
0.1217 5134
0.121736 5549
0.121748 5933
0.123719 6292
0.123719 4221
0.123719 4221
0.123755 4725
0.123767 5176
0.123779 5587
0.125713 5968
0.125713 3880
0.125713 3880
0.125749 4429
0.125761 4910
0.127468 5344
0.127468 3424
0.127468 3424
0.127516 4046
0.127528 4572
0.129006 5038
0.129054 5461
0.129066 5851
0.13082 6215
0.13082 4113
0.13082 4113
0.130868 4631
0.13088 5091
0.130892 5509
0.132935 5895
0.132935 3786
0.132935 3786
0.132983 4349
0.132995 4839
0.134725 5279
0.134725 3299
0.134725 3299
0.134773 3945
0.134785 4485
0.136468 4960
0.136516 5389
0.136528 5784
0.137958 6152
0.137994 6498
0.138006 6826
0.139784 7138
0.139784 4886
0.139784 4886
0.139796 5322
0.139844 5722
0.139856 6094
0.141887 6443
0.141887 4329
0.141887 4329
0.141923 4821
0.141935 5263
0.141947 5668
0.143749 6044
0.143749 3996
0.143749 3996
0.143797 4529
0.143809 4999
0.14548 5425
0.145528 5817
0.14554 6183
0.147426 6527
0.147426 4430
0.147426 4430
0.147474 4911
0.147486 5345
0.147498 5743
0.149361 6114
0.149361 4017
0.149361 4017
0.149409 4547
0.149421 5015
0.151139 5440
0.151139 3521
0.151139 3521
0.151187 4126
0.151199 4642
0.152713 5101
0.152761 5518
0.152773 5904
0.154468 6265
0.154468 4180
0.154468 4180
0.154516 4689
0.154528 5143
0.15454 5557
0.156642 5940
0.156642 3843
0.156642 3843
0.156678 4397
0.15669 4881
0.158505 5317
0.158505 3391
0.158505 3391
0.158541 4019
0.158553 4549
0.160235 5017
0.160271 5441
0.160283 5832
0.161773 6197
0.161809 6540
0.161821 6865
0.163672 7175
0.163672 4884
0.163672 4884
0.163684 5320
0.163732 5720
0.163744 6092
0.165835 6441
0.165835 4306
0.165835 4306
0.165883 4801
0.165895 5244
0.165907 5650
0.167685 6027
0.167685 3966
0.167685 3966
0.167733 4503
0.167745 4976
0.169415 5404
0.169463 5798
0.169475 6165
0.171458 6510
0.171458 4401
0.171458 4401
0.171518 4885
0.17153 5321
0.171542 5721
0.173381 6093
0.173381 3989
0.173381 3989
0.173441 4523
0.173453 4994
0.175123 5420
0.175171 5813
0.175183 6179
0.177022 6523
0.177022 4386
0.177022 4386
0.17707 4872
0.177082 5309
0.177094 5710
0.179064 6083
0.179064 4025
0.179064 4025
0.179124 4554
0.179136 5022
0.180903 5446
0.180903 3497
0.180903 3497
0.180951 4106
0.180963 4625
0.182549 5085
0.182597 5504
0.182609 5891
0.184363 6252
0.184363 4236
0.184363 4236
0.184423 4739
0.184435 5188
0.184447 5598
0.186466 5978
0.186466 3922
0.186466 3922
0.186514 4465
0.186526 4942
0.188281 5373
0.188281 3473
0.188281 3473
0.188329 4086
0.188341 4607
0.190023 5069
0.190071 5489
0.190083 5877
0.191621 6239
0.191681 6580
0.191693 6903
0.191705 7211
0.19364 7506
0.19364 5227
0.19364 5227
0.1937 5634
0.193712 6012
0.193724 6366
0.19555 6700
0.19555 4584
0.19555 4584
0.19561 5049
0.195622 5471
0.195634 5860
0.197293 6223
0.197341 6565
0.197353 6889
0.197365 7198
0.198915 7494
0.198963 7778
0.198975 8052
0.198987 8316
0.200873 8572
0.200873 6142
0.200873 6142
0.200885 6489
0.200945 6817
0.200957 7129
0.200969 7428
0.20306 7714
0.20306 5381
0.20306 5381
0.203108 5777
0.20312 6145
0.203132 6491
0.203144 6819
0.204923 7131
0.204923 4887
0.204923 4887
0.204983 5323
0.204995 5723
0.205007 6095
0.206641 6444
0.206701 6774
0.206713 7088
0.206725 7388
0.208684 7676
0.208684 5362
0.208684 5362
0.208744 5759
0.208756 6129
0.208768 6476
0.20878 6805
0.210606 7118
0.210606 4801
0.210606 4801
0.210666 5244
0.210678 5650
0.21069 6027
0.212361 6380
0.212361 4234
0.212361 4234
0.212409 4737
0.212421 5186
0.212433 5597
0.213983 5977
0.214031 6333
0.214043 6669
0.21605 6988
0.21605 4955
0.21605 4955
0.216062 5385
0.216122 5780
0.216134 6148
0.21796 6494
0.21796 4440
0.21796 4440
0.21802 4920
0.218032 5353
0.218044 5751
0.21975 6121
0.21975 4115
0.21975 4115
0.219798 4633
0.219811 5093
0.221373 5511
0.221421 5897
0.221433 6258
0.223283 6598
0.223283 4538
0.223283 4538
0.223343 5007
0.223355 5432
0.223367 5824
0.225206 6190
0.225206 4117
0.225206 4117
0.225254 4634
0.225266 5093
0.22696 5511
0.22696 3608
0.22696 3608
0.227008 4198
0.22702 4705
0.228678 5158
0.228726 5571
0.228738 5953
0.230457 6311
0.230457 4250
0.230457 4250
0.230529 4751
0.230541 5199
0.230553 5609
0.232367 5989
0.232367 3907
0.232367 3907
0.232415 4452
0.232427 4930
0.234218 5362
0.234218 3447
0.234218 3447
0.234266 4065
0.234278 4589
0.235852 5053
0.2359 5474
0.235912 5863
0.237594 6226
0.237654 6568
0.237654 4394
0.237654 4394
0.237666 4879
0.237678 5315
0.239805 5716
0.239865 6088
0.239865 4008
0.239865 4008
0.239877 4539
0.241812 5008
0.241872 5433
0.241872 3473
0.241872 3473
0.241884 4086
0.243554 4607
0.243602 5069
0.245164 5489
0.245176 5877
0.245224 6239
0.247183 6580
0.247183 4559
0.247183 4559
0.247195 5026
0.247207 5450
0.247255 5841
0.249106 6205
0.249106 4224
0.249106 4224
0.249118 4728
0.249166 5178
0.249178 5589
0.250776 5970
0.250836 6327
0.250848 6663
0.252686 6982
0.252686 4817
0.252686 4817
0.252698 5259
0.25277 5664
0.252782 6040
0.254765 6392
0.254765 4263
0.254765 4263
0.254825 4763
0.254837 5210
0.254849 5619
0.256555 5998
0.256555 3938
0.256555 3938
0.256616 4479
0.256628 4954
0.258274 5384
0.258322 5779
0.258334 6147
0.260124 6493
0.260124 4382
0.260124 4382
0.260184 4868
0.260196 5305
0.260208 5706
0.262167 6079
0.262167 3973
0.262167 3973
0.262227 4509
0.262239 4981
0.264065 5408
0.264065 3483
0.264065 3483
0.264114 4095
0.264126 4615
0.265724 5076
0.265772 5495
0.265784 5882
0.267538 6244
0.267538 4150
0.267538 4150
0.267598 4663
0.26761 5120
0.267622 5536
0.269653 5921
0.269653 3817
0.269653 3817
0.269701 4375
0.269713 4862
0.271515 5300
0.271515 3324
0.271515 3324
0.271563 3965
0.271575 4502
0.273234 4975
0.273282 5403
0.273294 5797
0.274892 6164
0.274952 6509
0.274964 6836
0.276959 7147
0.276959 4904
0.276959 4904
0.276971 5338
0.277031 5737
0.277043 6108
0.278809 6456
0.278809 4347
0.278809 4347
0.278869 4837
0.278881 5277
0.278893 5680
0.280551 6055
0.280599 6407
0.280611 6739
0.282041 7055
0.282053 7357
0.282113 7646
0.282125 7924
0.283916 8193
0.283916 5830
0.283916 5830
0.283928 6195
0.28394 6539
0.284024 6864
0.284036 7174
0.286007 7471
0.286007 5217
0.286007 5217
0.286019 5625
0.286091 6003
0.286103 6358
0.287845 6693
0.287845 4513
0.287845 4513
0.287893 4985
0.287905 5412
0.287917 5805
0.289539 6172
0.289587 6517
0.289599 6844
0.291474 7155
0.291474 4897
0.291474 4897
0.291486 5332
0.291546 5731
0.291558 6102
0.293469 6451
0.293469 4334
0.293469 4334
0.293517 4825
0.293529 5266
0.293541 5670
0.295271 6045
0.295271 3996
0.295271 3996
0.295319 4529
0.295331 4999
0.296845 5425
0.296893 5817
0.296905 6183
0.298792 6527
0.298792 4429
0.298792 4429
0.298852 4910
0.298864 5344
0.298876 5742
0.300858 6113
0.300858 4016
0.300858 4016
0.300906 4546
0.300919 5014
0.302601 5439
0.302649 5830
0.302661 6195
0.304451 6539
0.304451 4409
0.304451 4409
0.304511 4892
0.304523 5327
0.304535 5727
0.306578 6099
0.306578 4046
0.306578 4046
0.306626 4572
0.306638 5038
0.308344 5461
0.308344 3514
0.308344 3514
0.308392 4120
0.308404 4637
0.310063 5096
0.310111 5514
0.310123 5900
0.311901 6261
0.311901 4250
0.311901 4250
0.311961 4751
0.311973 5199
0.311985 5609
0.313968 5989
0.313968 3936
0.313968 3936
0.314016 4477
0.314028 4953
0.315854 5383
0.315854 3485
0.315854 3485
0.315902 4096
0.315914 4616
0.317561 5077
0.317609 5496
0.317621 5883
0.319315 6245
0.319315 4167
0.319315 4167
0.319375 4678
0.319387 5133
0.319399 5548
0.321442 5932
0.321442 3838
0.321442 3838
0.32149 4393
0.321502 4878
0.323376 5314
0.323376 3389
0.323376 3389
0.323424 4017
0.323436 4547
0.325059 5015
0.325095 5440
0.325107 5831
0.326681 6196
0.326717 6540
0.326729 6865
0.328724 7175
0.328724 4884
0.328724 4884
0.328736 5320
0.328784 5720
0.328796 6092
0.330814 6441
0.330814 4306
0.330814 4306
0.330862 4801
0.330874 5244
0.330886 5650
0.332617 6027
0.332617 3966
0.332617 3966
0.332665 4503
0.332677 4976
0.334287 5404
0.334335 5798
0.334347 6165
0.33633 6510
0.33633 4402
0.33633 4402
0.33639 4886
0.336402 5322
0.336414 5722
0.338324 6094
0.338324 3990
0.338324 3990
0.338372 4524
0.338384 4995
0.340055 5421
0.340103 5814
0.340115 6180
0.341605 6524
0.341665 6850
0.341677 7161
0.341689 7458
0.343611 7743
0.343611 5479
0.343611 5479
0.343683 5868
0.343695 6231
0.343707 6573
0.34372 6897
0.345654 7206
0.345654 4918
0.345654 4918
0.345714 5351
0.345726 5749
0.345738 6119
0.347408 6467
0.347408 4339
0.347408 4339
0.347468 4830
0.347481 5271
0.347493 5675
0.349139 6050
0.349187 6402
0.349199 6734
0.350905 7050
0.350905 5042
0.350905 5042
0.350917 5464
0.350977 5854
0.350989 6218
0.35302 6560
0.35302 4521
0.35302 4521
0.353056 4992
0.353068 5419
0.35308 5812
0.355027 6178
0.355027 4184
0.355027 4184
0.355063 4693
0.355075 5147
0.356769 5561
0.356805 5944
0.356817 6302
0.358319 6640
0.358355 6961
0.358367 7267
0.358379 7560
0.360326 7841
0.360326 5577
0.360326 5577
0.360374 5959
0.360386 6316
0.360398 6653
0.36041 6973
0.36244 7278
0.36244 5061
0.36244 5061
0.362488 5482
0.362501 5870
0.362513 6233
0.364231 6574
0.364231 4491
0.364231 4491
0.364291 4965
0.364303 5394
0.364315 5789
0.365985 6157
0.365985 4070
0.365985 4070
0.366045 4593
0.366057 5057
0.367547 5478
0.367595 5867
0.367607 6230
0.369434 6572
0.369434 4633
0.369434 4633
0.369482 5093
0.369494 5511
0.369506 5897
0.371488 6258
0.371488 4332
0.371488 4332
0.371549 4824
0.371561 5265
0.371573 5669
0.373387 6045
0.373387 4044
0.373387 4044
0.373447 4571
0.373459 5037
0.375129 5460
0.375177 5850
0.375189 6214
0.376908 6557
0.376908 4486
0.376908 4486
0.376956 4961
0.376968 5390
0.37698 5785
0.378926 6153
0.378926 4138
0.378926 4138
0.378986 4653
0.378998 5111
0.380729 5528
0.380729 3602
0.380729 3602
0.380777 4193
0.380789 4701
0.382399 5154
0.382447 5567
0.382459 5949
0.384165 6307
0.384165 4323
0.384165 4323
0.384225 4816
0.384237 5258
0.384249 5663
0.386364 6039
0.386364 4004
0.386364 4004
0.386412 4536
0.386424 5005
0.388323 5430
0.388323 3545
0.388323 3545
0.388371 4146
0.388383 4660
0.390065 5117
0.390113 5533
0.390125 5918
0.391675 6278
0.391735 6617
0.391747 6939
0.391759 7246
0.393754 7540
0.393754 5287
0.393754 5287
0.393814 5690
0.393826 6064
0.393838 6415
0.395737 6747
0.395737 4646
0.395737 4646
0.395797 5104
0.395809 5521
0.395821 5907
0.397491 6267
0.397491 4172
0.397491 4172
0.397551 4682
0.397563 5137
0.397575 5551
0.399125 5935
0.399173 6294
0.399185 6632
0.400844 6953
0.400856 7259
0.400916 7552
0.400928 7834
0.403006 8106
0.403006 5928
0.403006 5928
0.403018 6287
0.403091 6626
0.403103 6947
0.403115 7253
0.404941 7546
0.404941 5410
0.404941 5410
0.405001 5804
0.405013 6171
0.405025 6516
0.406707 6843
0.406707 4726
0.406707 4726
0.406767 5177
0.406779 5588
0.406791 5969
0.408245 6326
0.408306 6662
0.408318 6981
0.40833 7286
0.410012 7578
0.410012 5359
0.410012 5359
0.410072 5756
0.410084 6126
0.410096 6473
0.412103 6802
0.412103 4722
0.412103 4722
0.412163 5173
0.412175 5585
0.412187 5966
0.413869 6323
0.413869 4241
0.413869 4241
0.413929 4743
0.413941 5192
0.413953 5602
0.415599 5982
0.415647 6338
0.415659 6674
0.417221 6993
0.417233 7297
0.417293 7589
0.417305 7869
0.41924 8139
0.41924 5774
0.41924 5774
0.419252 6143
0.419324 6489
0.419336 6817
0.419348 7129
0.421163 7428
0.421163 5172
0.421163 5172
0.421223 5584
0.421235 5965
0.421247 6322
0.422905 6659
0.422965 6979
0.422977 7284
0.422989 7576
0.424647 7857
0.424719 8128
0.424719 5752
0.424719 5752
0.424731 6122
0.424743 6470
0.424755 6799
0.42669 7112
0.426774 7411
0.426774 5130
0.426774 5130
0.426786 5545
0.426798 5929
0.428516 6288
0.428589 6626
0.428589 4507
0.428589 4507
0.428601 4979
0.428613 5407
0.430259 5801
0.430319 6168
0.430331 6513
0.431809 6840
0.431881 7151
0.431893 7449
0.431905 7735
0.433743 8010
0.433743 5825
0.433743 5825
0.433827 6190
0.43384 6534
0.433852 6860
0.433864 7170
0.435798 7467
0.435798 5324
0.435798 5324
0.43587 5724
0.435882 6096
0.435894 6445
0.437625 6775
0.437625 4656
0.437625 4656
0.437697 5113
0.437709 5529
0.437721 5914
0.439319 6274
0.439379 6613
0.439391 6935
0.439403 7242
0.441049 7536
0.441133 7818
0.441133 5588
0.441133 5588
0.441145 5969
0.441157 6326
0.4432 6662
0.443212 6981
0.44332 7286
0.44332 5019
0.44332 5019
0.443332 5443
0.445183 5834
0.445195 6199
0.445291 6542
0.445291 4429
0.445291 4429
0.446901 4910
0.446913 5344
0.446925 5742
0.447021 6113
0.448727 6461
0.448727 4532
0.448727 4532
0.448739 5002
0.448835 5428
0.448847 5820
0.450854 6186
0.450854 4188
0.450854 4188
0.450926 4696
0.450938 5149
0.452596 5562
0.452657 5945
0.452669 6303
0.454243 6641
0.454303 6961
0.454315 7267
0.454327 7560
0.456333 7841
0.456333 5683
0.456333 5683
0.456406 6058
0.456418 6409
0.45643 6741
0.456442 7057
0.458244 7359
0.458244 5133
0.458244 5133
0.458304 5548
0.458316 5932
0.458328 6291
0.459986 6629
0.460046 6950
0.460058 7256
0.46007 7549
0.461657 7831
0.461729 8103
0.461741 8366
0.461753 8620
0.461765 8867
0.463795 9107
0.463795 6673
0.463795 6673
0.46388 6992
0.463892 7296
0.463904 7588
0.463916 7868
0.463928 8138
0.465706 8399
0.465706 6032
0.465706 6032
0.465778 6385
0.46579 6718
0.465802 7035
0.465814 7337
0.467424 7627
0.467496 7906
0.467508 8175
0.46752 8435
0.467532 8687
0.46907 8932
0.469155 9170
0.469167 9402
0.469179 9628
0.469191 9849
0.471173 10065
0.471173 7523
0.471173 7523
0.471185 7806
0.471281 8079
0.471293 8342
0.471305 8597
0.471317 8844
0.47306 9085
0.47306 6650
0.47306 6650
0.473156 6970
0.473168 7275
0.47318 7568
0.473192 7849
0.473204 8120
0.474826 8382
0.474826 5900
0.474826 5900
0.474898 6261
0.47491 6601
0.474922 6923
0.474934 7230
0.476544 7524
0.476604 7807
0.476616 8080
0.476628 8343
0.478515 8598
0.478515 6360
0.478515 6360
0.478527 6695
0.478599 7013
0.478611 7316
0.478623 7607
0.480365 7887
0.480365 5663
0.480365 5663
0.480438 6039
0.48045 6391
0.480462 6724
0.480474 7041
0.482132 7343
0.482132 5172
0.482132 5172
0.482192 5584
0.482204 5965
0.482216 6322
0.483742 6659
0.483802 6979
0.483814 7284
0.483826 7576
0.485532 7857
0.485532 5871
0.485532 5871
0.485604 6234
0.485616 6575
0.485628 6899
0.48564 7207
0.487719 7502
0.487719 5381
0.487719 5381
0.487779 5777
0.487791 6145
0.487803 6491
0.489738 6819
0.489738 4799
0.489738 4799
0.489798 5243
0.48981 5649
0.489822 6026
0.491408 6379
0.491456 6713
0.491468 7030
0.49148 7333
0.493138 7623
0.493187 7902
0.493199 8171
0.493211 8431
0.493223 8683
0.495337 8928
0.495337 6532
0.495337 6532
0.495397 6858
0.495409 7168
0.495422 7465
0.495434 7750
0.49714 8025
0.49714 5764
0.49714 5764
0.4972 6133
0.497212 6480
0.497224 6808
0.497236 7121
0.498834 7420
0.498894 7707
0.498906 7983
0.498918 8250
0.500841 8508
0.500841 6152
0.500841 6152
0.500853 6498
0.500937 6826
0.500949 7138
0.500961 7436
0.502847 7722
0.502847 5431
0.502847 5431
0.502907 5823
0.502919 6189
0.502932 6533
0.502944 6859
0.50465 7169
0.50465 4951
0.50465 4951
0.50471 5381
0.504722 5777
0.504734 6145
0.50632 6491
0.506368 6819
0.50638 7131
0.506392 7429
0.507882 7715
0.50793 7991
0.507942 8257
0.507954 8515
0.507966 8765
0.509793 9008
0.509793 6500
0.509793 6500
0.509841 6827
0.509853 7139
0.509865 7437
0.509877 7723
0.509889 7999
0.511775 8265
0.511775 5863
0.511775 5863
0.511823 6226
0.511835 6568
0.511847 6892
0.511859 7201
0.513506 7497
0.513566 7781
0.513578 8054
0.51359 8318
0.51526 8574
0.51526 6132
0.51526 6132
0.515272 6479
0.515356 6808
0.515368 7121
0.51538 7420
0.517375 7707
0.517375 5368
0.517375 5368
0.517435 5765
0.517447 6134
0.517459 6481
0.517471 6809
0.519177 7122
0.519177 4873
0.519177 4873
0.519237 5310
0.519249 5711
0.519261 6084
0.520895 6434
0.520943 6765
0.520956 7080
0.520968 7381
0.522433 7669
0.522494 7946
0.522506 8214
0.522518 8473
0.52253 8724
0.524296 8968
0.524296 6426
0.524296 6426
0.524368 6757
0.52438 7072
0.524392 7373
0.524404 7662
0.526255 7940
0.526255 5597
0.526255 5597
0.526315 5977
0.526327 6333
0.526339 6669
0.526351 6988
0.528009 7293
0.528009 5048
0.528009 5048
0.528069 5470
0.528081 5859
0.528093 6222
0.529703 6564
0.529775 6888
0.529787 7197
0.529799 7493
0.53165 7777
0.53165 5733
0.53165 5733
0.531734 6104
0.531746 6453
0.531758 6783
0.53177 7097
0.533524 7397
0.533524 5240
0.533524 5240
0.533596 5646
0.533608 6023
0.53362 6376
0.535279 6710
0.535279 4666
0.535279 4666
0.535351 5122
0.535363 5538
0.535375 5922
0.536841 6281
0.536901 6620
0.536913 6941
0.536925 7248
0.538643 7542
0.538643 5580
0.538643 5580
0.538715 5962
0.538727 6319
0.538739 6656
0.540782 6976
0.540782 5057
0.540782 5057
0.540854 5478
0.540866 5867
0.540878 6230
0.542716 6572
0.542716 4585
0.542716 4585
0.542777 5049
0.542789 5471
0.542801 5860
0.544435 6223
0.544495 6565
0.544507 6889
0.544519 7198
0.546021 7494
0.546093 7778
0.546105 8052
0.546117 8316
0.548064 8572
0.548064 6349
0.548064 6349
0.548076 6684
0.548172 7002
0.548184 7306
0.548196 7597
0.55007 7877
0.55007 5716
0.55007 5716
0.550142 6088
0.550154 6438
0.550166 6769
0.550178 7083
0.551849 7383
0.551849 5155
0.551849 5155
0.551921 5568
0.551933 5950
0.551945 6308
0.553543 6645
0.553603 6965
0.553615 7271
0.553627 7564
0.555658 7845
0.555658 5535
0.555658 5535
0.55573 5920
0.555742 6280
0.555754 6619
0.555766 6941
0.557568 7248
0.557568 5004
0.557568 5004
0.557628 5429
0.55764 5821
0.557652 6187
0.559323 6531
0.559323 4431
0.559323 4431
0.559383 4912
0.559395 5345
0.559407 5743
0.560921 6114
0.560969 6462
0.560981 6791
0.562735 7104
0.562735 5124
0.562735 5124
0.562747 5540
0.562807 5924
0.562819 6283
0.564874 6622
0.564874 4599
0.564874 4599
0.564934 5062
0.564946 5483
0.564958 5871
0.566845 6234
0.566845 4254
0.566845 4254
0.566905 4755
0.566917 5203
0.566929 5612
0.568599 5991
0.568599 3956
0.568599 3956
0.568647 4494
0.568659 4968
0.570149 5397
0.570209 5791
0.570221 6159
0.572096 6505
0.572096 4582
0.572096 4582
0.57218 5047
0.572192 5469
0.572204 5858
0.574114 6221
0.574114 4303
0.574114 4303
0.574186 4798
0.574198 5242
0.57421 5648
0.575929 6025
0.575929 4027
0.575929 4027
0.575977 4556
0.575989 5023
0.577659 5447
0.577707 5838
0.577719 6203
0.579257 6546
0.579329 6871
0.579341 7181
0.579353 7477
0.581144 7762
0.581144 5574
0.581144 5574
0.58124 5956
0.581252 6313
0.581264 6650
0.581276 6970
0.583162 7275
0.583162 5032
0.583162 5032
0.583234 5455
0.583246 5845
0.583258 6209
0.584989 6552
0.584989 4453
0.584989 4453
0.585049 4931
0.585061 5363
0.585073 5760
0.586659 6130
0.586707 6477
0.586719 6806
0.588533 7119
0.588533 4940
0.588533 4940
0.588546 5371
0.588594 5767
0.588606 6136
0.590588 6483
0.590588 4347
0.590588 4347
0.590648 4837
0.59066 5277
0.590672 5680
0.592415 6055
0.592415 3995
0.592415 3995
0.592463 4528
0.592475 4998
0.594157 5424
0.594205 5816
0.594217 6182
0.595971 6526
0.595971 4422
0.595971 4422
0.596031 4904
0.596043 5338
0.596056 5737
0.598122 6108
0.598122 4007
0.598122 4007
0.59817 4538
0.598182 5007
0.600105 5432
0.600105 3511
0.600105 3511
0.600153 4118
0.600165 4635
0.601895 5094
0.601895 3202
0.601895 3202
0.601943 3867
0.601955 4418
0.603517 4900
0.603566 5335
0.603578 5734
0.605428 6105
0.605428 4069
0.605428 4069
0.605476 4592
0.605488 5056
0.607435 5477
0.607435 3540
0.607435 3540
0.607483 4142
0.607495 4656
0.609201 5113
0.609201 3214
0.609201 3214
0.609249 3877
0.609261 4426
0.610823 4907
0.610871 5341
0.610883 5740
0.612505 6111
0.612553 6459
0.612565 6789
0.614644 7102
0.614644 4881
0.614644 4881
0.614656 5317
0.614716 5717
0.614728 6089
0.616591 6439
0.616591 4342
0.616591 4342
0.616651 4832
0.616663 5273
0.616675 5677
0.618417 6052
0.618417 4015
0.618417 4015
0.618465 4545
0.618477 5013
0.619967 5438
0.620015 5829
0.620027 6194
0.621818 6538
0.621818 4450
0.621818 4450
0.621878 4929
0.62189 5361
0.621902 5758
0.623945 6128
0.623945 4037
0.623945 4037
0.623993 4565
0.624005 5031
0.625747 5454
0.625747 3538
0.625747 3538
0.625795 4140
0.625807 4654
0.627465 5112
0.627513 5528
0.627525 5913
0.629376 6273
0.629376 4193
0.629376 4193
0.629436 4701
0.629448 5154
0.62946 5567
0.631383 5949
0.631383 3855
0.631383 3855
0.631431 4407
0.631443 4890
0.633197 5325
0.633197 3402
0.633197 3402
0.633245 4028
0.633257 4557
0.634843 5024
0.634891 5448
0.634903 5839
0.63661 6204
0.63661 4096
0.63661 4096
0.636658 4616
0.63667 5077
0.6387 5496
0.6387 3522
0.6387 3522
0.638748 4127
0.63876 4643
0.640527 5102
0.640527 3182
0.640527 3182
0.640575 3851
0.640587 4404
0.642221 4888
0.642269 5324
0.642281 5724
0.643795 6096
0.643843 6445
0.643855 6775
0.645754 7089
0.645754 4846
0.645754 4846
0.645766 5285
0.645826 5688
0.645838 6062
0.647856 6413
0.647856 4304
0.647856 4304
0.647917 4799
0.647929 5243
0.647941 5649
0.649767 6026
0.649767 3980
0.649767 3980
0.649815 4515
0.649827 4987
0.651497 5414
0.651545 5807
0.651557 6174
0.653119 6519
0.65318 6845
0.653192 7156
0.653204 7453
0.655222 7739
0.655222 5469
0.655222 5469
0.655294 5858
0.655306 6221
0.655318 6563
0.65533 6887
0.657301 7196
0.657301 4992
0.657301 4992
0.657361 5419
0.657373 5812
0.657385 6178
0.659055 6523
0.659055 4372
0.659055 4372
0.659115 4859
0.659127 5297
0.65914 5699
0.66069 6073
0.660738 6423
0.66075 6754
0.662432 7069
0.662444 7370
0.662504 7659
0.662504 5578
0.662504 5578
0.662516 5960
0.664559 6317
0.664571 6654
0.664583 6974
0.664619 7279
0.664619 5100
0.664619 5100
0.666433 5517
0.666445 5903
0.666457 6264
0.666493 6604
0.666493 4544
0.666493 4544
0.668139 5013
0.668152 5438
0.668164 5829
0.6682 6194
0.669822 6538
0.669834 6864
0.669882 7174
0.669894 7471
0.671949 7756
0.671949 5740
0.671949 5740
0.671961 6111
0.672021 6459
0.672033 6789
0.672045 7102
0.673907 7402
0.673907 5367
0.673907 5367
0.673967 5764
0.673979 6133
0.673991 6480
0.675662 6808
0.675662 4750
0.675662 4750
0.675722 5198
0.675734 5608
0.675746 5988
0.677284 6343
0.677344 6679
0.677356 6998
0.677368 7302
0.67893 7593
0.679014 7873
0.679026 8143
0.679038 8404
0.67905 8657
0.681045 8903
0.681045 6824
0.681045 6824
0.681141 7136
0.681153 7434
0.681165 7720
0.681177 7996
0.682991 8262
0.682991 6195
0.682991 6195
0.683075 6539
0.683087 6864
0.683099 7174
0.683111 7471
0.684902 7756
0.684902 5581
0.684902 5581
0.684974 5962
0.684986 6319
0.684998 6656
0.68501 6976
0.686608 7281
0.686668 7573
0.68668 7854
0.686692 8125
0.688158 8387
0.68823 8641
0.688242 8887
0.688254 9126
0.688266 9359
0.690129 9586
0.690129 7108
0.690129 7108
0.690213 7407
0.690225 7694
0.690237 7971
0.690249 8238
0.690261 8496
0.692171 8746
0.692171 6357
0.692171 6357
0.692244 6692
0.692256 7010
0.692268 7314
0.69228 7605
0.694058 7885
0.694058 5620
0.694058 5620
0.69413 5999
0.694142 6354
0.694154 6689
0.694166 7007
0.69574 7311
0.6958 7602
0.695812 7882
0.695824 8152
0.697338 8413
0.69735 8666
0.69741 8911
0.697422 9150
0.697434 9382
0.699297 9609
0.699297 7066
0.699297 7066
0.699309 7367
0.699381 7656
0.699393 7934
0.699405 8202
0.699417 8461
0.701268 8712
0.701268 6278
0.701268 6278
0.70134 6617
0.701352 6939
0.701364 7246
0.701376 7540
0.70307 7822
0.70307 5529
0.70307 5529
0.703142 5914
0.703154 6274
0.703166 6613
0.703178 6935
0.704764 7242
0.704824 7536
0.704836 7818
0.704848 8090
0.70623 8353
0.706302 8608
0.706314 8855
0.706326 9095
0.706338 9329
0.708093 9557
0.708093 6950
0.708093 6950
0.708177 7256
0.708189 7549
0.708201 7831
0.708213 8103
0.708225 8366
0.710244 8620
0.710244 6200
0.710244 6200
0.710316 6543
0.710328 6868
0.71034 7178
0.710352 7474
0.712166 7759
0.712166 5374
0.712166 5374
0.712238 5770
0.71225 6139
0.712262 6486
0.712274 6814
0.713908 7126
0.713969 7425
0.713981 7712
0.713993 7988
0.715446 8254
0.715507 8512
0.715519 8762
0.715531 9005
0.715543 9241
0.717417 9471
0.717417 6812
0.717417 6812
0.717489 7124
0.717501 7423
0.717513 7710
0.717525 7986
0.717537 8252
0.719436 8510
0.719436 6020
0.719436 6020
0.719496 6374
0.719508 6708
0.71952 7025
0.719532 7328
0.721226 7618
0.721226 5290
0.721226 5290
0.721286 5692
0.721298 6066
0.72131 6417
0.721322 6749
0.722872 7064
0.72292 7365
0.722932 7654
0.722944 7932
0.724879 8200
0.724879 5750
0.724879 5750
0.724927 6120
0.724939 6468
0.724951 6797
0.724963 7110
0.72691 7409
0.72691 5102
0.72691 5102
0.72697 5519
0.726982 5905
0.726994 6265
0.728712 6605
0.728712 4397
0.728712 4397
0.72876 4881
0.728772 5317
0.728784 5717
0.730358 6089
0.730406 6439
0.730418 6770
0.732161 7084
0.732161 4795
0.732161 4795
0.732173 5239
0.732245 5645
0.732257 6022
0.734179 6375
0.734179 4241
0.734179 4241
0.734227 4743
0.73424 5192
0.734252 5602
0.73603 5982
0.73603 3918
0.73603 3918
0.736078 4462
0.73609 4939
0.737784 5370
0.737784 3416
0.737784 3416
0.737832 4040
0.737844 4567
0.73919 5033
0.739238 5456
0.73925 5846
0.740992 6210
0.740992 4178
0.740992 4178
0.741041 4688
0.741053 5142
0.741065 5556
0.743191 5939
0.743191 3871
0.743191 3871
0.743239 4421
0.743252 4903
0.745054 5337
0.745054 3428
0.745054 3428
0.745102 4049
0.745114 4575
0.746844 5040
0.746844 3150
0.746844 3150
0.746892 3826
0.746904 4383
0.748394 4869
0.748442 5306
0.748454 5707
0.750197 6080
0.750197 4035
0.750197 4035
0.750245 4563
0.750257 5030
0.752336 5453
0.752336 3510
0.752336 3510
0.752384 4117
0.752396 4634
0.754222 5093
0.754222 3190
0.754222 3190
0.75427 3858
0.754282 4410
0.756012 4893
0.756012 2990
0.756012 2990
0.756061 3702
0.756073 4277
0.757551 4775
0.757587 5221
0.759329 5629
0.759329 3670
0.759329 3670
0.759341 4250
0.759389 4751
0.761468 5199
0.761468 3294
0.761468 3294
0.761516 3941
0.761528 4481
0.763318 4956
0.763318 3060
0.763318 3060
0.763366 3756
0.763378 4323
0.765073 4816
0.765073 2920
0.765073 2920
0.765109 3650
0.766623 4234
0.766671 4737
0.768485 5186
0.768485 3434
0.768485 3434
0.768557 4054
0.768569 4579
0.770564 5044
0.770564 3241
0.770564 3241
0.770624 3898
0.770636 4444
0.772402 4923
0.772402 3078
0.772402 3078
0.77245 3770
0.772462 4335
0.774049 4826
0.774085 5267
0.775887 5671
0.775887 3764
0.775887 3764
0.775899 4330
0.775935 4822
0.778014 5264
0.778014 3390
0.778014 3390
0.778062 4018
0.778074 4548
0.77984 5016
0.77984 3142
0.77984 3142
0.779888 3820
0.7799 4378
0.781571 4864
0.781619 5302
0.783397 5704
0.783397 3792
0.783397 3792
0.783409 4354
0.783457 4843
0.785488 5283
0.785488 3406
0.785488 3406
0.785536 4031
0.785548 4559
0.787314 5026
0.787314 3152
0.787314 3152
0.787362 3828
0.787374 4384
0.788984 4870
0.789032 5307
0.789044 5708
0.790655 6081
0.790703 6431
0.790715 6762
0.792757 7077
0.792757 4857
0.792757 4857
0.792769 5295
0.792818 5697
0.79283 6071
0.794704 6422
0.794704 4325
0.794704 4325
0.794764 4817
0.794776 5259
0.794788 5664
0.796482 6040
0.796482 4002
0.796482 4002
0.79653 4534
0.796542 5004
0.798056 5429
0.798105 5821
0.798117 6187
0.800003 6531
0.800003 4440
0.800003 4440
0.800075 4920
0.800087 5353
0.800099 5751
0.802058 6121
0.802058 4028
0.802058 4028
0.802106 4557
0.802118 5024
0.80386 5448
0.80386 3531
0.80386 3531
0.803908 4134
0.80392 4649
0.80553 5107
0.805578 5524
0.805591 5909
0.807501 6269
0.807501 4188
0.807501 4188
0.807561 4696
0.807573 5149
0.807585 5562
0.809556 5945
0.809556 3850
0.809556 3850
0.809604 4403
0.809616 4887
0.811406 5323
0.811406 3398
0.811406 3398
0.811454 4025
0.811466 4554
0.813052 5022
0.813101 5446
0.813113 5837
0.814915 6202
0.814915 4093
0.814915 4093
0.814963 4613
0.814975 5075
0.81697 5495
0.81697 3520
0.81697 3520
0.817018 4125
0.81703 4641
0.81876 5100
0.81876 3180
0.81876 3180
0.818808 3850
0.81882 4403
0.820502 4887
0.82055 5323
0.820562 5723
0.822161 6095
0.822209 6444
0.822221 6774
0.824263 7088
0.824263 4844
0.824263 4844
0.824275 5284
0.824323 5687
0.824335 6061
0.826342 6412
0.826342 4302
0.826342 4302
0.826402 4797
0.826414 5241
0.826426 5647
0.828096 6024
0.828096 3977
0.828096 3977
0.828145 4512
0.828157 4984
0.829779 5411
0.829827 5804
0.829839 6171
0.831845 6516
0.831845 4602
0.831845 4602
0.831918 5065
0.83193 5485
0.831942 5873
0.833792 6235
0.833792 4248
0.833792 4248
0.833852 4749
0.833864 5197
0.833876 5607
0.835618 5987
0.835618 4011
0.835618 4011
0.835667 4542
0.835679 5011
0.837193 5436
0.837241 5828
0.837253 6193
0.839163 6537
0.839163 4484
0.839163 4484
0.839223 4959
0.839235 5388
0.839247 5783
0.841218 6151
0.841218 4081
0.841218 4081
0.841266 4603
0.841278 5066
0.842972 5486
0.842972 3583
0.842972 3583
0.84302 4177
0.843032 4687
0.844691 5141
0.844739 5555
0.844751 5938
0.846553 6296
0.846553 4232
0.846553 4232
0.846625 4735
0.846637 5185
0.846649 5596
0.84856 5976
0.84856 3892
0.84856 3892
0.848608 4439
0.84862 4919
0.85041 5352
0.85041 3435
0.85041 3435
0.850458 4055
0.85047 4580
0.852128 5045
0.852177 5467
0.852189 5856
0.853919 6220
0.853919 4122
0.853919 4122
0.853979 4639
0.853991 5098
0.854003 5516
0.855938 5902
0.855938 3795
0.855938 3795
0.855986 4356
0.855998 4845
0.857776 5284
0.857776 3306
0.857776 3306
0.857824 3950
0.857836 4489
0.859518 4963
0.859566 5392
0.859578 5787
0.861116 6155
0.861165 6501
0.861177 6828
0.863159 7140
0.863159 4892
0.863159 4892
0.863171 5327
0.863219 5727
0.863231 6099
0.865262 6448
0.865262 4336
0.865262 4336
0.865322 4827
0.865334 5268
0.865346 5672
0.86704 6047
0.86704 4001
0.86704 4001
0.867088 4533
0.8671 5003
0.868735 5429
0.868783 5821
0.868795 6187
0.870729 6531
0.870729 4435
0.870729 4435
0.870801 4915
0.870813 5348
0.870825 5746
0.872676 6116
0.872676 4021
0.872676 4021
0.872724 4551
0.872736 5019
0.87449 5443
0.87449 3525
0.87449 3525
0.874538 4129
0.87455 4645
0.876112 5103
0.87616 5520
0.876172 5906
0.878023 6266
0.878023 4182
0.878023 4182
0.878083 4691
0.878095 5145
0.878107 5559
0.880066 5942
0.880066 3845
0.880066 3845
0.880114 4399
0.880126 4883
0.881916 5319
0.881916 3393
0.881916 3393
0.881964 4021
0.881976 4551
0.883646 5019
0.883695 5443
0.883707 5834
0.885473 6199
0.885473 4089
0.885473 4089
0.885521 4610
0.885533 5072
0.887419 5492
0.887419 3516
0.887419 3516
0.887468 4122
0.88748 4639
0.88921 5098
0.88921 3177
0.88921 3177
0.889258 3847
0.88927 4401
0.890844 4885
0.890892 5321
0.890904 5721
0.892562 6093
0.89261 6442
0.892622 6772
0.894737 7086
0.894737 4841
0.894737 4841
0.894749 5281
0.894797 5684
0.894809 6059
0.896696 6410
0.896696 4300
0.896696 4300
0.896756 4795
0.896768 5239
0.89678 5645
0.898426 6022
0.898474 6375
0.898486 6709
0.900048 7026
0.90006 7329
0.900108 7619
0.90012 7898
0.902079 8167
0.902079 5795
0.902079 5795
0.902091 6162
0.902103 6507
0.902163 6834
0.902175 7145
0.904062 7443
0.904062 5183
0.904062 5183
0.904074 5594
0.904122 5975
0.904134 6331
0.905852 6667
0.905852 4484
0.905852 4484
0.905912 4959
0.905924 5388
0.905936 5783
0.907498 6151
0.907546 6497
0.907558 6825
0.909517 7137
0.909517 4874
0.909517 4874
0.909529 5311
0.909577 5712
0.909589 6085
0.911512 6435
0.911512 4315
0.911512 4315
0.911572 4808
0.911584 5251
0.911596 5656
0.913314 6032
0.913314 3980
0.913314 3980
0.913362 4515
0.913374 4987
0.914972 5414
0.91502 5807
0.915032 6174
0.916799 6519
0.916799 4417
0.916799 4417
0.916871 4899
0.916883 5334
0.916895 5733
0.918793 6104
0.918793 4005
0.918793 4005
0.918841 4537
0.918853 5006
0.920584 5431
0.920584 3510
0.920584 3510
0.920632 4117
0.920644 4634
0.922278 5093
0.922326 5511
0.922338 5897
0.924164 6258
0.924164 4171
0.924164 4171
0.924224 4682
0.924236 5137
0.924249 5551
0.926051 5935
0.926051 3836
0.926051 3836
0.926099 4391
0.926111 4876
0.927769 5313
0.927817 5714
0.927829 6087
0.929752 6437
0.929752 4284
0.929752 4284
0.929812 4781
0.929824 5226
0.929836 5633
0.931734 6011
0.931734 3938
0.931734 3938
0.931783 4479
0.931795 4954
0.933501 5384
0.933501 3426
0.933501 3426
0.933549 4048
0.933561 4574
0.935159 5040
0.935207 5462
0.935219 5852
0.937118 6216
0.937118 4182
0.937118 4182
0.937178 4691
0.93719 5145
0.937202 5559
0.939124 5942
0.939124 3874
0.939124 3874
0.939172 4424
0.939184 4905
0.940915 5339
0.940915 3430
0.940915 3430
0.940963 4051
0.940975 4577
0.942633 5042
0.942681 5464
0.942693 5854
0.944375 6218
0.944435 6560
0.944435 4386
0.944435 4386
0.944447 4872
0.944459 5309
0.946562 5710
0.946622 6083
0.946622 4003
0.946622 4003
0.946634 4535
0.948557 5005
0.948617 5430
0.948617 3469
0.948617 3469
0.948629 4083
0.950215 4605
0.950263 5067
0.951897 5487
0.951909 5875
0.951957 6237
0.953964 6578
0.953964 4556
0.953964 4556
0.953976 5023
0.953988 5447
0.954048 5838
0.955887 6203
0.955887 4221
0.955887 4221
0.955899 4725
0.955947 5176
0.957641 5587
0.957641 3680
0.957641 3680
0.957653 4259
0.957713 4759
0.959203 5206
0.959263 5615
0.959275 5994
0.961198 6349
0.961198 4389
0.961198 4389
0.961258 4874
0.96127 5311
0.961282 5712
0.963264 6085
0.963264 4065
0.963264 4065
0.963325 4589
0.963337 5053
0.965079 5474
0.965079 3600
0.965079 3600
0.965127 4192
0.965139 4700
0.966713 5153
0.966761 5566
0.966773 5948
0.968539 6306
0.968539 4261
0.968539 4261
0.9686 4761
0.968612 5208
0.968624 5617
0.97069 5996
0.97069 3924
0.97069 3924
0.970738 4467
0.97075 4944
0.972589 5375
0.972589 3466
0.972589 3466
0.972637 4081
0.972649 4603
0.974271 5066
0.974319 5486
0.974331 5874
0.975953 6236
0.976013 6577
0.976025 6901
0.976037 7209
0.978068 7504
0.978068 5218
0.978068 5218
0.97814 5626
0.978152 6004
0.978164 6359
0.979979 6694
0.979979 4573
0.979979 4573
0.980039 5039
0.980051 5462
0.980063 5852
0.981745 6216
0.981745 4108
0.981745 4108
0.981805 4626
0.981817 5086
0.981829 5505
0.983271 5892
0.983319 6253
0.983331 6593
0.985074 6916
0.985074 4652
0.985074 4652
0.985086 5110
0.985134 5527
0.985146 5912
0.987224 6272
0.987224 4149
0.987224 4149
0.987284 4662
0.987296 5119
0.987308 5535
0.989063 5920
0.989063 3856
0.989063 3856
0.989111 4408
0.989123 4891
0.990805 5326
0.990853 5726
0.990865 6098
0.992379 6447
0.992439 6777
0.992451 7091
0.992463 7391
0.994434 7679
0.994434 5376
0.994434 5376
0.994506 5772
0.994518 6141
0.99453 6488
0.994542 6816
0.996525 7128
0.996525 4901
0.996525 4901
0.996585 5335
0.996597 5734
0.996609 6105
0.998411 6454
0.998411 4291
0.998411 4291
0.998471 4787
0.998483 5232
0.998495 5639
1.00008 6017
1.00013 6371
1.00014 6705
1.0017 7022
1.00172 7325
1.00178 7616
1.00179 7895
1.00381 8164
1.00381 5755
1.00381 5755
1.00382 6125
1.00383 6473
1.00389 6802
1.0039 7115
1.0057 7414
1.0057 5131
1.0057 5131
1.00572 5546
1.00577 5930
1.00578 6289
1.00742 6627
1.00748 6948
1.0075 7254
1.00751 7547
1.00914 7829
1.00921 8101
1.00923 8364
1.00924 8618
1.00925 8865
1.01133 9105
1.01133 6580
1.01133 6580
1.01141 6903
1.01142 7211
1.01144 7506
1.01145 7789
1.01146 8062
1.01318 8326
1.01318 5914
1.01318 5914
1.01325 6274
1.01326 6613
1.01328 6935
1.01329 7242
1.01491 7536
1.01497 7818
1.01498 8090
1.01499 8353
1.01647 8608
1.01648 8855
1.01656 9095
1.01657 9329
1.01658 9557
1.01851 9780
1.01851 7177
1.01851 7177
1.01853 7474
1.01854 7759
1.01862 8033
1.01863 8298
1.01865 8554
1.02046 8803
1.02046 6314
1.02046 6314
1.02047 6651
1.02054 6971
1.02056 7276
1.02057 7568
1.0222 7849
1.02228 8120
1.02229 8382
1.0223 8636
1.02231 8882
1.0239 9121
1.02396 9354
1.02397 9581
1.02398 9803
1.02399 10020
1.02401 10232
1.02566 10440
1.02566 7826
1.02566 7826
1.02574 8098
1.02575 8361
1.02576 8615
1.02577 8862
1.02578 9102
1.0258 9336
1.02775 9564
1.02775 7020
1.02775 7020
1.02783 7323
1.02784 7614
1.02785 7893
1.02786 8163
1.02787 8424
1.02981 8677
1.02981 6242
1.02981 6242
1.02987 6583
1.02988 6906
1.02989 7214
1.02991 7509
1.03149 7792
1.03155 8065
1.03156 8329
1.03158 8584
1.03159 8832
1.03313 9073
1.0332 9307
1.03321 9536
1.03322 9759
1.03323 9977
1.03325 10190
1.03523 10399
1.03523 7686
1.03523 7686
1.03532 7963
1.03534 8230
1.03535 8489
1.03536 8740
1.03537 8983
1.0372 9220
1.0372 6656
1.0372 6656
1.03727 6976
1.03728 7281
1.0373 7573
1.03731 7854
1.03732 8125
1.03898 8387
1.03898 5938
1.03898 5938
1.03905 6296
1.03906 6634
1.03907 6955
1.03909 7261
1.04066 7554
1.04072 7836
1.04073 8108
1.04074 8370
1.04252 8624
1.04252 6068
1.04252 6068
1.04253 6419
1.04262 6751
1.04263 7066
1.04264 7367
1.04447 7656
1.04447 5310
1.04447 5310
1.04453 5711
1.04454 6084
1.04455 6434
1.04456 6765
1.0463 7080
1.0463 4825
1.0463 4825
1.04636 5266
1.04637 5670
1.04638 6045
1.04806 6397
1.04806 4219
1.04806 4219
1.04811 4724
1.04812 5175
1.04813 5586
1.04953 5967
1.04958 6324
1.04959 6661
1.05139 6981
1.05139 4892
1.05139 4892
1.0514 5327
1.05147 5727
1.05149 6099
1.05347 6448
1.05347 4425
1.05347 4425
1.05352 4906
1.05353 5340
1.05354 5739
1.05526 6110
1.05526 4121
1.05526 4121
1.05531 4638
1.05532 5097
1.05703 5515
1.05703 3603
1.05703 3603
1.05707 4194
1.05709 4702
1.05854 5155
1.05859 5568
1.0586 5950
1.0602 6308
1.06025 6645
1.06026 6965
1.06027 7271
1.06234 7564
1.06234 5404
1.06234 5404
1.06238 5798
1.0624 6165
1.06241 6510
1.06431 6837
1.06431 4793
1.06431 4793
1.06437 5237
1.06438 5644
1.06439 6021
1.06607 6375
1.06607 4314
1.06607 4314
1.06612 4808
1.06613 5251
1.06615 5656
1.06762 6032
1.06767 6385
1.06768 6718
1.06945 7035
1.06945 5036
1.06945 5036
1.06946 5459
1.06953 5849
1.06955 6213
1.07158 6556
1.07158 4585
1.07158 4585
1.07162 5049
1.07164 5471
1.07165 5860
1.07339 6223
1.07339 4275
1.07339 4275
1.07344 4773
1.07345 5219
1.07346 5627
1.07518 6005
1.07518 3989
1.07518 3989
1.07523 4523
1.07524 4994
1.07667 5420
1.07672 5813
1.07673 6179
1.07844 6523
1.07844 4438
1.07844 4438
1.07849 4918
1.0785 5351
1.07851 5749
1.08053 6119
1.08053 4094
1.08053 4094
1.08058 4614
1.08059 5075
1.08234 5495
1.08234 3564
1.08234 3564
1.08239 4162
1.0824 4674
1.08412 5130
1.08412 3235
1.08412 3235
1.08417 3893
1.08418 4440
1.08552 4920
1.08555 5353
1.08556 5751
1.08728 6121
1.08728 4089
1.08728 4089
1.08732 4610
1.08733 5072
1.08944 5492
1.08944 3557
1.08944 3557
1.08949 4156
1.0895 4668
1.09129 5124
1.09129 3227
1.09129 3227
1.09134 3887
1.09136 4435
1.09304 4915
1.09307 5348
1.09309 5746
1.0945 6116
1.09454 6464
1.09455 6793
1.09641 7106
1.09641 4891
1.09641 4891
1.09643 5326
1.09647 5726
1.09649 6098
1.09854 6447
1.09854 4353
1.09854 4353
1.09859 4842
1.0986 5282
1.09861 5685
1.10033 6059
1.10033 4025
1.10033 4025
1.10038 4554
1.10039 5022
1.10206 5446
1.10211 5837
1.10212 6202
1.10413 6545
1.10413 4459
1.10413 4459
1.10419 4937
1.1042 5368
1.10421 5765
1.10605 6134
1.10605 4044
1.10605 4044
1.1061 4571
1.10611 5037
1.10784 5460
1.10784 3545
1.10784 3545
1.10789 4146
1.1079 4660
1.10939 5117
1.10944 5533
1.10945 5918
1.11127 6278
1.11127 4200
1.11127 4200
1.11133 4707
1.11134 5159
1.11135 5572
1.11333 5954
1.11333 3861
1.11333 3861
1.11338 4413
1.11339 4896
1.11513 5331
1.11513 3407
1.11513 3407
1.11518 4032
1.11519 4560
1.11688 5027
1.11693 5451
1.11694 5842
1.1187 6206
1.1187 4099
1.1187 4099
1.11876 4619
1.11878 5080
1.11879 5499
1.12075 5886
1.12075 3774
1.12075 3774
1.12079 4338
1.12081 4829
1.12256 5270
1.12256 3288
1.12256 3288
1.12261 3936
1.12262 4477
1.12418 4953
1.12423 5383
1.12424 5778
1.12595 6146
1.12595 4073
1.12595 4073
1.126 4596
1.12601 5059
1.12809 5480
1.12809 3524
1.12809 3524
1.12814 4128
1.12815 4644
1.12999 5103
1.12999 3193
1.12999 3193
1.13003 3860
1.13005 4412
1.13174 4895
1.13174 2988
1.13174 2988
1.13179 3701
1.1318 4276
1.1333 4774
1.13334 5220
1.13511 5628
1.13511 3821
1.13511 3821
1.13512 4378
1.13517 4864
1.13727 5302
1.13727 3485
1.13727 3485
1.1373 4096
1.13732 4616
1.13913 5077
1.13913 3240
1.13913 3240
1.13918 3897
1.13919 4443
1.14095 4922
1.14095 3059
1.14095 3059
1.14099 3755
1.14101 4322
1.14256 4815
1.14259 5257
1.14418 5662
1.14419 6038
1.14424 6391
1.14623 6724
1.14623 4613
1.14623 4613
1.14624 5075
1.14626 5495
1.14632 5882
1.1482 6244
1.1482 4211
1.1482 4211
1.14821 4717
1.14827 5168
1.14829 5580
1.15004 5962
1.15004 3895
1.15004 3895
1.15009 4442
1.1501 4921
1.15157 5354
1.15162 5752
1.15163 6122
1.15347 6470
1.15347 4343
1.15347 4343
1.15353 4833
1.15354 5274
1.15355 5678
1.15564 6053
1.15564 3998
1.15564 3998
1.15569 4531
1.1557 5001
1.15741 5427
1.15741 3479
1.15741 3479
1.15746 4091
1.15747 4612
1.15908 5074
1.15913 5494
1.15914 5881
1.16108 6243
1.16108 4225
1.16108 4225
1.16114 4729
1.16116 5179
1.16117 5590
1.16305 5971
1.16305 3913
1.16305 3913
1.1631 4457
1.16311 4935
1.16482 5366
1.16482 3465
1.16482 3465
1.16487 4080
1.16488 4602
1.16646 5065
1.1665 5485
1.16652 5873
1.16827 6235
1.16827 4152
1.16827 4152
1.16833 4665
1.16834 5121
1.16835 5537
1.17034 5921
1.17034 3824
1.17034 3824
1.17038 4381
1.1704 4867
1.1721 5304
1.1721 3377
1.1721 3377
1.17215 4008
1.17216 4539
1.17382 5008
1.17387 5433
1.17388 5825
1.17543 6190
1.17548 6534
1.17549 6860
1.17741 7170
1.17741 4875
1.17741 4875
1.17743 5312
1.17749 5713
1.1775 6086
1.17956 6436
1.17956 4298
1.17956 4298
1.17962 4793
1.17964 5237
1.17965 5644
1.1815 6021
1.1815 3958
1.1815 3958
1.18155 4496
1.18156 4970
1.18321 5398
1.18325 5792
1.18327 6160
1.18515 6506
1.18515 4395
1.18515 4395
1.18521 4880
1.18522 5316
1.18524 5716
1.18719 6088
1.18719 3983
1.18719 3983
1.18724 4518
1.18725 4989
1.18897 5416
1.18897 3491
1.18897 3491
1.18902 4101
1.18903 4620
1.19061 5081
1.19066 5500
1.19067 5887
1.19243 6249
1.19243 4156
1.19243 4156
1.19249 4668
1.19251 5124
1.19252 5540
1.19457 5924
1.19457 3821
1.19457 3821
1.19462 4378
1.19463 4864
1.1964 5302
1.1964 3327
1.1964 3327
1.19645 3967
1.19646 4504
1.19812 4977
1.19817 5405
1.19818 5799
1.19996 6166
1.19996 4104
1.19996 4104
