0.0 0
4.56e-05 4.56e-05
0.000230131 6.2966e-05
0.000830931 0.000130195
0.000842947 0.000190522
0.00202052 0.000315404
0.00204455 0.00042768
0.00205656 0.000525922
0.0020806 0.000614887
0.00439968 0.000835422
0.00442371 0.00103139
0.00444775 0.00120287
0.00447178 0.00135591
0.00448379 0.00148983
0.00450783 0.00161001
0.00453186 0.00171516
0.00455589 0.00181018
0.00686296 0.00189182
0.00687498 0.00196475
0.00688699 0.00202707
0.00691103 0.00208159
0.00693506 0.0021293
0.00694707 0.00217105
0.0109604 0.00210091
0.0110085 0.00203954
0.0110445 0.00198584
0.0127388 0.00196441
0.0127748 0.00194566
0.0128229 0.00192926
0.012871 0.0019164
0.0140846 0.00184508
0.0141326 0.00178417
0.0141687 0.00172937
0.0141807 0.00168292
0.0142408 0.00164379
0.015875 0.00166211
0.015935 0.00167965
0.0159711 0.00169499
0.0159831 0.00170842
0.0160432 0.00172016
0.0160552 0.00173194
0.0180499 0.00178731
0.018134 0.00183426
0.018146 0.00187533
0.018158 0.00191278
0.0182181 0.00194554
0.0182301 0.00197421
0.0202488 0.0020023
0.0203329 0.00202538
0.0203449 0.00204707
0.0203569 0.00206605
0.020405 0.00208116
0.020417 0.00209438
0.0227001 0.00213899
0.0227842 0.00217652
0.0227962 0.00221086
0.0228082 0.00224091
0.0228442 0.0022657
0.0228563 0.0022874
0.0251513 0.00230788
0.0252354 0.0023243
0.0252474 0.00233867
0.0252595 0.00235274
0.0252715 0.00236205
0.0252835 0.0023702
0.0275785 0.00237733
0.0276627 0.00238206
0.0276747 0.00238621
0.0276867 0.00238983
0.0276987 0.00239301
0.0277107 0.00239728
0.0297655 0.00237099
0.0298376 0.00234497
0.0298496 0.00232221
0.0298616 0.00230229
0.0298736 0.00228487
0.0317962 0.0022531
0.0318683 0.00222379
0.0318803 0.00219816
0.0318923 0.00217722
0.0319043 0.00215891
0.0337187 0.00212936
0.0337788 0.00210051
0.0337908 0.00207526
0.0338028 0.00205317
0.0355572 0.00202633
0.0356173 0.00200134
0.0356293 0.00198098
0.0356413 0.00196316
0.0372154 0.00192504
0.0372755 0.00189018
0.0372875 0.00185969
0.0372995 0.0018345
0.0389457 0.00182147
0.0390178 0.00181158
0.0390298 0.00180292
0.0390418 0.00179535
0.0411446 0.00184579
0.0411566 0.00189144
0.0412287 0.00193137
0.0412407 0.00196632
0.0412528 0.0019969
0.0431633 0.00199962
0.0432354 0.0020005
0.0432474 0.00200127
0.0432594 0.00200195
0.0432714 0.00200404
0.0450017 0.00198334
0.0450618 0.00196222
0.0450738 0.00194375
0.0450859 0.00192758
0.0467681 0.00190743
0.0468282 0.00188829
0.0468402 0.00187155
0.0468522 0.0018584
0.0483302 0.00182135
0.0483782 0.00178594
0.0483903 0.00175495
0.0502047 0.0017699
0.0502167 0.00178447
0.0502648 0.00179723
0.0502768 0.00180839
0.0522354 0.00183618
0.0522955 0.00186049
0.0523075 0.00188177
0.0523195 0.00190189
0.0540738 0.00189396
0.0541219 0.00188401
0.0541339 0.00187531
0.0558041 0.00185719
0.0558522 0.00184133
0.0558642 0.00182745
0.0573542 0.00179277
0.0574263 0.00176544
0.0574383 0.00174152
0.0574503 0.00172209
0.0593008 0.00175016
0.0593849 0.00177621
0.0593969 0.00179901
0.0594089 0.00181896
0.0594209 0.00183792
0.0613195 0.00186051
0.0613796 0.00187578
0.0613916 0.00188914
0.0614036 0.00190082
0.0630738 0.00188251
0.0631339 0.00186499
0.0631459 0.00184965
0.0631579 0.00183774
0.06472 0.00181379
0.0647681 0.00178984
0.0647801 0.00176888
0.0664143 0.00175955
0.0664263 0.00175289
0.0664864 0.00174857
0.0664984 0.00174478
0.068493 0.00178653
0.068505 0.00182306
0.0685171 0.00185652
0.0685892 0.00188731
0.0686012 0.00191424
0.0704396 0.00191829
0.0704516 0.00192032
0.0705237 0.0019221
0.0705357 0.00192366
0.0705478 0.00192653
0.0723261 0.00192153
0.0723862 0.00191414
0.0723982 0.00190769
0.0724102 0.00190204
0.0739002 0.00186104
0.0739603 0.00182367
0.0739723 0.00179097
0.0739843 0.00176386
0.0757747 0.00177769
0.0758468 0.00179129
0.0758588 0.0018032
0.0758709 0.00181361
0.0758829 0.00182422
0.0778655 0.00185754
0.0779256 0.00188369
0.0779376 0.00190658
0.0779496 0.0019266
0.0796799 0.00191257
0.07974 0.0018988
0.079752 0.00188675
0.079764 0.00187771
0.0813742 0.00185478
0.0814222 0.00183171
0.0814343 0.00181152
0.0829363 0.00178034
0.0829483 0.00175456
0.0830084 0.0017335
0.0830204 0.00171508
0.0849189 0.00174852
0.0849309 0.00177779
0.0849429 0.0018049
0.085003 0.00182862
0.085015 0.00184937
0.0869736 0.00187504
0.0869857 0.001896
0.0870337 0.00191284
0.0870457 0.00192757
0.0888121 0.00191643
0.0888722 0.00190668
0.0888842 0.00189965
0.0888962 0.0018935
0.0905063 0.0018686
0.0905544 0.0018438
0.0905664 0.0018221
0.0921645 0.00180162
0.0921766 0.00178519
0.0922366 0.00177232
0.0922487 0.00176106
0.0941953 0.00179477
0.0942073 0.00182426
0.0942193 0.00185157
0.0942914 0.00187696
0.0943034 0.00189918
0.0961418 0.00190511
0.0961539 0.00190879
0.0962139 0.00191051
0.096226 0.00191202
0.0978962 0.00189231
0.0979563 0.00187356
0.0979683 0.00185865
0.0979803 0.00184562
0.0994703 0.00181168
0.0995183 0.00177897
0.0995304 0.00175036
0.101225 0.00175086
0.101237 0.00175279
0.101297 0.00175599
0.101309 0.00175879
0.103363 0.00180629
0.1034 0.00184336
0.103412 0.00187729
0.103424 0.00190698
0.105262 0.00190592
0.105298 0.00190349
0.10531 0.00190137
0.105322 0.00190102
0.1071 0.00189319
0.107136 0.00188485
0.107148 0.00187755
0.108614 0.0018321
0.10865 0.00179234
0.108663 0.00175755
0.110441 0.00176616
0.110489 0.0017752
0.110501 0.0017831
0.110513 0.00179152
0.112544 0.00183043
0.112592 0.00186298
0.112604 0.00189145
0.114286 0.00187281
0.114334 0.0018565
0.114346 0.00184222
0.11604 0.00183124
0.1161 0.00182313
0.116112 0.00181753
0.116124 0.00181264
0.118227 0.00185942
0.118275 0.00189735
0.118287 0.00193054
0.120018 0.00191302
0.120054 0.00189619
0.120066 0.00188146
0.1217 0.00185656
0.121736 0.00183327
0.121748 0.00181439
0.123719 0.00183993
0.123755 0.00186227
0.123767 0.00188182
0.123779 0.00190043
0.125713 0.00191221
0.125749 0.00192101
0.125761 0.00192872
0.127468 0.00190692
0.127516 0.00188935
0.127528 0.00187397
0.129006 0.00183198
0.129054 0.00179374
0.129066 0.00176177
0.13082 0.00176836
0.130868 0.00177411
0.13088 0.00177915
0.130892 0.00178506
0.132935 0.00182628
0.132983 0.00186084
0.132995 0.00189109
0.134725 0.0018785
0.134773 0.00186598
0.134785 0.00185653
0.136468 0.00184226
0.136516 0.00182826
0.136528 0.00181752
0.137958 0.00177658
0.137994 0.00173925
0.138006 0.00170659
0.139784 0.00172157
0.139796 0.00173618
0.139844 0.00175046
0.139856 0.00176296
0.141887 0.00180544
0.141923 0.00183961
0.141935 0.0018695
0.141947 0.00189716
0.143749 0.00189283
0.143797 0.00188903
0.143809 0.00188571
0.14548 0.00186629
0.145528 0.00184929
0.14554 0.00183442
0.147426 0.00184844
0.147474 0.00186071
0.147486 0.00187144
0.147498 0.00188234
0.149361 0.00188887
0.149409 0.00189308
0.149421 0.00189676
0.151139 0.00188196
0.151187 0.00186901
0.151199 0.00185768
0.152713 0.00182223
0.152761 0.00178971
0.152773 0.00176276
0.154468 0.00176171
0.154516 0.00176078
0.154528 0.00175998
0.15454 0.00176077
0.156642 0.00181254
0.156678 0.00185483
0.15669 0.00189183
0.158505 0.00188816
0.158541 0.00188495
0.158553 0.00188214
0.160235 0.00186316
0.160271 0.00184505
0.160283 0.00183071
0.161773 0.00179413
0.161809 0.00176212
0.161821 0.00173411
0.163672 0.00175466
0.163684 0.00177414
0.163732 0.0017927
0.163744 0.00180893
0.165835 0.00185317
0.165883 0.00189038
0.165895 0.00192294
0.165907 0.00195294
0.167685 0.00194013
0.167733 0.00192742
0.167745 0.00191629
0.169415 0.00189305
0.169463 0.0018727
0.169475 0.0018549
0.171458 0.00187838
0.171518 0.00190042
0.17153 0.00191971
0.171542 0.00193809
0.173381 0.00193615
0.173441 0.00193295
0.173453 0.00193015
0.175123 0.00190667
0.175171 0.00188462
0.175183 0.00186533
0.177022 0.00186948
0.17707 0.00187311
0.177082 0.00187629
0.177094 0.00188057
0.179064 0.00190084
0.179124 0.00191857
0.179136 0.00193409
0.180903 0.00192213
0.180951 0.00191017
0.180963 0.0018997
0.182549 0.00186801
0.182597 0.00183878
0.182609 0.00181471
0.184363 0.00181467
0.184423 0.00181614
0.184435 0.00181743
0.184447 0.00182005
0.186466 0.0018554
0.186514 0.00188332
0.186526 0.00190775
0.188281 0.00189608
0.188329 0.00188587
0.188341 0.00187694
0.190023 0.00186011
0.190071 0.00184389
0.190083 0.00183119
0.191621 0.00180206
0.191681 0.00177807
0.191693 0.00175708
0.191705 0.00174021
0.19364 0.00177502
0.1937 0.00180548
0.193712 0.00183213
0.193724 0.00185545
0.19555 0.00186233
0.19561 0.00186686
0.195622 0.00187232
0.195634 0.0018771
0.197293 0.00186025
0.197341 0.0018425
0.197353 0.00182698
0.197365 0.00181489
0.198915 0.0017908
0.198963 0.00176972
0.198975 0.00175128
0.198987 0.00173514
0.200873 0.00176307
0.200885 0.00178901
0.200945 0.00181322
0.200957 0.00183439
0.200969 0.00185292
0.20306 0.00189467
0.203108 0.0019282
0.20312 0.00195753
0.203132 0.0019832
0.203144 0.00200716
0.204923 0.00198908
0.204983 0.00197325
0.204995 0.0019594
0.205007 0.00194729
0.206641 0.00191866
0.206701 0.00189211
0.206713 0.00186888
0.206725 0.00185006
0.208684 0.00187414
0.208744 0.00189521
0.208756 0.00191365
0.208768 0.00192978
0.20878 0.0019454
0.210606 0.00194255
0.210666 0.00193854
0.210678 0.00193504
0.21069 0.00193198
0.212361 0.00190977
0.212409 0.00188734
0.212421 0.00186771
0.212433 0.00185204
0.213983 0.0018233
0.214031 0.00179666
0.214043 0.00177334
0.21605 0.00181002
0.216062 0.00184361
0.216122 0.00187451
0.216134 0.00190154
0.21796 0.00190267
0.21802 0.00190215
0.218032 0.00190169
0.218044 0.0019028
0.21975 0.00188875
0.219798 0.00187345
0.219811 0.00186006
0.221373 0.00183032
0.221421 0.0018043
0.221433 0.00178153
0.223283 0.00179766
0.223343 0.00181327
0.223355 0.00182843
0.223367 0.0018417
0.225206 0.00185181
0.225254 0.00185765
0.225266 0.00186276
0.22696 0.00184921
0.227008 0.00183735
0.22702 0.00182697
0.228678 0.00181338
0.228726 0.00179999
0.228738 0.00178978
0.230457 0.00178835
0.230529 0.00179011
0.230541 0.00179164
0.230553 0.00179449
0.232367 0.001809
0.232415 0.00181718
0.232427 0.00182435
0.234218 0.00182761
0.234266 0.00183047
0.234278 0.00183297
0.235852 0.00180812
0.2359 0.00178487
0.235912 0.00176604
0.237594 0.00176307
0.237654 0.00176198
0.237666 0.00176102
0.237678 0.00176169
0.239805 0.00181785
0.239865 0.00186698
0.239877 0.00190847
0.241812 0.00192075
0.241872 0.00193149
0.241884 0.00194089
0.243554 0.00191606
0.243602 0.00189284
0.245164 0.00185751
0.245176 0.00182809
0.245224 0.00180235
0.247183 0.00182939
0.247195 0.00185305
0.247207 0.00187526
0.247255 0.00189469
0.249106 0.00189817
0.249118 0.00189972
0.249166 0.00190107
0.249178 0.00190376
0.250776 0.00187456
0.250836 0.00184902
0.250848 0.00182667
0.252686 0.00183716
0.252698 0.00184783
0.25277 0.00185867
0.252782 0.00186816
0.254765 0.00189449
0.254825 0.00191452
0.254837 0.00193204
0.254849 0.00194888
0.256555 0.00192907
0.256616 0.00191023
0.256628 0.00189375
0.258274 0.00187181
0.258322 0.00185112
0.258334 0.00183301
0.260124 0.0018352
0.260184 0.00183861
0.260196 0.00184159
0.260208 0.0018457
0.262167 0.00187033
0.262227 0.00189038
0.262239 0.00190792
0.264065 0.00190674
0.264114 0.00190421
0.264126 0.001902
0.265724 0.00187153
0.265772 0.00184336
0.265784 0.00182022
0.267538 0.00181949
0.267598 0.00182036
0.26761 0.00182112
0.267622 0.00182328
0.269653 0.00185972
0.269701 0.00188861
0.269713 0.00191388
0.271515 0.00190745
0.271563 0.00190033
0.271575 0.0018956
0.273234 0.00187343
0.273282 0.00185254
0.273294 0.00183575
0.274892 0.00181356
0.274952 0.00179564
0.274964 0.00177997
0.276959 0.00181581
0.276971 0.00184868
0.277031 0.00187744
0.277043 0.00190261
0.278809 0.00189609
0.278869 0.00188888
0.278881 0.00188258
0.278893 0.00187856
0.280551 0.00186153
0.280599 0.00184363
0.280611 0.00182796
0.282041 0.00178571
0.282053 0.00175025
0.282113 0.00172072
0.282125 0.00169488
0.283916 0.00171733
0.283928 0.00173698
0.28394 0.00175567
0.284024 0.00177503
0.284036 0.00179197
0.286007 0.00182932
0.286019 0.0018605
0.286091 0.00188628
0.286103 0.00190884
0.287845 0.00190004
0.287893 0.00188784
0.287905 0.00187866
0.287917 0.00187063
0.289539 0.00184858
0.289587 0.00182779
0.289599 0.00180959
0.291474 0.00182522
0.291486 0.00184039
0.291546 0.00185516
0.291558 0.00186809
0.293469 0.00188391
0.293517 0.00189475
0.293529 0.00190424
0.293541 0.00191404
0.295271 0.00190008
0.295319 0.00188637
0.295331 0.00187437
0.296845 0.00183683
0.296893 0.00180399
0.296905 0.00177525
0.298792 0.00179667
0.298852 0.00181691
0.298864 0.00183462
0.298876 0.00185162
0.300858 0.00187851
0.300906 0.00189904
0.300919 0.001917
0.302601 0.00189516
0.302649 0.00187606
0.302661 0.00185934
0.304451 0.00185823
0.304511 0.00185876
0.304523 0.00185923
0.304535 0.00186113
0.306578 0.00189435
0.306626 0.0019204
0.306638 0.0019432
0.308344 0.00192109
0.308392 0.00190175
0.308404 0.00188483
0.310063 0.00186401
0.310111 0.00184429
0.310123 0.00182854
0.311901 0.00182978
0.311961 0.00183236
0.311973 0.00183462
0.311985 0.00183811
0.313968 0.00186669
0.314016 0.00188869
0.314028 0.00190794
0.315854 0.00190526
0.315902 0.00190292
0.315914 0.00190087
0.317561 0.00187654
0.317609 0.00185376
0.317621 0.00183532
0.319315 0.0018252
0.319375 0.00181784
0.319387 0.0018114
0.319399 0.00180727
0.321442 0.00184722
0.32149 0.00187917
0.321502 0.00190712
0.323376 0.00191055
0.323424 0.00191355
0.323436 0.00191618
0.325059 0.00188694
0.325095 0.00185835
0.325107 0.00183483
0.326681 0.00180825
0.326717 0.00178499
0.326729 0.00176463
0.328724 0.00179939
0.328736 0.00183131
0.328784 0.00186074
0.328796 0.00188649
0.330814 0.00191203
0.330862 0.00193287
0.330874 0.00195111
0.330886 0.00196856
0.332617 0.00194779
0.332665 0.00192812
0.332677 0.0019109
0.334287 0.00188082
0.334335 0.00185449
0.334347 0.00183146
0.33633 0.00185786
0.33639 0.00188247
0.336402 0.001904
0.336414 0.00192435
0.338324 0.00193314
0.338372 0.00193782
0.338384 0.00194192
0.340055 0.00191547
0.340103 0.00189232
0.340115 0.00187207
0.341605 0.00183182
0.341665 0.0017981
0.341677 0.0017686
0.341689 0.00174428
0.343611 0.00177708
0.343683 0.00180728
0.343695 0.00183371
0.343707 0.00185683
0.34372 0.00187856
0.345654 0.00189908
0.345714 0.00191403
0.345726 0.00192711
0.345738 0.00193856
0.347408 0.00191553
0.347468 0.00189388
0.347481 0.00187493
0.347493 0.00185986
0.349139 0.00184366
0.349187 0.00182649
0.349199 0.00181146
0.350905 0.00180582
0.350917 0.00180239
0.350977 0.00180089
0.350989 0.00179958
0.35302 0.00183898
0.353056 0.00186895
0.353068 0.00189668
0.35308 0.00192094
0.355027 0.00193166
0.355063 0.00193953
0.355075 0.00194642
0.356769 0.00192091
0.356805 0.00189859
0.356817 0.00187905
0.358319 0.00183793
0.358355 0.00180194
0.358367 0.00177196
0.358379 0.00174573
0.360326 0.00177834
0.360374 0.00180839
0.360386 0.00183467
0.360398 0.00185767
0.36041 0.0018793
0.36244 0.00190874
0.362488 0.001933
0.362501 0.00195422
0.362513 0.00197279
0.364231 0.00194999
0.364291 0.00193004
0.364303 0.00191409
0.364315 0.00190012
0.365985 0.0018819
0.366045 0.00186445
0.366057 0.00184918
0.367547 0.0018133
0.367595 0.00178039
0.367607 0.0017516
0.369434 0.00176846
0.369482 0.00178322
0.369494 0.00179763
0.369506 0.00181024
0.371488 0.00184081
0.371549 0.00186755
0.371561 0.00189094
0.371573 0.00191292
0.373387 0.00191112
0.373447 0.00190804
0.373459 0.00190535
0.375129 0.00188497
0.375177 0.00186564
0.375189 0.00184872
0.376908 0.00183993
0.376956 0.00183223
0.376968 0.001827
0.37698 0.00182242
0.378926 0.00184696
0.378986 0.00186842
0.378998 0.0018872
0.380729 0.0018766
0.380777 0.00186583
0.380789 0.0018564
0.382399 0.00183312
0.382447 0.00181126
0.382459 0.00179363
0.384165 0.00179022
0.384225 0.00178874
0.384237 0.00178744
0.384249 0.00178781
0.386364 0.0018392
0.386412 0.00188116
0.386424 0.00191788
0.388323 0.00192297
0.388371 0.00192742
0.388383 0.00193132
0.390065 0.0019077
0.390113 0.00188552
0.390125 0.00186762
0.391675 0.00183543
0.391735 0.00180877
0.391747 0.00178545
0.391759 0.00176654
0.393754 0.00180557
0.393814 0.00183972
0.393826 0.0018696
0.393838 0.00189574
0.395737 0.00190661
0.395797 0.00191461
0.395809 0.00192311
0.395821 0.00193055
0.397491 0.00190852
0.397551 0.00188775
0.397563 0.00186957
0.397575 0.00185516
0.399125 0.00182754
0.399173 0.00180037
0.399185 0.00177659
0.400844 0.0017693
0.400856 0.00176443
0.400916 0.00176166
0.400928 0.00175924
0.403006 0.0018097
0.403018 0.00185384
0.403091 0.00189397
0.403103 0.00193059
0.403115 0.00196263
0.404941 0.00195912
0.405001 0.00195305
0.405013 0.00194774
0.405025 0.00194309
0.406707 0.001921
0.406767 0.00190016
0.406779 0.00188344
0.406791 0.0018688
0.408245 0.00182746
0.408306 0.00178978
0.408318 0.00175681
0.40833 0.00172946
0.410012 0.00173407
0.410072 0.00173811
0.410084 0.00174164
0.410096 0.00174473
0.412103 0.00178798
0.412163 0.00182433
0.412175 0.00185764
0.412187 0.00188678
0.413869 0.00187173
0.413929 0.00185705
0.413941 0.00184421
0.413953 0.00183448
0.415599 0.00182146
0.415647 0.00180706
0.415659 0.00179446
0.417221 0.00177292
0.417233 0.00175558
0.417293 0.0017419
0.417305 0.00172994
0.41924 0.00176603
0.419252 0.00179761
0.419324 0.00182675
0.419336 0.00185375
0.419348 0.00187737
0.421163 0.00188302
0.421223 0.00188496
0.421235 0.00188665
0.421247 0.00188813
0.422905 0.00186991
0.422965 0.00185246
0.422977 0.00183869
0.422989 0.00182664
0.424647 0.0018161
0.424719 0.00180838
0.424731 0.00180162
0.424743 0.00179571
0.424755 0.00179204
0.42669 0.00182338
0.426774 0.0018523
0.426786 0.0018761
0.426798 0.00189693
0.428516 0.00188811
0.428589 0.0018789
0.428601 0.00186934
0.428613 0.00186247
0.430259 0.00184745
0.430319 0.00183281
0.430331 0.00181849
0.431809 0.00178494
0.431881 0.00175708
0.431893 0.00173421
0.431905 0.00171419
0.433743 0.00174174
0.433827 0.00176735
0.43384 0.00178975
0.433852 0.00181086
0.433864 0.00182933
0.435798 0.0018575
0.43587 0.00187915
0.435882 0.0018981
0.435894 0.00191467
0.437625 0.00190364
0.437697 0.00189249
0.437709 0.00188423
0.437721 0.00187701
0.439319 0.00185416
0.439379 0.00183117
0.439391 0.00181105
0.439403 0.00179495
0.441049 0.00178687
0.441133 0.0017828
0.441145 0.00177924
0.441157 0.00177613
0.4432 0.00182297
0.443212 0.00186546
0.44332 0.00190564
0.443332 0.0019393
0.445183 0.00194471
0.445195 0.00194945
0.445291 0.0019521
0.446901 0.00192287
0.446913 0.0018973
0.446925 0.00187642
0.447021 0.00185816
0.448727 0.00185269
0.448739 0.00184791
0.448835 0.00184372
0.448847 0.00184156
0.450854 0.00187722
0.450926 0.00190391
0.450938 0.00192727
0.452596 0.00190415
0.452657 0.00188242
0.452669 0.00186341
0.454243 0.00183625
0.454303 0.0018125
0.454315 0.00179321
0.454327 0.00177633
0.456333 0.00181564
0.456406 0.00185154
0.456418 0.00188294
0.45643 0.00191042
0.456442 0.00193597
0.458244 0.00193279
0.458304 0.00192701
0.458316 0.00192195
0.458328 0.00191752
0.459986 0.00189562
0.460046 0.00187495
0.460058 0.00185837
0.46007 0.00184387
0.461657 0.00182216
0.461729 0.00180467
0.461741 0.00178937
0.461753 0.00177597
0.461765 0.00176576
0.463795 0.0018124
0.46388 0.0018547
0.463892 0.00189172
0.463904 0.00192412
0.463916 0.00195246
0.463928 0.00197876
0.465706 0.00197023
0.465778 0.00195826
0.46579 0.00194929
0.465802 0.00194145
0.465814 0.00193458
0.467424 0.00190754
0.467496 0.00188238
0.467508 0.00186037
0.46752 0.00184111
0.467532 0.00182575
0.46907 0.00180331
0.469155 0.00178517
0.469167 0.0017693
0.469179 0.00175541
0.469191 0.00174326
0.471173 0.0017882
0.471185 0.00182903
0.471281 0.00186625
0.471293 0.00189883
0.471305 0.00192733
0.471317 0.00195226
0.47306 0.00194404
0.473156 0.00193535
0.473168 0.00192774
0.47318 0.00192109
0.473192 0.00191526
0.473204 0.00191167
0.474826 0.0018935
0.474898 0.0018716
0.47491 0.00185394
0.474922 0.00183848
0.474934 0.00182496
0.476544 0.00181163
0.476604 0.00179695
0.476616 0.00178412
0.476628 0.00177288
0.478515 0.0017976
0.478527 0.00182073
0.478599 0.00184247
0.478611 0.00186149
0.478623 0.00187814
0.480365 0.00187468
0.480438 0.00187015
0.48045 0.00186619
0.480462 0.00186422
0.480474 0.0018625
0.482132 0.00185048
0.482192 0.00183696
0.482204 0.00182513
0.482216 0.00181478
0.483742 0.0017892
0.483802 0.00176531
0.483814 0.00174592
0.483826 0.00172894
0.485532 0.00173662
0.485604 0.00174485
0.485616 0.00175204
0.485628 0.00175833
0.48564 0.00176534
0.487719 0.00181804
0.487779 0.00186115
0.487791 0.00189886
0.487803 0.00193186
0.489738 0.00194272
0.489798 0.00195071
0.48981 0.00195921
0.489822 0.00196664
0.491408 0.00192959
0.491456 0.00189416
0.491468 0.00186317
0.49148 0.00183755
0.493138 0.00182414
0.493187 0.00181241
0.493199 0.00180215
0.493211 0.00179317
0.493223 0.00178681
0.495337 0.00183832
0.495397 0.0018849
0.495409 0.00192566
0.495422 0.00196132
0.495434 0.00199252
0.49714 0.00196875
0.4972 0.00194646
0.497212 0.00192695
0.497224 0.00191138
0.497236 0.00189776
0.498834 0.00187232
0.498894 0.00184856
0.498906 0.00182777
0.498918 0.00180958
0.500841 0.00183421
0.500853 0.00185727
0.500937 0.00188045
0.500949 0.00190074
0.500961 0.00191848
0.502847 0.00192951
0.502907 0.00193465
0.502919 0.00193914
0.502932 0.00194308
0.502944 0.00194802
0.50465 0.00192982
0.50471 0.00191239
0.504722 0.00189714
0.504734 0.00188379
0.50632 0.0018571
0.506368 0.00183073
0.50638 0.00180766
0.506392 0.00178898
0.507882 0.00176062
0.50793 0.0017358
0.507942 0.00171408
0.507954 0.00169508
0.507966 0.00167996
0.509793 0.00170878
0.509841 0.001734
0.509853 0.00175607
0.509865 0.00177538
0.509877 0.00179227
0.509889 0.00180856
0.511775 0.00183032
0.511823 0.00184636
0.511835 0.00186189
0.511847 0.00187548
0.511859 0.00188737
0.513506 0.00186774
0.513566 0.00185056
0.513578 0.00183553
0.51359 0.00182237
0.51526 0.00181387
0.515272 0.00180793
0.515356 0.00180573
0.515368 0.00180382
0.51538 0.00180214
0.517375 0.00184122
0.517435 0.00187091
0.517447 0.0018969
0.517459 0.00191963
0.517471 0.00194102
0.519177 0.0019237
0.519237 0.00190703
0.519249 0.00189245
0.519261 0.00187969
0.520895 0.00185951
0.520943 0.00183886
0.520956 0.00182078
0.520968 0.00180647
0.522433 0.00177291
0.522494 0.00174506
0.522506 0.00172068
0.522518 0.00169935
0.52253 0.00168219
0.524296 0.00170473
0.524368 0.00172595
0.52438 0.00174452
0.524392 0.00176076
0.524404 0.00177498
0.526255 0.00179793
0.526315 0.00181501
0.526327 0.00182996
0.526339 0.00184454
0.526351 0.00185729
0.528009 0.00184442
0.528069 0.00183166
0.528081 0.00182049
0.528093 0.00181072
0.529703 0.00179616
0.529775 0.00178342
0.529787 0.00177378
0.529799 0.00176534
0.53165 0.001788
0.531734 0.00180932
0.531746 0.00182798
0.531758 0.00184431
0.53177 0.0018601
0.533524 0.0018619
0.533596 0.00186047
0.533608 0.00185922
0.53362 0.00185812
0.535279 0.00184515
0.535351 0.00183229
0.535363 0.00182255
0.535375 0.00181402
0.536841 0.00178253
0.536901 0.00175197
0.536913 0.00172523
0.536925 0.00170333
0.538643 0.00171572
0.538715 0.00172805
0.538727 0.00173885
0.538739 0.00174829
0.540782 0.00179711
0.540854 0.00183983
0.540866 0.00187721
0.540878 0.00190991
0.542716 0.00191299
0.542777 0.00191269
0.542789 0.00191392
0.542801 0.001915
0.544435 0.00189041
0.544495 0.00186739
0.544507 0.00184725
0.544519 0.00183113
0.546021 0.0018005
0.546093 0.00177521
0.546105 0.00175307
0.546117 0.0017337
0.548064 0.00177233
0.548076 0.00180763
0.548172 0.00184152
0.548184 0.00187118
0.548196 0.00189712
0.55007 0.00191082
0.550142 0.00191829
0.550154 0.00192483
0.550166 0.00193206
0.550178 0.00193838
0.551849 0.00191838
0.551921 0.00189938
0.551933 0.00188275
0.551945 0.0018682
0.553543 0.00184645
0.553603 0.00182442
0.553615 0.00180665
0.553627 0.0017911
0.555658 0.00183156
0.55573 0.00186847
0.555742 0.00190077
0.555754 0.00192902
0.555766 0.00195525
0.557568 0.00194966
0.557628 0.00194177
0.55764 0.00193486
0.557652 0.00192882
0.559323 0.00190701
0.559383 0.00188642
0.559395 0.00186841
0.559407 0.00185415
0.560921 0.00182214
0.560969 0.00179114
0.560981 0.00176401
0.562735 0.00177031
0.562747 0.00177732
0.562807 0.00178496
0.562819 0.00179165
0.564874 0.00183505
0.564934 0.00187152
0.564946 0.00190494
0.564958 0.00193418
0.566845 0.00193873
0.566905 0.00194122
0.566917 0.00194339
0.566929 0.00194679
0.568599 0.00192274
0.568647 0.00189868
0.568659 0.00187763
0.570149 0.00183669
0.570209 0.00180236
0.570221 0.00177232
0.572096 0.00179411
0.57218 0.00181617
0.572192 0.00183548
0.572204 0.00185387
0.574114 0.00187447
0.574186 0.0018895
0.574198 0.00190264
0.57421 0.00191564
0.575929 0.00190299
0.575977 0.00188741
0.575989 0.00187378
0.577659 0.00185585
0.577707 0.00184015
0.577719 0.00182642
0.579257 0.00179788
0.579329 0.00177592
0.579341 0.0017567
0.579353 0.00174138
0.581144 0.00175952
0.58124 0.0017784
0.581252 0.00179492
0.581264 0.00180937
0.581276 0.00182352
0.583162 0.00184791
0.583234 0.00186476
0.583246 0.00187949
0.583258 0.00189238
0.584989 0.00188414
0.585049 0.00187392
0.585061 0.00186648
0.585073 0.00185997
0.586659 0.00183625
0.586707 0.0018125
0.586719 0.00179171
0.588533 0.00180206
0.588546 0.00181261
0.588594 0.00182185
0.588606 0.00182993
0.590588 0.00185803
0.590648 0.00188262
0.59066 0.00190413
0.590672 0.00192446
0.592415 0.00191221
0.592463 0.00189848
0.592475 0.00188647
0.594157 0.00186845
0.594205 0.00185268
0.594217 0.00183889
0.595971 0.00183583
0.596031 0.00183465
0.596043 0.00183363
0.596056 0.00183423
0.598122 0.00187381
0.59817 0.00190544
0.598182 0.00193311
0.600105 0.0019393
0.600153 0.00194472
0.600165 0.00194946
0.601895 0.00192957
0.601943 0.00191067
0.601955 0.00189563
0.603517 0.00186145
0.603566 0.00183004
0.603578 0.00180405
0.605428 0.00181736
0.605476 0.00182901
0.605488 0.0018392
0.607435 0.00186013
0.607483 0.00187845
0.607495 0.00189448
0.609201 0.00187846
0.609249 0.00186295
0.609261 0.00185087
0.610823 0.00182228
0.610871 0.00179576
0.610883 0.00177406
0.612505 0.00176259
0.612553 0.00175254
0.612565 0.00174375
0.614644 0.00179314
0.614656 0.00183785
0.614716 0.00187848
0.614728 0.00191403
0.616591 0.0019181
0.616651 0.00192016
0.616663 0.00192196
0.616675 0.00192504
0.618417 0.00191271
0.618465 0.00189892
0.618477 0.00188686
0.619967 0.00184476
0.620015 0.00180792
0.620027 0.00177569
0.621818 0.00178503
0.621878 0.00179471
0.62189 0.00180318
0.621902 0.0018121
0.623945 0.00185144
0.623993 0.00188286
0.624005 0.00191035
0.625747 0.00189686
0.625795 0.00188505
0.625807 0.00187472
0.627465 0.00185516
0.627513 0.00183655
0.627525 0.00182177
0.629376 0.00183286
0.629436 0.00184408
0.629448 0.00185389
0.62946 0.00186397
0.631383 0.00188181
0.631431 0.00189441
0.631443 0.00190544
0.633197 0.00189406
0.633245 0.00188411
0.633257 0.00187539
0.634843 0.00184674
0.634891 0.00182017
0.634903 0.00179842
0.63661 0.00179441
0.636658 0.00179091
0.63667 0.00178784
0.6387 0.0018257
0.638748 0.00185884
0.63876 0.00188783
0.640527 0.00188016
0.640575 0.00187194
0.640587 0.00186625
0.642221 0.00184475
0.642269 0.00182444
0.642281 0.00180816
0.643795 0.0017789
0.643843 0.0017533
0.643855 0.0017309
0.645754 0.00175936
0.645766 0.00178577
0.645826 0.00181038
0.645838 0.00183191
0.647856 0.00186577
0.647917 0.0018939
0.647929 0.00191851
0.647941 0.00194155
0.649767 0.00193767
0.649815 0.00193127
0.649827 0.00192568
0.651497 0.00190126
0.651545 0.00187989
0.651557 0.00186119
0.653119 0.00183131
0.65318 0.00180667
0.653192 0.00178511
0.653204 0.00176774
0.655222 0.00180962
0.655294 0.00184777
0.655306 0.00188115
0.655318 0.00191036
0.65533 0.00193742
0.657301 0.00195509
0.657361 0.00196754
0.657373 0.00197844
0.657385 0.00198798
0.659055 0.00195877
0.659115 0.00193172
0.659127 0.00190804
0.65914 0.00188883
0.66069 0.00185699
0.660738 0.00182614
0.66075 0.00179914
0.662432 0.00179203
0.662444 0.00178732
0.662504 0.0017847
0.662516 0.00178241
0.664559 0.00182546
0.664571 0.00186313
0.664583 0.00189759
0.664619 0.00192475
0.666433 0.00191846
0.666445 0.00191297
0.666457 0.00190816
0.666493 0.00190395
0.668139 0.00187774
0.668152 0.0018563
0.668164 0.00183755
0.6682 0.00182114
0.669822 0.00180227
0.669834 0.00178577
0.669882 0.00177283
0.669894 0.001763
0.671949 0.00180848
0.671961 0.00184828
0.672021 0.0018846
0.672033 0.00191638
0.672045 0.00194569
0.673907 0.0019473
0.673967 0.00194721
0.673979 0.00194714
0.673991 0.00194707
0.675662 0.00192298
0.675722 0.00190039
0.675734 0.00188214
0.675746 0.00186616
0.677284 0.00183566
0.677344 0.00180747
0.677356 0.0017828
0.677368 0.00176272
0.67893 0.00174816
0.679014 0.00173841
0.679026 0.00172989
0.679038 0.00172243
0.67905 0.00171741
0.681045 0.00176708
0.681141 0.00181205
0.681153 0.0018514
0.681165 0.00188583
0.681177 0.00191595
0.682991 0.00191978
0.683075 0.00192013
0.683087 0.00192193
0.683099 0.00192351
0.683111 0.0019249
0.684902 0.0019231
0.684974 0.00191853
0.684986 0.00191453
0.684998 0.00191102
0.68501 0.00190946
0.686608 0.00188406
0.686668 0.00185884
0.68668 0.00183676
0.686692 0.00181744
0.688158 0.00178402
0.68823 0.00175628
0.688242 0.00173351
0.688254 0.00171358
0.688266 0.00169614
0.690129 0.00173045
0.690213 0.00176198
0.690225 0.00178956
0.690237 0.0018152
0.690249 0.00183763
0.690261 0.00185726
0.692171 0.00188044
0.692244 0.00189772
0.692256 0.00191284
0.692268 0.00192607
0.69228 0.00193765
0.694058 0.00193126
0.69413 0.00192416
0.694142 0.00191795
0.694154 0.00191402
0.694166 0.00191058
0.69574 0.00188204
0.6958 0.00185406
0.695812 0.00182958
0.695824 0.00180816
0.697338 0.0017819
0.69735 0.00176043
0.69741 0.00174165
0.697422 0.00172521
0.697434 0.00171083
0.699297 0.0017418
0.699309 0.0017689
0.699381 0.00179411
0.699393 0.00181768
0.699405 0.0018383
0.699417 0.00185634
0.701268 0.00187062
0.70134 0.00188162
0.701352 0.00189124
0.701364 0.00189967
0.701376 0.00190703
0.70307 0.00189395
0.703142 0.00188101
0.703154 0.00186968
0.703166 0.00185977
0.703178 0.00185259
0.704764 0.0018328
0.704824 0.00181248
0.704836 0.0017947
0.704848 0.00177914
0.70623 0.00173999
0.706302 0.00170724
0.706314 0.00168008
0.706326 0.00165632
0.706338 0.00163552
0.708093 0.00166389
0.708177 0.00169022
0.708189 0.00171325
0.708201 0.00173491
0.708213 0.00175386
0.708225 0.00177044
0.710244 0.00181799
0.710316 0.0018566
0.710328 0.00189038
0.71034 0.00191993
0.710352 0.00194579
0.712166 0.00194289
0.712238 0.00193885
0.71225 0.00193531
0.712262 0.00193221
0.712274 0.001931
0.713908 0.00190742
0.713969 0.00188378
0.713981 0.00186309
0.713993 0.00184499
0.715446 0.00180662
0.715507 0.00177305
0.715519 0.00174517
0.715531 0.00172079
0.715543 0.00169944
0.717417 0.00173334
0.717489 0.0017645
0.717501 0.00179177
0.717513 0.00181713
0.717525 0.00183932
0.717537 0.00185874
0.719436 0.00187873
0.719496 0.00189322
0.719508 0.0019059
0.71952 0.00191699
0.719532 0.0019267
0.721226 0.00190966
0.721286 0.00189325
0.721298 0.00187889
0.72131 0.00186632
0.721322 0.00185683
0.722872 0.0018305
0.72292 0.00180446
0.722932 0.00178167
0.722944 0.00176173
0.724879 0.00179235
0.724927 0.00181914
0.724939 0.00184408
0.724951 0.00186591
0.724963 0.001885
0.72691 0.00190321
0.72697 0.00191915
0.726982 0.00193309
0.726994 0.0019453
0.728712 0.00192743
0.72876 0.0019088
0.728772 0.001894
0.728784 0.00188105
0.730358 0.00185169
0.730406 0.0018245
0.730418 0.00180071
0.732161 0.00180092
0.732173 0.00180261
0.732245 0.00180709
0.732257 0.00181101
0.734179 0.00183697
0.734227 0.00185517
0.73424 0.00187111
0.734252 0.00188655
0.73603 0.00188204
0.736078 0.00187659
0.73609 0.00187182
0.737784 0.00185714
0.737832 0.00184429
0.737844 0.00183304
0.73919 0.00177964
0.739238 0.00173142
0.73925 0.00169073
0.740992 0.00170469
0.741041 0.0017169
0.741053 0.00172759
0.741065 0.00173844
0.743191 0.001796
0.743239 0.00184486
0.743252 0.00188762
0.745054 0.00188448
0.745102 0.00188173
0.745114 0.00187932
0.746844 0.0018682
0.746892 0.00185697
0.746904 0.00184865
0.748394 0.00181132
0.748442 0.00177717
0.748454 0.00174878
0.750197 0.00175548
0.750245 0.00176134
0.750257 0.00176648
0.752336 0.00181302
0.752384 0.00185375
0.752396 0.00188939
0.754222 0.00188903
0.75427 0.00188721
0.754282 0.00188712
0.756012 0.00187503
0.756061 0.00186295
0.756073 0.00185388
0.757551 0.0018144
0.757587 0.00177685
0.759329 0.00177704
0.759341 0.00177871
0.759389 0.00178167
0.761468 0.00182631
0.761516 0.00186388
0.761528 0.00189825
0.763318 0.00189227
0.763366 0.00188555
0.763378 0.00188116
0.765073 0.00186531
0.765109 0.00184843
0.766623 0.00181113
0.766671 0.00178
0.768485 0.00179031
0.768557 0.00180234
0.768569 0.00181436
0.770564 0.00184741
0.770624 0.00187333
0.770636 0.0018975
0.772402 0.00189012
0.77245 0.00188066
0.772462 0.00187388
0.774049 0.00184542
0.774085 0.00181751
0.775887 0.00182013
0.775899 0.00182392
0.775935 0.00182724
0.778014 0.00186469
0.778062 0.00189745
0.778074 0.00192763
0.77984 0.00191498
0.779888 0.00190241
0.7799 0.00189291
0.781571 0.00187258
0.781619 0.0018533
0.783397 0.00184994
0.783409 0.0018485
0.783457 0.00184724
0.785488 0.00187769
0.785536 0.00190282
0.785548 0.00192632
0.787314 0.00191383
0.787362 0.0019014
0.787374 0.00189203
0.788984 0.0018643
0.789032 0.00183854
0.789044 0.0018175
0.790655 0.00179909
0.790703 0.00178298
0.790715 0.00176889
0.792757 0.00181063
0.792769 0.00184865
0.792818 0.00188192
0.79283 0.00191103
0.794704 0.00191548
0.794764 0.00191937
0.794776 0.00192277
0.794788 0.00192725
0.796482 0.00190864
0.79653 0.00188935
0.796542 0.00187247
0.798056 0.00183518
0.798105 0.00180254
0.798117 0.00177398
0.800003 0.00179556
0.800075 0.00181744
0.800087 0.00183659
0.800099 0.00185485
0.802058 0.00187983
0.802106 0.00189719
0.802118 0.00191238
0.80386 0.00189863
0.803908 0.0018866
0.80392 0.00187608
0.80553 0.00185034
0.805578 0.00182633
0.805591 0.00180681
0.807501 0.00182729
0.807561 0.00184671
0.807573 0.0018637
0.807585 0.00188007
0.809556 0.0019019
0.809604 0.001918
0.809616 0.00193209
0.811406 0.00192188
0.811454 0.00191296
0.811466 0.00190515
0.813052 0.00187277
0.813101 0.00184295
0.813113 0.00181836
0.814915 0.00182387
0.814963 0.0018287
0.814975 0.00183292
0.81697 0.00186065
0.817018 0.00188491
0.81703 0.00190613
0.81876 0.00189167
0.818808 0.0018775
0.81882 0.00186661
0.820502 0.00185108
0.82055 0.00183598
0.820562 0.00182427
0.822161 0.00180351
0.822209 0.00178535
0.822221 0.00176946
0.824263 0.00181112
0.824275 0.00184908
0.824323 0.0018823
0.824335 0.00191136
0.826342 0.00193229
0.826402 0.0019506
0.826414 0.00196662
0.826426 0.00198214
0.828096 0.00195366
0.828145 0.00192574
0.828157 0.00190131
0.829779 0.00187393
0.829827 0.00184997
0.829839 0.001829
0.831845 0.00185872
0.831918 0.00188773
0.83193 0.00191311
0.831942 0.00193682
0.833792 0.00193804
0.833852 0.00193611
0.833864 0.00193441
0.833876 0.00193443
0.835618 0.00192093
0.835667 0.00190611
0.835679 0.00189315
0.837193 0.00185327
0.837241 0.00181837
0.837253 0.00178783
0.839163 0.00181068
0.839223 0.00183218
0.839235 0.00185098
0.839247 0.00186894
0.841218 0.00189217
0.841266 0.00190948
0.841278 0.00192464
0.842972 0.00190335
0.84302 0.00188472
0.843032 0.00186842
0.844691 0.00184965
0.844739 0.00183173
0.844751 0.00181755
0.846553 0.00182317
0.846625 0.00183109
0.846637 0.00183801
0.846649 0.00184558
0.84856 0.00186571
0.848608 0.00187883
0.84862 0.0018903
0.85041 0.00188532
0.850458 0.00188096
0.85047 0.00187715
0.852128 0.00185729
0.852177 0.00183841
0.852189 0.0018234
0.853919 0.00181927
0.853979 0.00181716
0.853991 0.00181532
0.854003 0.0018152
0.855938 0.00184064
0.855986 0.00185989
0.855998 0.00187674
0.857776 0.00187195
0.857824 0.00186626
0.857836 0.00186278
0.859518 0.00184772
0.859566 0.00183305
0.859578 0.0018217
0.861116 0.00179376
0.861165 0.0017693
0.861177 0.00174791
0.863159 0.00178476
0.863171 0.0018185
0.863219 0.00184803
0.863231 0.00187387
0.865262 0.00190249
0.865322 0.00192753
0.865334 0.00194943
0.865346 0.00197011
0.86704 0.00194614
0.867088 0.00192216
0.8671 0.00190118
0.868735 0.00187532
0.868783 0.00185268
0.868795 0.00183288
0.870729 0.0018531
0.870801 0.0018738
0.870813 0.00189191
0.870825 0.00190926
0.872676 0.00191393
0.872724 0.0019135
0.872736 0.00191313
0.87449 0.00190079
0.874538 0.00188999
0.87455 0.00188055
0.876112 0.00184825
0.87616 0.00181848
0.876172 0.00179394
0.878023 0.00180852
0.878083 0.00182277
0.878095 0.00183525
0.878107 0.00184766
0.880066 0.00187204
0.880114 0.00189037
0.880126 0.00190641
0.881916 0.00189942
0.881964 0.0018933
0.881976 0.00188795
0.883646 0.00186824
0.883695 0.0018495
0.883707 0.0018346
0.885473 0.00183358
0.885521 0.00183268
0.885533 0.0018319
0.887419 0.00184624
0.887468 0.00185878
0.88748 0.00186976
0.88921 0.00185983
0.889258 0.00184965
0.88927 0.00184224
0.890844 0.00181623
0.890892 0.00179197
0.890904 0.00177225
0.892562 0.0017655
0.89261 0.0017596
0.892622 0.00175444
0.894737 0.00180699
0.894749 0.00185448
0.894797 0.00189603
0.894809 0.00193239
0.896696 0.00193567
0.896756 0.00193854
0.896768 0.00194104
0.89678 0.00194474
0.898426 0.00191794
0.898474 0.00189148
0.898486 0.00186833
0.900048 0.00183756
0.90006 0.00181213
0.900108 0.00178989
0.90012 0.00177042
0.902079 0.00180296
0.902091 0.00183143
0.902103 0.00185784
0.902163 0.00188245
0.902175 0.00190398
0.904062 0.00191382
0.904074 0.00192092
0.904122 0.00192563
0.904134 0.00192975
0.905852 0.00191233
0.905912 0.00189708
0.905924 0.00188525
0.905936 0.00187489
0.907498 0.0018463
0.907546 0.00181829
0.907558 0.00179377
0.909517 0.00182188
0.909529 0.00184799
0.909577 0.00187083
0.909589 0.00189081
0.911512 0.00190379
0.911572 0.00191515
0.911584 0.00192508
0.911596 0.00193528
0.913314 0.00191867
0.913362 0.00190113
0.913374 0.00188579
0.914972 0.00185734
0.91502 0.00183245
0.915032 0.00181067
0.916799 0.00181264
0.916871 0.00181737
0.916883 0.0018215
0.916895 0.00182662
0.918793 0.00184763
0.918841 0.0018615
0.918853 0.00187364
0.920584 0.00186323
0.920632 0.00185412
0.920644 0.00184616
0.922278 0.00182717
0.922326 0.00180905
0.922338 0.0017947
0.924164 0.00180618
0.924224 0.00181772
0.924236 0.00182782
0.924249 0.00183816
0.926051 0.0018442
0.926099 0.00184649
0.926111 0.00184849
0.927769 0.00183221
0.927817 0.00181797
0.927829 0.00180551
0.929752 0.00182765
0.929812 0.00184853
0.929824 0.00186679
0.929836 0.00188428
0.931734 0.00189657
0.931783 0.00190433
0.931795 0.00191111
0.933501 0.00189302
0.933549 0.00187718
0.933561 0.00186333
0.935159 0.00183769
0.935207 0.00181375
0.935219 0.00179431
0.937118 0.00181485
0.937178 0.00183432
0.93719 0.00185135
0.937202 0.00186776
0.939124 0.00188513
0.939172 0.00189732
0.939184 0.00190798
0.940915 0.00189328
0.940963 0.00188042
0.940975 0.00186916
0.942633 0.0018503
0.942681 0.0018323
0.942693 0.00181805
0.944375 0.00180858
0.944435 0.0018018
0.944447 0.00179587
0.944459 0.00179218
0.946562 0.00184152
0.946622 0.00188469
0.946634 0.00192097
0.948557 0.00193018
0.948617 0.00193824
0.948629 0.00194529
0.950215 0.0019094
0.950263 0.0018765
0.951897 0.00185222
0.951909 0.00183247
0.951957 0.00181519
0.953964 0.00184664
0.953976 0.00187415
0.953988 0.00189973
0.954048 0.00192361
0.955887 0.00192348
0.955899 0.00192186
0.955947 0.00191894
0.957641 0.00189837
0.957653 0.00188036
0.957713 0.00186611
0.959203 0.00182811
0.959263 0.00179335
0.959275 0.00176444
0.961198 0.00179322
0.961258 0.0018184
0.96127 0.00184043
0.961282 0.00186121
0.963264 0.0018869
0.963325 0.00190788
0.963337 0.00192624
0.965079 0.00191226
0.965127 0.00189853
0.965139 0.00188651
0.966713 0.00185497
0.966761 0.00182587
0.966773 0.0018019
0.968539 0.00180497
0.9686 0.00180915
0.968612 0.00181281
0.968624 0.00181752
0.97069 0.00185919
0.970738 0.00189264
0.97075 0.00192192
0.972589 0.00191899
0.972637 0.00191643
0.972649 0.0019142
0.974271 0.0018852
0.974319 0.00185833
0.974331 0.00183632
0.975953 0.00181706
0.976013 0.00180171
0.976025 0.00178827
0.976037 0.00177802
0.978068 0.00182012
0.97814 0.00185846
0.978152 0.00189201
0.978164 0.00192136
0.979979 0.00192001
0.980039 0.00191582
0.980051 0.00191366
0.980063 0.00191177
0.981745 0.00189359
0.981805 0.00187618
0.981817 0.00186095
0.981829 0.00184913
0.983271 0.00180874
0.983319 0.0017704
0.983331 0.00173685
0.985074 0.00174504
0.985086 0.00175371
0.985134 0.0017613
0.985146 0.00176794
0.987224 0.0018158
0.987284 0.00185769
0.987296 0.00189433
0.987308 0.0019279
0.989063 0.00191672
0.989111 0.00190393
0.989123 0.00189274
0.990805 0.00187394
0.990853 0.00185748
0.990865 0.00184309
0.992379 0.00180946
0.992439 0.00178155
0.992451 0.00175712
0.992463 0.00173724
0.994434 0.00177693
0.994506 0.00181315
0.994518 0.00184485
0.99453 0.00187259
0.994542 0.00189836
0.996525 0.00192242
0.996585 0.00194046
0.996597 0.00195624
0.996609 0.00197006
0.998411 0.00195961
0.998471 0.00194897
0.998483 0.00193966
0.998495 0.00193302
1.00008 0.00190017
1.00013 0.00186842
1.00014 0.00184064
1.0017 0.00181333
1.00172 0.00179094
1.00178 0.00177284
1.00179 0.00175701
1.00381 0.00180023
1.00382 0.00183805
1.00383 0.00187265
1.00389 0.00190292
1.0039 0.00192941
1.0057 0.00192555
1.00572 0.00192067
1.00577 0.00191489
1.00578 0.00190984
1.00742 0.0018859
1.00748 0.00186495
1.0075 0.00184812
1.00751 0.00183339
1.00914 0.001819
1.00921 0.00180791
1.00923 0.00179821
1.00924 0.00178972
1.00925 0.0017838
1.01133 0.00183418
1.01141 0.00187978
1.01142 0.00191967
1.01144 0.00195458
1.01145 0.00198512
1.01146 0.00201335
1.01318 0.00199299
1.01325 0.00197066
1.01326 0.00195263
1.01328 0.00193686
1.01329 0.00192305
1.01491 0.00189896
1.01497 0.00187487
1.01498 0.0018538
1.01499 0.00183536
1.01647 0.0018012
1.01648 0.00177281
1.01656 0.00174947
1.01657 0.00172905
1.01658 0.00171118
1.01851 0.00175262
1.01853 0.00178889
1.01854 0.00182212
1.01862 0.0018527
1.01863 0.00187945
1.01865 0.00190286
1.02046 0.00190833
1.02047 0.00191161
1.02054 0.00191298
1.02056 0.00191417
1.02057 0.00191522
1.0222 0.00189361
1.02228 0.0018732
1.02229 0.00185533
1.0223 0.00183971
1.02231 0.00182753
1.0239 0.00181087
1.02396 0.00179479
1.02397 0.00178072
1.02398 0.00176841
1.02399 0.00175764
1.02401 0.00174972
1.02566 0.0017518
1.02574 0.00175512
1.02575 0.00175802
1.02576 0.00176057
1.02577 0.00176279
1.02578 0.00176474
1.0258 0.00176794
1.02775 0.0018083
1.02783 0.0018406
1.02784 0.00186887
1.02785 0.00189511
1.02786 0.00191807
1.02787 0.00193815
1.02981 0.00195272
1.02987 0.00196247
1.02988 0.001971
1.02989 0.00197846
1.02991 0.00198499
1.03149 0.00194715
1.03155 0.00191253
1.03156 0.00188224
1.03158 0.00185574
1.03159 0.00183405
1.03313 0.00180907
1.0332 0.00178871
1.03321 0.00177089
1.03322 0.0017553
1.03323 0.00174166
1.03325 0.00173123
1.03523 0.00177768
1.03532 0.00182132
1.03534 0.00185951
1.03535 0.00189292
1.03536 0.00192216
1.03537 0.00194775
1.0372 0.00195061
1.03727 0.0019486
1.03728 0.00194685
1.0373 0.00194531
1.03731 0.00194397
1.03732 0.0019443
1.03898 0.00192355
1.03905 0.0019024
1.03906 0.00188539
1.03907 0.00187051
1.03909 0.00185749
1.04066 0.00183559
1.04072 0.00181341
1.04073 0.00179401
1.04074 0.00177704
1.04252 0.00178772
1.04253 0.00179856
1.04262 0.00181106
1.04263 0.00182199
1.04264 0.00183156
1.04447 0.00184594
1.04453 0.00185401
1.04454 0.00186108
1.04455 0.00186726
1.04456 0.00187417
1.0463 0.0018682
1.04636 0.00186148
1.04637 0.0018556
1.04638 0.00185045
1.04806 0.00183994
1.04811 0.00182773
1.04812 0.00181706
1.04813 0.00180922
1.04953 0.00176631
1.04958 0.00172726
1.04959 0.00169309
1.05139 0.00171427
1.0514 0.0017343
1.05147 0.00175483
1.05149 0.00177279
1.05347 0.00181103
1.05352 0.00183999
1.05353 0.00186533
1.05354 0.00188901
1.05526 0.00187668
1.05531 0.00186439
1.05532 0.00185364
1.05703 0.00184273
1.05707 0.00183318
1.05709 0.00182483
1.05854 0.00178597
1.05859 0.00175048
1.0586 0.00172092
1.0602 0.00171308
1.06025 0.00170622
1.06026 0.00170022
1.06027 0.00169647
1.06234 0.00175177
1.06238 0.00180015
1.0624 0.00184249
1.06241 0.00187953
1.06431 0.00189092
1.06437 0.00190088
1.06438 0.0019111
1.06439 0.00192004
1.06607 0.00190083
1.06612 0.00188102
1.06613 0.00186368
1.06615 0.00185001
1.06762 0.00181252
1.06767 0.00177821
1.06768 0.00174819
1.06945 0.00175797
1.06946 0.00176803
1.06953 0.00177983
1.06955 0.00179016
1.07158 0.00183225
1.07162 0.00186456
1.07164 0.00189434
1.07165 0.0019204
1.07339 0.00190715
1.07344 0.00189406
1.07345 0.0018826
1.07346 0.00187408
1.07518 0.00186361
1.07523 0.00185296
1.07524 0.00184363
1.07667 0.00179943
1.07672 0.00176075
1.07673 0.0017269
1.07844 0.00173183
1.07849 0.00173615
1.0785 0.00173992
1.07851 0.00174473
1.08053 0.00178798
1.08058 0.00182433
1.08059 0.00185614
1.08234 0.00185092
1.08239 0.00184636
1.0824 0.00184236
1.08412 0.00183436
1.08417 0.00182586
1.08418 0.00181993
1.08552 0.00176667
1.08555 0.00171706
1.08556 0.00167516
1.08728 0.00168656
1.08732 0.00169653
1.08733 0.00170526
1.08944 0.00176246
1.08949 0.00181401
1.0895 0.00185912
1.09129 0.00185804
1.09134 0.00185559
1.09136 0.00185495
1.09304 0.00184087
1.09307 0.00182555
1.09309 0.00181364
1.0945 0.00177018
1.09454 0.00173215
1.09455 0.00169888
1.09641 0.00172533
1.09643 0.00174999
1.09647 0.00177306
1.09649 0.00179325
1.09854 0.00183495
1.09859 0.00186993
1.0986 0.00190054
1.09861 0.00192882
1.10033 0.00191152
1.10038 0.00189487
1.10039 0.00188031
1.10206 0.00186156
1.10211 0.00184515
1.10212 0.0018308
1.10413 0.00186029
1.10419 0.0018876
1.1042 0.0019115
1.10421 0.00193391
1.10605 0.00193249
1.1061 0.00192824
1.10611 0.00192453
1.10784 0.00190776
1.10789 0.00189309
1.1079 0.00188025
1.10939 0.00183898
1.10944 0.00180136
1.10945 0.00176995
1.11127 0.00178301
1.11133 0.00179595
1.11134 0.00180727
1.11135 0.00181868
1.11333 0.00184969
1.11338 0.00187382
1.11339 0.00189493
1.11513 0.00188336
1.11518 0.00187324
1.11519 0.00186439
1.11688 0.00184913
1.11693 0.00183427
1.11694 0.00182278
1.1187 0.00182323
1.11876 0.00182513
1.11878 0.0018268
1.11879 0.00182976
1.12075 0.00185638
1.12079 0.00187667
1.12081 0.00189442
1.12256 0.00188442
1.12261 0.00187416
1.12262 0.0018667
1.12418 0.00183613
1.12423 0.00180788
1.12424 0.00178466
1.12595 0.00178238
1.126 0.00178037
1.12601 0.00177862
1.12809 0.00182365
1.12814 0.00186305
1.12815 0.00189752
1.12999 0.00189765
1.13003 0.00189625
1.13005 0.00189654
1.13174 0.00187876
1.13179 0.00186171
1.1318 0.00184828
1.1333 0.00181251
1.13334 0.0017782
1.13511 0.00178122
1.13512 0.00178537
1.13517 0.0017905
1.13727 0.00183705
1.1373 0.00187477
1.13732 0.00190929
1.13913 0.00190343
1.13918 0.00189832
1.13919 0.00189534
1.14095 0.00188522
1.14099 0.00187487
1.14101 0.00186731
1.14256 0.00183516
1.14259 0.00180403
1.14418 0.0017813
1.14419 0.00176291
1.14424 0.00174832
1.14623 0.00178662
1.14624 0.00182013
1.14626 0.00185096
1.14632 0.00187944
1.1482 0.00189083
1.14821 0.00189931
1.14827 0.00190672
1.14829 0.00191471
1.15004 0.00190517
1.15009 0.00189383
1.1501 0.0018839
1.15157 0.00183917
1.15162 0.00180002
1.15163 0.00176578
1.15347 0.00178237
1.15353 0.00179839
1.15354 0.00181241
1.15355 0.00182618
1.15564 0.00186977
1.15569 0.0019049
1.1557 0.00193565
1.15741 0.00191449
1.15746 0.00189597
1.15747 0.00187977
1.15908 0.00185357
1.15913 0.00182915
1.15914 0.00180929
1.16108 0.00183396
1.16114 0.00185705
1.16116 0.00187725
1.16117 0.00189643
1.16305 0.00190571
1.1631 0.00191082
1.16311 0.00191529
1.16482 0.00189667
1.16487 0.00188038
1.16488 0.00186613
1.16646 0.00183713
1.1665 0.00181026
1.16652 0.00178825
1.16827 0.00179152
1.16833 0.00179588
1.16834 0.0017997
1.16835 0.00180454
1.17034 0.00183732
1.17038 0.001863
1.1704 0.00188546
1.1721 0.00187057
1.17215 0.00185754
1.17216 0.00184614
1.17382 0.00183016
1.17387 0.00181467
1.17388 0.00180263
1.17543 0.00177856
1.17548 0.00175751
1.17549 0.00173909
1.17741 0.00176953
1.17743 0.00179767
1.17749 0.0018238
1.1775 0.00184666
1.17956 0.00188468
1.17962 0.00191645
1.17964 0.00194425
1.17965 0.00197008
1.1815 0.00196564
1.18155 0.00195875
1.18156 0.00195273
1.18321 0.00192192
1.18325 0.00189496
1.18327 0.00187138
1.18515 0.00188078
1.18521 0.00189051
1.18522 0.00189902
1.18524 0.00190797
1.18719 0.00192481
1.18724 0.00193655
1.18725 0.00194681
1.18897 0.00192576
1.18902 0.00190733
1.18903 0.00189121
1.19061 0.00185908
1.19066 0.00182947
1.19067 0.00180505
1.19243 0.00180773
1.19249 0.00181157
1.19251 0.00181493
1.19252 0.00181937
1.19457 0.0018593
1.19462 0.00189124
1.19463 0.00191919
1.1964 0.00190759
1.19645 0.00189595
1.19646 0.00188726
1.19812 0.00186613
1.19817 0.00184615
1.19818 0.00183017
1.19996 0.0018312
