0.0 0
4.56e-05 4294967295
0.000230131 4294967295
0.000830931 4294967295
0.000842947 4294967295
0.00202052 4294967295
0.00204455 4294967295
0.00205656 4294967295
0.0020806 4294967295
0.00439968 4294967295
0.00439968 13140
0.00442371 13140
0.00444775 13140
0.00447178 13140
0.00448379 13140
0.00450783 13140
0.00453186 13140
0.00455589 13140
0.00686296 13140
0.00686296 13140
0.00686296 14158
0.00687498 14158
0.00688699 14158
0.00691103 14158
0.00693506 14158
0.00694707 14158
0.00925434 5840
0.00925434 5840
0.0109604 5840
0.0110085 5840
0.0110445 5840
0.0127388 5840
0.0127388 5840
0.0127388 6682
0.0127748 6682
0.0128229 6682
0.012871 6682
0.0140846 6682
0.0141326 6682
0.0141687 6682
0.0141807 6682
0.0142408 6682
0.015875 6682
0.015875 6682
0.015875 8208
0.015935 8208
0.0159711 8208
0.0159831 8208
0.0160432 8208
0.0160552 8208
0.0180499 8208
0.0180499 8208
0.0180499 8427
0.018134 8427
0.018146 8427
0.018158 8427
0.0182181 8427
0.0182301 8427
0.0202488 8427
0.0202488 8427
0.0202488 8359
0.0203329 8359
0.0203449 8359
0.0203569 8359
0.020405 8359
0.020417 8359
0.0227001 8359
0.0227001 8359
0.0227001 8097
0.0227842 8097
0.0227962 8097
0.0228082 8097
0.0228442 8097
0.0228563 8097
0.0251513 8097
0.0251513 8097
0.0251513 7534
0.0252354 7534
0.0252474 7534
0.0252595 7534
0.0252715 7534
0.0252835 7534
0.0275785 7534
0.0275785 7534
0.0275785 7000
0.0276627 7000
0.0276747 7000
0.0276867 7000
0.0276987 7000
0.0277107 7000
0.0297655 7000
0.0297655 7000
0.0297655 6520
0.0298376 6520
0.0298496 6520
0.0298616 6520
0.0298736 6520
0.0317962 6520
0.0317962 6520
0.0317962 5789
0.0318683 5789
0.0318803 5789
0.0318923 5789
0.0319043 5789
0.0337187 5789
0.0337187 5789
0.0337187 5271
0.0337788 5271
0.0337908 5271
0.0338028 5271
0.0355572 5271
0.0355572 5271
0.0355572 4601
0.0356173 4601
0.0356293 4601
0.0356413 4601
0.0372154 4601
0.0372755 4601
0.0372875 4601
0.0372995 4601
0.0389457 4601
0.0390178 4601
0.0390298 4601
0.0390418 4601
0.0411446 4601
0.0411446 4601
0.0411446 6259
0.0411566 6259
0.0412287 6259
0.0412407 6259
0.0412528 6259
0.0431633 6259
0.0431633 6259
0.0431633 5583
0.0432354 5583
0.0432474 5583
0.0432594 5583
0.0432714 5583
0.0450017 5583
0.0450017 5583
0.0450017 5019
0.0450618 5019
0.0450738 5019
0.0450859 5019
0.0467681 5019
0.0467681 5019
0.0467681 4431
0.0468282 4431
0.0468402 4431
0.0468522 4431
0.0483302 4431
0.0483782 4431
0.0483903 4431
0.0502047 4431
0.0502047 4431
0.0502047 4881
0.0502167 4881
0.0502648 4881
0.0502768 4881
0.0522354 4881
0.0522354 4881
0.0522354 4278
0.0522955 4278
0.0523075 4278
0.0523195 4278
0.0540738 4278
0.0540738 4278
0.0540738 3930
0.0541219 3930
0.0541339 3930
0.0558041 3930
0.0558522 3930
0.0558642 3930
0.0573542 3930
0.0574263 3930
0.0574383 3930
0.0574503 3930
0.0593008 3930
0.0593008 3930
0.0593008 5416
0.0593849 5416
0.0593969 5416
0.0594089 5416
0.0594209 5416
0.0613195 5416
0.0613195 5416
0.0613195 4934
0.0613796 4934
0.0613916 4934
0.0614036 4934
0.0630738 4934
0.0630738 4934
0.0630738 4318
0.0631339 4318
0.0631459 4318
0.0631579 4318
0.06472 4318
0.0647681 4318
0.0647801 4318
0.0664143 4318
0.0664263 4318
0.0664864 4318
0.0664984 4318
0.068493 4318
0.068493 4318
0.068493 5986
0.068505 5986
0.0685171 5986
0.0685892 5986
0.0686012 5986
0.0704396 5986
0.0704396 5986
0.0704396 5447
0.0704516 5447
0.0705237 5447
0.0705357 5447
0.0705478 5447
0.0723261 5447
0.0723261 5447
0.0723261 4963
0.0723862 4963
0.0723982 4963
0.0724102 4963
0.0739002 4963
0.0739603 4963
0.0739723 4963
0.0739843 4963
0.0757747 4963
0.0757747 4963
0.0757747 5465
0.0758468 5465
0.0758588 5465
0.0758709 5465
0.0758829 5465
0.0778655 5465
0.0778655 5465
0.0778655 4997
0.0779256 4997
0.0779376 4997
0.0779496 4997
0.0796799 4997
0.0796799 4997
0.0796799 4379
0.07974 4379
0.079752 4379
0.079764 4379
0.0813742 4379
0.0814222 4379
0.0814343 4379
0.0829363 4379
0.0829483 4379
0.0830084 4379
0.0830204 4379
0.0849189 4379
0.0849189 4379
0.0849189 5826
0.0849309 5826
0.0849429 5826
0.085003 5826
0.085015 5826
0.0869736 5826
0.0869736 5826
0.0869736 5202
0.0869857 5202
0.0870337 5202
0.0870457 5202
0.0888121 5202
0.0888121 5202
0.0888121 4494
0.0888722 4494
0.0888842 4494
0.0888962 4494
0.0905063 4494
0.0905544 4494
0.0905664 4494
0.0921645 4494
0.0921766 4494
0.0922366 4494
0.0922487 4494
0.0941953 4494
0.0941953 4494
0.0941953 5880
0.0942073 5880
0.0942193 5880
0.0942914 5880
0.0943034 5880
0.0961418 5880
0.0961418 5880
0.0961418 5240
0.0961539 5240
0.0962139 5240
0.096226 5240
0.0978962 5240
0.0978962 5240
0.0978962 4522
0.0979563 4522
0.0979683 4522
0.0979803 4522
0.0994703 4522
0.0995183 4522
0.0995304 4522
0.101225 4522
0.101225 4522
0.101225 5108
0.101237 5108
0.101297 5108
0.101309 5108
0.103363 5108
0.103363 5108
0.103363 4608
0.1034 4608
0.103412 4608
0.103424 4608
0.105262 4608
0.105262 4608
0.105262 4274
0.105298 4274
0.10531 4274
0.105322 4274
0.1071 4274
0.1071 4274
0.1071 3978
0.107136 3978
0.107148 3978
0.108614 3978
0.10865 3978
0.108663 3978
0.110441 3978
0.110441 3978
0.110441 4424
0.110489 4424
0.110501 4424
0.110513 4424
0.112544 4424
0.112544 4424
0.112544 4079
0.112592 4079
0.112604 4079
0.114286 4079
0.114334 4079
0.114346 4079
0.11604 4079
0.11604 4079
0.11604 4498
0.1161 4498
0.116112 4498
0.116124 4498
0.118227 4498
0.118227 4498
0.118227 4076
0.118275 4076
0.118287 4076
0.120018 4076
0.120018 4076
0.120018 3572
0.120054 3572
0.120066 3572
0.1217 3572
0.121736 3572
0.121748 3572
0.123719 3572
0.123719 3572
0.123719 4221
0.123755 4221
0.123767 4221
0.123779 4221
0.125713 4221
0.125713 4221
0.125713 3880
0.125749 3880
0.125761 3880
0.127468 3880
0.127468 3880
0.127468 3424
0.127516 3424
0.127528 3424
0.129006 3424
0.129054 3424
0.129066 3424
0.13082 3424
0.13082 3424
0.13082 4113
0.130868 4113
0.13088 4113
0.130892 4113
0.132935 4113
0.132935 4113
0.132935 3786
0.132983 3786
0.132995 3786
0.134725 3786
0.134725 3786
0.134725 3299
0.134773 3299
0.134785 3299
0.136468 3299
0.136516 3299
0.136528 3299
0.137958 3299
0.137994 3299
0.138006 3299
0.139784 3299
0.139784 3299
0.139784 4886
0.139796 4886
0.139844 4886
0.139856 4886
0.141887 4886
0.141887 4886
0.141887 4329
0.141923 4329
0.141935 4329
0.141947 4329
0.143749 4329
0.143749 4329
0.143749 3996
0.143797 3996
0.143809 3996
0.14548 3996
0.145528 3996
0.14554 3996
0.147426 3996
0.147426 3996
0.147426 4430
0.147474 4430
0.147486 4430
0.147498 4430
0.149361 4430
0.149361 4430
0.149361 4017
0.149409 4017
0.149421 4017
0.151139 4017
0.151139 4017
0.151139 3521
0.151187 3521
0.151199 3521
0.152713 3521
0.152761 3521
0.152773 3521
0.154468 3521
0.154468 3521
0.154468 4180
0.154516 4180
0.154528 4180
0.15454 4180
0.156642 4180
0.156642 4180
0.156642 3843
0.156678 3843
0.15669 3843
0.158505 3843
0.158505 3843
0.158505 3391
0.158541 3391
0.158553 3391
0.160235 3391
0.160271 3391
0.160283 3391
0.161773 3391
0.161809 3391
0.161821 3391
0.163672 3391
0.163672 3391
0.163672 4884
0.163684 4884
0.163732 4884
0.163744 4884
0.165835 4884
0.165835 4884
0.165835 4306
0.165883 4306
0.165895 4306
0.165907 4306
0.167685 4306
0.167685 4306
0.167685 3966
0.167733 3966
0.167745 3966
0.169415 3966
0.169463 3966
0.169475 3966
0.171458 3966
0.171458 3966
0.171458 4401
0.171518 4401
0.17153 4401
0.171542 4401
0.173381 4401
0.173381 4401
0.173381 3989
0.173441 3989
0.173453 3989
0.175123 3989
0.175171 3989
0.175183 3989
0.177022 3989
0.177022 3989
0.177022 4386
0.17707 4386
0.177082 4386
0.177094 4386
0.179064 4386
0.179064 4386
0.179064 4025
0.179124 4025
0.179136 4025
0.180903 4025
0.180903 4025
0.180903 3497
0.180951 3497
0.180963 3497
0.182549 3497
0.182597 3497
0.182609 3497
0.184363 3497
0.184363 3497
0.184363 4236
0.184423 4236
0.184435 4236
0.184447 4236
0.186466 4236
0.186466 4236
0.186466 3922
0.186514 3922
0.186526 3922
0.188281 3922
0.188281 3922
0.188281 3473
0.188329 3473
0.188341 3473
0.190023 3473
0.190071 3473
0.190083 3473
0.191621 3473
0.191681 3473
0.191693 3473
0.191705 3473
0.19364 3473
0.19364 3473
0.19364 5227
0.1937 5227
0.193712 5227
0.193724 5227
0.19555 5227
0.19555 5227
0.19555 4584
0.19561 4584
0.195622 4584
0.195634 4584
0.197293 4584
0.197341 4584
0.197353 4584
0.197365 4584
0.198915 4584
0.198963 4584
0.198975 4584
0.198987 4584
0.200873 4584
0.200873 4584
0.200873 6142
0.200885 6142
0.200945 6142
0.200957 6142
0.200969 6142
0.20306 6142
0.20306 6142
0.20306 5381
0.203108 5381
0.20312 5381
0.203132 5381
0.203144 5381
0.204923 5381
0.204923 5381
0.204923 4887
0.204983 4887
0.204995 4887
0.205007 4887
0.206641 4887
0.206701 4887
0.206713 4887
0.206725 4887
0.208684 4887
0.208684 4887
0.208684 5362
0.208744 5362
0.208756 5362
0.208768 5362
0.20878 5362
0.210606 5362
0.210606 5362
0.210606 4801
0.210666 4801
0.210678 4801
0.21069 4801
0.212361 4801
0.212361 4801
0.212361 4234
0.212409 4234
0.212421 4234
0.212433 4234
0.213983 4234
0.214031 4234
0.214043 4234
0.21605 4234
0.21605 4234
0.21605 4955
0.216062 4955
0.216122 4955
0.216134 4955
0.21796 4955
0.21796 4955
0.21796 4440
0.21802 4440
0.218032 4440
0.218044 4440
0.21975 4440
0.21975 4440
0.21975 4115
0.219798 4115
0.219811 4115
0.221373 4115
0.221421 4115
0.221433 4115
0.223283 4115
0.223283 4115
0.223283 4538
0.223343 4538
0.223355 4538
0.223367 4538
0.225206 4538
0.225206 4538
0.225206 4117
0.225254 4117
0.225266 4117
0.22696 4117
0.22696 4117
0.22696 3608
0.227008 3608
0.22702 3608
0.228678 3608
0.228726 3608
0.228738 3608
0.230457 3608
0.230457 3608
0.230457 4250
0.230529 4250
0.230541 4250
0.230553 4250
0.232367 4250
0.232367 4250
0.232367 3907
0.232415 3907
0.232427 3907
0.234218 3907
0.234218 3907
0.234218 3447
0.234266 3447
0.234278 3447
0.235852 3447
0.2359 3447
0.235912 3447
0.237594 3447
0.237654 3447
0.237654 3447
0.237654 4394
0.237666 4394
0.237678 4394
0.239805 4394
0.239865 4394
0.239865 4394
0.239865 4008
0.239877 4008
0.241812 4008
0.241872 4008
0.241872 4008
0.241872 3473
0.241884 3473
0.243554 3473
0.243602 3473
0.245164 3473
0.245176 3473
0.245224 3473
0.247183 3473
0.247183 3473
0.247183 4559
0.247195 4559
0.247207 4559
0.247255 4559
0.249106 4559
0.249106 4559
0.249106 4224
0.249118 4224
0.249166 4224
0.249178 4224
0.250776 4224
0.250836 4224
0.250848 4224
0.252686 4224
0.252686 4224
0.252686 4817
0.252698 4817
0.25277 4817
0.252782 4817
0.254765 4817
0.254765 4817
0.254765 4263
0.254825 4263
0.254837 4263
0.254849 4263
0.256555 4263
0.256555 4263
0.256555 3938
0.256616 3938
0.256628 3938
0.258274 3938
0.258322 3938
0.258334 3938
0.260124 3938
0.260124 3938
0.260124 4382
0.260184 4382
0.260196 4382
0.260208 4382
0.262167 4382
0.262167 4382
0.262167 3973
0.262227 3973
0.262239 3973
0.264065 3973
0.264065 3973
0.264065 3483
0.264114 3483
0.264126 3483
0.265724 3483
0.265772 3483
0.265784 3483
0.267538 3483
0.267538 3483
0.267538 4150
0.267598 4150
0.26761 4150
0.267622 4150
0.269653 4150
0.269653 4150
0.269653 3817
0.269701 3817
0.269713 3817
0.271515 3817
0.271515 3817
0.271515 3324
0.271563 3324
0.271575 3324
0.273234 3324
0.273282 3324
0.273294 3324
0.274892 3324
0.274952 3324
0.274964 3324
0.276959 3324
0.276959 3324
0.276959 4904
0.276971 4904
0.277031 4904
0.277043 4904
0.278809 4904
0.278809 4904
0.278809 4347
0.278869 4347
0.278881 4347
0.278893 4347
0.280551 4347
0.280599 4347
0.280611 4347
0.282041 4347
0.282053 4347
0.282113 4347
0.282125 4347
0.283916 4347
0.283916 4347
0.283916 5830
0.283928 5830
0.28394 5830
0.284024 5830
0.284036 5830
0.286007 5830
0.286007 5830
0.286007 5217
0.286019 5217
0.286091 5217
0.286103 5217
0.287845 5217
0.287845 5217
0.287845 4513
0.287893 4513
0.287905 4513
0.287917 4513
0.289539 4513
0.289587 4513
0.289599 4513
0.291474 4513
0.291474 4513
0.291474 4897
0.291486 4897
0.291546 4897
0.291558 4897
0.293469 4897
0.293469 4897
0.293469 4334
0.293517 4334
0.293529 4334
0.293541 4334
0.295271 4334
0.295271 4334
0.295271 3996
0.295319 3996
0.295331 3996
0.296845 3996
0.296893 3996
0.296905 3996
0.298792 3996
0.298792 3996
0.298792 4429
0.298852 4429
0.298864 4429
0.298876 4429
0.300858 4429
0.300858 4429
0.300858 4016
0.300906 4016
0.300919 4016
0.302601 4016
0.302649 4016
0.302661 4016
0.304451 4016
0.304451 4016
0.304451 4409
0.304511 4409
0.304523 4409
0.304535 4409
0.306578 4409
0.306578 4409
0.306578 4046
0.306626 4046
0.306638 4046
0.308344 4046
0.308344 4046
0.308344 3514
0.308392 3514
0.308404 3514
0.310063 3514
0.310111 3514
0.310123 3514
0.311901 3514
0.311901 3514
0.311901 4250
0.311961 4250
0.311973 4250
0.311985 4250
0.313968 4250
0.313968 4250
0.313968 3936
0.314016 3936
0.314028 3936
0.315854 3936
0.315854 3936
0.315854 3485
0.315902 3485
0.315914 3485
0.317561 3485
0.317609 3485
0.317621 3485
0.319315 3485
0.319315 3485
0.319315 4167
0.319375 4167
0.319387 4167
0.319399 4167
0.321442 4167
0.321442 4167
0.321442 3838
0.32149 3838
0.321502 3838
0.323376 3838
0.323376 3838
0.323376 3389
0.323424 3389
0.323436 3389
0.325059 3389
0.325095 3389
0.325107 3389
0.326681 3389
0.326717 3389
0.326729 3389
0.328724 3389
0.328724 3389
0.328724 4884
0.328736 4884
0.328784 4884
0.328796 4884
0.330814 4884
0.330814 4884
0.330814 4306
0.330862 4306
0.330874 4306
0.330886 4306
0.332617 4306
0.332617 4306
0.332617 3966
0.332665 3966
0.332677 3966
0.334287 3966
0.334335 3966
0.334347 3966
0.33633 3966
0.33633 3966
0.33633 4402
0.33639 4402
0.336402 4402
0.336414 4402
0.338324 4402
0.338324 4402
0.338324 3990
0.338372 3990
0.338384 3990
0.340055 3990
0.340103 3990
0.340115 3990
0.341605 3990
0.341665 3990
0.341677 3990
0.341689 3990
0.343611 3990
0.343611 3990
0.343611 5479
0.343683 5479
0.343695 5479
0.343707 5479
0.34372 5479
0.345654 5479
0.345654 5479
0.345654 4918
0.345714 4918
0.345726 4918
0.345738 4918
0.347408 4918
0.347408 4918
0.347408 4339
0.347468 4339
0.347481 4339
0.347493 4339
0.349139 4339
0.349187 4339
0.349199 4339
0.350905 4339
0.350905 4339
0.350905 5042
0.350917 5042
0.350977 5042
0.350989 5042
0.35302 5042
0.35302 5042
0.35302 4521
0.353056 4521
0.353068 4521
0.35308 4521
0.355027 4521
0.355027 4521
0.355027 4184
0.355063 4184
0.355075 4184
0.356769 4184
0.356805 4184
0.356817 4184
0.358319 4184
0.358355 4184
0.358367 4184
0.358379 4184
0.360326 4184
0.360326 4184
0.360326 5577
0.360374 5577
0.360386 5577
0.360398 5577
0.36041 5577
0.36244 5577
0.36244 5577
0.36244 5061
0.362488 5061
0.362501 5061
0.362513 5061
0.364231 5061
0.364231 5061
0.364231 4491
0.364291 4491
0.364303 4491
0.364315 4491
0.365985 4491
0.365985 4491
0.365985 4070
0.366045 4070
0.366057 4070
0.367547 4070
0.367595 4070
0.367607 4070
0.369434 4070
0.369434 4070
0.369434 4633
0.369482 4633
0.369494 4633
0.369506 4633
0.371488 4633
0.371488 4633
0.371488 4332
0.371549 4332
0.371561 4332
0.371573 4332
0.373387 4332
0.373387 4332
0.373387 4044
0.373447 4044
0.373459 4044
0.375129 4044
0.375177 4044
0.375189 4044
0.376908 4044
0.376908 4044
0.376908 4486
0.376956 4486
0.376968 4486
0.37698 4486
0.378926 4486
0.378926 4486
0.378926 4138
0.378986 4138
0.378998 4138
0.380729 4138
0.380729 4138
0.380729 3602
0.380777 3602
0.380789 3602
0.382399 3602
0.382447 3602
0.382459 3602
0.384165 3602
0.384165 3602
0.384165 4323
0.384225 4323
0.384237 4323
0.384249 4323
0.386364 4323
0.386364 4323
0.386364 4004
0.386412 4004
0.386424 4004
0.388323 4004
0.388323 4004
0.388323 3545
0.388371 3545
0.388383 3545
0.390065 3545
0.390113 3545
0.390125 3545
0.391675 3545
0.391735 3545
0.391747 3545
0.391759 3545
0.393754 3545
0.393754 3545
0.393754 5287
0.393814 5287
0.393826 5287
0.393838 5287
0.395737 5287
0.395737 5287
0.395737 4646
0.395797 4646
0.395809 4646
0.395821 4646
0.397491 4646
0.397491 4646
0.397491 4172
0.397551 4172
0.397563 4172
0.397575 4172
0.399125 4172
0.399173 4172
0.399185 4172
0.400844 4172
0.400856 4172
0.400916 4172
0.400928 4172
0.403006 4172
0.403006 4172
0.403006 5928
0.403018 5928
0.403091 5928
0.403103 5928
0.403115 5928
0.404941 5928
0.404941 5928
0.404941 5410
0.405001 5410
0.405013 5410
0.405025 5410
0.406707 5410
0.406707 5410
0.406707 4726
0.406767 4726
0.406779 4726
0.406791 4726
0.408245 4726
0.408306 4726
0.408318 4726
0.40833 4726
0.410012 4726
0.410012 4726
0.410012 5359
0.410072 5359
0.410084 5359
0.410096 5359
0.412103 5359
0.412103 5359
0.412103 4722
0.412163 4722
0.412175 4722
0.412187 4722
0.413869 4722
0.413869 4722
0.413869 4241
0.413929 4241
0.413941 4241
0.413953 4241
0.415599 4241
0.415647 4241
0.415659 4241
0.417221 4241
0.417233 4241
0.417293 4241
0.417305 4241
0.41924 4241
0.41924 4241
0.41924 5774
0.419252 5774
0.419324 5774
0.419336 5774
0.419348 5774
0.421163 5774
0.421163 5774
0.421163 5172
0.421223 5172
0.421235 5172
0.421247 5172
0.422905 5172
0.422965 5172
0.422977 5172
0.422989 5172
0.424647 5172
0.424719 5172
0.424719 5172
0.424719 5752
0.424731 5752
0.424743 5752
0.424755 5752
0.42669 5752
0.426774 5752
0.426774 5752
0.426774 5130
0.426786 5130
0.426798 5130
0.428516 5130
0.428589 5130
0.428589 5130
0.428589 4507
0.428601 4507
0.428613 4507
0.430259 4507
0.430319 4507
0.430331 4507
0.431809 4507
0.431881 4507
0.431893 4507
0.431905 4507
0.433743 4507
0.433743 4507
0.433743 5825
0.433827 5825
0.43384 5825
0.433852 5825
0.433864 5825
0.435798 5825
0.435798 5825
0.435798 5324
0.43587 5324
0.435882 5324
0.435894 5324
0.437625 5324
0.437625 5324
0.437625 4656
0.437697 4656
0.437709 4656
0.437721 4656
0.439319 4656
0.439379 4656
0.439391 4656
0.439403 4656
0.441049 4656
0.441133 4656
0.441133 4656
0.441133 5588
0.441145 5588
0.441157 5588
0.4432 5588
0.443212 5588
0.44332 5588
0.44332 5588
0.44332 5019
0.443332 5019
0.445183 5019
0.445195 5019
0.445291 5019
0.445291 5019
0.445291 4429
0.446901 4429
0.446913 4429
0.446925 4429
0.447021 4429
0.448727 4429
0.448727 4429
0.448727 4532
0.448739 4532
0.448835 4532
0.448847 4532
0.450854 4532
0.450854 4532
0.450854 4188
0.450926 4188
0.450938 4188
0.452596 4188
0.452657 4188
0.452669 4188
0.454243 4188
0.454303 4188
0.454315 4188
0.454327 4188
0.456333 4188
0.456333 4188
0.456333 5683
0.456406 5683
0.456418 5683
0.45643 5683
0.456442 5683
0.458244 5683
0.458244 5683
0.458244 5133
0.458304 5133
0.458316 5133
0.458328 5133
0.459986 5133
0.460046 5133
0.460058 5133
0.46007 5133
0.461657 5133
0.461729 5133
0.461741 5133
0.461753 5133
0.461765 5133
0.463795 5133
0.463795 5133
0.463795 6673
0.46388 6673
0.463892 6673
0.463904 6673
0.463916 6673
0.463928 6673
0.465706 6673
0.465706 6673
0.465706 6032
0.465778 6032
0.46579 6032
0.465802 6032
0.465814 6032
0.467424 6032
0.467496 6032
0.467508 6032
0.46752 6032
0.467532 6032
0.46907 6032
0.469155 6032
0.469167 6032
0.469179 6032
0.469191 6032
0.471173 6032
0.471173 6032
0.471173 7523
0.471185 7523
0.471281 7523
0.471293 7523
0.471305 7523
0.471317 7523
0.47306 7523
0.47306 7523
0.47306 6650
0.473156 6650
0.473168 6650
0.47318 6650
0.473192 6650
0.473204 6650
0.474826 6650
0.474826 6650
0.474826 5900
0.474898 5900
0.47491 5900
0.474922 5900
0.474934 5900
0.476544 5900
0.476604 5900
0.476616 5900
0.476628 5900
0.478515 5900
0.478515 5900
0.478515 6360
0.478527 6360
0.478599 6360
0.478611 6360
0.478623 6360
0.480365 6360
0.480365 6360
0.480365 5663
0.480438 5663
0.48045 5663
0.480462 5663
0.480474 5663
0.482132 5663
0.482132 5663
0.482132 5172
0.482192 5172
0.482204 5172
0.482216 5172
0.483742 5172
0.483802 5172
0.483814 5172
0.483826 5172
0.485532 5172
0.485532 5172
0.485532 5871
0.485604 5871
0.485616 5871
0.485628 5871
0.48564 5871
0.487719 5871
0.487719 5871
0.487719 5381
0.487779 5381
0.487791 5381
0.487803 5381
0.489738 5381
0.489738 5381
0.489738 4799
0.489798 4799
0.48981 4799
0.489822 4799
0.491408 4799
0.491456 4799
0.491468 4799
0.49148 4799
0.493138 4799
0.493187 4799
0.493199 4799
0.493211 4799
0.493223 4799
0.495337 4799
0.495337 4799
0.495337 6532
0.495397 6532
0.495409 6532
0.495422 6532
0.495434 6532
0.49714 6532
0.49714 6532
0.49714 5764
0.4972 5764
0.497212 5764
0.497224 5764
0.497236 5764
0.498834 5764
0.498894 5764
0.498906 5764
0.498918 5764
0.500841 5764
0.500841 5764
0.500841 6152
0.500853 6152
0.500937 6152
0.500949 6152
0.500961 6152
0.502847 6152
0.502847 6152
0.502847 5431
0.502907 5431
0.502919 5431
0.502932 5431
0.502944 5431
0.50465 5431
0.50465 5431
0.50465 4951
0.50471 4951
0.504722 4951
0.504734 4951
0.50632 4951
0.506368 4951
0.50638 4951
0.506392 4951
0.507882 4951
0.50793 4951
0.507942 4951
0.507954 4951
0.507966 4951
0.509793 4951
0.509793 4951
0.509793 6500
0.509841 6500
0.509853 6500
0.509865 6500
0.509877 6500
0.509889 6500
0.511775 6500
0.511775 6500
0.511775 5863
0.511823 5863
0.511835 5863
0.511847 5863
0.511859 5863
0.513506 5863
0.513566 5863
0.513578 5863
0.51359 5863
0.51526 5863
0.51526 5863
0.51526 6132
0.515272 6132
0.515356 6132
0.515368 6132
0.51538 6132
0.517375 6132
0.517375 6132
0.517375 5368
0.517435 5368
0.517447 5368
0.517459 5368
0.517471 5368
0.519177 5368
0.519177 5368
0.519177 4873
0.519237 4873
0.519249 4873
0.519261 4873
0.520895 4873
0.520943 4873
0.520956 4873
0.520968 4873
0.522433 4873
0.522494 4873
0.522506 4873
0.522518 4873
0.52253 4873
0.524296 4873
0.524296 4873
0.524296 6426
0.524368 6426
0.52438 6426
0.524392 6426
0.524404 6426
0.526255 6426
0.526255 6426
0.526255 5597
0.526315 5597
0.526327 5597
0.526339 5597
0.526351 5597
0.528009 5597
0.528009 5597
0.528009 5048
0.528069 5048
0.528081 5048
0.528093 5048
0.529703 5048
0.529775 5048
0.529787 5048
0.529799 5048
0.53165 5048
0.53165 5048
0.53165 5733
0.531734 5733
0.531746 5733
0.531758 5733
0.53177 5733
0.533524 5733
0.533524 5733
0.533524 5240
0.533596 5240
0.533608 5240
0.53362 5240
0.535279 5240
0.535279 5240
0.535279 4666
0.535351 4666
0.535363 4666
0.535375 4666
0.536841 4666
0.536901 4666
0.536913 4666
0.536925 4666
0.538643 4666
0.538643 4666
0.538643 5580
0.538715 5580
0.538727 5580
0.538739 5580
0.540782 5580
0.540782 5580
0.540782 5057
0.540854 5057
0.540866 5057
0.540878 5057
0.542716 5057
0.542716 5057
0.542716 4585
0.542777 4585
0.542789 4585
0.542801 4585
0.544435 4585
0.544495 4585
0.544507 4585
0.544519 4585
0.546021 4585
0.546093 4585
0.546105 4585
0.546117 4585
0.548064 4585
0.548064 4585
0.548064 6349
0.548076 6349
0.548172 6349
0.548184 6349
0.548196 6349
0.55007 6349
0.55007 6349
0.55007 5716
0.550142 5716
0.550154 5716
0.550166 5716
0.550178 5716
0.551849 5716
0.551849 5716
0.551849 5155
0.551921 5155
0.551933 5155
0.551945 5155
0.553543 5155
0.553603 5155
0.553615 5155
0.553627 5155
0.555658 5155
0.555658 5155
0.555658 5535
0.55573 5535
0.555742 5535
0.555754 5535
0.555766 5535
0.557568 5535
0.557568 5535
0.557568 5004
0.557628 5004
0.55764 5004
0.557652 5004
0.559323 5004
0.559323 5004
0.559323 4431
0.559383 4431
0.559395 4431
0.559407 4431
0.560921 4431
0.560969 4431
0.560981 4431
0.562735 4431
0.562735 4431
0.562735 5124
0.562747 5124
0.562807 5124
0.562819 5124
0.564874 5124
0.564874 5124
0.564874 4599
0.564934 4599
0.564946 4599
0.564958 4599
0.566845 4599
0.566845 4599
0.566845 4254
0.566905 4254
0.566917 4254
0.566929 4254
0.568599 4254
0.568599 4254
0.568599 3956
0.568647 3956
0.568659 3956
0.570149 3956
0.570209 3956
0.570221 3956
0.572096 3956
0.572096 3956
0.572096 4582
0.57218 4582
0.572192 4582
0.572204 4582
0.574114 4582
0.574114 4582
0.574114 4303
0.574186 4303
0.574198 4303
0.57421 4303
0.575929 4303
0.575929 4303
0.575929 4027
0.575977 4027
0.575989 4027
0.577659 4027
0.577707 4027
0.577719 4027
0.579257 4027
0.579329 4027
0.579341 4027
0.579353 4027
0.581144 4027
0.581144 4027
0.581144 5574
0.58124 5574
0.581252 5574
0.581264 5574
0.581276 5574
0.583162 5574
0.583162 5574
0.583162 5032
0.583234 5032
0.583246 5032
0.583258 5032
0.584989 5032
0.584989 5032
0.584989 4453
0.585049 4453
0.585061 4453
0.585073 4453
0.586659 4453
0.586707 4453
0.586719 4453
0.588533 4453
0.588533 4453
0.588533 4940
0.588546 4940
0.588594 4940
0.588606 4940
0.590588 4940
0.590588 4940
0.590588 4347
0.590648 4347
0.59066 4347
0.590672 4347
0.592415 4347
0.592415 4347
0.592415 3995
0.592463 3995
0.592475 3995
0.594157 3995
0.594205 3995
0.594217 3995
0.595971 3995
0.595971 3995
0.595971 4422
0.596031 4422
0.596043 4422
0.596056 4422
0.598122 4422
0.598122 4422
0.598122 4007
0.59817 4007
0.598182 4007
0.600105 4007
0.600105 4007
0.600105 3511
0.600153 3511
0.600165 3511
0.601895 3511
0.601895 3511
0.601895 3202
0.601943 3202
0.601955 3202
0.603517 3202
0.603566 3202
0.603578 3202
0.605428 3202
0.605428 3202
0.605428 4069
0.605476 4069
0.605488 4069
0.607435 4069
0.607435 4069
0.607435 3540
0.607483 3540
0.607495 3540
0.609201 3540
0.609201 3540
0.609201 3214
0.609249 3214
0.609261 3214
0.610823 3214
0.610871 3214
0.610883 3214
0.612505 3214
0.612553 3214
0.612565 3214
0.614644 3214
0.614644 3214
0.614644 4881
0.614656 4881
0.614716 4881
0.614728 4881
0.616591 4881
0.616591 4881
0.616591 4342
0.616651 4342
0.616663 4342
0.616675 4342
0.618417 4342
0.618417 4342
0.618417 4015
0.618465 4015
0.618477 4015
0.619967 4015
0.620015 4015
0.620027 4015
0.621818 4015
0.621818 4015
0.621818 4450
0.621878 4450
0.62189 4450
0.621902 4450
0.623945 4450
0.623945 4450
0.623945 4037
0.623993 4037
0.624005 4037
0.625747 4037
0.625747 4037
0.625747 3538
0.625795 3538
0.625807 3538
0.627465 3538
0.627513 3538
0.627525 3538
0.629376 3538
0.629376 3538
0.629376 4193
0.629436 4193
0.629448 4193
0.62946 4193
0.631383 4193
0.631383 4193
0.631383 3855
0.631431 3855
0.631443 3855
0.633197 3855
0.633197 3855
0.633197 3402
0.633245 3402
0.633257 3402
0.634843 3402
0.634891 3402
0.634903 3402
0.63661 3402
0.63661 3402
0.63661 4096
0.636658 4096
0.63667 4096
0.6387 4096
0.6387 4096
0.6387 3522
0.638748 3522
0.63876 3522
0.640527 3522
0.640527 3522
0.640527 3182
0.640575 3182
0.640587 3182
0.642221 3182
0.642269 3182
0.642281 3182
0.643795 3182
0.643843 3182
0.643855 3182
0.645754 3182
0.645754 3182
0.645754 4846
0.645766 4846
0.645826 4846
0.645838 4846
0.647856 4846
0.647856 4846
0.647856 4304
0.647917 4304
0.647929 4304
0.647941 4304
0.649767 4304
0.649767 4304
0.649767 3980
0.649815 3980
0.649827 3980
0.651497 3980
0.651545 3980
0.651557 3980
0.653119 3980
0.65318 3980
0.653192 3980
0.653204 3980
0.655222 3980
0.655222 3980
0.655222 5469
0.655294 5469
0.655306 5469
0.655318 5469
0.65533 5469
0.657301 5469
0.657301 5469
0.657301 4992
0.657361 4992
0.657373 4992
0.657385 4992
0.659055 4992
0.659055 4992
0.659055 4372
0.659115 4372
0.659127 4372
0.65914 4372
0.66069 4372
0.660738 4372
0.66075 4372
0.662432 4372
0.662444 4372
0.662504 4372
0.662504 4372
0.662504 5578
0.662516 5578
0.664559 5578
0.664571 5578
0.664583 5578
0.664619 5578
0.664619 5578
0.664619 5100
0.666433 5100
0.666445 5100
0.666457 5100
0.666493 5100
0.666493 5100
0.666493 4544
0.668139 4544
0.668152 4544
0.668164 4544
0.6682 4544
0.669822 4544
0.669834 4544
0.669882 4544
0.669894 4544
0.671949 4544
0.671949 4544
0.671949 5740
0.671961 5740
0.672021 5740
0.672033 5740
0.672045 5740
0.673907 5740
0.673907 5740
0.673907 5367
0.673967 5367
0.673979 5367
0.673991 5367
0.675662 5367
0.675662 5367
0.675662 4750
0.675722 4750
0.675734 4750
0.675746 4750
0.677284 4750
0.677344 4750
0.677356 4750
0.677368 4750
0.67893 4750
0.679014 4750
0.679026 4750
0.679038 4750
0.67905 4750
0.681045 4750
0.681045 4750
0.681045 6824
0.681141 6824
0.681153 6824
0.681165 6824
0.681177 6824
0.682991 6824
0.682991 6824
0.682991 6195
0.683075 6195
0.683087 6195
0.683099 6195
0.683111 6195
0.684902 6195
0.684902 6195
0.684902 5581
0.684974 5581
0.684986 5581
0.684998 5581
0.68501 5581
0.686608 5581
0.686668 5581
0.68668 5581
0.686692 5581
0.688158 5581
0.68823 5581
0.688242 5581
0.688254 5581
0.688266 5581
0.690129 5581
0.690129 5581
0.690129 7108
0.690213 7108
0.690225 7108
0.690237 7108
0.690249 7108
0.690261 7108
0.692171 7108
0.692171 7108
0.692171 6357
0.692244 6357
0.692256 6357
0.692268 6357
0.69228 6357
0.694058 6357
0.694058 6357
0.694058 5620
0.69413 5620
0.694142 5620
0.694154 5620
0.694166 5620
0.69574 5620
0.6958 5620
0.695812 5620
0.695824 5620
0.697338 5620
0.69735 5620
0.69741 5620
0.697422 5620
0.697434 5620
0.699297 5620
0.699297 5620
0.699297 7066
0.699309 7066
0.699381 7066
0.699393 7066
0.699405 7066
0.699417 7066
0.701268 7066
0.701268 7066
0.701268 6278
0.70134 6278
0.701352 6278
0.701364 6278
0.701376 6278
0.70307 6278
0.70307 6278
0.70307 5529
0.703142 5529
0.703154 5529
0.703166 5529
0.703178 5529
0.704764 5529
0.704824 5529
0.704836 5529
0.704848 5529
0.70623 5529
0.706302 5529
0.706314 5529
0.706326 5529
0.706338 5529
0.708093 5529
0.708093 5529
0.708093 6950
0.708177 6950
0.708189 6950
0.708201 6950
0.708213 6950
0.708225 6950
0.710244 6950
0.710244 6950
0.710244 6200
0.710316 6200
0.710328 6200
0.71034 6200
0.710352 6200
0.712166 6200
0.712166 6200
0.712166 5374
0.712238 5374
0.71225 5374
0.712262 5374
0.712274 5374
0.713908 5374
0.713969 5374
0.713981 5374
0.713993 5374
0.715446 5374
0.715507 5374
0.715519 5374
0.715531 5374
0.715543 5374
0.717417 5374
0.717417 5374
0.717417 6812
0.717489 6812
0.717501 6812
0.717513 6812
0.717525 6812
0.717537 6812
0.719436 6812
0.719436 6812
0.719436 6020
0.719496 6020
0.719508 6020
0.71952 6020
0.719532 6020
0.721226 6020
0.721226 6020
0.721226 5290
0.721286 5290
0.721298 5290
0.72131 5290
0.721322 5290
0.722872 5290
0.72292 5290
0.722932 5290
0.722944 5290
0.724879 5290
0.724879 5290
0.724879 5750
0.724927 5750
0.724939 5750
0.724951 5750
0.724963 5750
0.72691 5750
0.72691 5750
0.72691 5102
0.72697 5102
0.726982 5102
0.726994 5102
0.728712 5102
0.728712 5102
0.728712 4397
0.72876 4397
0.728772 4397
0.728784 4397
0.730358 4397
0.730406 4397
0.730418 4397
0.732161 4397
0.732161 4397
0.732161 4795
0.732173 4795
0.732245 4795
0.732257 4795
0.734179 4795
0.734179 4795
0.734179 4241
0.734227 4241
0.73424 4241
0.734252 4241
0.73603 4241
0.73603 4241
0.73603 3918
0.736078 3918
0.73609 3918
0.737784 3918
0.737784 3918
0.737784 3416
0.737832 3416
0.737844 3416
0.73919 3416
0.739238 3416
0.73925 3416
0.740992 3416
0.740992 3416
0.740992 4178
0.741041 4178
0.741053 4178
0.741065 4178
0.743191 4178
0.743191 4178
0.743191 3871
0.743239 3871
0.743252 3871
0.745054 3871
0.745054 3871
0.745054 3428
0.745102 3428
0.745114 3428
0.746844 3428
0.746844 3428
0.746844 3150
0.746892 3150
0.746904 3150
0.748394 3150
0.748442 3150
0.748454 3150
0.750197 3150
0.750197 3150
0.750197 4035
0.750245 4035
0.750257 4035
0.752336 4035
0.752336 4035
0.752336 3510
0.752384 3510
0.752396 3510
0.754222 3510
0.754222 3510
0.754222 3190
0.75427 3190
0.754282 3190
0.756012 3190
0.756012 3190
0.756012 2990
0.756061 2990
0.756073 2990
0.757551 2990
0.757587 2990
0.759329 2990
0.759329 2990
0.759329 3670
0.759341 3670
0.759389 3670
0.761468 3670
0.761468 3670
0.761468 3294
0.761516 3294
0.761528 3294
0.763318 3294
0.763318 3294
0.763318 3060
0.763366 3060
0.763378 3060
0.765073 3060
0.765073 3060
0.765073 2920
0.765109 2920
0.766623 2920
0.766671 2920
0.768485 2920
0.768485 2920
0.768485 3434
0.768557 3434
0.768569 3434
0.770564 3434
0.770564 3434
0.770564 3241
0.770624 3241
0.770636 3241
0.772402 3241
0.772402 3241
0.772402 3078
0.77245 3078
0.772462 3078
0.774049 3078
0.774085 3078
0.775887 3078
0.775887 3078
0.775887 3764
0.775899 3764
0.775935 3764
0.778014 3764
0.778014 3764
0.778014 3390
0.778062 3390
0.778074 3390
0.77984 3390
0.77984 3390
0.77984 3142
0.779888 3142
0.7799 3142
0.781571 3142
0.781619 3142
0.783397 3142
0.783397 3142
0.783397 3792
0.783409 3792
0.783457 3792
0.785488 3792
0.785488 3792
0.785488 3406
0.785536 3406
0.785548 3406
0.787314 3406
0.787314 3406
0.787314 3152
0.787362 3152
0.787374 3152
0.788984 3152
0.789032 3152
0.789044 3152
0.790655 3152
0.790703 3152
0.790715 3152
0.792757 3152
0.792757 3152
0.792757 4857
0.792769 4857
0.792818 4857
0.79283 4857
0.794704 4857
0.794704 4857
0.794704 4325
0.794764 4325
0.794776 4325
0.794788 4325
0.796482 4325
0.796482 4325
0.796482 4002
0.79653 4002
0.796542 4002
0.798056 4002
0.798105 4002
0.798117 4002
0.800003 4002
0.800003 4002
0.800003 4440
0.800075 4440
0.800087 4440
0.800099 4440
0.802058 4440
0.802058 4440
0.802058 4028
0.802106 4028
0.802118 4028
0.80386 4028
0.80386 4028
0.80386 3531
0.803908 3531
0.80392 3531
0.80553 3531
0.805578 3531
0.805591 3531
0.807501 3531
0.807501 3531
0.807501 4188
0.807561 4188
0.807573 4188
0.807585 4188
0.809556 4188
0.809556 4188
0.809556 3850
0.809604 3850
0.809616 3850
0.811406 3850
0.811406 3850
0.811406 3398
0.811454 3398
0.811466 3398
0.813052 3398
0.813101 3398
0.813113 3398
0.814915 3398
0.814915 3398
0.814915 4093
0.814963 4093
0.814975 4093
0.81697 4093
0.81697 4093
0.81697 3520
0.817018 3520
0.81703 3520
0.81876 3520
0.81876 3520
0.81876 3180
0.818808 3180
0.81882 3180
0.820502 3180
0.82055 3180
0.820562 3180
0.822161 3180
0.822209 3180
0.822221 3180
0.824263 3180
0.824263 3180
0.824263 4844
0.824275 4844
0.824323 4844
0.824335 4844
0.826342 4844
0.826342 4844
0.826342 4302
0.826402 4302
0.826414 4302
0.826426 4302
0.828096 4302
0.828096 4302
0.828096 3977
0.828145 3977
0.828157 3977
0.829779 3977
0.829827 3977
0.829839 3977
0.831845 3977
0.831845 3977
0.831845 4602
0.831918 4602
0.83193 4602
0.831942 4602
0.833792 4602
0.833792 4602
0.833792 4248
0.833852 4248
0.833864 4248
0.833876 4248
0.835618 4248
0.835618 4248
0.835618 4011
0.835667 4011
0.835679 4011
0.837193 4011
0.837241 4011
0.837253 4011
0.839163 4011
0.839163 4011
0.839163 4484
0.839223 4484
0.839235 4484
0.839247 4484
0.841218 4484
0.841218 4484
0.841218 4081
0.841266 4081
0.841278 4081
0.842972 4081
0.842972 4081
0.842972 3583
0.84302 3583
0.843032 3583
0.844691 3583
0.844739 3583
0.844751 3583
0.846553 3583
0.846553 3583
0.846553 4232
0.846625 4232
0.846637 4232
0.846649 4232
0.84856 4232
0.84856 4232
0.84856 3892
0.848608 3892
0.84862 3892
0.85041 3892
0.85041 3892
0.85041 3435
0.850458 3435
0.85047 3435
0.852128 3435
0.852177 3435
0.852189 3435
0.853919 3435
0.853919 3435
0.853919 4122
0.853979 4122
0.853991 4122
0.854003 4122
0.855938 4122
0.855938 4122
0.855938 3795
0.855986 3795
0.855998 3795
0.857776 3795
0.857776 3795
0.857776 3306
0.857824 3306
0.857836 3306
0.859518 3306
0.859566 3306
0.859578 3306
0.861116 3306
0.861165 3306
0.861177 3306
0.863159 3306
0.863159 3306
0.863159 4892
0.863171 4892
0.863219 4892
0.863231 4892
0.865262 4892
0.865262 4892
0.865262 4336
0.865322 4336
0.865334 4336
0.865346 4336
0.86704 4336
0.86704 4336
0.86704 4001
0.867088 4001
0.8671 4001
0.868735 4001
0.868783 4001
0.868795 4001
0.870729 4001
0.870729 4001
0.870729 4435
0.870801 4435
0.870813 4435
0.870825 4435
0.872676 4435
0.872676 4435
0.872676 4021
0.872724 4021
0.872736 4021
0.87449 4021
0.87449 4021
0.87449 3525
0.874538 3525
0.87455 3525
0.876112 3525
0.87616 3525
0.876172 3525
0.878023 3525
0.878023 3525
0.878023 4182
0.878083 4182
0.878095 4182
0.878107 4182
0.880066 4182
0.880066 4182
0.880066 3845
0.880114 3845
0.880126 3845
0.881916 3845
0.881916 3845
0.881916 3393
0.881964 3393
0.881976 3393
0.883646 3393
0.883695 3393
0.883707 3393
0.885473 3393
0.885473 3393
0.885473 4089
0.885521 4089
0.885533 4089
0.887419 4089
0.887419 4089
0.887419 3516
0.887468 3516
0.88748 3516
0.88921 3516
0.88921 3516
0.88921 3177
0.889258 3177
0.88927 3177
0.890844 3177
0.890892 3177
0.890904 3177
0.892562 3177
0.89261 3177
0.892622 3177
0.894737 3177
0.894737 3177
0.894737 4841
0.894749 4841
0.894797 4841
0.894809 4841
0.896696 4841
0.896696 4841
0.896696 4300
0.896756 4300
0.896768 4300
0.89678 4300
0.898426 4300
0.898474 4300
0.898486 4300
0.900048 4300
0.90006 4300
0.900108 4300
0.90012 4300
0.902079 4300
0.902079 4300
0.902079 5795
0.902091 5795
0.902103 5795
0.902163 5795
0.902175 5795
0.904062 5795
0.904062 5795
0.904062 5183
0.904074 5183
0.904122 5183
0.904134 5183
0.905852 5183
0.905852 5183
0.905852 4484
0.905912 4484
0.905924 4484
0.905936 4484
0.907498 4484
0.907546 4484
0.907558 4484
0.909517 4484
0.909517 4484
0.909517 4874
0.909529 4874
0.909577 4874
0.909589 4874
0.911512 4874
0.911512 4874
0.911512 4315
0.911572 4315
0.911584 4315
0.911596 4315
0.913314 4315
0.913314 4315
0.913314 3980
0.913362 3980
0.913374 3980
0.914972 3980
0.91502 3980
0.915032 3980
0.916799 3980
0.916799 3980
0.916799 4417
0.916871 4417
0.916883 4417
0.916895 4417
0.918793 4417
0.918793 4417
0.918793 4005
0.918841 4005
0.918853 4005
0.920584 4005
0.920584 4005
0.920584 3510
0.920632 3510
0.920644 3510
0.922278 3510
0.922326 3510
0.922338 3510
0.924164 3510
0.924164 3510
0.924164 4171
0.924224 4171
0.924236 4171
0.924249 4171
0.926051 4171
0.926051 4171
0.926051 3836
0.926099 3836
0.926111 3836
0.927769 3836
0.927817 3836
0.927829 3836
0.929752 3836
0.929752 3836
0.929752 4284
0.929812 4284
0.929824 4284
0.929836 4284
0.931734 4284
0.931734 4284
0.931734 3938
0.931783 3938
0.931795 3938
0.933501 3938
0.933501 3938
0.933501 3426
0.933549 3426
0.933561 3426
0.935159 3426
0.935207 3426
0.935219 3426
0.937118 3426
0.937118 3426
0.937118 4182
0.937178 4182
0.93719 4182
0.937202 4182
0.939124 4182
0.939124 4182
0.939124 3874
0.939172 3874
0.939184 3874
0.940915 3874
0.940915 3874
0.940915 3430
0.940963 3430
0.940975 3430
0.942633 3430
0.942681 3430
0.942693 3430
0.944375 3430
0.944435 3430
0.944435 3430
0.944435 4386
0.944447 4386
0.944459 4386
0.946562 4386
0.946622 4386
0.946622 4386
0.946622 4003
0.946634 4003
0.948557 4003
0.948617 4003
0.948617 4003
0.948617 3469
0.948629 3469
0.950215 3469
0.950263 3469
0.951897 3469
0.951909 3469
0.951957 3469
0.953964 3469
0.953964 3469
0.953964 4556
0.953976 4556
0.953988 4556
0.954048 4556
0.955887 4556
0.955887 4556
0.955887 4221
0.955899 4221
0.955947 4221
0.957641 4221
0.957641 4221
0.957641 3680
0.957653 3680
0.957713 3680
0.959203 3680
0.959263 3680
0.959275 3680
0.961198 3680
0.961198 3680
0.961198 4389
0.961258 4389
0.96127 4389
0.961282 4389
0.963264 4389
0.963264 4389
0.963264 4065
0.963325 4065
0.963337 4065
0.965079 4065
0.965079 4065
0.965079 3600
0.965127 3600
0.965139 3600
0.966713 3600
0.966761 3600
0.966773 3600
0.968539 3600
0.968539 3600
0.968539 4261
0.9686 4261
0.968612 4261
0.968624 4261
0.97069 4261
0.97069 4261
0.97069 3924
0.970738 3924
0.97075 3924
0.972589 3924
0.972589 3924
0.972589 3466
0.972637 3466
0.972649 3466
0.974271 3466
0.974319 3466
0.974331 3466
0.975953 3466
0.976013 3466
0.976025 3466
0.976037 3466
0.978068 3466
0.978068 3466
0.978068 5218
0.97814 5218
0.978152 5218
0.978164 5218
0.979979 5218
0.979979 5218
0.979979 4573
0.980039 4573
0.980051 4573
0.980063 4573
0.981745 4573
0.981745 4573
0.981745 4108
0.981805 4108
0.981817 4108
0.981829 4108
0.983271 4108
0.983319 4108
0.983331 4108
0.985074 4108
0.985074 4108
0.985074 4652
0.985086 4652
0.985134 4652
0.985146 4652
0.987224 4652
0.987224 4652
0.987224 4149
0.987284 4149
0.987296 4149
0.987308 4149
0.989063 4149
0.989063 4149
0.989063 3856
0.989111 3856
0.989123 3856
0.990805 3856
0.990853 3856
0.990865 3856
0.992379 3856
0.992439 3856
0.992451 3856
0.992463 3856
0.994434 3856
0.994434 3856
0.994434 5376
0.994506 5376
0.994518 5376
0.99453 5376
0.994542 5376
0.996525 5376
0.996525 5376
0.996525 4901
0.996585 4901
0.996597 4901
0.996609 4901
0.998411 4901
0.998411 4901
0.998411 4291
0.998471 4291
0.998483 4291
0.998495 4291
1.00008 4291
1.00013 4291
1.00014 4291
1.0017 4291
1.00172 4291
1.00178 4291
1.00179 4291
1.00381 4291
1.00381 4291
1.00381 5755
1.00382 5755
1.00383 5755
1.00389 5755
1.0039 5755
1.0057 5755
1.0057 5755
1.0057 5131
1.00572 5131
1.00577 5131
1.00578 5131
1.00742 5131
1.00748 5131
1.0075 5131
1.00751 5131
1.00914 5131
1.00921 5131
1.00923 5131
1.00924 5131
1.00925 5131
1.01133 5131
1.01133 5131
1.01133 6580
1.01141 6580
1.01142 6580
1.01144 6580
1.01145 6580
1.01146 6580
1.01318 6580
1.01318 6580
1.01318 5914
1.01325 5914
1.01326 5914
1.01328 5914
1.01329 5914
1.01491 5914
1.01497 5914
1.01498 5914
1.01499 5914
1.01647 5914
1.01648 5914
1.01656 5914
1.01657 5914
1.01658 5914
1.01851 5914
1.01851 5914
1.01851 7177
1.01853 7177
1.01854 7177
1.01862 7177
1.01863 7177
1.01865 7177
1.02046 7177
1.02046 7177
1.02046 6314
1.02047 6314
1.02054 6314
1.02056 6314
1.02057 6314
1.0222 6314
1.02228 6314
1.02229 6314
1.0223 6314
1.02231 6314
1.0239 6314
1.02396 6314
1.02397 6314
1.02398 6314
1.02399 6314
1.02401 6314
1.02566 6314
1.02566 6314
1.02566 7826
1.02574 7826
1.02575 7826
1.02576 7826
1.02577 7826
1.02578 7826
1.0258 7826
1.02775 7826
1.02775 7826
1.02775 7020
1.02783 7020
1.02784 7020
1.02785 7020
1.02786 7020
1.02787 7020
1.02981 7020
1.02981 7020
1.02981 6242
1.02987 6242
1.02988 6242
1.02989 6242
1.02991 6242
1.03149 6242
1.03155 6242
1.03156 6242
1.03158 6242
1.03159 6242
1.03313 6242
1.0332 6242
1.03321 6242
1.03322 6242
1.03323 6242
1.03325 6242
1.03523 6242
1.03523 6242
1.03523 7686
1.03532 7686
1.03534 7686
1.03535 7686
1.03536 7686
1.03537 7686
1.0372 7686
1.0372 7686
1.0372 6656
1.03727 6656
1.03728 6656
1.0373 6656
1.03731 6656
1.03732 6656
1.03898 6656
1.03898 6656
1.03898 5938
1.03905 5938
1.03906 5938
1.03907 5938
1.03909 5938
1.04066 5938
1.04072 5938
1.04073 5938
1.04074 5938
1.04252 5938
1.04252 5938
1.04252 6068
1.04253 6068
1.04262 6068
1.04263 6068
1.04264 6068
1.04447 6068
1.04447 6068
1.04447 5310
1.04453 5310
1.04454 5310
1.04455 5310
1.04456 5310
1.0463 5310
1.0463 5310
1.0463 4825
1.04636 4825
1.04637 4825
1.04638 4825
1.04806 4825
1.04806 4825
1.04806 4219
1.04811 4219
1.04812 4219
1.04813 4219
1.04953 4219
1.04958 4219
1.04959 4219
1.05139 4219
1.05139 4219
1.05139 4892
1.0514 4892
1.05147 4892
1.05149 4892
1.05347 4892
1.05347 4892
1.05347 4425
1.05352 4425
1.05353 4425
1.05354 4425
1.05526 4425
1.05526 4425
1.05526 4121
1.05531 4121
1.05532 4121
1.05703 4121
1.05703 4121
1.05703 3603
1.05707 3603
1.05709 3603
1.05854 3603
1.05859 3603
1.0586 3603
1.0602 3603
1.06025 3603
1.06026 3603
1.06027 3603
1.06234 3603
1.06234 3603
1.06234 5404
1.06238 5404
1.0624 5404
1.06241 5404
1.06431 5404
1.06431 5404
1.06431 4793
1.06437 4793
1.06438 4793
1.06439 4793
1.06607 4793
1.06607 4793
1.06607 4314
1.06612 4314
1.06613 4314
1.06615 4314
1.06762 4314
1.06767 4314
1.06768 4314
1.06945 4314
1.06945 4314
1.06945 5036
1.06946 5036
1.06953 5036
1.06955 5036
1.07158 5036
1.07158 5036
1.07158 4585
1.07162 4585
1.07164 4585
1.07165 4585
1.07339 4585
1.07339 4585
1.07339 4275
1.07344 4275
1.07345 4275
1.07346 4275
1.07518 4275
1.07518 4275
1.07518 3989
1.07523 3989
1.07524 3989
1.07667 3989
1.07672 3989
1.07673 3989
1.07844 3989
1.07844 3989
1.07844 4438
1.07849 4438
1.0785 4438
1.07851 4438
1.08053 4438
1.08053 4438
1.08053 4094
1.08058 4094
1.08059 4094
1.08234 4094
1.08234 4094
1.08234 3564
1.08239 3564
1.0824 3564
1.08412 3564
1.08412 3564
1.08412 3235
1.08417 3235
1.08418 3235
1.08552 3235
1.08555 3235
1.08556 3235
1.08728 3235
1.08728 3235
1.08728 4089
1.08732 4089
1.08733 4089
1.08944 4089
1.08944 4089
1.08944 3557
1.08949 3557
1.0895 3557
1.09129 3557
1.09129 3557
1.09129 3227
1.09134 3227
1.09136 3227
1.09304 3227
1.09307 3227
1.09309 3227
1.0945 3227
1.09454 3227
1.09455 3227
1.09641 3227
1.09641 3227
1.09641 4891
1.09643 4891
1.09647 4891
1.09649 4891
1.09854 4891
1.09854 4891
1.09854 4353
1.09859 4353
1.0986 4353
1.09861 4353
1.10033 4353
1.10033 4353
1.10033 4025
1.10038 4025
1.10039 4025
1.10206 4025
1.10211 4025
1.10212 4025
1.10413 4025
1.10413 4025
1.10413 4459
1.10419 4459
1.1042 4459
1.10421 4459
1.10605 4459
1.10605 4459
1.10605 4044
1.1061 4044
1.10611 4044
1.10784 4044
1.10784 4044
1.10784 3545
1.10789 3545
1.1079 3545
1.10939 3545
1.10944 3545
1.10945 3545
1.11127 3545
1.11127 3545
1.11127 4200
1.11133 4200
1.11134 4200
1.11135 4200
1.11333 4200
1.11333 4200
1.11333 3861
1.11338 3861
1.11339 3861
1.11513 3861
1.11513 3861
1.11513 3407
1.11518 3407
1.11519 3407
1.11688 3407
1.11693 3407
1.11694 3407
1.1187 3407
1.1187 3407
1.1187 4099
1.11876 4099
1.11878 4099
1.11879 4099
1.12075 4099
1.12075 4099
1.12075 3774
1.12079 3774
1.12081 3774
1.12256 3774
1.12256 3774
1.12256 3288
1.12261 3288
1.12262 3288
1.12418 3288
1.12423 3288
1.12424 3288
1.12595 3288
1.12595 3288
1.12595 4073
1.126 4073
1.12601 4073
1.12809 4073
1.12809 4073
1.12809 3524
1.12814 3524
1.12815 3524
1.12999 3524
1.12999 3524
1.12999 3193
1.13003 3193
1.13005 3193
1.13174 3193
1.13174 3193
1.13174 2988
1.13179 2988
1.1318 2988
1.1333 2988
1.13334 2988
1.13511 2988
1.13511 2988
1.13511 3821
1.13512 3821
1.13517 3821
1.13727 3821
1.13727 3821
1.13727 3485
1.1373 3485
1.13732 3485
1.13913 3485
1.13913 3485
1.13913 3240
1.13918 3240
1.13919 3240
1.14095 3240
1.14095 3240
1.14095 3059
1.14099 3059
1.14101 3059
1.14256 3059
1.14259 3059
1.14418 3059
1.14419 3059
1.14424 3059
1.14623 3059
1.14623 3059
1.14623 4613
1.14624 4613
1.14626 4613
1.14632 4613
1.1482 4613
1.1482 4613
1.1482 4211
1.14821 4211
1.14827 4211
1.14829 4211
1.15004 4211
1.15004 4211
1.15004 3895
1.15009 3895
1.1501 3895
1.15157 3895
1.15162 3895
1.15163 3895
1.15347 3895
1.15347 3895
1.15347 4343
1.15353 4343
1.15354 4343
1.15355 4343
1.15564 4343
1.15564 4343
1.15564 3998
1.15569 3998
1.1557 3998
1.15741 3998
1.15741 3998
1.15741 3479
1.15746 3479
1.15747 3479
1.15908 3479
1.15913 3479
1.15914 3479
1.16108 3479
1.16108 3479
1.16108 4225
1.16114 4225
1.16116 4225
1.16117 4225
1.16305 4225
1.16305 4225
1.16305 3913
1.1631 3913
1.16311 3913
1.16482 3913
1.16482 3913
1.16482 3465
1.16487 3465
1.16488 3465
1.16646 3465
1.1665 3465
1.16652 3465
1.16827 3465
1.16827 3465
1.16827 4152
1.16833 4152
1.16834 4152
1.16835 4152
1.17034 4152
1.17034 4152
1.17034 3824
1.17038 3824
1.1704 3824
1.1721 3824
1.1721 3824
1.1721 3377
1.17215 3377
1.17216 3377
1.17382 3377
1.17387 3377
1.17388 3377
1.17543 3377
1.17548 3377
1.17549 3377
1.17741 3377
1.17741 3377
1.17741 4875
1.17743 4875
1.17749 4875
1.1775 4875
1.17956 4875
1.17956 4875
1.17956 4298
1.17962 4298
1.17964 4298
1.17965 4298
1.1815 4298
1.1815 4298
1.1815 3958
1.18155 3958
1.18156 3958
1.18321 3958
1.18325 3958
1.18327 3958
1.18515 3958
1.18515 3958
1.18515 4395
1.18521 4395
1.18522 4395
1.18524 4395
1.18719 4395
1.18719 4395
1.18719 3983
1.18724 3983
1.18725 3983
1.18897 3983
1.18897 3983
1.18897 3491
1.18902 3491
1.18903 3491
1.19061 3491
1.19066 3491
1.19067 3491
1.19243 3491
1.19243 3491
1.19243 4156
1.19249 4156
1.19251 4156
1.19252 4156
1.19457 4156
1.19457 4156
1.19457 3821
1.19462 3821
1.19463 3821
1.1964 3821
1.1964 3821
1.1964 3327
1.19645 3327
1.19646 3327
1.19812 3327
1.19817 3327
1.19818 3327
1.19996 3327
1.19996 3327
1.19996 4104
