0.0 0
4.56e-05 1460
4.56e-05 1460
0.000226797 2920
0.000587277 4380
0.000599293 5840
0.00129622 7300
0.00132025 8760
0.00133227 10220
0.0013563 11680
0.00271411 13140
0.00273814 14600
0.00276217 16060
0.0027862 17520
0.00279822 18980
0.00282225 20440
0.00284629 21900
0.00287032 23360
0.00529774 23360
0.00529774 5110
0.012375 5527
0.012399 5912
0.0139731 6272
0.0139851 6611
0.0139971 6933
0.0140091 7240
0.0155592 7534
0.0155712 7816
0.0155832 8088
0.0155953 8351
0.0172775 8606
0.0172895 8853
0.0173015 9093
0.0173135 9327
0.0173256 9555
0.0192361 9778
0.0192361 9778
0.0192481 9995
0.0192601 10208
0.0192722 10416
0.0192842 10620
0.0192962 10820
0.0213269 11017
0.0213269 10810
0.0213269 10810
0.0213389 11007
0.0213509 11200
0.0213629 11390
0.021375 11577
0.021387 11761
0.021399 11942
0.0235258 12120
0.0235258 11186
0.0235258 11186
0.0235378 11376
0.0235499 11563
0.0235619 11747
0.0235739 11928
0.0235859 12106
0.0235979 12282
0.0236099 12455
0.0257488 12626
0.0257488 11319
0.0257488 11319
0.0257608 11507
0.0257728 11692
0.0257848 11874
0.0257968 12053
0.0258089 12229
0.0258209 12403
0.0258329 12574
0.0279477 12743
0.0279477 11108
0.0279477 11108
0.0279597 11299
0.0279717 11487
0.0279838 11672
0.0279958 11854
0.0280078 12033
0.0280198 12210
0.0280318 12384
0.0300505 12556
0.0300505 10654
0.0300505 10654
0.0300625 10854
0.0300745 11050
0.0300866 11242
0.0300986 11431
0.0301106 11617
0.0301226 11800
0.0301346 11980
0.0320452 12157
0.0320452 10050
0.0320452 10050
0.0320572 10262
0.0320692 10469
0.0320812 10672
0.0320932 10871
0.0321052 11067
0.0321173 11259
0.0321293 11448
0.0338956 11634
0.0338956 9157
0.0338956 9157
0.0339076 9389
0.0339197 9616
0.0339317 9837
0.0339437 10053
0.0339557 10265
0.0339677 10472
0.0355659 10675
0.0355779 10874
0.0355899 11070
0.0356019 11262
0.0356139 11451
0.0356259 11637
0.0356379 11820
0.0372841 12000
0.0372962 12177
0.0373082 12352
0.0373202 12524
0.0373322 12694
0.0373442 12861
0.0373562 13026
0.0373683 13189
0.0392427 13350
0.0392427 10642
0.0392427 10642
0.0392548 10842
0.0392668 11038
0.0392788 11231
0.0392908 11420
0.0393028 11606
0.0393148 11789
0.0393269 11969
0.0393389 12147
0.0410451 12322
0.0410451 9534
0.0410451 9534
0.0410572 9757
0.0410692 9975
0.0410812 10188
0.0410932 10397
0.0411052 10602
0.0411172 10803
0.0411293 11000
0.0426313 11193
0.0426433 11383
0.0426553 11570
0.0426673 11754
0.0426793 11935
0.0426913 12113
0.0427034 12288
0.0443616 12461
0.0443736 12632
0.0443856 12800
0.0443976 12966
0.0444096 13130
0.0444216 13292
0.0444337 13452
0.0444457 13610
0.0463202 13766
0.0463202 10821
0.0463202 10821
0.0463322 11017
0.0463442 11210
0.0463562 11400
0.0463682 11586
0.0463803 11769
0.0463923 11950
0.0464043 12128
0.0464163 12303
0.0480385 12476
0.0480505 12646
0.0480625 12814
0.0480745 12980
0.0480865 13144
0.0480985 13306
0.0481106 13466
0.0481226 13624
0.0496246 13780
0.0496366 13934
0.0496486 14086
0.0496606 14237
0.0496726 14386
0.0496847 14534
0.0496967 14680
0.0497087 14825
0.0497207 14968
0.051439 15110
0.051439 12058
0.051439 12058
0.051451 12234
0.051463 12408
0.051475 12579
0.0514871 12748
0.0514991 12915
0.0515111 13080
0.0515231 13242
0.0515351 13402
0.0515471 13561
0.0533615 13718
0.0533615 10692
0.0533615 10692
0.0533736 10891
0.0533856 11086
0.0533976 11278
0.0534096 11467
0.0534216 11652
0.0534336 11834
0.0534457 12014
0.0534577 12191
0.0551039 12365
0.0551159 12537
0.0551279 12707
0.0551399 12874
0.0551519 13039
0.0551639 13202
0.055176 13363
0.055188 13522
0.0565939 13679
0.0566059 13834
0.0566179 13988
0.0566299 14140
0.0566419 14290
0.0566539 14439
0.0566659 14586
0.056678 14732
0.05669 14876
0.0583242 15019
0.0583362 15160
0.0583482 15300
0.0583602 15439
0.0583722 15577
0.0583842 15713
0.0583963 15848
0.0584083 15982
0.0584203 16115
0.0584323 16247
0.0602948 16378
0.0602948 13169
0.0602948 13169
0.0603068 13330
0.0603188 13489
0.0603308 13647
0.0603428 13803
0.0603549 13957
0.0603669 14109
0.0603789 14260
0.0603909 14409
0.0604029 14556
0.0604149 14702
0.0620731 14846
0.0620731 11655
0.0620731 11655
0.0620852 11837
0.0620972 12017
0.0621092 12194
0.0621212 12368
0.0621332 12540
0.0621452 12709
0.0621573 12876
0.0621693 13041
0.0621813 13204
0.0636352 13365
0.0636472 13524
0.0636593 13681
0.0636713 13836
0.0636833 13990
0.0636953 14142
0.0637073 14292
0.0637193 14441
0.0637314 14588
0.0653535 14734
0.0653655 14878
0.0653775 15021
0.0653896 15162
0.0654016 15302
0.0654136 15441
0.0654256 15579
0.0654376 15715
0.0654496 15850
0.0672761 15984
0.0672761 12580
0.0672761 12580
0.0672881 12749
0.0673001 12916
0.0673121 13081
0.0673241 13243
0.0673362 13403
0.0673482 13562
0.0673602 13719
0.0673722 13874
0.0673842 14027
0.0691025 14178
0.0691025 10896
0.0691025 10896
0.0691145 11091
0.0691265 11283
0.0691386 11471
0.0691506 11656
0.0691626 11838
0.0691746 12018
0.0691866 12195
0.0691986 12369
0.0707367 12541
0.0707487 12710
0.0707607 12877
0.0707727 13042
0.0707847 13205
0.0707968 13366
0.0708088 13525
0.0708208 13682
0.0724069 13837
0.0724189 13991
0.0724309 14143
0.072443 14293
0.072455 14442
0.072467 14589
0.072479 14735
0.072491 14879
0.072503 15022
0.0743175 15163
0.0743175 11855
0.0743175 11855
0.0743295 12034
0.0743415 12211
0.0743535 12385
0.0743655 12557
0.0743775 12726
0.0743895 12893
0.0744016 13058
0.0744136 13221
0.0744256 13382
0.0761439 13541
0.0761439 10454
0.0761439 10454
0.0761559 10657
0.0761679 10857
0.0761799 11053
0.0761919 11245
0.076204 11434
0.076216 11620
0.076228 11803
0.07624 11983
0.077754 12160
0.077766 12335
0.0777781 12507
0.0777901 12677
0.0778021 12845
0.0778141 13010
0.0778261 13173
0.0778381 13334
0.0794483 13493
0.0794603 13650
0.0794723 13806
0.0794843 13960
0.0794963 14112
0.0795084 14263
0.0795204 14412
0.0795324 14559
0.0795444 14705
0.0813829 14849
0.0813829 11502
0.0813829 11502
0.0813949 11687
0.0814069 11869
0.0814189 12048
0.0814309 12224
0.0814429 12398
0.081455 12569
0.081467 12738
0.081479 12905
0.081491 13070
0.0831973 13233
0.0831973 10075
0.0831973 10075
0.0832093 10286
0.0832213 10493
0.0832333 10696
0.0832453 10895
0.0832574 11090
0.0832694 11282
0.0832814 11470
0.0847714 11655
0.0847834 11837
0.0847954 12017
0.0848074 12194
0.0848194 12368
0.0848315 12540
0.0848435 12709
0.0864776 12876
0.0864897 13041
0.0865017 13204
0.0865137 13365
0.0865257 13524
0.0865377 13681
0.0865497 13836
0.0865618 13990
0.0884242 14142
0.0884242 10911
0.0884242 10911
0.0884363 11106
0.0884483 11297
0.0884603 11485
0.0884723 11670
0.0884843 11852
0.0884963 12031
0.0885083 12208
0.0885204 12382
0.0901906 12554
0.0901906 9473
0.0901906 9473
0.0902026 9698
0.0902146 9917
0.0902266 10131
0.0902387 10341
0.0902507 10547
0.0902627 10749
0.0902747 10947
0.0917527 11141
0.0917647 11332
0.0917767 11520
0.0917887 11705
0.0918007 11887
0.0918127 12066
0.0918248 12242
0.093495 12416
0.093507 12587
0.093519 12756
0.093531 12923
0.0935431 13087
0.0935551 13249
0.0935671 13409
0.0935791 13567
0.0954656 13724
0.0954656 10841
0.0954656 10841
0.0954776 11037
0.0954896 11230
0.0955017 11419
0.0955137 11605
0.0955257 11788
0.0955377 11968
0.0955497 12146
0.0955617 12321
0.097232 12494
0.097232 9692
0.097232 9692
0.097244 9911
0.097256 10126
0.097268 10336
0.09728 10542
0.097292 10744
0.0973041 10942
0.0973161 11136
0.098782 11327
0.098794 11515
0.0988061 11700
0.0988181 11882
0.0988301 12061
0.0988421 12237
0.0988541 12411
0.100524 12582
0.100536 12751
0.100548 12918
0.10056 13083
0.100572 13245
0.100584 13405
0.100596 13564
0.100608 13721
0.102495 13876
0.102495 11312
0.102495 11312
0.102507 11500
0.102519 11685
0.102531 11867
0.102543 12046
0.102555 12222
0.102567 12396
0.102579 12567
0.102591 12736
0.104261 12903
0.104261 10365
0.104261 10365
0.104273 10570
0.104285 10771
0.104297 10968
0.104309 11162
0.104321 11352
0.104333 11539
0.104345 11723
0.105799 11904
0.105811 12083
0.105823 12259
0.105835 12432
0.105847 12603
0.105859 12772
0.105871 12938
0.105883 13102
0.107518 13264
0.10753 13424
0.107542 13582
0.107554 13738
0.107566 13893
0.107578 14046
0.10759 14197
0.107602 14347
0.109464 14495
0.109464 11654
0.109464 11654
0.109476 11836
0.109488 12016
0.1095 12193
0.109512 12367
0.109524 12539
0.109536 12708
0.109548 12875
0.10956 13040
0.111267 13203
0.111267 10364
0.111267 10364
0.111279 10569
0.111291 10770
0.111303 10967
0.111315 11161
0.111327 11351
0.111339 11538
0.111351 11722
0.112829 11903
0.112841 12082
0.112853 12258
0.112865 12431
0.112877 12602
0.112889 12771
0.112901 12937
0.112913 13101
0.114547 13263
0.114559 13423
0.114571 13581
0.114583 13737
0.114595 13892
0.114607 14045
0.114619 14196
0.114631 14346
0.116494 14494
0.116494 11387
0.116494 11387
0.116506 11574
0.116518 11758
0.11653 11939
0.116542 12117
0.116554 12292
0.116566 12465
0.116578 12636
0.11659 12804
0.118296 12970
0.118296 9978
0.118296 9978
0.118308 10191
0.11832 10400
0.118332 10604
0.118344 10805
0.118356 11002
0.118368 11195
0.11838 11385
0.119858 11572
0.11987 11756
0.119882 11937
0.119894 12115
0.119906 12290
0.119918 12463
0.11993 12634
0.121552 12802
0.121564 12968
0.121576 13132
0.121588 13294
0.1216 13454
0.121612 13612
0.121624 13768
0.121636 13922
0.123487 14075
0.123487 11013
0.123487 11013
0.123499 11206
0.123511 11396
0.123523 11583
0.123535 11767
0.123547 11948
0.123559 12126
0.123571 12301
0.123583 12474
0.125301 12644
0.125301 9769
0.125301 9769
0.125313 9987
0.125325 10200
0.125337 10408
0.125349 10612
0.125361 10812
0.125373 11009
0.125385 11202
0.126875 11392
0.126887 11579
0.126899 11763
0.126911 11944
0.126924 12122
0.126936 12297
0.126948 12470
0.128546 12640
0.128558 12808
0.12857 12974
0.128582 13138
0.128594 13300
0.128606 13460
0.128618 13618
0.12863 13774
0.130456 13928
0.130456 10817
0.130456 10817
0.130468 11014
0.13048 11207
0.130492 11397
0.130504 11584
0.130516 11768
0.130528 11949
0.13054 12127
0.130552 12302
0.132295 12475
0.132295 9521
0.132295 9521
0.132307 9744
0.132319 9962
0.132331 10175
0.132343 10384
0.132355 10589
0.132367 10790
0.132379 10987
0.133905 11181
0.133917 11371
0.133929 11558
0.133941 11742
0.133953 11923
0.133965 12101
0.133977 12277
0.135515 12450
0.135527 12621
0.135539 12789
0.135551 12955
0.135563 13119
0.135575 13281
0.135587 13441
0.135599 13599
0.137365 13755
0.137365 10658
0.137365 10658
0.137377 10858
0.137389 11054
0.137401 11246
0.137413 11435
0.137425 11621
0.137438 11804
0.13745 11984
0.137462 12161
0.139264 12336
0.139264 9347
0.139264 9347
0.139276 9575
0.139288 9797
0.1393 10014
0.139312 10226
0.139324 10434
0.139336 10638
0.139348 10838
0.140922 11034
0.140934 11227
0.140946 11416
0.140958 11602
0.14097 11785
0.140982 11965
0.140994 12143
0.142544 12318
0.142556 12491
0.142568 12661
0.14258 12829
0.142592 12995
0.142604 13159
0.142616 13320
0.142628 13480
0.144395 13638
0.144395 10407
0.144395 10407
0.144407 10611
0.144419 10811
0.144431 11008
0.144443 11201
0.144455 11391
0.144467 11578
0.144479 11762
0.144491 11943
0.146293 12121
0.146293 9117
0.146293 9117
0.146305 9350
0.146317 9577
0.146329 9799
0.146341 10016
0.146353 10228
0.146365 10436
0.146377 10640
0.147964 10840
0.147976 11036
0.147988 11229
0.148 11418
0.148012 11604
0.148024 11787
0.148036 11967
0.14955 12145
0.149562 12320
0.149574 12493
0.149586 12663
0.149598 12831
0.14961 12997
0.149622 13161
0.149634 13322
0.151376 13482
0.151376 10358
0.151376 10358
0.151388 10563
0.1514 10764
0.151412 10962
0.151424 11156
0.151436 11347
0.151448 11534
0.15146 11718
0.151472 11899
0.153299 12078
0.153299 9039
0.153299 9039
0.153311 9274
0.153323 9503
0.153335 9727
0.153347 9946
0.153359 10160
0.153371 10369
0.153383 10574
0.154969 10775
0.154981 10972
0.154993 11166
0.155005 11356
0.155017 11543
0.155029 11727
0.155041 11908
0.156567 12087
0.156579 12263
0.156591 12436
0.156603 12607
0.156615 12776
0.156627 12942
0.156639 13106
0.156651 13268
0.158393 13428
0.158393 10275
0.158393 10275
0.158405 10482
0.158417 10685
0.158429 10884
0.158441 11079
0.158453 11271
0.158466 11460
0.158478 11646
0.15849 11829
0.160304 12009
0.160304 8954
0.160304 8954
0.160316 9192
0.160328 9423
0.16034 9649
0.160352 9869
0.160364 10084
0.160376 10295
0.160388 10502
0.161974 10704
0.161986 10903
0.161998 11098
0.16201 11290
0.162022 11478
0.162034 11663
0.162046 11845
0.16356 12024
0.163572 12201
0.163584 12375
0.163596 12547
0.163608 12716
0.16362 12883
0.163632 13048
0.163644 13211
0.165387 13372
0.165387 10202
0.165387 10202
0.165399 10410
0.165411 10614
0.165423 10814
0.165435 11011
0.165447 11204
0.165459 11394
0.165471 11581
0.165483 11765
0.167297 11946
0.167297 8884
0.167297 8884
0.167309 9123
0.167321 9356
0.167333 9583
0.167345 9805
0.167357 10022
0.167369 10234
0.167381 10442
0.168967 10646
0.16898 10846
0.168992 11042
0.169004 11235
0.169016 11424
0.169028 11610
0.16904 11793
0.170566 11973
0.170578 12151
0.17059 12326
0.170602 12498
0.170614 12668
0.170626 12836
0.170638 13002
0.17065 13165
0.172404 13326
0.172404 10145
0.172404 10145
0.172416 10355
0.172428 10560
0.17244 10761
0.172452 10959
0.172464 11153
0.172476 11344
0.172488 11531
0.1725 11715
0.174303 11896
0.174303 8829
0.174303 8829
0.174315 9070
0.174327 9305
0.174339 9534
0.174351 9757
0.174363 9975
0.174375 10188
0.174387 10397
0.175973 10602
0.175985 10803
0.175997 11000
0.176009 11193
0.176021 11383
0.176033 11570
0.176045 11754
0.177583 11935
0.177595 12113
0.177607 12288
0.177619 12461
0.177631 12632
0.177643 12800
0.177655 12966
0.177667 13130
0.179409 13292
0.179409 10103
0.179409 10103
0.179421 10313
0.179433 10519
0.179445 10721
0.179457 10919
0.179469 11114
0.179481 11305
0.179494 11493
0.181272 11678
0.181272 8704
0.181272 8704
0.181284 8948
0.181296 9186
0.181308 9418
0.18132 9644
0.181332 9865
0.181344 10081
0.182894 10292
0.182906 10499
0.182918 10702
0.18293 10901
0.182942 11096
0.182954 11288
0.184492 11476
0.184504 11661
0.184516 11843
0.184528 12022
0.18454 12199
0.184552 12373
0.184564 12545
0.186331 12714
0.186331 9697
0.186331 9697
0.186343 9916
0.186355 10130
0.186367 10340
0.186379 10546
0.186391 10748
0.186403 10946
0.186415 11140
0.188241 11331
0.188241 8557
0.188241 8557
0.188253 8806
0.188265 9048
0.188277 9283
0.188289 9512
0.188301 9736
0.188313 9954
0.189911 10168
0.189923 10377
0.189935 10582
0.189947 10783
0.189959 10980
0.189971 11174
0.191534 11364
0.191546 11551
0.191558 11735
0.19157 11916
0.191582 12094
0.191594 12270
0.191606 12443
0.193372 12614
0.193372 9627
0.193372 9627
0.193384 9848
0.193396 10064
0.193408 10275
0.19342 10482
0.193432 10685
0.193444 10884
0.193456 11079
0.195271 11271
0.195271 8467
0.195271 8467
0.195283 8718
0.195295 8962
0.195307 9199
0.195319 9430
0.195331 9656
0.195343 9876
0.196929 10091
0.196941 10302
0.196953 10508
0.196965 10710
0.196977 10909
0.196989 11104
0.198563 11295
0.198575 11483
0.198587 11668
0.198599 11850
0.198611 12029
0.198623 12206
0.198635 12380
0.200401 12552
0.200401 9609
0.200401 9609
0.200413 9830
0.200425 10046
0.200437 10258
0.200449 10465
0.200461 10668
0.200473 10867
0.200485 11063
0.202288 11255
0.202288 8430
0.202288 8430
0.2023 8682
0.202312 8927
0.202324 9165
0.202336 9397
0.202348 9623
0.20236 9844
0.203958 10060
0.20397 10271
0.203982 10478
0.203994 10681
0.204006 10880
0.204018 11075
0.205568 11267
0.20558 11456
0.205592 11642
0.205604 11825
0.205616 12005
0.205628 12182
0.20564 12356
0.207407 12528
0.207407 9446
0.207407 9446
0.207419 9671
0.207431 9891
0.207443 10106
0.207455 10316
0.207467 10522
0.207479 10724
0.207491 10922
0.209269 11117
0.209269 8257
0.209269 8257
0.209281 8515
0.209293 8765
0.209305 9008
0.209317 9244
0.209329 9474
0.209341 9698
0.210903 9917
0.210915 10131
0.210927 10341
0.210939 10547
0.210951 10749
0.210963 10947
0.212525 11141
0.212538 11332
0.21255 11520
0.212562 11705
0.212574 11887
0.212586 12066
0.212598 12242
0.214388 12416
0.214388 9443
0.214388 9443
0.2144 9668
0.214412 9888
0.214424 10103
0.214436 10313
0.214448 10519
0.21446 10721
0.214472 10919
0.216274 11114
0.216274 8371
0.216274 8371
0.216286 8625
0.216299 8872
0.216311 9112
0.216323 9345
0.216335 9573
0.216347 9795
0.217921 10012
0.217933 10224
0.217945 10432
0.217957 10636
0.217969 10836
0.217981 11032
0.219531 11225
0.219543 11414
0.219555 11600
0.219567 11783
0.219579 11963
0.219591 12141
0.219603 12316
0.221381 12489
0.221381 9500
0.221381 9500
0.221393 9724
0.221405 9943
0.221417 10157
0.221429 10366
0.221441 10571
0.221453 10772
0.221465 10969
0.22328 11163
0.22328 8360
0.22328 8360
0.223292 8614
0.223304 8861
0.223316 9101
0.223328 9335
0.22334 9563
0.223352 9785
0.22495 10002
0.224962 10215
0.224974 10423
0.224986 10627
0.224998 10827
0.22501 11023
0.226536 11216
0.226548 11406
0.22656 11592
0.226572 11775
0.226584 11956
0.226596 12134
0.226608 12309
0.228351 12482
0.228351 9533
0.228351 9533
0.228363 9756
0.228375 9974
0.228387 10187
0.228399 10396
0.228411 10601
0.228423 10802
0.228435 10999
0.230285 11192
0.230285 8363
0.230285 8363
0.230297 8617
0.230309 8864
0.230321 9104
0.230333 9338
0.230345 9566
0.230357 9788
0.231979 10005
0.231991 10218
0.232003 10426
0.232015 10630
0.232027 10830
0.232039 11026
0.233541 11219
0.233553 11408
0.233566 11594
0.233578 11777
0.23359 11957
0.233602 12135
0.233614 12310
0.235332 12483
0.235332 9522
0.235332 9522
0.235344 9745
0.235356 9963
0.235368 10176
0.23538 10385
0.235392 10590
0.235404 10791
0.235416 10988
0.237266 11181
0.237266 8345
0.237266 8345
0.237278 8600
0.23729 8847
0.237302 9087
0.237314 9321
0.237327 9549
0.237339 9772
0.238973 9990
0.238985 10203
0.238997 10411
0.239009 10615
0.239021 10815
0.239033 11012
0.240535 11205
0.240547 11395
0.240559 11582
0.240571 11766
0.240583 11947
0.240595 12125
0.240607 12300
0.242313 12473
0.242313 9451
0.242313 9451
0.242325 9676
0.242337 9896
0.242349 10111
0.242361 10321
0.242373 10527
0.242385 10729
0.242397 10927
0.244284 11122
0.244284 8243
0.244284 8243
0.244296 8501
0.244308 8751
0.24432 8994
0.244332 9231
0.244344 9461
0.244356 9686
0.246002 9906
0.246014 10121
0.246026 10331
0.246038 10537
0.24605 10739
0.246062 10937
0.247552 11131
0.247564 11322
0.247576 11510
0.247588 11695
0.2476 11877
0.247612 12056
0.247624 12232
0.249343 12406
0.249343 9419
0.249343 9419
0.249355 9645
0.249367 9866
0.249379 10082
0.249391 10293
0.249403 10500
0.249415 10703
0.249427 10902
0.251301 11097
0.251301 8344
0.251301 8344
0.251313 8599
0.251325 8846
0.251337 9086
0.251349 9320
0.251361 9548
0.251373 9771
0.253007 9989
0.253019 10202
0.253031 10410
0.253043 10614
0.253055 10814
0.253067 11011
0.254569 11204
0.254581 11394
0.254594 11581
0.254606 11765
0.254618 11946
0.25463 12124
0.254642 12299
0.256348 12472
0.256348 9476
0.256348 9476
0.25636 9700
0.256372 9919
0.256384 10133
0.256396 10343
0.256408 10549
0.25642 10751
0.256432 10949
0.258318 11143
0.258318 8335
0.258318 8335
0.25833 8590
0.258342 8838
0.258355 9079
0.258367 9313
0.258379 9541
0.258391 9764
0.260061 9982
0.260073 10195
0.260085 10404
0.260097 10608
0.260109 10808
0.260121 11005
0.261563 11198
0.261575 11388
0.261587 11575
0.261599 11759
0.261611 11940
0.261623 12118
0.261635 12293
0.263305 12466
0.263317 12636
0.263329 12804
0.263341 12970
0.263353 13134
0.263365 13296
0.263377 13456
0.263389 13614
0.265276 13770
0.265276 10712
0.265276 10712
0.265288 10910
0.2653 11105
0.265312 11296
0.265324 11484
0.265336 11669
0.265348 11851
0.26536 12030
0.265372 12207
0.26703 12381
0.26703 9464
0.26703 9464
0.267042 9689
0.267054 9909
0.267066 10124
0.267078 10334
0.26709 10540
0.267102 10742
0.267114 10940
0.268568 11134
0.26858 11325
0.268592 11513
0.268604 11698
0.268616 11880
0.268628 12059
0.26864 12235
0.270298 12409
0.27031 12580
0.270322 12749
0.270334 12916
0.270346 13081
0.270358 13243
0.270371 13403
0.270383 13562
0.272269 13719
0.272269 11046
0.272269 11046
0.272281 11238
0.272293 11427
0.272305 11613
0.272317 11796
0.272329 11976
0.272341 12153
0.272353 12328
0.272365 12500
0.274071 12670
0.274071 10009
0.274071 10009
0.274083 10221
0.274095 10429
0.274107 10633
0.27412 10833
0.274132 11029
0.274144 11222
0.274156 11411
0.275634 11597
0.275646 11780
0.275658 11960
0.27567 12138
0.275682 12313
0.275694 12486
0.275706 12656
0.277316 12824
0.277328 12990
0.27734 13154
0.277352 13316
0.277364 13476
0.277376 13634
0.277388 13790
0.2774 13944
0.279238 14096
0.279238 11063
0.279238 11063
0.27925 11255
0.279262 11444
0.279274 11630
0.279286 11813
0.279298 11993
0.27931 12170
0.279322 12345
0.279334 12517
0.281065 12687
0.281065 9785
0.281065 9785
0.281077 10002
0.281089 10215
0.281101 10423
0.281113 10627
0.281125 10827
0.281137 11023
0.281149 11216
0.282651 11406
0.282663 11592
0.282675 11775
0.282687 11956
0.282699 12134
0.282711 12309
0.282723 12482
0.284309 12652
0.284321 12820
0.284333 12986
0.284345 13150
0.284357 13312
0.284369 13472
0.284381 13630
0.284393 13786
0.286196 13940
0.286196 10930
0.286196 10930
0.286208 11125
0.28622 11316
0.286232 11504
0.286244 11689
0.286256 11871
0.286268 12050
0.28628 12226
0.286292 12400
0.288046 12571
0.288046 9731
0.288046 9731
0.288058 9950
0.28807 10164
0.288082 10373
0.288094 10578
0.288106 10779
0.288118 10976
0.28813 11170
0.289656 11360
0.289668 11547
0.28968 11731
0.289692 11912
0.289704 12090
0.289716 12266
0.289728 12439
0.291278 12610
0.29129 12779
0.291302 12945
0.291314 13109
0.291326 13271
0.291338 13431
0.29135 13589
0.291362 13745
0.293141 13900
0.293141 10811
0.293141 10811
0.293153 11008
0.293165 11201
0.293177 11391
0.293189 11578
0.293201 11762
0.293213 11943
0.293225 12121
0.293237 12296
0.295015 12469
0.295015 9530
0.295015 9530
0.295027 9753
0.295039 9971
0.295051 10184
0.295063 10393
0.295075 10598
0.295087 10799
0.295099 10996
0.296662 11189
0.296674 11379
0.296686 11566
0.296698 11750
0.29671 11931
0.296722 12109
0.296734 12285
0.298248 12458
0.29826 12629
0.298272 12797
0.298284 12963
0.298296 13127
0.298308 13289
0.29832 13449
0.298332 13607
0.300074 13763
0.300074 10676
0.300074 10676
0.300086 10875
0.300098 11071
0.30011 11263
0.300122 11452
0.300134 11638
0.300146 11821
0.300158 12001
0.30017 12178
0.301973 12353
0.301973 9369
0.301973 9369
0.301985 9596
0.301997 9818
0.302009 10035
0.302021 10247
0.302033 10455
0.302045 10658
0.302057 10858
0.303655 11054
0.303667 11246
0.303679 11435
0.303691 11621
0.303703 11804
0.303715 11984
0.303727 12161
0.305253 12336
0.305265 12508
0.305277 12678
0.305289 12846
0.305301 13011
0.305313 13174
0.305325 13335
0.305337 13494
0.307091 13651
0.307091 10426
0.307091 10426
0.307103 10630
0.307115 10830
0.307127 11026
0.307139 11219
0.307151 11408
0.307164 11594
0.307176 11777
0.307188 11957
0.309002 12135
0.309002 9134
0.309002 9134
0.309014 9367
0.309026 9594
0.309038 9816
0.30905 10033
0.309062 10245
0.309074 10453
0.309086 10656
0.310672 10856
0.310684 11052
0.310696 11244
0.310708 11433
0.31072 11619
0.310732 11802
0.310744 11982
0.31227 12159
0.312282 12334
0.312294 12506
0.312306 12676
0.312318 12844
0.31233 13009
0.312342 13172
0.312354 13333
0.314085 13492
0.314085 10372
0.314085 10372
0.314097 10577
0.314109 10778
0.314121 10975
0.314133 11169
0.314145 11359
0.314157 11546
0.314169 11730
0.314181 11911
0.315983 12089
0.315983 9052
0.315983 9052
0.315995 9287
0.316007 9516
0.316019 9740
0.316031 9958
0.316043 10172
0.316055 10381
0.316067 10586
0.317629 10787
0.317641 10984
0.317653 11178
0.317665 11368
0.317678 11555
0.31769 11739
0.317702 11920
0.319228 12098
0.31924 12274
0.319252 12447
0.319264 12618
0.319276 12786
0.319288 12952
0.3193 13116
0.319312 13278
0.321054 13438
0.321054 10287
0.321054 10287
0.321066 10494
0.321078 10697
0.32109 10896
0.321102 11091
0.321114 11283
0.321126 11471
0.321138 11656
0.32115 11838
0.322965 12018
0.322965 8965
0.322965 8965
0.322977 9202
0.322989 9433
0.323001 9658
0.323013 9878
0.323025 10093
0.323037 10304
0.323049 10510
0.324647 10712
0.324659 10910
0.324671 11105
0.324683 11296
0.324695 11484
0.324707 11669
0.324719 11851
0.326209 12030
0.326221 12207
0.326233 12381
0.326245 12553
0.326257 12722
0.326269 12889
0.326281 13054
0.326293 13217
0.328011 13378
0.328011 10210
0.328011 10210
0.328023 10418
0.328035 10622
0.328047 10822
0.328059 11018
0.328071 11211
0.328083 11401
0.328095 11587
0.328107 11770
0.329958 11951
0.329958 8890
0.329958 8890
0.32997 9129
0.329982 9362
0.329994 9589
0.330006 9811
0.330018 10028
0.33003 10240
0.330042 10448
0.331664 10652
0.331676 10852
0.331688 11048
0.3317 11240
0.331712 11429
0.331724 11615
0.331736 11798
0.333226 11978
0.333238 12155
0.33325 12330
0.333262 12502
0.333274 12672
0.333286 12840
0.333298 13006
0.33331 13169
0.335029 13330
0.335029 10150
0.335029 10150
0.335041 10360
0.335053 10565
0.335065 10766
0.335077 10963
0.335089 11157
0.335101 11348
0.335113 11535
0.335125 11719
0.336963 11900
0.336963 8834
0.336963 8834
0.336975 9075
0.336987 9309
0.336999 9537
0.337011 9760
0.337023 9978
0.337035 10191
0.337047 10400
0.338681 10604
0.338693 10805
0.338706 11002
0.338718 11195
0.33873 11385
0.338742 11572
0.338754 11756
0.340208 11937
0.34022 12115
0.340232 12290
0.340244 12463
0.340256 12634
0.340268 12802
0.34028 12968
0.340292 13132
0.341974 13294
0.341974 10107
0.341974 10107
0.341986 10317
0.341998 10523
0.34201 10725
0.342022 10923
0.342034 11118
0.342046 11309
0.342058 11497
0.343944 11682
0.343944 8708
0.343944 8708
0.343956 8952
0.343969 9190
0.343981 9421
0.343993 9647
0.344005 9867
0.344017 10083
0.345675 10294
0.345687 10501
0.345699 10703
0.345711 10902
0.345723 11097
0.345735 11289
0.347213 11477
0.347225 11662
0.347237 11844
0.347249 12023
0.347261 12200
0.347273 12374
0.347285 12546
0.348991 12715
0.348991 9699
0.348991 9699
0.349003 9918
0.349015 10132
0.349027 10342
0.349039 10548
0.349051 10750
0.349063 10948
0.349075 11142
0.350962 11333
0.350962 8560
0.350962 8560
0.350974 8809
0.350986 9050
0.350998 9285
0.35101 9514
0.351022 9738
0.351034 9956
0.352692 10170
0.352704 10379
0.352716 10584
0.352728 10785
0.35274 10982
0.352752 11176
0.354218 11366
0.35423 11553
0.354242 11737
0.354254 11918
0.354266 12096
0.354278 12272
0.35429 12445
0.355985 12616
0.355985 9629
0.355985 9629
0.355997 9850
0.356009 10066
0.356021 10277
0.356033 10484
0.356045 10687
0.356057 10886
0.356069 11081
0.357967 11273
0.357967 8469
0.357967 8469
0.357979 8720
0.357991 8964
0.358003 9201
0.358015 9432
0.358027 9657
0.358039 9877
0.359709 10092
0.359721 10303
0.359734 10509
0.359746 10711
0.359758 10910
0.35977 11105
0.361236 11296
0.361248 11484
0.36126 11669
0.361272 11851
0.361284 12030
0.361296 12207
0.361308 12381
0.363002 12553
0.363002 9611
0.363002 9611
0.363014 9832
0.363026 10048
0.363038 10260
0.36305 10467
0.363062 10670
0.363074 10869
0.363086 11065
0.364972 11257
0.364972 8432
0.364972 8432
0.364984 8684
0.364997 8929
0.365009 9167
0.365021 9399
0.365033 9625
0.365045 9846
0.366739 10062
0.366739 7380
0.366739 7380
0.366751 7668
0.366763 7945
0.366775 8213
0.366787 8472
0.366799 8723
0.368277 8967
0.368289 9204
0.368301 9435
0.368313 9660
0.368325 9880
0.369995 10095
0.370007 10306
0.370019 10512
0.370031 10714
0.370043 10912
0.370055 11107
0.371954 11298
0.371954 8448
0.371954 8448
0.371966 8700
0.371978 8945
0.37199 9183
0.372002 9415
0.372014 9641
0.372026 9862
0.373756 10078
0.373756 7432
0.373756 7432
0.373768 7718
0.37378 7994
0.373792 8260
0.373804 8518
0.373816 8768
0.375318 9011
0.37533 9247
0.375342 9477
0.375354 9701
0.375366 9920
0.375378 10134
0.377025 10344
0.377037 10550
0.377049 10752
0.377061 10950
0.377073 11144
0.377085 11335
0.378947 11523
0.378947 8652
0.378947 8652
0.378959 8898
0.378971 9137
0.378983 9370
0.378995 9597
0.379007 9819
0.379019 10036
0.380762 10248
0.380762 7587
0.380762 7587
0.380774 7867
0.380786 8137
0.380798 8398
0.38081 8651
0.380822 8897
0.382336 9136
0.382348 9369
0.38236 9596
0.382372 9818
0.382384 10035
0.382396 10247
0.384054 10455
0.384066 10658
0.384078 10858
0.38409 11054
0.384102 11246
0.384114 11435
0.384126 11621
0.386 11804
0.386 8889
0.386 8889
0.386012 9128
0.386025 9361
0.386037 9588
0.386049 9810
0.386061 10027
0.386073 10239
0.387767 10447
0.387767 7811
0.387767 7811
0.387779 8083
0.387791 8346
0.387803 8601
0.387815 8848
0.387827 9088
0.387839 9322
0.389329 9550
0.389341 9773
0.389353 9991
0.389365 10204
0.389377 10412
0.389389 10616
0.391047 10816
0.391059 11013
0.391071 11206
0.391083 11396
0.391095 11583
0.391107 11767
0.391119 11948
0.392982 12126
0.392982 9173
0.392982 9173
0.392994 9405
0.393006 9631
0.393018 9852
0.39303 10068
0.393042 10279
0.393054 10486
0.393066 10689
0.394724 10888
0.394736 11083
0.394748 11275
0.39476 11464
0.394772 11649
0.394784 11831
0.394796 12011
0.396262 12188
0.396274 12362
0.396286 12534
0.396298 12704
0.39631 12871
0.396322 13036
0.396334 13199
0.396346 13360
0.398016 13519
0.398016 10462
0.398016 10462
0.398028 10665
0.398041 10864
0.398053 11060
0.398065 11252
0.398077 11441
0.398089 11627
0.398101 11810
0.398113 11990
0.399999 12167
0.399999 9208
0.399999 9208
0.400011 9439
0.400023 9664
0.400035 9884
0.400047 10099
0.400059 10310
0.400071 10516
0.400083 10718
0.401753 10916
0.401753 8086
0.401753 8086
0.401765 8349
0.401777 8604
0.40179 8851
0.401802 9091
0.401814 9325
0.401826 9553
0.403292 9776
0.403304 9994
0.403316 10207
0.403328 10415
0.40334 10619
0.403352 10819
0.405034 11016
0.405046 11209
0.405058 11399
0.40507 11585
0.405082 11768
0.405094 11949
0.405106 12127
0.406992 12302
0.406992 9585
0.406992 9585
0.407004 9807
0.407016 10024
0.407028 10236
0.40704 10444
0.407053 10648
0.407065 10848
0.407077 11044
0.408747 11237
0.408747 8609
0.408747 8609
0.408759 8856
0.408771 9096
0.408783 9330
0.408795 9558
0.408807 9781
0.408819 9998
0.410285 10211
0.410297 10419
0.410309 10623
0.410321 10823
0.410333 11019
0.410345 11212
0.412039 11402
0.412039 8977
0.412039 8977
0.412051 9214
0.412063 9445
0.412075 9670
0.412087 9890
0.412099 10105
0.412111 10315
0.414022 10521
0.414022 8094
0.414022 8094
0.414034 8357
0.414046 8612
0.414058 8859
0.41407 9099
0.414082 9333
0.414094 9561
0.415776 9783
0.415776 7362
0.415776 7362
0.415788 7651
0.4158 7929
0.415812 8197
0.415824 8457
0.415836 8709
0.41729 8953
0.417302 9191
0.417314 9422
0.417326 9648
0.417338 9868
0.41902 10084
0.419032 10295
0.419044 10502
0.419056 10704
0.419069 10903
0.419081 11098
0.420979 11290
0.420979 8957
0.420979 8957
0.420991 9194
0.421003 9425
0.421015 9651
0.421027 9871
0.421039 10086
0.421051 10297
0.422745 10504
0.422745 8195
0.422745 8195
0.422757 8455
0.422769 8707
0.422781 8951
0.422793 9189
0.422805 9420
0.422818 9646
0.424295 9866
0.424307 10082
0.42432 10293
0.424332 10500
0.424344 10703
0.424356 10902
0.426002 11097
0.426014 11289
0.426026 11477
0.426038 11662
0.42605 11844
0.426062 12023
0.426074 12200
0.427948 12374
0.427948 9683
0.427948 9683
0.42796 9903
0.427972 10118
0.427984 10328
0.427996 10534
0.428008 10736
0.42802 10934
0.428032 11128
0.429739 11319
0.429739 8708
0.429739 8708
0.429751 8952
0.429763 9190
0.429775 9421
0.429787 9647
0.429799 9867
0.429811 10083
0.431301 10294
0.431313 10501
0.431325 10703
0.431337 10902
0.431349 11097
0.431361 11289
0.432995 11477
0.433007 11662
0.433019 11844
0.433031 12023
0.433043 12200
0.433055 12374
0.433067 12546
0.43493 12715
0.43493 9846
0.43493 9846
0.434942 10062
0.434954 10273
0.434966 10480
0.434978 10683
0.43499 10882
0.435002 11077
0.435014 11269
0.436744 11458
0.436744 8676
0.436744 8676
0.436756 8921
0.436768 9159
0.43678 9391
0.436792 9617
0.436804 9838
0.436816 10054
0.438318 10266
0.43833 10473
0.438342 10676
0.438354 10875
0.438366 11071
0.438378 11263
0.44 11452
0.440012 11638
0.440024 11821
0.440036 12001
0.440048 12178
0.44006 12353
0.440072 12525
0.441923 12695
0.441923 9732
0.441923 9732
0.441935 9951
0.441947 10165
0.441959 10374
0.441971 10579
0.441983 10780
0.441995 10977
0.442007 11171
0.443749 11361
0.443749 8485
0.443749 8485
0.443761 8736
0.443773 8980
0.443785 9217
0.443797 9448
0.443809 9673
0.443821 9893
0.445335 10108
0.445348 10318
0.44536 10524
0.445372 10726
0.445384 10924
0.445396 11119
0.446982 11310
0.446994 11498
0.447006 11683
0.447018 11865
0.44703 12044
0.447042 12220
0.447054 12394
0.448868 12565
0.448868 9599
0.448868 9599
0.44888 9821
0.448892 10038
0.448904 10250
0.448916 10457
0.448928 10660
0.44894 10859
0.448952 11055
0.450731 11247
0.450731 8507
0.450731 8507
0.450743 8757
0.450755 9000
0.450767 9236
0.450779 9466
0.450791 9691
0.450803 9910
0.452341 10125
0.452353 10335
0.452365 10541
0.452377 10743
0.452389 10941
0.452401 11135
0.453999 11326
0.454011 11514
0.454023 11699
0.454035 11881
0.454047 12060
0.454059 12236
0.454071 12410
0.455874 12581
0.455874 9613
0.455874 9613
0.455886 9834
0.455898 10050
0.45591 10262
0.455922 10469
0.455934 10672
0.455946 10871
0.455958 11067
0.457748 11259
0.457748 8467
0.457748 8467
0.45776 8718
0.457772 8962
0.457784 9199
0.457796 9430
0.457808 9656
0.45782 9876
0.459394 10091
0.459406 10302
0.459418 10508
0.45943 10710
0.459442 10909
0.459454 11104
0.46098 11295
0.460992 11483
0.461004 11668
0.461016 11850
0.461028 12029
0.46104 12206
0.461052 12380
0.462807 12552
0.462807 9618
0.462807 9618
0.462819 9839
0.462831 10055
0.462843 10266
0.462855 10473
0.462867 10676
0.462879 10875
0.462891 11071
0.464729 11263
0.464729 8442
0.464729 8442
0.464741 8694
0.464753 8939
0.464765 9177
0.464777 9409
0.464789 9635
0.464801 9856
0.466412 10072
0.466424 10283
0.466436 10490
0.466448 10693
0.46646 10892
0.466472 11087
0.46801 11279
0.468022 11467
0.468034 11652
0.468046 11834
0.468058 12014
0.46807 12191
0.468082 12365
0.469812 12537
0.469812 9459
0.469812 9459
0.469824 9684
0.469836 9904
0.469848 10119
0.46986 10329
0.469872 10535
0.469884 10737
0.469896 10935
0.471747 11129
0.471747 8271
0.471747 8271
0.471759 8528
0.471771 8777
0.471783 9019
0.471795 9255
0.471807 9485
0.471819 9709
0.473441 9928
0.473453 10142
0.473465 10352
0.473477 10557
0.473489 10758
0.473501 10956
0.475039 11150
0.475051 11341
0.475063 11528
0.475075 11712
0.475087 11894
0.475099 12073
0.475111 12249
0.476865 12423
0.476865 9453
0.476865 9453
0.476877 9678
0.47689 9898
0.476902 10113
0.476914 10323
0.476926 10529
0.476938 10731
0.47695 10929
0.478764 11124
0.478764 8382
0.478764 8382
0.478776 8636
0.478788 8882
0.4788 9121
0.478812 9354
0.478824 9581
0.478836 9803
0.480434 10020
0.480446 10232
0.480458 10440
0.48047 10644
0.480482 10844
0.480494 11040
0.48202 11233
0.482032 11422
0.482044 11608
0.482056 11791
0.482068 11971
0.48208 12149
0.482092 12324
0.483847 12496
0.483847 9509
0.483847 9509
0.483859 9733
0.483871 9952
0.483883 10166
0.483895 10375
0.483907 10580
0.483919 10781
0.483931 10978
0.485733 11172
0.485733 8369
0.485733 8369
0.485745 8623
0.485757 8870
0.485769 9110
0.485781 9343
0.485793 9571
0.485805 9793
0.487391 10010
0.487404 10222
0.487416 10430
0.487428 10634
0.48744 10834
0.487452 11030
0.489002 11223
0.489014 11412
0.489026 11598
0.489038 11781
0.48905 11961
0.489062 12139
0.489074 12314
0.49084 12487
0.49084 9540
0.49084 9540
0.490852 9763
0.490864 9981
0.490876 10194
0.490888 10403
0.4909 10607
0.490912 10807
0.490924 11004
0.492751 11197
0.492751 8369
0.492751 8369
0.492763 8623
0.492775 8870
0.492787 9110
0.492799 9343
0.492811 9571
0.492823 9793
0.494421 10010
0.494433 10222
0.494445 10430
0.494457 10634
0.494469 10834
0.494481 11030
0.496019 11223
0.496031 11412
0.496043 11598
0.496055 11781
0.496067 11961
0.496079 12139
0.496091 12314
0.497845 12487
0.497845 9399
0.497845 9399
0.497857 9625
0.497869 9846
0.497881 10062
0.497893 10273
0.497905 10480
0.497918 10683
0.49793 10882
0.499768 11077
0.499768 8215
0.499768 8215
0.49978 8474
0.499792 8725
0.499804 8969
0.499816 9206
0.499828 9437
0.49984 9662
0.50145 9882
0.501462 10097
0.501474 10308
0.501486 10514
0.501498 10716
0.50151 10914
0.50306 11109
0.503072 11300
0.503084 11488
0.503096 11673
0.503108 11855
0.50312 12034
0.503132 12211
0.504899 12385
0.504899 9408
0.504899 9408
0.504911 9634
0.504923 9855
0.504935 10071
0.504947 10282
0.504959 10489
0.504971 10692
0.504983 10891
0.506797 11086
0.506797 8181
0.506797 8181
0.506809 8441
0.506821 8693
0.506833 8938
0.506845 9176
0.506857 9408
0.506869 9634
0.508456 9855
0.508468 10071
0.50848 10282
0.508492 10489
0.508504 10692
0.508516 10891
0.510054 11086
0.510066 11278
0.510078 11467
0.51009 11652
0.510102 11834
0.510114 12014
0.510126 12191
0.511892 12365
0.511892 9356
0.511892 9356
0.511904 9583
0.511916 9805
0.511928 10022
0.51194 10234
0.511952 10442
0.511964 10646
0.511976 10846
0.513803 11042
0.513803 8119
0.513803 8119
0.513815 8381
0.513827 8635
0.513839 8881
0.513851 9121
0.513863 9354
0.513875 9581
0.515473 9803
0.515485 10020
0.515497 10232
0.515509 10440
0.515521 10644
0.515533 10844
0.517047 11040
0.517059 11233
0.517071 11422
0.517083 11608
0.517095 11791
0.517107 11971
0.517119 12149
0.518861 12324
0.518861 9298
0.518861 9298
0.518873 9527
0.518885 9750
0.518897 9968
0.518909 10181
0.518921 10390
0.518933 10595
0.518946 10796
0.520796 10993
0.520796 8062
0.520796 8062
0.520808 8326
0.52082 8582
0.520832 8830
0.520844 9071
0.520856 9305
0.520868 9534
0.52249 9757
0.522502 9975
0.522514 10188
0.522526 10397
0.522538 10602
0.52255 10803
0.52404 11000
0.524052 11193
0.524064 11383
0.524076 11570
0.524088 11754
0.5241 11935
0.524112 12113
0.525831 12288
0.525831 9251
0.525831 9251
0.525843 9481
0.525855 9705
0.525867 9924
0.525879 10138
0.525891 10348
0.525903 10553
0.525915 10754
0.527789 10952
0.527789 8017
0.527789 8017
0.527801 8282
0.527813 8539
0.527825 8788
0.527837 9030
0.527849 9266
0.527861 9496
0.529508 9720
0.52952 9939
0.529532 10153
0.529544 10362
0.529556 10567
0.529568 10768
0.531058 10965
0.53107 11159
0.531082 11350
0.531094 11537
0.531106 11721
0.531118 11902
0.53113 12081
0.532848 12257
0.532848 9213
0.532848 9213
0.53286 9444
0.532872 9669
0.532884 9889
0.532896 10104
0.532908 10314
0.53292 10520
0.532932 10722
0.534807 10920
0.534807 7982
0.534807 7982
0.534819 8249
0.534831 8507
0.534843 8757
0.534855 9000
0.534867 9236
0.534879 9466
0.536525 9691
0.536537 9910
0.536549 10125
0.536561 10335
0.536573 10541
0.536585 10743
0.538063 10941
0.538075 11135
0.538087 11326
0.538099 11514
0.538111 11699
0.538123 11881
0.538135 12060
0.539829 12236
0.539829 9187
0.539829 9187
0.539841 9419
0.539853 9645
0.539865 9866
0.539877 10082
0.539889 10293
0.539901 10500
0.539913 10703
0.541812 10902
0.541812 7961
0.541812 7961
0.541824 8228
0.541836 8487
0.541848 8738
0.54186 8981
0.541872 9218
0.541884 9449
0.543566 9674
0.543566 6925
0.543566 6925
0.543578 7232
0.54359 7526
0.543602 7809
0.543614 8081
0.543626 8344
0.545092 8599
0.545104 8846
0.545116 9086
0.545128 9320
0.54514 9548
0.546835 9771
0.546847 9989
0.546859 10202
0.546871 10410
0.546883 10614
0.546895 10814
0.548805 11011
0.548805 8372
0.548805 8372
0.548817 8626
0.548829 8873
0.548841 9113
0.548853 9346
0.548865 9574
0.548877 9796
0.55056 10013
0.55056 7474
0.55056 7474
0.550572 7759
0.550584 8033
0.550596 8298
0.550608 8554
0.55062 8803
0.552098 9045
0.55211 9280
0.552122 9509
0.552134 9733
0.552146 9952
0.552158 10166
0.55384 10375
0.553852 10580
0.553864 10781
0.553876 10978
0.553888 11172
0.5539 11362
0.555811 11549
0.555811 9136
0.555811 9136
0.555823 9369
0.555835 9596
0.555847 9818
0.555859 10035
0.555871 10247
0.555883 10455
0.557589 10658
0.557589 8211
0.557589 8211
0.557601 8470
0.557613 8721
0.557625 8965
0.557637 9202
0.557649 9433
0.557661 9658
0.559163 9878
0.559175 10093
0.559187 10304
0.559199 10510
0.559211 10712
0.559223 10910
0.560881 11105
0.560893 11296
0.560905 11484
0.560917 11669
0.560929 11851
0.560941 12030
0.560953 12207
0.56284 12381
0.56284 9699
0.56284 9699
0.562852 9918
0.562864 10132
0.562876 10342
0.562888 10548
0.5629 10750
0.562912 10948
0.562924 11142
0.564618 11333
0.564618 8600
0.564618 8600
0.56463 8847
0.564642 9087
0.564654 9321
0.564666 9549
0.564678 9772
0.56469 9990
0.566168 10203
0.56618 10411
0.566192 10615
0.566204 10815
0.566216 11012
0.566228 11205
0.567887 11395
0.567899 11582
0.567911 11766
0.567923 11947
0.567935 12125
0.567947 12300
0.567959 12473
0.569845 12643
0.569845 9783
0.569845 9783
0.569857 10000
0.569869 10213
0.569881 10421
0.569893 10625
0.569905 10825
0.569917 11021
0.569929 11214
0.571624 11404
0.571624 8731
0.571624 8731
0.571636 8975
0.571648 9212
0.57166 9443
0.571672 9668
0.571684 9888
0.571696 10103
0.573174 10313
0.573186 10519
0.573198 10721
0.57321 10919
0.573222 11114
0.573234 11305
0.574892 11493
0.574904 11678
0.574916 11860
0.574928 12039
0.57494 12216
0.574952 12390
0.574964 12562
0.576839 12731
0.576839 9818
0.576839 9818
0.576851 10035
0.576863 10247
0.576875 10455
0.576887 10658
0.576899 10858
0.576911 11054
0.576923 11246
0.578617 11435
0.578617 8676
0.578617 8676
0.578629 8921
0.578641 9159
0.578653 9391
0.578665 9617
0.578677 9838
0.578689 10054
0.580167 10266
0.580179 10473
0.580191 10676
0.580203 10875
0.580215 11071
0.580227 11263
0.581885 11452
0.581897 11638
0.581909 11821
0.581921 12001
0.581933 12178
0.581945 12353
0.581957 12525
0.583844 12695
0.583844 9727
0.583844 9727
0.583856 9946
0.583868 10160
0.58388 10369
0.583892 10574
0.583904 10775
0.583916 10972
0.583928 11166
0.58561 11356
0.58561 8512
0.58561 8512
0.585622 8762
0.585634 9005
0.585646 9241
0.585658 9471
0.58567 9696
0.585682 9915
0.587172 10129
0.587184 10339
0.587196 10545
0.587208 10747
0.58722 10945
0.587232 11139
0.588927 11330
0.588927 8780
0.588927 8780
0.588939 9022
0.588951 9258
0.588963 9488
0.588975 9712
0.588987 9931
0.588999 10145
0.590909 10355
0.590909 7955
0.590909 7955
0.590921 8222
0.590933 8481
0.590945 8732
0.590957 8976
0.590969 9213
0.592652 9444
0.592664 9669
0.592676 9889
0.592688 10104
0.5927 10314
0.592712 10520
0.594166 10722
0.594178 10920
0.59419 11115
0.594202 11306
0.594214 11494
0.594226 11679
0.594238 11861
0.59592 12040
0.59592 9309
0.59592 9309
0.595932 9537
0.595944 9760
0.595956 9978
0.595968 10191
0.59598 10400
0.595992 10604
0.596004 10805
0.597903 11002
0.597903 8376
0.597903 8376
0.597915 8630
0.597927 8876
0.597939 9116
0.597951 9349
0.597963 9577
0.597975 9799
0.599645 10016
0.599657 10228
0.599669 10436
0.599681 10640
0.599693 10840
0.599705 11036
0.601159 11229
0.601171 11418
0.601183 11604
0.601195 11787
0.601207 11967
0.601219 12145
0.601231 12320
0.602901 12493
0.602913 12663
0.602925 12831
0.602937 12997
0.602949 13161
0.602961 13322
0.602973 13482
0.602985 13640
0.604872 13796
0.604872 10782
0.604872 10782
0.604884 10979
0.604896 11173
0.604908 11363
0.60492 11550
0.604932 11734
0.604944 11915
0.604956 12093
0.604968 12269
0.606626 12442
0.606626 9602
0.606626 9602
0.606638 9823
0.60665 10040
0.606662 10252
0.606674 10459
0.606686 10662
0.606698 10861
0.60671 11057
0.608152 11249
0.608164 11438
0.608176 11624
0.608188 11807
0.6082 11987
0.608212 12164
0.608224 12339
0.609895 12511
0.609907 12681
0.609919 12849
0.609931 13014
0.609943 13177
0.609955 13338
0.609967 13497
0.609979 13654
0.611877 13810
0.611877 11138
0.611877 11138
0.611889 11329
0.611901 11517
0.611913 11702
0.611925 11884
0.611937 12063
0.611949 12239
0.611961 12413
0.611973 12584
0.613644 12753
0.613644 10091
0.613644 10091
0.613656 10302
0.613668 10508
0.61368 10710
0.613692 10909
0.613704 11104
0.613716 11295
0.613728 11483
0.61517 11668
0.615182 11850
0.615194 12029
0.615206 12206
0.615218 12380
0.61523 12552
0.615242 12721
0.616888 12888
0.6169 13053
0.616912 13216
0.616924 13377
0.616936 13536
0.616948 13693
0.61696 13848
0.616972 14001
0.618847 14153
0.618847 11552
0.618847 11552
0.618859 11736
0.618871 11917
0.618883 12095
0.618895 12271
0.618907 12444
0.618919 12615
0.618931 12783
0.618943 12949
0.620637 13113
0.620637 10475
0.620637 10475
0.620649 10678
0.620661 10877
0.620673 11072
0.620685 11264
0.620697 11453
0.620709 11639
0.620721 11822
0.622175 12002
0.622187 12179
0.622199 12354
0.622211 12526
0.622223 12696
0.622235 12863
0.622247 13028
0.622259 13191
0.623893 13352
0.623905 13511
0.623917 13668
0.623929 13823
0.623941 13977
0.623953 14129
0.623965 14279
0.623977 14428
0.623989 14575
0.625852 14721
0.625852 11877
0.625852 11877
0.625864 12056
0.625876 12232
0.625888 12406
0.6259 12577
0.625912 12746
0.625924 12913
0.625936 13078
0.625948 13240
0.62763 13400
0.62763 10763
0.62763 10763
0.627642 10961
0.627654 11155
0.627666 11346
0.627678 11533
0.62769 11717
0.627702 11898
0.627714 12077
0.627726 12253
0.62918 12426
0.629192 12597
0.629204 12766
0.629216 12932
0.629228 13096
0.62924 13258
0.629252 13418
0.629264 13576
0.630887 13733
0.630899 13888
0.630911 14041
0.630923 14192
0.630935 14342
0.630947 14490
0.630959 14637
0.630971 14782
0.630983 14926
0.632821 15068
0.632821 12028
0.632821 12028
0.632833 12205
0.632845 12379
0.632857 12551
0.632869 12720
0.632881 12887
0.632893 13052
0.632905 13215
0.632917 13376
0.632929 13535
0.634636 13692
0.634636 10722
0.634636 10722
0.634648 10920
0.63466 11115
0.634672 11306
0.634684 11494
0.634696 11679
0.634708 11861
0.63472 12040
0.634732 12217
0.63621 12391
0.636222 12563
0.636234 12732
0.636246 12899
0.636258 13064
0.63627 13227
0.636282 13388
0.636294 13547
0.637904 13704
0.637916 13859
0.637928 14012
0.63794 14164
0.637952 14314
0.637964 14462
0.637976 14609
0.637988 14754
0.638 14898
0.639814 15041
0.639814 11858
0.639814 11858
0.639826 12037
0.639838 12214
0.63985 12388
0.639863 12560
0.639875 12729
0.639887 12896
0.639899 13061
0.639911 13224
0.639923 13385
0.641653 13544
0.641653 10433
0.641653 10433
0.641665 10637
0.641677 10837
0.641689 11033
0.641701 11226
0.641713 11415
0.641725 11601
0.641737 11784
0.641749 11964
0.643251 12142
0.643263 12317
0.643275 12490
0.643287 12660
0.643299 12828
0.643311 12994
0.643323 13158
0.643335 13320
0.644921 13480
0.644933 13638
0.644945 13794
0.644957 13948
0.644969 14100
0.644981 14251
0.644993 14400
0.645005 14548
0.645017 14694
0.646832 14839
0.646832 11562
0.646832 11562
0.646844 11746
0.646856 11927
0.646868 12105
0.64688 12281
0.646892 12454
0.646904 12625
0.646916 12793
0.646928 12959
0.64694 13123
0.648682 13285
0.648682 10120
0.648682 10120
0.648694 10330
0.648706 10536
0.648718 10738
0.64873 10936
0.648742 11130
0.648754 11321
0.648766 11509
0.65028 11694
0.650292 11876
0.650304 12055
0.650316 12231
0.650328 12405
0.65034 12576
0.650352 12745
0.651939 12912
0.651951 13077
0.651963 13240
0.651975 13400
0.651987 13559
0.651999 13716
0.652011 13871
0.652023 14024
0.653825 14175
0.653825 10933
0.653825 10933
0.653837 11127
0.653849 11318
0.653861 11506
0.653873 11691
0.653885 11873
0.653897 12052
0.653909 12228
0.653921 12402
0.655688 12573
0.655688 9632
0.655688 9632
0.6557 9853
0.655712 10069
0.655724 10280
0.655736 10487
0.655748 10690
0.65576 10889
0.655772 11084
0.657322 11276
0.657334 11465
0.657346 11650
0.657358 11832
0.65737 12012
0.657382 12189
0.657394 12363
0.658908 12535
0.65892 12705
0.658932 12872
0.658944 13037
0.658956 13200
0.658968 13361
0.65898 13520
0.658992 13677
0.660734 13832
0.660734 10651
0.660734 10651
0.660746 10851
0.660758 11047
0.66077 11239
0.660782 11428
0.660794 11614
0.660806 11797
0.660818 11977
0.66083 12154
0.662645 12329
0.662645 9333
0.662645 9333
0.662657 9561
0.662669 9783
0.662681 10000
0.662693 10213
0.662705 10421
0.662717 10625
0.662729 10825
0.664315 11021
0.664327 11214
0.664339 11404
0.664351 11590
0.664363 11773
0.664375 11954
0.664387 12132
0.665925 12307
0.665937 12480
0.665949 12650
0.665961 12818
0.665973 12984
0.665985 13148
0.665997 13310
0.666009 13470
0.667752 13628
0.667752 10420
0.667752 10420
0.667764 10624
0.667776 10824
0.667788 11020
0.6678 11213
0.667812 11403
0.667824 11589
0.667836 11772
0.667848 11953
0.66965 12131
0.66965 9122
0.66965 9122
0.669662 9355
0.669674 9582
0.669686 9804
0.669698 10021
0.66971 10233
0.669722 10441
0.669734 10645
0.67132 10845
0.671332 11041
0.671344 11234
0.671356 11423
0.671368 11609
0.67138 11792
0.671392 11972
0.672931 12150
0.672943 12325
0.672955 12497
0.672967 12667
0.672979 12835
0.672991 13001
0.673003 13164
0.673015 13325
0.674781 13484
0.674781 10257
0.674781 10257
0.674793 10464
0.674805 10667
0.674817 10866
0.674829 11062
0.674841 11254
0.674853 11443
0.674865 11629
0.674877 11812
0.676668 11992
0.676668 8980
0.676668 8980
0.67668 9217
0.676692 9448
0.676704 9673
0.676716 9893
0.676728 10108
0.67674 10318
0.676752 10524
0.67835 10726
0.678362 10924
0.678374 11119
0.678386 11310
0.678398 11498
0.67841 11683
0.678422 11865
0.679912 12044
0.679924 12220
0.679936 12394
0.679948 12565
0.67996 12734
0.679972 12901
0.679984 13066
0.679996 13229
0.681714 13390
0.681714 10141
0.681714 10141
0.681726 10351
0.681738 10556
0.68175 10757
0.681762 10955
0.681774 11149
0.681786 11340
0.681798 11527
0.68181 11711
0.683661 11893
0.683661 8869
0.683661 8869
0.683673 9109
0.683685 9343
0.683697 9571
0.683709 9793
0.683721 10010
0.683733 10222
0.683745 10430
0.685355 10634
0.685367 10834
0.685379 11030
0.685391 11223
0.685403 11412
0.685415 11598
0.685427 11781
0.686941 11961
0.686953 12139
0.686965 12314
0.686977 12487
0.686989 12657
0.687001 12825
0.687013 12991
0.687025 13155
0.688756 13317
0.688756 10053
0.688756 10053
0.688768 10265
0.68878 10472
0.688792 10675
0.688804 10874
0.688816 11070
0.688828 11262
0.68884 11451
0.688852 11637
0.690678 11820
0.690678 8840
0.690678 8840
0.69069 9081
0.690702 9315
0.690714 9543
0.690726 9766
0.690738 9984
0.69075 10197
0.69236 10406
0.692372 10610
0.692384 10810
0.692396 11007
0.692408 11200
0.69242 11390
0.693935 11577
0.693947 11761
0.693959 11942
0.693971 12120
0.693983 12295
0.693995 12468
0.694007 12638
0.695749 12806
0.695749 9689
0.695749 9689
0.695761 9909
0.695773 10124
0.695785 10334
0.695797 10540
0.695809 10742
0.695821 10940
0.695833 11134
0.697671 11325
0.697671 8438
0.697671 8438
0.697684 8690
0.697696 8935
0.697708 9173
0.69772 9405
0.697732 9631
0.697744 9852
0.699366 10068
0.699378 10279
0.69939 10486
0.699402 10689
0.699414 10888
0.699426 11083
0.70094 11275
0.700952 11464
0.700964 11649
0.700976 11831
0.700988 12011
0.701 12188
0.701012 12362
0.702742 12534
0.702742 9536
0.702742 9536
0.702754 9759
0.702766 9977
0.702778 10190
0.70279 10399
0.702802 10603
0.702814 10804
0.702826 11001
0.704677 11194
0.704677 8334
0.704677 8334
0.704689 8589
0.704701 8837
0.704713 9078
0.704725 9312
0.704737 9540
0.704749 9763
0.706383 9981
0.706395 10194
0.706407 10403
0.706419 10607
0.706431 10807
0.706443 11004
0.707933 11197
0.707945 11387
0.707957 11574
0.707969 11758
0.707981 11939
0.707993 12117
0.708005 12292
0.709724 12465
0.709724 9482
0.709724 9482
0.709736 9706
0.709748 9925
0.70976 10139
0.709772 10349
0.709784 10554
0.709796 10755
0.709808 10953
0.711682 11147
0.711682 8298
0.711682 8298
0.711694 8554
0.711706 8803
0.711718 9045
0.71173 9280
0.711742 9509
0.711754 9733
0.713388 9952
0.7134 10166
0.713412 10375
0.713424 10580
0.713436 10781
0.713448 10978
0.714963 11172
0.714975 11362
0.714987 11549
0.714999 11733
0.715011 11914
0.715023 12092
0.715035 12268
0.716753 12441
0.716753 9406
0.716753 9406
0.716765 9632
0.716777 9853
0.716789 10069
0.716801 10280
0.716813 10487
0.716825 10690
0.716837 10889
0.718687 11084
0.718687 8199
0.718687 8199
0.718699 8458
0.718712 8710
0.718724 8954
0.718736 9192
0.718748 9423
0.71876 9649
0.720382 9869
0.720394 10084
0.720406 10295
0.720418 10502
0.72043 10704
0.720442 10903
0.721932 11098
0.721944 11290
0.721956 11478
0.721968 11663
0.72198 11845
0.721992 12024
0.722004 12201
0.723722 12375
0.723722 9381
0.723722 9381
0.723734 9608
0.723746 9829
0.723758 10045
0.72377 10257
0.723782 10464
0.723794 10667
0.723806 10866
0.725657 11062
0.725657 8148
0.725657 8148
0.725669 8409
0.725681 8662
0.725693 8908
0.725705 9147
0.725717 9380
0.725729 9607
0.727363 9828
0.727375 10044
0.727387 10256
0.727399 10463
0.727411 10666
0.727423 10865
0.728913 11061
0.728925 11253
0.728937 11442
0.728949 11628
0.728961 11811
0.728973 11991
0.728985 12168
0.730691 12343
0.730691 9325
0.730691 9325
0.730703 9553
0.730715 9776
0.730728 9994
0.73074 10207
0.730752 10415
0.730764 10619
0.730776 10819
0.732662 11016
0.732662 8089
0.732662 8089
0.732674 8352
0.732686 8607
0.732698 8854
0.73271 9094
0.732722 9328
0.732734 9556
0.734404 9779
0.734416 9996
0.734428 10209
0.73444 10417
0.734452 10621
0.734464 10821
0.735942 11017
0.735954 11210
0.735966 11400
0.735978 11586
0.735991 11769
0.736003 11950
0.736015 12128
0.737697 12303
0.737697 9271
0.737697 9271
0.737709 9500
0.737721 9724
0.737733 9943
0.737745 10157
0.737757 10366
0.737769 10571
0.737781 10772
0.739667 10969
0.739667 8036
0.739667 8036
0.739679 8301
0.739691 8557
0.739703 8806
0.739715 9048
0.739727 9283
0.73974 9512
0.74141 9736
0.741422 9954
0.741434 10168
0.741446 10377
0.741458 10582
0.74147 10783
0.742936 10980
0.742948 11174
0.74296 11364
0.742972 11551
0.742984 11735
0.742996 11916
0.743008 12094
0.74469 12270
0.74469 9230
0.74469 9230
0.744702 9460
0.744714 9685
0.744726 9905
0.744738 10120
0.74475 10330
0.744762 10536
0.744774 10738
0.746661 10936
0.746661 7999
0.746661 7999
0.746673 8265
0.746685 8522
0.746697 8772
0.746709 9015
0.746721 9251
0.746733 9481
0.748403 9705
0.748415 9924
0.748427 10138
0.748439 10348
0.748451 10553
0.748463 10754
0.749941 10952
0.749953 11146
0.749965 11337
0.749977 11525
0.749989 11709
0.750001 11891
0.750013 12070
0.751719 12246
0.751719 9200
0.751719 9200
0.751731 9431
0.751743 9657
0.751756 9877
0.751768 10092
0.75178 10303
0.751792 10509
0.751804 10711
0.753678 10910
0.753678 7971
0.753678 7971
0.75369 8238
0.753702 8496
0.753714 8746
0.753726 8989
0.753738 9226
0.75375 9457
0.755396 9682
0.755408 9902
0.75542 10117
0.755432 10327
0.755444 10533
0.755456 10735
0.756922 10933
0.756934 11127
0.756946 11318
0.756958 11506
0.75697 11691
0.756982 11873
0.756994 12052
0.758689 12228
0.758689 9177
0.758689 9177
0.758701 9409
0.758713 9635
0.758725 9856
0.758737 10072
0.758749 10283
0.758761 10490
0.758773 10693
0.760659 10892
0.760659 7951
0.760659 7951
0.760671 8219
0.760683 8478
0.760695 8729
0.760707 8973
0.760719 9210
0.760731 9441
0.762378 9666
0.76239 9886
0.762402 10101
0.762414 10312
0.762426 10518
0.762438 10720
0.763916 10918
0.763928 11113
0.76394 11304
0.763952 11492
0.763964 11677
0.763976 11859
0.763988 12038
0.765694 12215
0.765694 9161
0.765694 9161
0.765706 9393
0.765718 9619
0.76573 9840
0.765742 10056
0.765754 10267
0.765766 10474
0.765778 10677
0.767665 10876
0.767665 7934
0.767665 7934
0.767677 8202
0.767689 8461
0.767701 8712
0.767713 8956
0.767725 9194
0.767737 9425
0.769383 9651
0.769395 9871
0.769407 10086
0.769419 10297
0.769431 10504
0.769443 10706
0.770933 10905
0.770945 11100
0.770957 11292
0.770969 11480
0.770981 11665
0.770993 11847
0.771005 12026
0.772711 12203
0.772711 9148
0.772711 9148
0.772723 9381
0.772735 9608
0.772747 9829
0.772759 10045
0.772771 10257
0.772784 10464
0.772796 10667
0.774682 10866
0.774682 7923
0.774682 7923
0.774694 8192
0.774706 8452
0.774718 8704
0.77473 8948
0.774742 9186
0.774754 9418
0.776412 9644
0.776424 9865
0.776436 10081
0.776448 10292
0.77646 10499
0.776472 10702
0.777926 10901
0.777938 11096
0.77795 11288
0.777962 11476
0.777974 11661
0.777986 11843
0.777998 12022
0.779681 12199
0.779681 9142
0.779681 9142
0.779693 9375
0.779705 9602
0.779717 9823
0.779729 10040
0.779741 10252
0.779753 10459
0.779765 10662
0.781675 10861
0.781675 7917
0.781675 7917
0.781687 8186
0.781699 8446
0.781711 8698
0.781723 8943
0.781735 9181
0.781747 9413
0.78343 9639
0.78343 6888
0.78343 6888
0.783442 7197
0.783454 7493
0.783466 7777
0.783478 8051
0.78349 8315
0.784956 8571
0.784968 8819
0.78498 9060
0.784992 9295
0.785004 9524
0.786698 9747
0.78671 9965
0.786722 10178
0.786734 10387
0.786746 10592
0.786758 10793
0.788681 10990
0.788681 8345
0.788681 8345
0.788693 8600
0.788705 8847
0.788717 9087
0.788729 9321
0.788741 9549
0.788753 9772
0.790447 9990
0.790447 7448
0.790447 7448
0.790459 7734
0.790471 8009
0.790483 8275
0.790495 8532
0.790507 8781
0.791985 9023
0.791997 9259
0.792009 9489
0.792021 9713
0.792033 9932
0.792045 10146
0.793715 10356
0.793727 10561
0.793739 10762
0.793751 10960
0.793763 11154
0.793775 11345
0.795662 11532
0.795662 8797
0.795662 8797
0.795674 9039
0.795686 9274
0.795698 9503
0.79571 9727
0.795722 9946
0.795734 10160
0.797428 10369
0.797428 7732
0.797428 7732
0.79744 8007
0.797452 8273
0.797464 8530
0.797476 8779
0.797488 9021
0.798978 9257
0.79899 9487
0.799002 9711
0.799014 9930
0.799026 10144
0.799038 10354
0.800721 10559
0.800733 10760
0.800745 10958
0.800757 11152
0.800769 11343
0.800781 11530
0.800793 11714
0.802679 11895
0.802679 9075
0.802679 9075
0.802691 9309
0.802703 9537
0.802715 9760
0.802727 9978
0.802739 10191
0.802751 10400
0.802763 10604
0.804434 10805
0.804434 8058
0.804434 8058
0.804446 8322
0.804458 8578
0.80447 8826
0.804482 9067
0.804494 9302
0.804506 9531
0.805948 9754
0.80596 9972
0.805972 10185
0.805984 10394
0.805996 10599
0.806008 10800
0.807678 10997
0.80769 11190
0.807702 11380
0.807714 11567
0.807726 11751
0.807738 11932
0.80775 12110
0.809649 12286
0.809649 9712
0.809649 9712
0.809661 9931
0.809673 10145
0.809685 10355
0.809697 10560
0.809709 10761
0.809721 10959
0.809733 11153
0.811415 11344
0.811415 8679
0.811415 8679
0.811427 8924
0.811439 9162
0.811451 9394
0.811463 9620
0.811475 9841
0.811487 10057
0.812941 10268
0.812953 10475
0.812965 10678
0.812977 10877
0.812989 11072
0.813001 11264
0.814659 11453
0.814671 11639
0.814683 11822
0.814695 12002
0.814707 12179
0.814719 12354
0.814731 12526
0.816618 12696
0.816618 10238
0.816618 10238
0.81663 10446
0.816642 10650
0.816654 10850
0.816666 11046
0.816678 11238
0.81669 11427
0.816702 11613
0.818408 11796
0.818408 9392
0.818408 9392
0.81842 9618
0.818432 9839
0.818444 10055
0.818456 10266
0.818468 10473
0.81848 10676
0.819958 10875
0.81997 11071
0.819982 11263
0.819994 11452
0.820006 11638
0.820018 11821
0.82003 12001
0.821677 12178
0.821689 12353
0.821701 12525
0.821713 12695
0.821725 12862
0.821737 13027
0.821749 13190
0.821761 13351
0.823623 13510
0.823623 10738
0.823623 10738
0.823635 10936
0.823647 11130
0.823659 11321
0.823671 11509
0.823683 11694
0.823695 11876
0.823707 12055
0.823719 12231
0.825402 12405
0.825402 9687
0.825402 9687
0.825414 9907
0.825426 10122
0.825438 10332
0.82545 10538
0.825462 10740
0.825474 10938
0.825486 11132
0.826952 11323
0.826964 11511
0.826976 11696
0.826988 11878
0.827 12057
0.827012 12233
0.827024 12407
0.82867 12578
0.828682 12747
0.828694 12914
0.828706 13079
0.828718 13241
0.82873 13401
0.828742 13560
0.828754 13717
0.830629 13872
0.830629 10849
0.830629 10849
0.830641 11045
0.830653 11237
0.830665 11426
0.830677 11612
0.830689 11795
0.830701 11975
0.830713 12153
0.830725 12328
0.832419 12500
0.832419 9604
0.832419 9604
0.832431 9825
0.832443 10041
0.832455 10253
0.832467 10460
0.832479 10663
0.832491 10862
0.832503 11058
0.833969 11250
0.833981 11439
0.833993 11625
0.834005 11808
0.834017 11988
0.834029 12165
0.834041 12340
0.835675 12512
0.835687 12682
0.835699 12850
0.835711 13015
0.835723 13178
0.835735 13339
0.835747 13498
0.835759 13655
0.837622 13811
0.837622 10733
0.837622 10733
0.837634 10931
0.837646 11126
0.837658 11317
0.83767 11505
0.837682 11690
0.837694 11872
0.837706 12051
0.837718 12227
0.839412 12401
0.839412 9422
0.839412 9422
0.839424 9648
0.839436 9868
0.839448 10084
0.83946 10295
0.839472 10502
0.839484 10704
0.839496 10903
0.840974 11098
0.840986 11290
0.840998 11478
0.84101 11663
0.841022 11845
0.841034 12024
0.841046 12201
0.842669 12375
0.842681 12547
0.842693 12716
0.842705 12883
0.842717 13048
0.842729 13211
0.842741 13372
0.842753 13531
0.844603 13688
0.844603 10536
0.844603 10536
0.844615 10738
0.844627 10936
0.844639 11130
0.844651 11321
0.844663 11509
0.844675 11694
0.844687 11876
0.844699 12055
0.846406 12231
0.846406 9220
0.846406 9220
0.846418 9451
0.84643 9676
0.846442 9896
0.846454 10111
0.846466 10321
0.846478 10527
0.84649 10729
0.847992 10927
0.848004 11122
0.848016 11313
0.848028 11501
0.84804 11686
0.848052 11868
0.848064 12047
0.849674 12223
0.849686 12397
0.849698 12568
0.84971 12737
0.849722 12904
0.849734 13069
0.849746 13232
0.849758 13393
0.851584 13552
0.851584 10430
0.851584 10430
0.851596 10634
0.851608 10834
0.85162 11030
0.851632 11223
0.851645 11412
0.851657 11598
0.851669 11781
0.851681 11961
0.853423 12139
0.853423 9247
0.853423 9247
0.853435 9477
0.853447 9701
0.853459 9920
0.853471 10134
0.853483 10344
0.853495 10550
0.853507 10752
0.855021 10950
0.855033 11144
0.855045 11335
0.855057 11523
0.855069 11707
0.855081 11889
0.855093 12068
0.856691 12244
0.856703 12418
0.856715 12589
0.856727 12758
0.856739 12925
0.856751 13089
0.856763 13251
0.856775 13411
0.858602 13569
0.858602 10403
0.858602 10403
0.858614 10607
0.858626 10807
0.858638 11004
0.85865 11197
0.858662 11387
0.858674 11574
0.858686 11758
0.858698 11939
0.860428 12117
0.860428 9142
0.860428 9142
0.86044 9375
0.860452 9602
0.860464 9823
0.860476 10040
0.860488 10252
0.8605 10459
0.860512 10662
0.862026 10861
0.862038 11057
0.86205 11249
0.862062 11438
0.862074 11624
0.862086 11807
0.862098 11987
0.863709 12164
0.863721 12339
0.863733 12511
0.863745 12681
0.863757 12849
0.863769 13014
0.863781 13177
0.863793 13338
0.865619 13497
0.865619 10280
0.865619 10280
0.865631 10487
0.865643 10690
0.865655 10889
0.865667 11084
0.865679 11276
0.865691 11465
0.865703 11650
0.865715 11832
0.867434 12012
0.867434 9006
0.867434 9006
0.867446 9242
0.867458 9472
0.86747 9697
0.867482 9916
0.867494 10130
0.867506 10340
0.867518 10546
0.86902 10748
0.869032 10946
0.869044 11140
0.869056 11331
0.869068 11519
0.86908 11704
0.869092 11886
0.870702 12065
0.870714 12241
0.870726 12415
0.870738 12586
0.87075 12755
0.870762 12922
0.870774 13086
0.870786 13248
0.872612 13408
0.872612 10164
0.872612 10164
0.872624 10373
0.872636 10578
0.872648 10779
0.87266 10976
0.872673 11170
0.872685 11360
0.872697 11547
0.872709 11731
0.874451 11912
0.874451 8891
0.874451 8891
0.874463 9130
0.874475 9363
0.874487 9590
0.874499 9812
0.874511 10029
0.874523 10241
0.874535 10449
0.876061 10653
0.876073 10853
0.876085 11049
0.876097 11241
0.876109 11430
0.876121 11616
0.876133 11799
0.877671 11979
0.877683 12156
0.877695 12331
0.877707 12503
0.877719 12673
0.877731 12841
0.877743 13006
0.877755 13169
0.879522 13330
0.879522 10070
0.879522 10070
0.879534 10281
0.879546 10488
0.879558 10691
0.87957 10890
0.879582 11085
0.879594 11277
0.879606 11466
0.879618 11651
0.88142 11833
0.88142 8856
0.88142 8856
0.881432 9096
0.881444 9330
0.881456 9558
0.881468 9781
0.88148 9998
0.881492 10211
0.883066 10419
0.883078 10623
0.88309 10823
0.883102 11019
0.883114 11212
0.883126 11402
0.884676 11588
0.884689 11771
0.884701 11952
0.884713 12130
0.884725 12305
0.884737 12478
0.884749 12648
0.886515 12816
0.886515 9702
0.886515 9702
0.886527 9921
0.886539 10135
0.886551 10345
0.886563 10551
0.886575 10753
0.886587 10951
0.886599 11145
0.888425 11336
0.888425 8450
0.888425 8450
0.888438 8702
0.88845 8946
0.888462 9184
0.888474 9416
0.888486 9642
0.888498 9863
0.890096 10079
0.890108 10290
0.89012 10497
0.890132 10700
0.890144 10899
0.890156 11094
0.891706 11286
0.891718 11474
0.89173 11659
0.891742 11841
0.891754 12021
0.891766 12198
0.891778 12372
0.893556 12544
0.893556 9547
0.893556 9547
0.893568 9770
0.89358 9988
0.893592 10201
0.893604 10409
0.893616 10613
0.893628 10813
0.89364 11010
0.895455 11203
0.895455 8344
0.895455 8344
0.895467 8599
0.895479 8846
0.895491 9086
0.895503 9320
0.895515 9548
0.895527 9771
0.897125 9989
0.897137 10202
0.897149 10410
0.897161 10614
0.897173 10814
0.897185 11011
0.898735 11204
0.898747 11394
0.898759 11581
0.898771 11765
0.898783 11946
0.898795 12124
0.898807 12299
0.900586 12472
0.900586 9490
0.900586 9490
0.900598 9714
0.90061 9933
0.900622 10147
0.900634 10357
0.900646 10562
0.900658 10763
0.90067 10961
0.902472 11155
0.902472 8306
0.902472 8306
0.902484 8562
0.902496 8810
0.902508 9051
0.90252 9286
0.902532 9515
0.902544 9739
0.904106 9957
0.904118 10171
0.90413 10380
0.904142 10585
0.904154 10786
0.904166 10983
0.905704 11177
0.905717 11367
0.905729 11554
0.905741 11738
0.905753 11919
0.905765 12097
0.905777 12273
0.907531 12446
0.907531 9412
0.907531 9412
0.907543 9638
0.907555 9859
0.907567 10075
0.907579 10286
0.907591 10493
0.907603 10696
0.907615 10895
0.909453 11090
0.909453 8205
0.909453 8205
0.909466 8464
0.909478 8715
0.90949 8959
0.909502 9196
0.909514 9427
0.909526 9653
0.911136 9873
0.911148 10088
0.91116 10299
0.911172 10505
0.911184 10707
0.911196 10906
0.91271 11101
0.912722 11293
0.912734 11481
0.912746 11666
0.912758 11848
0.91277 12027
0.912782 12204
0.914524 12378
0.914524 9384
0.914524 9384
0.914536 9611
0.914548 9832
0.91456 10048
0.914572 10260
0.914584 10467
0.914596 10670
0.914608 10869
0.916459 11065
0.916459 8151
0.916459 8151
0.916471 8412
0.916483 8665
0.916495 8911
0.916507 9150
0.916519 9382
0.916531 9609
0.918141 9830
0.918153 10046
0.918165 10258
0.918177 10465
0.918189 10668
0.918201 10867
0.919739 11063
0.919751 11255
0.919763 11444
0.919775 11630
0.919787 11813
0.919799 11993
0.919811 12170
0.921554 12345
0.921554 9327
0.921554 9327
0.921566 9555
0.921578 9778
0.92159 9995
0.921602 10208
0.921614 10416
0.921626 10620
0.921638 10820
0.923452 11017
0.923452 8090
0.923452 8090
0.923464 8353
0.923476 8608
0.923488 8855
0.9235 9095
0.923512 9329
0.923524 9557
0.925122 9780
0.925134 9997
0.925146 10210
0.925158 10418
0.92517 10622
0.925182 10822
0.926732 11018
0.926745 11211
0.926757 11401
0.926769 11587
0.926781 11770
0.926793 11951
0.926805 12129
0.928559 12304
0.928559 9273
0.928559 9273
0.928571 9502
0.928583 9726
0.928595 9945
0.928607 10159
0.928619 10368
0.928631 10573
0.928643 10774
0.930445 10971
0.930445 8038
0.930445 8038
0.930457 8303
0.930469 8559
0.930481 8808
0.930494 9050
0.930506 9285
0.930518 9514
0.932116 9738
0.932128 9956
0.93214 10170
0.932152 10379
0.932164 10584
0.932176 10785
0.933726 10982
0.933738 11176
0.93375 11366
0.933762 11553
0.933774 11737
0.933786 11918
0.933798 12096
0.935576 12272
0.935576 9232
0.935576 9232
0.935588 9462
0.9356 9687
0.935612 9907
0.935624 10122
0.935636 10332
0.935648 10538
0.93566 10740
0.937475 10938
0.937475 8001
0.937475 8001
0.937487 8267
0.937499 8524
0.937511 8774
0.937523 9016
0.937535 9252
0.937547 9482
0.939121 9706
0.939133 9925
0.939145 10139
0.939157 10349
0.939169 10554
0.939181 10755
0.940719 10953
0.940731 11147
0.940743 11338
0.940755 11526
0.940767 11710
0.940779 11892
0.940791 12071
0.942558 12247
0.942558 9201
0.942558 9201
0.94257 9432
0.942582 9657
0.942594 9877
0.942606 10092
0.942618 10303
0.94263 10509
0.942642 10711
0.944468 10910
0.944468 7971
0.944468 7971
0.94448 8238
0.944492 8496
0.944504 8746
0.944516 8989
0.944528 9226
0.94454 9457
0.946138 9682
0.94615 9902
0.946162 10117
0.946174 10327
0.946186 10533
0.946198 10735
0.947736 10933
0.947748 11127
0.94776 11318
0.947773 11506
0.947785 11691
0.947797 11873
0.947809 12052
0.949563 12228
0.949563 9178
0.949563 9178
0.949575 9410
0.949587 9636
0.949599 9857
0.949611 10073
0.949623 10284
0.949635 10491
0.949647 10694
0.951485 10893
0.951485 7952
0.951485 7952
0.951497 8220
0.951509 8479
0.951522 8730
0.951534 8974
0.951546 9211
0.951558 9442
0.953168 9667
0.95318 9887
0.953192 10102
0.953204 10313
0.953216 10519
0.953228 10721
0.954754 10919
0.954766 11114
0.954778 11305
0.95479 11493
0.954802 11678
0.954814 11860
0.954826 12039
0.95658 12216
0.95658 9162
0.95658 9162
0.956592 9394
0.956604 9620
0.956616 9841
0.956628 10057
0.95664 10268
0.956652 10475
0.956664 10678
0.958491 10877
0.958491 7935
0.958491 7935
0.958503 8203
0.958515 8462
0.958527 8713
0.958539 8957
0.958551 9194
0.958563 9425
0.960173 9651
0.960185 9871
0.960197 10086
0.960209 10297
0.960221 10504
0.960233 10706
0.961759 10905
0.961771 11100
0.961783 11292
0.961795 11480
0.961807 11665
0.961819 11847
0.961831 12026
0.963562 12203
0.963562 9148
0.963562 9148
0.963574 9381
0.963586 9608
0.963598 9829
0.96361 10045
0.963622 10257
0.963634 10464
0.963646 10667
0.965508 10866
0.965508 7923
0.965508 7923
0.96552 8192
0.965532 8452
0.965544 8704
0.965556 8948
0.965568 9186
0.96558 9418
0.967202 9644
0.967214 9865
0.967226 10081
0.967238 10292
0.96725 10499
0.967262 10702
0.968764 10901
0.968776 11096
0.968788 11288
0.968801 11476
0.968813 11661
0.968825 11843
0.968837 12022
0.970555 12199
0.970555 9142
0.970555 9142
0.970567 9375
0.970579 9602
0.970591 9823
0.970603 10040
0.970615 10252
0.970627 10459
0.970639 10662
0.972513 10861
0.972513 7917
0.972513 7917
0.972525 8186
0.972537 8446
0.97255 8698
0.972562 8943
0.972574 9181
0.972586 9413
0.974232 9639
0.974244 9860
0.974256 10076
0.974268 10287
0.97428 10494
0.974292 10697
0.975782 10896
0.975794 11091
0.975806 11283
0.975818 11471
0.97583 11656
0.975842 11838
0.975854 12018
0.977572 12195
0.977572 9136
0.977572 9136
0.977584 9369
0.977596 9596
0.977608 9818
0.97762 10035
0.977632 10247
0.977644 10455
0.977656 10658
0.979531 10858
0.979531 7913
0.979531 7913
0.979543 8182
0.979555 8442
0.979567 8694
0.979579 8939
0.979591 9177
0.979603 9409
0.981249 9635
0.981261 9856
0.981273 10072
0.981285 10283
0.981297 10490
0.981309 10693
0.982799 10892
0.982811 11087
0.982823 11279
0.982835 11467
0.982847 11652
0.982859 11834
0.982871 12014
0.98459 12191
0.98459 9132
0.98459 9132
0.984602 9365
0.984614 9592
0.984626 9814
0.984638 10031
0.98465 10243
0.984662 10451
0.984674 10654
0.986548 10854
0.986548 7909
0.986548 7909
0.98656 8178
0.986572 8438
0.986584 8690
0.986596 8935
0.986608 9173
0.98662 9405
0.988266 9631
0.988278 9852
0.98829 10068
0.988302 10279
0.988314 10486
0.988327 10689
0.989804 10888
0.989816 11083
0.989829 11275
0.989841 11464
0.989853 11649
0.989865 11831
0.989877 12011
0.991583 12188
0.991583 9128
0.991583 9128
0.991595 9361
0.991607 9588
0.991619 9810
0.991631 10027
0.991643 10239
0.991655 10447
0.991667 10651
0.993541 10851
0.993541 7905
0.993541 7905
0.993553 8174
0.993565 8434
0.993578 8686
0.99359 8931
0.993602 9169
0.993614 9401
0.995272 9627
0.995284 9848
0.995296 10064
0.995308 10275
0.99532 10482
0.995332 10685
0.996798 10884
0.99681 11079
0.996822 11271
0.996834 11460
0.996846 11646
0.996858 11829
0.99687 12009
0.998564 12186
0.998564 9126
0.998564 9126
0.998576 9359
0.998588 9586
0.9986 9808
0.998612 10025
0.998624 10237
0.998636 10445
0.998648 10649
1.00055 10849
1.00055 7903
1.00055 7903
1.00056 8172
1.00057 8432
1.00058 8684
1.00059 8929
1.00061 9167
1.00062 9399
1.00229 9625
1.0023 9846
1.00231 10062
1.00233 10273
1.00234 10480
1.00235 10683
1.0038 10882
1.00382 11077
1.00383 11269
1.00384 11458
1.00385 11644
1.00386 11827
1.00388 12007
1.00555 12184
1.00556 12358
1.00557 12530
1.00558 12700
1.00559 12867
1.00561 13032
1.00562 13195
1.00563 13356
1.00753 13515
1.00753 10332
1.00753 10332
1.00754 10538
1.00755 10740
1.00756 10938
1.00758 11132
1.00759 11323
1.0076 11511
1.00761 11696
1.00762 11878
1.00928 12057
1.00928 9033
1.00928 9033
1.00929 9268
1.00931 9497
1.00932 9721
1.00933 9940
1.00934 10154
1.00935 10363
1.00937 10568
1.01083 10769
1.01084 10966
1.01086 11160
1.01087 11351
1.01088 11538
1.01089 11722
1.0109 11903
1.01257 12082
1.01259 12258
1.0126 12431
1.01261 12602
1.01262 12771
1.01263 12937
1.01265 13101
1.01266 13263
1.01456 13423
1.01456 10649
1.01456 10649
1.01457 10849
1.01458 11045
1.01459 11237
1.01461 11426
1.01462 11612
1.01463 11795
1.01464 11975
1.01465 12153
1.01632 12328
1.01632 9497
1.01632 9497
1.01634 9721
1.01635 9940
1.01636 10154
1.01637 10363
1.01638 10568
1.0164 10769
1.01641 10966
1.01787 11160
1.01789 11351
1.0179 11538
1.01791 11722
1.01792 11903
1.01793 12082
1.01795 12258
1.0196 12431
1.01962 12602
1.01963 12771
1.01964 12937
1.01965 13101
1.01966 13263
1.01968 13423
1.01969 13581
1.02157 13737
1.02157 11138
1.02157 11138
1.02159 11329
1.0216 11517
1.02161 11702
1.02162 11884
1.02163 12063
1.02165 12239
1.02166 12413
1.02167 12584
1.02334 12753
1.02334 10206
1.02334 10206
1.02335 10414
1.02337 10618
1.02338 10818
1.02339 11015
1.0234 11208
1.02341 11398
1.02343 11585
1.02488 11768
1.02489 11949
1.0249 12127
1.02492 12302
1.02493 12475
1.02494 12645
1.02495 12813
1.0266 12979
1.02661 13143
1.02662 13305
1.02663 13465
1.02665 13623
1.02666 13779
1.02667 13933
1.02668 14085
1.02854 14236
1.02854 11778
1.02854 11778
1.02856 11958
1.02857 12136
1.02858 12311
1.02859 12484
1.0286 12654
1.02862 12822
1.02863 12988
1.02864 13152
1.03035 13314
1.03035 10795
1.03035 10795
1.03036 10992
1.03037 11185
1.03038 11375
1.03039 11562
1.03041 11746
1.03042 11927
1.03043 12105
1.03044 12281
1.03193 12454
1.03194 12625
1.03196 12793
1.03197 12959
1.03198 13123
1.03199 13285
1.032 13445
1.03202 13603
1.03357 13759
1.03358 13913
1.03359 14066
1.0336 14217
1.03361 14366
1.03363 14514
1.03364 14660
1.03365 14805
1.03366 14948
1.03544 15090
1.03544 12219
1.03544 12219
1.03545 12393
1.03547 12565
1.03548 12734
1.03549 12901
1.0355 13066
1.03551 13229
1.03553 13390
1.03554 13549
1.03555 13706
1.03732 13861
1.03732 10956
1.03732 10956
1.03733 11150
1.03734 11341
1.03735 11528
1.03736 11712
1.03738 11894
1.03739 12073
1.0374 12249
1.03741 12423
1.03895 12594
1.03896 12763
1.03897 12930
1.03899 13094
1.039 13256
1.03901 13416
1.03902 13574
1.03903 13731
1.04057 13886
1.04058 14039
1.0406 14190
1.04061 14340
1.04062 14488
1.04063 14635
1.04064 14780
1.04066 14924
1.04067 15066
1.04239 15207
1.04239 12036
1.04239 12036
1.0424 12213
1.04241 12387
1.04242 12559
1.04243 12728
1.04245 12895
1.04246 13060
1.04247 13223
1.04248 13384
1.04249 13543
1.04431 13700
1.04431 10610
1.04431 10610
1.04432 10810
1.04433 11007
1.04435 11200
1.04436 11390
1.04437 11577
1.04438 11761
1.04439 11942
1.04441 12120
1.04599 12295
1.046 12468
1.04602 12638
1.04603 12806
1.04604 12972
1.04605 13136
1.04606 13298
1.04608 13458
1.04763 13616
1.04764 13772
1.04765 13926
1.04766 14079
1.04767 14230
1.04769 14379
1.0477 14527
1.04771 14673
1.04772 14818
1.04949 14961
1.04949 11770
1.04949 11770
1.0495 11951
1.04951 12129
1.04952 12304
1.04954 12477
1.04955 12647
1.04956 12815
1.04957 12981
1.04958 13145
1.0496 13307
1.05136 13467
1.05136 10511
1.05136 10511
1.05137 10713
1.05139 10911
1.0514 11106
1.05141 11297
1.05142 11485
1.05143 11670
1.05145 11852
1.05146 12031
1.05301 12208
1.05302 12382
1.05303 12554
1.05304 12723
1.05306 12890
1.05307 13055
1.05308 13218
1.05309 13379
1.05461 13538
1.05462 13695
1.05463 13850
1.05464 14003
1.05465 14155
1.05467 14305
1.05468 14454
1.05469 14601
1.0547 14746
1.05643 14890
1.05643 11624
1.05643 11624
1.05645 11807
1.05646 11987
1.05647 12164
1.05648 12339
1.05649 12511
1.05651 12681
1.05652 12849
1.05653 13014
1.05654 13177
1.05832 13338
1.05832 10230
1.05832 10230
1.05833 10438
1.05834 10642
1.05836 10842
1.05837 11038
1.05838 11231
1.05839 11420
1.0584 11606
1.05842 11789
1.05999 11969
1.06 12147
1.06001 12322
1.06003 12494
1.06004 12664
1.06005 12832
1.06006 12998
1.06007 13161
1.06159 13322
1.0616 13482
1.06161 13640
1.06162 13796
1.06164 13950
1.06165 14102
1.06166 14253
1.06167 14402
1.06168 14550
1.06341 14696
1.06341 11336
1.06341 11336
1.06343 11524
1.06344 11708
1.06345 11890
1.06346 12069
1.06347 12245
1.06349 12419
1.0635 12590
1.06351 12759
1.06528 12926
1.06528 9852
1.06528 9852
1.06529 10068
1.0653 10279
1.06531 10486
1.06533 10689
1.06534 10888
1.06535 11083
1.06536 11275
1.06691 11464
1.06692 11649
1.06694 11831
1.06695 12011
1.06696 12188
1.06697 12362
1.06698 12534
1.06853 12704
1.06855 12871
1.06856 13036
1.06857 13199
1.06858 13360
1.06859 13519
1.06861 13676
1.06862 13831
1.07038 13985
1.07038 10800
1.07038 10800
1.0704 10997
1.07041 11190
1.07042 11380
1.07043 11567
1.07044 11751
1.07046 11932
1.07047 12110
1.07048 12286
1.07226 12459
1.07226 9409
1.07226 9409
1.07227 9635
1.07228 9856
1.07229 10072
1.07231 10283
1.07232 10490
1.07233 10693
1.07234 10892
1.07392 11087
1.07393 11279
1.07394 11467
1.07395 11652
1.07396 11834
1.07398 12014
1.07399 12191
1.07551 12365
1.07553 12537
1.07554 12707
1.07555 12874
1.07556 13039
1.07557 13202
1.07559 13363
1.0756 13522
1.07735 13679
1.07735 10411
1.07735 10411
1.07737 10615
1.07738 10815
1.07739 11012
1.0774 11205
1.07741 11395
1.07743 11582
1.07744 11766
1.07745 11947
1.07926 12125
1.07926 9098
1.07926 9098
1.07928 9332
1.07929 9560
1.0793 9782
1.07931 9999
1.07932 10212
1.07934 10420
1.07935 10624
1.08093 10824
1.08095 11020
1.08096 11213
1.08097 11403
1.08098 11589
1.08099 11772
1.08101 11953
1.08254 12131
1.08256 12306
1.08257 12479
1.08258 12649
1.08259 12817
1.0826 12983
1.08262 13147
1.08263 13309
1.08439 13469
1.08439 10329
1.08439 10329
1.08441 10535
1.08442 10737
1.08443 10935
1.08444 11129
1.08445 11320
1.08447 11508
1.08448 11693
1.08449 11875
1.08629 12054
1.08629 9005
1.08629 9005
1.0863 9241
1.08632 9471
1.08633 9696
1.08634 9915
1.08635 10129
1.08637 10339
1.08638 10545
1.08795 10747
1.08796 10945
1.08798 11139
1.08799 11330
1.088 11518
1.08801 11703
1.08802 11885
1.08955 12064
1.08956 12240
1.08957 12414
1.08959 12585
1.0896 12754
1.08961 12921
1.08962 13085
1.08963 13247
1.09138 13407
1.09138 10245
1.09138 10245
1.09139 10453
1.0914 10656
1.09141 10856
1.09142 11052
1.09144 11244
1.09145 11433
1.09146 11619
1.09147 11802
1.0933 11982
1.0933 8923
1.0933 8923
1.09331 9161
1.09332 9393
1.09333 9619
1.09335 9840
1.09336 10056
1.09337 10267
1.09338 10474
1.09498 10677
1.09499 10876
1.095 11071
1.09502 11263
1.09503 11452
1.09504 11638
1.09505 11821
1.09657 12001
1.09658 12178
1.09659 12353
1.0966 12525
1.09661 12695
1.09663 12862
1.09664 13027
1.09665 13190
1.09838 13351
1.09838 10176
1.09838 10176
1.09839 10385
1.09841 10590
1.09842 10791
1.09843 10988
1.09844 11181
1.09845 11371
1.09847 11558
1.09848 11742
1.10032 11923
1.10032 8858
1.10032 8858
1.10033 9098
1.10034 9332
1.10035 9560
1.10036 9782
1.10038 9999
1.10039 10212
1.1004 10420
1.10201 10624
1.10202 10824
1.10203 11020
1.10205 11213
1.10206 11403
1.10207 11589
1.10208 11772
1.10357 11953
1.10358 12131
1.1036 12306
1.10361 12479
1.10362 12649
1.10363 12817
1.10364 12983
1.10366 13147
1.10536 13309
1.10536 10125
1.10536 10125
1.10537 10335
1.10539 10541
1.1054 10743
1.10541 10941
1.10542 11135
1.10543 11326
1.10545 11514
1.10546 11699
1.10728 11881
1.10728 8862
1.10728 8862
1.1073 9102
1.10731 9336
1.10732 9564
1.10733 9786
1.10734 10003
1.10736 10216
1.10737 10424
1.10898 10628
1.10899 10828
1.109 11024
1.10902 11217
1.10903 11407
1.10904 11593
1.10905 11776
1.11055 11957
1.11057 12135
1.11058 12310
1.11059 12483
1.1106 12653
1.11061 12821
1.11063 12987
1.11064 13151
1.11237 13313
1.11237 10160
1.11237 10160
1.11238 10369
1.11239 10574
1.1124 10775
1.11242 10972
1.11243 11166
1.11244 11356
1.11245 11543
1.11246 11727
1.1143 11908
1.1143 8907
1.1143 8907
1.11431 9146
1.11433 9379
1.11434 9606
1.11435 9827
1.11436 10043
1.11437 10255
1.11439 10462
1.11598 10665
1.116 10864
1.11601 11060
1.11602 11252
1.11603 11441
1.11604 11627
1.11606 11810
1.11756 11990
1.11757 12167
1.11758 12342
1.11759 12514
1.11761 12684
1.11762 12852
1.11763 13017
1.11764 13180
1.11936 13341
1.11936 10205
1.11936 10205
1.11937 10413
1.11939 10617
1.1194 10817
1.11941 11014
1.11942 11207
1.11943 11397
1.11945 11584
1.11946 11768
1.12128 11949
1.12128 8907
1.12128 8907
1.1213 9146
1.12131 9379
1.12132 9606
1.12133 9827
1.12134 10043
1.12136 10255
1.12137 10462
1.12298 10665
1.12299 10864
1.123 11060
1.12301 11252
1.12303 11441
1.12304 11627
1.12305 11810
1.12454 11990
1.12455 12167
1.12456 12342
1.12458 12514
1.12459 12684
1.1246 12852
1.12461 13017
1.12462 13180
1.12633 13341
1.12633 10176
1.12633 10176
1.12634 10385
1.12635 10590
1.12637 10791
1.12638 10988
1.12639 11181
1.1264 11371
1.12641 11558
1.12643 11742
1.12828 11923
1.12828 8864
1.12828 8864
1.12829 9104
1.1283 9338
1.12831 9566
1.12832 9788
1.12834 10005
1.12835 10218
1.12836 10426
1.13 10630
1.13001 10830
1.13002 11026
1.13003 11219
1.13004 11408
1.13006 11594
1.13007 11777
1.13153 11957
1.13155 12135
1.13156 12310
1.13157 12483
1.13158 12653
1.13159 12821
1.13161 12987
1.13162 13151
1.13331 13313
1.13331 10133
1.13331 10133
1.13332 10343
1.13334 10549
1.13335 10751
1.13336 10949
1.13337 11143
1.13338 11334
1.1334 11522
1.13341 11707
1.13528 11889
1.13528 8872
1.13528 8872
1.13529 9112
1.13531 9345
1.13532 9573
1.13533 9795
1.13534 10012
1.13535 10224
1.13537 10432
1.13701 10636
1.13702 10836
1.13704 11032
1.13705 11225
1.13706 11414
1.13707 11600
1.13708 11783
1.13856 11963
1.13857 12141
1.13859 12316
1.1386 12489
1.13861 12659
1.13862 12827
1.13863 12993
1.13865 13157
1.14034 13319
1.14034 10168
1.14034 10168
1.14035 10377
1.14036 10582
1.14038 10783
1.14039 10980
1.1404 11174
1.14041 11364
1.14043 11551
1.14044 11735
1.14229 11916
1.14229 8867
1.14229 8867
1.1423 9107
1.14231 9341
1.14232 9569
1.14234 9791
1.14235 10008
1.14236 10220
1.14237 10428
1.14401 10632
1.14402 10832
1.14403 11028
1.14404 11221
1.14405 11410
1.14407 11596
1.14408 11779
1.14556 11959
1.14557 12137
1.14558 12312
1.14559 12485
1.1456 12655
1.14562 12823
1.14563 12989
1.14564 13153
1.14735 13315
1.14735 10142
1.14735 10142
1.14736 10352
1.14737 10557
1.14738 10758
1.14739 10956
1.14741 11150
1.14742 11341
1.14743 11528
1.14744 11712
1.1493 11894
1.1493 8832
1.1493 8832
1.14932 9073
1.14933 9307
1.14934 9536
1.14935 9759
1.14936 9977
1.14938 10190
1.14939 10399
1.15101 10603
1.15102 10804
1.15104 11001
1.15105 11194
1.15106 11384
1.15107 11571
1.15108 11755
1.15256 11936
1.15257 12114
1.15259 12289
1.1526 12462
1.15261 12633
1.15262 12801
1.15263 12967
1.15265 13131
1.15435 13293
1.15435 10108
1.15435 10108
1.15436 10318
1.15438 10524
1.15439 10726
1.1544 10924
1.15441 11119
1.15442 11310
1.15444 11498
1.1563 11683
1.1563 8711
1.1563 8711
1.15631 8955
1.15632 9193
1.15633 9424
1.15635 9650
1.15636 9870
1.15637 10085
1.15803 10296
1.15804 10503
1.15805 10705
1.15806 10904
1.15808 11099
1.15809 11291
1.15958 11479
1.15959 11664
1.1596 11846
1.15961 12025
1.15963 12202
1.15964 12376
1.15965 12548
1.16136 12717
1.16136 9702
1.16136 9702
1.16137 9921
1.16138 10135
1.16139 10345
1.1614 10551
1.16142 10753
1.16143 10951
1.16144 11145
1.16333 11336
1.16333 8563
1.16333 8563
1.16334 8811
1.16335 9052
1.16336 9287
1.16338 9516
1.16339 9740
1.1634 9958
1.16507 10172
1.16508 10381
1.16509 10586
1.16511 10787
1.16512 10984
1.16513 11178
1.16658 11368
1.1666 11555
1.16661 11739
1.16662 11920
1.16663 12098
1.16664 12274
1.16666 12447
1.16834 12618
1.16834 9632
1.16834 9632
1.16835 9853
1.16836 10069
1.16837 10280
1.16839 10487
1.1684 10690
1.16841 10889
1.16842 11084
1.17033 11276
1.17033 8472
1.17033 8472
1.17034 8723
1.17036 8967
1.17037 9204
1.17038 9435
1.17039 9660
1.1704 9880
1.17209 10095
1.17209 7426
1.17209 7426
1.1721 7713
1.17211 7989
1.17212 8255
1.17214 8513
1.17215 8763
1.17363 9006
1.17364 9242
1.17365 9472
1.17366 9697
1.17367 9916
1.17369 10130
1.17537 10340
1.17538 10546
1.17539 10748
1.1754 10946
1.17542 11140
1.17543 11331
1.17734 11519
1.17734 8929
1.17734 8929
1.17735 9167
1.17736 9399
1.17737 9625
1.17739 9846
1.1774 10062
1.17741 10273
1.17912 10480
1.17912 7998
1.17912 7998
1.17913 8264
1.17914 8521
1.17915 8771
1.17916 9014
1.17918 9250
1.17919 9480
1.18069 9704
1.1807 9923
1.18071 10137
1.18073 10347
1.18074 10553
1.18075 10754
1.18241 10952
1.18242 11146
1.18243 11337
1.18244 11525
1.18246 11709
1.18247 11891
1.18248 12070
1.18437 12246
1.18437 9421
1.18437 9421
1.18438 9647
1.18439 9867
1.1844 10083
1.18442 10294
1.18443 10501
1.18444 10703
1.18445 10902
1.18616 11097
1.18616 8400
1.18616 8400
1.18617 8653
1.18618 8899
1.18619 9138
1.18621 9371
1.18622 9598
1.18623 9820
1.18772 10037
1.18773 10249
1.18774 10456
1.18776 10659
1.18777 10858
1.18778 11054
1.18941 11246
1.18943 11435
1.18944 11621
1.18945 11804
1.18946 11984
1.18947 12161
1.18949 12336
1.19132 12508
1.19132 9631
1.19132 9631
1.19134 9852
1.19135 10068
1.19136 10279
1.19137 10486
1.19138 10689
1.1914 10888
1.19141 11083
1.19313 11275
1.19313 8492
1.19313 8492
1.19314 8743
1.19315 8986
1.19316 9223
1.19318 9454
1.19319 9679
1.1932 9899
1.1947 10114
1.19471 10324
1.19473 10530
1.19474 10732
1.19475 10930
1.19476 11125
1.19641 11316
1.19642 11504
1.19643 11689
1.19644 11871
1.19646 12050
1.19647 12226
1.19648 12400
1.19833 12571
1.19833 9521
1.19833 9521
1.19834 9744
1.19835 9962
1.19837 10175
1.19838 10384
1.19839 10589
1.1984 10790
1.19841 10987
