0.0 0
0.00801856 14400
0.00801856 14400
0.0162706 15840
0.0174658 17280
0.018661 18720
0.0198562 20160
0.0210514 21600
0.0245182 23040
0.0257134 24480
0.026311 25920
0.0277453 27360
0.029299 28800
0.0298966 30240
0.0313309 31680
0.0328846 33120
0.0333627 34560
0.0349165 36000
0.0356336 37440
0.0362312 38880
0.0383826 40320
0.0400558 41760
0.0405339 43200
0.0413706 44640
0.0436414 46080
0.044 47520
0.0456733 48960
0.0461514 50400
0.046749 51840
0.0492589 53280
0.0498565 54720
0.0503346 56160
0.0509322 57600
0.0542787 59040
0.0546373 60480
0.0564301 61920
0.0569082 63360
0.0575058 64800
0.058701 66240
0.0615694 67680
0.061928 69120
0.0624061 70560
0.065155 72000
0.0656331 73440
0.0659917 74880
0.0665893 76320
0.0671869 77760
0.0707725 79200
0.0712506 80640
0.0717286 82080
0.0720872 83520
0.0726848 84960
0.0732824 86400
0.0778242 87840
0.0780632 89280
0.0785413 90720
0.0815293 92160
0.0820074 93600
0.0822464 95040
0.083083 96480
0.0845173 97920
0.0851149 99360
0.088581 100800
0.089059 102240
0.0894176 103680
0.0898957 105120
0.0937203 106560
0.0943179 108000
0.094796 109440
0.0952741 110880
0.0955131 112320
0.0963498 113760
0.0968278 115200
0.097545 116640
0.103043 118080
0.103642 118080
0.103642 57600
0.17858 57636
0.179416 57671
0.180253 57706
0.189099 57706
0.189099 28080
0.213957 28153
0.214196 28226
0.214555 28299
0.215272 28372
0.215631 28445
0.216109 28517
0.217424 28589
0.22077 28661
0.229017 28733
0.229495 28805
0.229973 28876
0.23069 28947
0.231049 29018
0.231407 29089
0.232124 29160
0.232364 29231
0.232961 29301
0.234276 29371
0.243359 29441
0.243837 29511
0.244435 29581
0.245033 29651
0.245391 29720
0.245869 29789
0.246467 29858
0.246706 29927
0.247304 29996
0.248618 30065
0.257343 30133
0.257821 30201
0.258419 30269
0.258897 30337
0.259375 30405
0.259853 30473
0.260331 30541
0.26069 30608
0.261287 30675
0.262722 30742
0.271566 30809
0.272044 30876
0.272642 30943
0.27312 31010
0.273598 31076
0.273956 31142
0.274674 31208
0.275032 31274
0.27563 31340
0.276944 31406
0.286148 31472
0.286626 31537
0.287223 31602
0.287701 31667
0.288299 31732
0.288538 31797
0.289375 31862
0.289733 31927
0.290331 31991
0.291645 32055
0.300848 32119
0.301327 32183
0.301924 32247
0.302402 32311
0.30288 32375
0.303239 32439
0.303717 32502
0.304315 32565
0.304793 32628
0.30539 32691
0.306824 32754
0.316147 32817
0.316625 32880
0.317223 32943
0.317701 33005
0.318059 33067
0.318537 33129
0.318896 33191
0.319494 33253
0.319972 33315
0.320569 33377
0.322004 33439
0.331565 33501
0.332043 33562
0.332641 33623
0.333119 33684
0.333597 33745
0.333956 33806
0.334314 33867
0.334912 33928
0.33539 33989
0.336107 34050
0.337422 34110
0.347342 34170
0.34782 34230
0.348417 34290
0.348896 34350
0.349493 34410
0.349732 34470
0.35021 34530
0.350808 34590
0.351286 34649
0.352003 34708
0.353318 34767
0.363238 34826
0.363716 34885
0.364314 34944
0.364792 35003
0.36527 35062
0.365628 35121
0.366106 35180
0.366584 35238
0.367063 35296
0.367421 35354
0.368138 35412
0.369692 35470
0.379612 35528
0.38009 35586
0.380688 35644
0.381166 35702
0.381524 35760
0.382003 35817
0.382361 35874
0.382839 35931
0.383317 35988
0.383676 36045
0.384393 36102
0.386066 36159
0.396106 36216
0.396584 36273
0.397182 36330
0.39766 36387
0.398138 36443
0.398496 36499
0.398974 36555
0.399452 36611
0.399811 36667
0.400289 36723
0.400887 36779
0.40268 36835
0.412958 36891
0.413436 36947
0.414034 37003
0.414512 37059
0.41511 37114
0.415349 37169
0.415946 37224
0.416424 37279
0.416783 37334
0.417261 37389
0.417859 37444
0.419651 37499
0.43005 37554
0.430528 37609
0.431125 37664
0.431603 37719
0.432081 37773
0.43244 37827
0.432918 37881
0.433396 37935
0.433874 37989
0.434233 38043
0.43483 38097
0.435308 38151
0.436982 38205
0.447619 38259
0.448217 38313
0.448814 38367
0.449292 38421
0.449651 38474
0.450129 38527
0.450488 38580
0.450966 38633
0.451444 38686
0.451802 38739
0.4524 38792
0.452878 38845
0.454671 38898
0.465188 38951
0.465786 39004
0.466384 39057
0.466862 39110
0.46734 39163
0.467698 39215
0.468176 39267
0.468655 39319
0.469013 39371
0.469491 39423
0.470089 39475
0.470447 39527
0.47224 39579
0.482997 39631
0.483714 39683
0.484312 39735
0.48479 39787
0.485387 39839
0.485626 39891
0.486224 39942
0.486702 39993
0.487061 40044
0.487539 40095
0.488136 40146
0.488495 40197
0.490168 40248
0.501284 40299
0.502001 40350
0.502598 40401
0.503076 40452
0.503554 40503
0.503913 40554
0.504391 40605
0.504869 40656
0.505347 40707
0.505706 40757
0.506303 40807
0.506781 40857
0.508335 40907
0.51969 40957
0.520407 41007
0.520885 41057
0.521363 41107
0.521841 41157
0.522319 41207
0.522797 41257
0.523156 41307
0.523634 41357
0.524112 41407
0.52447 41457
0.525068 41507
0.525546 41556
0.527219 41605
0.538454 41654
0.539171 41703
0.539649 41752
0.540128 41801
0.540606 41850
0.541203 41899
0.541562 41948
0.54204 41997
0.542518 42046
0.542876 42095
0.543355 42144
0.543952 42193
0.544311 42242
0.545984 42291
0.557458 42340
0.558175 42388
0.558653 42436
0.559131 42484
0.55949 42532
0.560207 42580
0.560446 42628
0.561163 42676
0.561761 42724
0.562119 42772
0.562597 42820
0.563195 42868
0.563553 42916
0.565227 42964
0.57682 43012
0.577537 43060
0.578015 43108
0.578493 43156
0.578972 43204
0.579689 43251
0.579928 43298
0.580645 43345
0.581123 43392
0.581601 43439
0.58196 43486
0.582557 43533
0.583035 43580
0.584589 43627
0.596302 43674
0.597019 43721
0.597497 43768
0.597975 43815
0.598453 43862
0.598692 43909
0.599409 43956
0.599648 44003
0.600366 44050
0.600844 44097
0.601322 44144
0.6018 44190
0.602397 44236
0.602876 44282
0.604549 44328
0.616381 44374
0.617098 44420
0.617576 44466
0.618055 44512
0.618413 44558
0.618772 44604
0.619369 44650
0.619728 44696
0.620325 44742
0.620804 44788
0.621282 44834
0.62176 44880
0.622357 44926
0.622835 44972
0.624509 45018
0.63658 45064
0.637297 45110
0.637775 45155
0.638253 45200
0.638612 45245
0.638971 45290
0.639568 45335
0.639807 45380
0.640524 45425
0.641002 45470
0.64148 45515
0.641959 45560
0.642676 45605
0.643034 45650
0.644708 45695
0.657138 45740
0.657855 45785
0.658333 45830
0.658811 45875
0.659289 45920
0.659528 45965
0.660245 46010
0.660484 46055
0.661201 46100
0.661679 46144
0.662157 46188
0.662636 46232
0.663353 46276
0.663831 46320
0.665384 46364
0.677815 46408
0.678532 46452
0.67901 46496
0.679488 46540
0.679966 46584
0.680205 46628
0.680922 46672
0.681161 46716
0.681878 46760
0.682117 46804
0.682595 46848
0.683073 46892
0.683552 46936
0.684269 46980
0.684866 47024
0.68654 47068
0.699089 47112
0.699806 47156
0.700284 47199
0.700762 47242
0.701121 47285
0.70136 47328
0.702077 47371
0.702316 47414
0.703033 47457
0.703272 47500
0.70375 47543
0.704228 47586
0.704707 47629
0.705424 47672
0.706021 47715
0.707695 47758
0.720483 47801
0.7212 47844
0.721678 47887
0.722156 47930
0.722515 47973
0.722754 48016
0.723471 48059
0.72371 48102
0.724427 48145
0.724786 48188
0.725264 48231
0.725623 48273
0.726101 48315
0.726818 48357
0.727296 48399
0.729089 48441
0.742116 48483
0.742833 48525
0.743312 48567
0.74379 48609
0.744268 48651
0.744507 48693
0.745224 48735
0.745463 48777
0.74618 48819
0.746539 48861
0.747017 48903
0.747375 48945
0.747853 48987
0.74857 49029
0.749048 49071
0.750961 49113
0.764108 49155
0.764825 49197
0.765303 49239
0.765781 49281
0.766259 49323
0.766498 49365
0.767216 49407
0.767455 49448
0.768172 49489
0.768411 49530
0.768889 49571
0.769367 49612
0.769725 49653
0.770084 49694
0.770801 49735
0.771279 49776
0.773311 49817
0.786458 49858
0.787175 49899
0.787653 49940
0.788132 49981
0.78849 50022
0.788729 50063
0.789446 50104
0.789685 50145
0.790402 50186
0.790641 50227
0.79112 50268
0.791598 50309
0.791956 50350
0.792315 50391
0.793032 50432
0.79351 50473
0.795542 50514
0.808808 50555
0.809526 50596
0.810004 50636
0.810482 50676
0.81084 50716
0.811079 50756
0.811796 50796
0.812036 50836
0.812753 50876
0.813111 50916
0.813589 50956
0.813948 50996
0.814426 51036
0.814784 51076
0.815502 51116
0.81586 51156
0.817772 51196
0.831517 51236
0.832234 51276
0.832712 51316
0.833191 51356
0.833669 51396
0.833908 51436
0.834625 51476
0.834864 51516
0.835581 51556
0.83594 51596
0.836418 51636
0.836776 51676
0.837254 51716
0.837613 51756
0.83833 51796
0.838688 51836
0.840481 51876
0.854585 51915
0.855302 51954
0.85578 51993
0.856258 52032
0.856736 52071
0.856975 52110
0.857692 52149
0.857931 52188
0.858648 52227
0.858887 52266
0.859365 52305
0.859844 52344
0.860202 52383
0.860561 52422
0.861278 52461
0.861756 52500
0.863429 52539
0.863907 52578
0.87825 52617
0.878967 52656
0.879445 52695
0.879923 52734
0.880281 52773
0.88052 52812
0.881238 52851
0.881477 52890
0.882194 52929
0.882433 52968
0.882911 53007
0.883389 53046
0.883748 53085
0.884106 53124
0.884823 53163
0.885301 53202
0.887094 53240
0.887572 53278
0.901795 53316
0.902512 53354
0.90299 53392
0.903468 53430
0.903827 53468
0.904066 53506
0.904783 53544
0.905022 53582
0.905739 53620
0.906098 53658
0.906576 53696
0.906934 53734
0.907412 53772
0.907771 53810
0.908488 53848
0.908847 53886
0.910759 53924
0.911118 53962
0.925819 54000
0.926416 54038
0.926894 54076
0.927372 54114
0.92785 54152
0.928089 54190
0.928807 54228
0.929046 54266
0.929763 54304
0.930121 54342
0.930599 54380
0.930958 54418
0.931436 54456
0.931795 54494
0.932512 54532
0.93287 54570
0.934663 54607
0.935022 54644
0.950081 54681
0.950679 54718
0.951157 54755
0.951635 54792
0.952113 54829
0.952352 54866
0.953069 54903
0.953308 54940
0.954025 54977
0.954264 55014
0.954742 55051
0.95522 55088
0.955579 55125
0.955938 55162
0.956655 55199
0.957133 55236
0.958806 55273
0.959284 55310
0.974344 55347
0.975061 55384
0.975539 55421
0.976017 55458
0.976376 55495
0.976734 55532
0.976973 55569
0.97769 55606
0.978049 55643
0.978766 55680
0.979005 55717
0.979483 55754
0.979961 55791
0.98032 55828
0.980678 55865
0.981395 55902
0.981873 55939
0.983666 55976
0.984144 56013
0.999204 56050
0.999921 56086
1.0004 56122
1.00088 56158
1.00124 56194
1.00159 56230
1.00183 56266
1.00255 56302
1.00279 56338
1.00351 56374
1.00387 56410
1.00434 56446
1.0047 56482
1.00518 56518
1.00554 56554
1.00626 56590
1.00661 56626
1.00853 56662
1.00888 56698
1.02418 56734
1.0249 56770
1.02538 56806
1.02598 56842
1.02633 56878
1.02669 56914
1.02693 56950
1.02765 56986
1.02789 57022
1.02861 57058
1.02896 57094
1.02956 57130
1.02992 57166
1.0304 57202
1.03076 57238
1.03147 57274
1.03183 57310
1.03363 57346
1.03398 57382
1.04952 57418
1.05024 57454
1.05072 57490
1.05131 57526
1.05167 57562
1.05203 57598
1.05227 57634
1.05299 57669
1.05323 57704
1.05394 57739
1.0543 57774
1.0549 57809
1.05538 57844
1.05574 57879
1.0561 57914
1.05681 57949
1.05729 57984
1.05896 58019
1.05944 58054
1.07498 58089
1.0757 58124
1.07617 58159
1.07677 58194
1.07713 58229
1.07749 58264
1.07773 58299
1.07809 58334
1.0788 58369
1.07904 58404
1.07976 58439
1.08012 58474
1.08072 58509
1.08119 58544
1.08167 58579
1.08203 58614
1.08275 58649
1.08323 58684
1.08502 58719
1.0855 58754
1.10103 58789
1.10175 58824
1.10223 58859
1.10271 58894
1.10319 58929
1.10343 58964
1.10366 58999
1.10414 59034
1.10486 59069
1.1051 59104
1.10582 59139
1.10617 59174
1.10677 59209
1.10725 59244
1.10773 59279
1.10809 59313
1.1088 59347
1.10916 59381
1.11107 59415
1.11143 59449
1.12721 59483
1.12793 59517
1.1284 59551
1.12888 59585
1.12936 59619
1.1296 59653
1.12984 59687
1.13032 59721
1.13103 59755
1.13127 59789
1.13199 59823
1.13235 59857
1.13295 59891
1.13342 59925
1.1339 59959
1.13426 59993
1.1351 60027
1.13546 60061
1.13737 60095
1.13773 60129
1.15374 60163
1.15446 60197
1.15494 60231
1.15554 60265
1.15589 60299
1.15625 60333
1.15649 60367
1.15685 60401
1.15769 60435
1.15793 60469
1.15852 60503
1.159 60537
1.1596 60571
1.16008 60605
1.16056 60639
1.16091 60673
1.16175 60707
1.16223 60741
1.1639 60775
1.16438 60809
1.1804 60843
1.18111 60877
1.18159 60911
1.18219 60945
1.18255 60979
1.18291 61013
1.18315 61046
1.1835 61079
1.18434 61112
1.18458 61145
1.18518 61178
1.18554 61211
1.18589 61244
1.18649 61277
1.18697 61310
1.18745 61343
1.18781 61376
1.18864 61409
1.18924 61442
1.19103 61475
1.19151 61508
1.20765 61541
1.20836 61574
1.20884 61607
1.20932 61640
1.2098 61673
1.21004 61706
1.21028 61739
1.21075 61772
1.21147 61805
1.21171 61838
1.21243 61871
1.21267 61904
1.21303 61937
1.21362 61970
1.2141 62003
1.21458 62036
1.21494 62069
1.21577 62102
1.21637 62135
1.21816 62168
1.21864 62201
1.23502 62234
1.23573 62267
1.23621 62300
1.23669 62333
1.23717 62366
1.23741 62399
1.23765 62432
1.23812 62465
1.23884 62498
1.23908 62531
1.2398 62564
1.24004 62597
1.24051 62630
1.24099 62663
1.24147 62696
1.24195 62729
1.24231 62762
1.24314 62795
1.24374 62828
1.24553 62861
1.24601 62893
1.26275 62925
1.26346 62957
1.26394 62989
1.26454 63021
1.2649 63053
1.26526 63085
1.26549 63117
1.26585 63149
1.26669 63181
1.26693 63213
1.26765 63245
1.26788 63277
1.26836 63309
1.26884 63341
1.26932 63373
1.2698 63405
1.27016 63437
1.27099 63469
1.27159 63501
1.27338 63533
1.27386 63565
1.29059 63597
1.29131 63629
1.29179 63661
1.29239 63693
1.29274 63725
1.2931 63757
1.29334 63789
1.2937 63821
1.29454 63853
1.29478 63885
1.29549 63917
1.29573 63949
1.29609 63981
1.29657 64013
1.29705 64045
1.29741 64077
1.29788 64109
1.29824 64141
1.29908 64173
1.29968 64205
1.30171 64237
1.30219 64269
1.31892 64301
1.31964 64333
1.32012 64365
1.32059 64397
1.32107 64429
1.32131 64461
1.32155 64493
1.32203 64525
1.32274 64557
1.32298 64589
1.3237 64621
1.32394 64653
1.3243 64685
1.32478 64717
1.32525 64749
1.32561 64781
1.32609 64813
1.32645 64844
1.32729 64875
1.32788 64906
1.32992 64937
1.33051 64968
1.34737 64999
1.34808 65030
1.34856 65061
1.34904 65092
1.34952 65123
1.34976 65154
1.35 65185
1.35047 65216
1.35119 65247
1.35143 65278
1.35215 65309
1.35239 65340
1.35286 65371
1.35334 65402
1.35382 65433
1.35418 65464
1.35454 65495
1.35501 65526
1.35573 65557
1.35633 65588
1.35848 65619
1.35908 65650
1.37617 65681
1.37689 65712
1.37737 65743
1.37796 65774
1.37832 65805
1.37868 65836
1.37892 65867
1.37928 65898
1.38011 65929
1.38035 65960
1.38107 65991
1.38131 66022
1.38179 66053
1.38227 66084
1.38274 66115
1.3831 66146
1.38346 66177
1.38394 66208
1.38466 66239
1.38525 66270
1.3874 66301
1.388 66332
1.40521 66363
1.40593 66394
1.40641 66425
1.40701 66456
1.40736 66487
1.40772 66518
1.40796 66549
1.40832 66580
1.40916 66611
1.4094 66642
1.41011 66673
1.41035 66704
1.41071 66735
1.41119 66766
1.41167 66797
1.41203 66828
1.4125 66859
1.41286 66890
1.41358 66921
1.41418 66951
1.41466 66981
1.41669 67011
1.4174 67041
1.43485 67071
1.43557 67101
1.43605 67131
1.43653 67161
1.43701 67191
1.43724 67221
1.43748 67251
1.43796 67281
1.43868 67311
1.43892 67341
1.43964 67371
1.43987 67401
1.44023 67431
1.44071 67461
1.44119 67491
1.44155 67521
1.44203 67551
1.44238 67581
1.4431 67611
1.4437 67641
1.44418 67671
1.44633 67701
1.44705 67731
1.46438 67761
1.46509 67791
1.46557 67821
1.46605 67851
1.46653 67881
1.46677 67911
1.46701 67941
1.46748 67971
1.4682 68001
1.46844 68031
1.46916 68061
1.4694 68091
1.46987 68121
1.47035 68151
1.47083 68181
1.47119 68211
1.47155 68241
1.47202 68271
1.47274 68301
1.47334 68331
1.4737 68361
1.47597 68391
1.47645 68421
1.49426 68451
1.49497 68481
1.49545 68511
1.49605 68541
1.49641 68571
1.49677 68601
1.497 68631
1.49736 68661
1.4982 68691
1.49844 68721
1.49916 68751
1.4994 68781
1.49987 68811
1.50035 68841
1.50083 68871
1.50119 68901
1.50155 68931
1.50202 68961
1.50274 68991
1.50334 69021
1.5037 69051
1.50585 69081
1.50633 69111
1.52449 69141
1.52521 69170
1.52569 69199
1.52629 69228
1.52665 69257
1.527 69286
1.52724 69315
1.5276 69344
1.52844 69373
1.52868 69402
1.52939 69431
1.52963 69460
1.52999 69489
1.53047 69518
1.53095 69547
1.53131 69576
1.53178 69605
1.53214 69634
1.53286 69663
1.53346 69692
1.53394 69721
1.53597 69750
1.53645 69779
1.55485 69808
1.55533 69837
1.55605 69866
1.55653 69895
1.557 69924
1.55748 69953
1.55772 69982
1.55796 70011
1.55844 70040
1.55916 70069
1.55939 70098
1.56011 70127
1.56035 70156
1.56071 70185
1.56119 70214
1.56166 70243
1.56202 70272
1.5625 70301
1.56286 70330
1.56358 70359
1.56417 70388
1.56465 70417
1.5668 70446
1.56728 70475
1.58557 70504
1.58605 70533
1.58676 70562
1.58724 70591
1.58772 70620
1.5882 70649
1.58844 70678
1.58868 70707
1.58915 70736
1.58987 70765
1.59011 70794
1.59083 70823
1.59107 70852
1.59154 70881
1.59202 70910
1.5925 70939
1.59286 70968
1.59322 70997
1.5937 71026
1.59441 71055
1.59501 71084
1.59537 71113
1.59764 71142
1.598 71171
1.61652 71200
1.61712 71229
1.61784 71258
1.6182 71287
1.6188 71316
1.61915 71345
1.61951 71374
1.61975 71403
1.62011 71432
1.62107 71461
1.62131 71490
1.62202 71519
1.62226 71547
1.62274 71575
1.62322 71603
1.6237 71631
1.62405 71659
1.62441 71687
1.62489 71715
1.62561 71743
1.62621 71771
1.62656 71799
1.62872 71827
1.62919 71855
1.64784 71883
1.64844 71911
1.64915 71939
1.64951 71967
1.65011 71995
1.65047 72023
1.65083 72051
1.65107 72079
1.65142 72107
1.65238 72135
1.65274 72163
1.65346 72191
1.6537 72219
1.65405 72247
1.65453 72275
1.65501 72303
1.65537 72331
1.65585 72359
1.65621 72387
1.65692 72415
1.65752 72443
1.658 72471
1.66003 72499
1.66051 72527
1.67927 72555
1.67987 72583
1.68071 72611
1.68107 72639
1.68166 72667
1.68202 72695
1.68238 72723
1.68262 72751
1.68286 72779
1.68334 72807
1.68417 72835
1.68453 72863
1.68525 72891
1.68549 72919
1.68585 72947
1.68644 72975
1.68692 73003
1.68728 73031
1.68776 73059
1.68812 73087
1.68883 73115
1.68943 73143
1.68991 73171
1.69206 73199
1.69254 73227
1.7113 73255
1.7119 73283
1.71274 73311
1.7131 73339
1.71369 73367
1.71405 73395
1.71441 73423
1.71465 73451
1.71489 73479
1.71537 73507
1.7162 73535
1.71656 73563
1.71728 73591
1.71752 73619
1.71788 73647
1.71848 73675
1.71895 73703
1.71931 73731
1.71967 73759
1.72015 73787
1.72087 73815
1.72146 73843
1.72182 73871
1.72409 73899
1.72445 73927
1.74334 73955
1.74393 73983
1.74477 74011
1.74513 74039
1.74573 74067
1.74608 74094
1.74656 74121
1.7468 74148
1.74704 74175
1.7474 74202
1.74824 74229
1.74859 74256
1.74931 74283
1.74955 74310
1.74991 74337
1.75051 74364
1.7511 74391
1.75146 74418
1.7517 74445
1.75218 74472
1.7529 74499
1.75349 74526
1.75385 74553
1.756 74580
1.75648 74607
1.77489 74634
1.77549 74661
1.77632 74688
1.77668 74715
1.77728 74742
1.77764 74769
1.77812 74796
1.77835 74823
1.77859 74850
1.77895 74877
1.77955 74904
1.77979 74931
1.78027 74958
1.78051 74985
1.78075 75012
1.78098 75039
1.78122 75066
1.78146 75093
1.7817 75120
1.78194 75147
1.78218 75174
1.78266 75201
1.78302 75228
1.78505 75255
1.78553 75282
1.80357 75309
1.80417 75336
1.80501 75363
1.80537 75390
1.80596 75417
1.80632 75444
1.8068 75471
1.80704 75498
1.80728 75525
1.80764 75552
1.80823 75579
1.80847 75606
1.80883 75633
1.80919 75660
1.80943 75687
1.80967 75714
1.80991 75741
1.81015 75768
1.81039 75795
1.81063 75822
1.81086 75849
1.8111 75876
1.8117 75903
1.81218 75930
1.81409 75957
1.81433 75984
1.8307 76011
1.8313 76038
1.83214 76065
1.8325 76092
1.83309 76119
1.83345 76146
1.83381 76173
1.83405 76200
1.83429 76227
1.83477 76254
1.83525 76281
1.83549 76308
1.83596 76335
1.8362 76362
1.83644 76389
1.83668 76416
1.83692 76443
1.83716 76470
1.8374 76497
1.83764 76524
1.83788 76551
1.83811 76578
1.83847 76605
1.83907 76632
1.84098 76659
1.84122 76686
1.85748 76713
1.85807 76740
1.85891 76767
1.85927 76794
1.85987 76821
1.86023 76847
1.86058 76873
1.86082 76899
1.86106 76925
1.86154 76951
1.86202 76977
1.86226 77003
1.86274 77029
1.86297 77055
1.86321 77081
1.86345 77107
1.86369 77133
1.86393 77159
1.86417 77185
1.86441 77211
1.86465 77237
1.86501 77263
1.86537 77289
1.86584 77315
1.86776 77341
1.86799 77367
1.88461 77393
1.88521 77419
1.88604 77445
1.8864 77471
1.887 77497
1.88736 77523
1.88784 77549
1.88807 77575
1.88831 77601
1.88867 77627
1.88927 77653
1.88951 77679
1.88987 77705
1.89023 77731
1.89046 77757
1.8907 77783
1.89094 77809
1.89118 77835
1.89142 77861
1.89166 77887
1.8919 77913
1.89214 77939
1.89262 77965
1.89297 77991
1.89501 78017
1.89536 78043
1.91186 78069
1.91246 78095
1.91329 78121
1.91365 78147
1.91425 78173
1.91461 78199
1.91509 78225
1.91532 78251
1.91556 78277
1.91592 78303
1.91652 78329
1.91676 78355
1.91712 78381
1.91748 78407
1.91772 78433
1.91795 78459
1.91819 78485
1.91843 78511
1.91867 78537
1.91891 78563
1.91915 78589
1.91939 78615
1.91963 78641
1.92011 78667
1.92046 78693
1.9225 78719
1.92273 78745
1.93947 78771
1.94007 78797
1.9409 78823
1.94126 78849
1.94186 78875
1.94222 78901
1.94258 78927
1.94281 78953
1.94305 78979
1.94353 79005
1.94401 79031
1.94425 79057
1.94473 79083
1.94497 79109
1.9452 79135
1.94544 79161
1.94568 79187
1.94592 79213
1.94616 79239
1.9464 79265
1.94664 79291
1.94688 79317
1.94724 79343
1.9476 79369
1.94807 79395
1.9501 79421
1.95046 79447
1.96744 79473
1.96803 79499
1.96887 79525
1.96923 79551
1.96983 79577
1.97018 79603
1.97054 79629
1.97078 79655
1.97102 79681
1.9715 79707
1.97198 79733
1.97222 79759
1.97269 79784
1.97293 79809
1.97317 79834
1.97341 79859
1.97365 79884
1.97389 79909
1.97413 79934
1.97437 79959
1.97461 79984
1.97485 80009
1.97532 80034
1.97556 80059
1.97604 80084
1.97819 80109
1.97843 80134
1.99576 80159
1.99636 80184
1.9972 80209
1.99755 80234
1.99815 80259
1.99851 80284
1.99899 80309
1.99923 80334
1.99947 80359
1.99983 80384
2.00042 80409
2.00066 80434
2.00102 80459
2.00138 80484
2.00162 80509
2.00186 80534
2.0021 80559
2.00234 80584
2.00257 80609
2.00281 80634
2.00305 80659
2.00329 80684
2.00365 80709
2.00401 80734
2.00437 80759
2.00652 80784
2.007 80809
2.02421 80834
2.0248 80859
2.02564 80884
2.026 80909
2.0266 80934
2.02696 80959
2.02743 80984
2.02767 81009
2.02791 81034
2.02827 81059
2.02887 81084
2.02911 81109
2.02947 81134
2.02982 81159
2.03006 81184
2.0303 81209
2.03054 81234
2.03078 81259
2.03102 81284
2.03126 81309
2.0315 81334
2.03174 81359
2.03198 81384
2.03233 81409
2.03269 81434
2.03305 81459
2.0352 81484
2.03556 81509
2.05301 81534
2.05361 81559
2.05445 81584
2.0548 81609
2.0554 81634
2.05576 81659
2.05612 81684
2.05636 81709
2.0566 81734
2.05708 81759
2.05755 81784
2.05779 81809
2.05827 81834
2.05851 81859
2.05875 81884
2.05899 81909
2.05923 81934
2.05947 81959
2.0597 81984
2.05994 82009
2.06018 82034
2.06042 82059
2.06066 82084
2.06114 82109
2.06138 82134
2.06186 82159
2.06401 82184
2.06449 82209
2.08206 82234
2.08265 82259
2.08349 82284
2.08385 82309
2.08445 82334
2.0848 82359
2.08516 82384
2.0854 82409
2.08564 82434
2.08612 82459
2.0866 82484
2.08684 82509
2.08731 82534
2.08755 82559
2.08779 82584
2.08803 82609
2.08827 82634
2.08851 82659
2.08875 82684
2.08899 82709
2.08923 82734
2.08947 82759
2.08982 82784
2.09018 82809
2.09042 82834
2.0909 82859
2.09305 82884
2.09353 82909
2.11146 82934
2.11205 82959
2.11289 82983
2.11325 83007
2.11385 83031
2.11421 83055
2.11468 83079
2.11492 83103
2.11516 83127
2.11552 83151
2.11612 83175
2.11636 83199
2.11672 83223
2.11707 83247
2.11731 83271
2.11755 83295
2.11779 83319
2.11803 83343
2.11827 83367
2.11851 83391
2.11875 83415
2.11899 83439
2.11923 83463
2.1197 83487
2.11994 83511
2.1203 83535
2.12245 83559
2.12293 83583
2.14098 83607
2.14158 83631
2.14241 83655
2.14277 83679
2.14337 83703
2.14373 83727
2.14421 83751
2.14444 83775
2.14468 83799
2.14504 83823
2.14564 83847
2.14588 83871
2.14624 83895
2.1466 83919
2.14683 83943
2.14707 83967
2.14731 83991
2.14755 84015
2.14779 84039
2.14803 84063
2.14827 84087
2.14851 84111
2.14875 84135
2.14911 84159
2.14946 84183
2.1497 84207
2.15018 84231
2.15221 84255
2.15269 84279
2.1711 84303
2.1717 84327
2.17253 84351
2.17289 84375
2.17349 84399
2.17385 84423
2.1742 84447
2.17444 84471
2.17468 84495
2.17516 84519
2.17564 84543
2.17588 84567
2.17636 84591
2.1766 84615
2.17683 84639
2.17707 84663
2.17731 84687
2.17755 84711
2.17779 84735
2.17803 84759
2.17827 84783
2.17851 84807
2.17875 84831
2.17922 84855
2.17946 84879
2.17982 84903
2.1803 84927
2.18233 84951
2.18281 84975
2.20134 84999
2.20193 85023
2.20277 85047
2.20313 85071
2.20373 85095
2.20408 85119
2.20444 85143
2.20468 85167
2.20492 85191
2.2054 85215
2.20588 85239
2.20612 85263
2.20659 85287
2.20683 85311
2.20707 85335
2.20731 85359
2.20755 85383
2.20779 85407
2.20803 85431
2.20827 85455
2.20851 85479
2.20875 85503
2.2091 85527
2.20946 85551
2.2097 85575
2.21018 85599
2.21054 85623
2.21269 85647
2.21305 85671
2.23193 85695
2.23253 85719
2.23337 85743
2.23373 85767
2.23432 85791
2.23468 85815
2.23516 85839
2.2354 85863
2.23564 85887
2.236 85911
2.23659 85935
2.23683 85959
2.23719 85983
2.23755 86007
2.23779 86031
2.23803 86055
2.23827 86079
2.23851 86103
2.23875 86127
2.23898 86151
2.23922 86175
2.23946 86199
2.2397 86223
2.24018 86247
2.24042 86271
2.24078 86295
2.24114 86319
2.24329 86343
2.24377 86367
2.26265 86391
2.26325 86415
2.26408 86438
2.26444 86461
2.26504 86484
2.2654 86507
2.26588 86530
2.26612 86553
2.26635 86576
2.26671 86599
2.26731 86622
2.26755 86645
2.26791 86668
2.26827 86691
2.26851 86714
2.26875 86737
2.26898 86760
2.26922 86783
2.26946 86806
2.2697 86829
2.26994 86852
2.27018 86875
2.27042 86898
2.27078 86921
2.27114 86944
2.27137 86967
2.27185 86990
2.27388 87013
2.27436 87036
2.29349 87059
2.2942 87082
2.29468 87105
2.2954 87128
2.29576 87151
2.29635 87174
2.29671 87197
2.29707 87220
2.29731 87243
2.29755 87266
2.29803 87289
2.29851 87312
2.29874 87335
2.29922 87358
2.29946 87381
2.2997 87404
2.29994 87427
2.30018 87450
2.30042 87473
2.30066 87496
2.3009 87519
2.30114 87542
2.30137 87565
2.30161 87588
2.30209 87611
2.30233 87634
2.30269 87657
2.30305 87680
2.3052 87703
2.30568 87726
2.3248 87749
2.32552 87772
2.326 87795
2.32671 87818
2.32707 87841
2.32767 87864
2.32803 87887
2.32839 87910
2.32862 87933
2.32886 87956
2.32934 87979
2.32982 88002
2.33006 88025
2.33054 88048
2.33078 88071
2.33102 88094
2.33125 88117
2.33149 88140
2.33173 88163
2.33197 88186
2.33221 88209
2.33245 88232
2.33269 88255
2.33305 88278
2.33353 88301
2.33376 88324
2.33424 88347
2.33448 88370
2.33675 88393
2.33711 88416
2.35647 88439
2.35719 88462
2.35767 88485
2.3585 88508
2.35886 88531
2.35934 88554
2.3597 88577
2.36018 88600
2.36042 88623
2.36066 88646
2.36101 88669
2.36161 88692
2.36185 88715
2.36221 88738
2.36257 88761
2.36281 88784
2.36305 88807
2.36329 88830
2.36352 88853
2.36376 88876
2.364 88899
2.36424 88922
2.36448 88945
2.36484 88968
2.36544 88991
2.36568 89014
2.36603 89037
2.36639 89060
2.36854 89083
2.36902 89106
2.38827 89129
2.38898 89152
2.38946 89175
2.3903 89198
2.39066 89221
2.39113 89244
2.39149 89267
2.39197 89290
2.39221 89313
2.39245 89336
2.39281 89359
2.3934 89382
2.39364 89405
2.394 89428
2.39436 89451
2.3946 89474
2.39484 89497
2.39508 89520
2.39532 89543
2.39556 89566
2.3958 89589
2.39603 89612
2.39627 89635
2.39651 89658
2.39711 89681
2.39759 89704
2.39783 89727
2.3983 89750
2.40034 89773
2.40081 89796
2.4203 89819
2.42101 89842
2.42149 89865
2.42233 89888
2.42269 89911
2.42317 89934
2.42352 89957
2.424 89980
2.42424 90003
2.42448 90026
2.42484 90049
2.42556 90049
2.42556 43200
2.45986 43248
2.46034 43295
2.47599 43342
2.47671 43389
2.47719 43436
2.47802 43483
2.47838 43530
2.47886 43577
2.47922 43624
2.47982 43671
2.48006 43718
2.4803 43765
2.48077 43812
2.48125 43859
2.48209 43906
2.48699 43953
2.48771 44000
2.50241 44047
2.50265 44094
2.50288 44141
2.50312 44187
2.50336 44233
2.5036 44279
2.50384 44325
2.50408 44371
2.50432 44417
2.50456 44463
2.50492 44509
2.50539 44555
2.50611 44601
2.51125 44647
2.51197 44693
2.52655 44739
2.52679 44785
2.52703 44831
2.52727 44877
2.52751 44923
2.52775 44969
2.52798 45015
2.52822 45061
2.52846 45107
2.5287 45152
2.52918 45197
2.52966 45242
2.53026 45287
2.53539 45332
2.53599 45377
2.55069 45422
2.55093 45467
2.55117 45512
2.55141 45557
2.55165 45602
2.55189 45647
2.55213 45692
2.55237 45737
2.55261 45782
2.55284 45827
2.55332 45872
2.5538 45917
2.5544 45962
2.55966 46007
2.56025 46052
2.57531 46097
2.57555 46141
2.57579 46185
2.57603 46229
2.57627 46273
2.57651 46317
2.57675 46361
2.57699 46405
2.57723 46449
2.57747 46493
2.57782 46537
2.5783 46581
2.5789 46625
2.58428 46669
2.58488 46713
2.60017 46757
2.60053 46801
2.60077 46845
2.60101 46889
2.60125 46933
2.60149 46977
2.60173 47021
2.60197 47065
2.60221 47109
2.60245 47153
2.60268 47196
2.60304 47239
2.60364 47282
2.60424 47325
2.60974 47368
2.61033 47411
2.62563 47454
2.62599 47497
2.62623 47540
2.62647 47583
2.62671 47626
2.62695 47669
2.62719 47712
2.62742 47755
2.62766 47798
2.6279 47841
2.62814 47884
2.6285 47927
2.6291 47970
2.6297 48013
2.63507 48056
2.63567 48099
2.65097 48142
2.65121 48185
2.65145 48228
2.65169 48270
2.65193 48312
2.65217 48354
2.6524 48396
2.65264 48438
2.65288 48480
2.65312 48522
2.65336 48564
2.65384 48606
2.65432 48648
2.65503 48690
2.66041 48732
2.66101 48774
2.67667 48816
2.67691 48858
2.67715 48900
2.67738 48942
2.67762 48984
2.67786 49026
2.6781 49068
2.67834 49110
2.67858 49152
2.67882 49194
2.67906 49236
2.67954 49278
2.68001 49320
2.68073 49362
2.68611 49404
2.68683 49445
2.70272 49486
2.70308 49527
2.70332 49568
2.70356 49609
2.7038 49650
2.70404 49691
2.70428 49732
2.70452 49773
2.70475 49814
2.70499 49855
2.70523 49896
2.70547 49937
2.70595 49978
2.70643 50019
2.70714 50060
2.71264 50101
2.71336 50142
2.72926 50183
2.72973 50224
2.72997 50265
2.73021 50306
2.73045 50347
2.73069 50388
2.73093 50429
2.73117 50470
2.73141 50511
2.73165 50552
2.73189 50593
2.73212 50633
2.7326 50673
2.73308 50713
2.7338 50753
2.7393 50793
2.73989 50833
2.75579 50873
2.75615 50913
2.75639 50953
2.75663 50993
2.75686 51033
2.7571 51073
2.75734 51113
2.75758 51153
2.75782 51193
2.75806 51233
2.7583 51273
2.75866 51313
2.75902 51353
2.75949 51393
2.76021 51433
2.76583 51473
2.76643 51513
2.78256 51553
2.78292 51593
2.78316 51633
2.7834 51673
2.78364 51713
2.78388 51753
2.78412 51793
2.78435 51833
2.78459 51873
2.78483 51912
2.78507 51951
2.78543 51990
2.78579 52029
2.78627 52068
2.78698 52107
2.7926 52146
2.79332 52185
2.80981 52224
2.81017 52263
2.81041 52302
2.81065 52341
2.81089 52380
2.81113 52419
2.81137 52458
2.81161 52497
2.81184 52536
2.81208 52575
2.81232 52614
2.81256 52653
2.81292 52692
2.81328 52731
2.81376 52770
2.81447 52809
2.82021 52848
2.82093 52887
2.83754 52926
2.8379 52965
2.83814 53004
2.83838 53043
2.83862 53082
2.83886 53121
2.83909 53160
2.83933 53199
2.83957 53237
2.83981 53275
2.84005 53313
2.84029 53351
2.84065 53389
2.84101 53427
2.84149 53465
2.8422 53503
2.84794 53541
2.84854 53579
2.86527 53617
2.86563 53655
2.86587 53693
2.86611 53731
2.86635 53769
2.86658 53807
2.86682 53845
2.86706 53883
2.8673 53921
2.86754 53959
2.86778 53997
2.86802 54035
2.8685 54073
2.86874 54111
2.86921 54149
2.86993 54187
2.87579 54225
2.87638 54263
2.89324 54301
2.8936 54339
2.89383 54377
2.89407 54415
2.89431 54453
2.89455 54491
2.89479 54529
2.89503 54567
2.89527 54605
2.89551 54642
2.89575 54679
2.89599 54716
2.89646 54753
2.8967 54790
2.89718 54827
2.8979 54864
2.90376 54901
2.90447 54938
2.92168 54975
2.92204 55012
2.92228 55049
2.92252 55086
2.92276 55123
2.923 55160
2.92324 55197
2.92348 55234
2.92371 55271
2.92395 55308
2.92419 55345
2.92443 55382
2.92479 55419
2.92515 55456
2.92539 55493
2.92587 55530
2.92658 55567
2.93256 55604
2.93328 55641
2.95049 55678
2.95085 55715
2.95108 55752
2.95132 55789
2.95156 55826
2.9518 55863
2.95204 55900
2.95228 55937
2.95252 55974
2.95276 56011
2.953 56048
2.95324 56084
2.95359 56120
2.95395 56156
2.95419 56192
2.95467 56228
2.95539 56264
2.96148 56300
2.96208 56336
2.97953 56372
2.97989 56408
2.98013 56444
2.98037 56480
2.98061 56516
2.98085 56552
2.98108 56588
2.98132 56624
2.98156 56660
2.9818 56696
2.98204 56732
2.98228 56768
2.98276 56804
2.983 56840
2.98336 56876
2.98371 56912
2.98443 56948
2.99053 56984
2.99112 57020
3.00857 57056
3.00893 57092
3.00917 57128
3.00941 57164
3.00965 57200
3.00989 57236
3.01013 57272
3.01037 57308
3.01061 57344
3.01084 57380
3.01108 57416
3.01132 57452
3.0118 57488
3.01204 57524
3.0124 57560
3.01276 57596
3.01347 57632
3.01969 57667
3.02041 57702
3.03798 57737
3.03833 57772
3.03857 57807
3.03881 57842
3.03905 57877
3.03929 57912
3.03953 57947
3.03977 57982
3.04001 58017
3.04025 58052
3.04049 58087
3.04072 58122
3.04108 58157
3.04144 58192
3.04168 58227
3.04216 58262
3.04276 58297
3.04312 58332
3.04945 58367
3.05017 58402
3.0681 58437
3.06845 58472
3.06869 58507
3.06893 58542
3.06917 58577
3.06941 58612
3.06965 58647
3.06989 58682
3.07013 58717
3.07037 58752
3.0706 58787
3.07084 58822
3.0712 58857
3.07156 58892
3.0718 58927
3.07228 58962
3.07288 58997
3.07323 59032
3.07969 59067
3.08029 59102
3.09821 59137
3.09857 59172
3.09881 59207
3.09905 59242
3.09929 59277
3.09953 59311
3.09977 59345
3.10001 59379
3.10025 59413
3.10048 59447
3.10072 59481
3.10096 59515
3.10144 59549
3.10168 59583
3.10204 59617
3.10252 59651
3.10311 59685
3.10347 59719
3.10981 59753
3.11029 59787
3.12833 59821
3.12869 59855
3.12893 59889
3.12917 59923
3.12941 59957
3.12965 59991
3.12989 60025
3.13013 60059
3.13036 60093
3.1306 60127
3.13084 60161
3.13108 60195
3.13156 60229
3.1318 60263
3.13216 60297
3.13264 60331
3.13323 60365
3.13359 60399
3.14005 60433
3.14052 60467
3.15893 60501
3.15929 60535
3.15953 60569
3.15977 60603
3.16001 60637
3.16024 60671
3.16048 60705
3.16072 60739
3.16096 60773
3.1612 60807
3.16144 60841
3.16168 60875
3.16204 60909
3.1624 60943
3.16264 60977
3.16311 61011
3.16371 61044
3.16407 61077
3.17064 61110
3.17112 61143
3.18989 61176
3.19036 61209
3.1906 61242
3.19084 61275
3.19108 61308
3.19132 61341
3.19156 61374
3.1918 61407
3.19204 61440
3.19228 61473
3.19252 61506
3.19275 61539
3.19299 61572
3.19335 61605
3.19371 61638
3.19395 61671
3.19443 61704
3.19503 61737
3.19538 61770
3.20208 61803
3.20256 61836
3.2212 61869
3.22168 61902
3.22192 61935
3.22216 61968
3.2224 62001
3.22263 62034
3.22287 62067
3.22311 62100
3.22335 62133
3.22359 62166
3.22383 62199
3.22407 62232
3.22431 62265
3.22479 62298
3.22502 62331
3.22538 62364
3.22586 62397
3.22646 62430
3.22682 62463
3.23339 62496
3.23387 62529
3.25263 62562
3.25299 62595
3.25323 62628
3.25347 62661
3.25371 62694
3.25395 62727
3.25419 62760
3.25443 62793
3.25467 62826
3.2549 62859
3.25514 62891
3.25538 62923
3.25574 62955
3.2561 62987
3.25634 63019
3.2567 63051
3.25718 63083
3.25777 63115
3.25813 63147
3.26482 63179
3.2653 63211
3.28443 63243
3.28478 63275
3.28502 63307
3.28526 63339
3.2855 63371
3.28574 63403
3.28598 63435
3.28622 63467
3.28646 63499
3.2867 63531
3.28694 63563
3.28718 63595
3.28741 63627
3.28789 63659
3.28813 63691
3.28837 63723
3.28885 63755
3.28945 63787
3.2898 63819
3.29662 63851
3.2971 63883
3.31646 63915
3.31694 63947
3.31717 63979
3.31741 64011
3.31765 64043
3.31789 64075
3.31813 64107
3.31837 64139
3.31861 64171
3.31885 64203
3.31909 64235
3.31933 64267
3.31957 64299
3.3198 64331
3.32016 64363
3.3204 64395
3.32064 64427
3.32112 64459
3.32172 64491
3.32208 64523
3.32889 64555
3.32937 64587
3.34873 64619
3.34921 64651
3.34945 64683
3.34968 64715
3.34992 64747
3.35016 64779
3.3504 64811
3.35064 64842
3.35088 64873
3.35112 64904
3.35136 64935
3.3516 64966
3.35184 64997
3.35207 65028
3.35231 65059
3.35255 65090
3.35279 65121
3.35339 65152
3.35363 65183
3.35387 65214
3.35781 65245
3.35829 65276
3.37765 65307
3.37813 65338
3.37837 65369
3.37861 65400
3.37885 65431
3.37909 65462
3.37933 65493
3.37956 65524
3.3798 65555
3.38004 65586
3.38028 65617
3.38052 65648
3.38076 65679
3.381 65710
3.38124 65741
3.38148 65772
3.38172 65803
3.38231 65834
3.38255 65865
3.38279 65896
3.38662 65927
3.38709 65958
3.40203 65989
3.40251 66020
3.40275 66051
3.40299 66082
3.40323 66113
3.40347 66144
3.40371 66175
3.40395 66206
3.40419 66237
3.40442 66268
3.40466 66299
3.4049 66330
3.40514 66361
3.40538 66392
3.40562 66423
3.40586 66454
3.4061 66485
3.4067 66516
3.40693 66547
3.40717 66578
3.411 66609
3.41148 66640
3.42546 66671
3.4257 66702
3.42594 66733
3.42618 66764
3.42642 66795
3.42666 66826
3.42689 66857
3.42713 66888
3.42737 66919
3.42761 66949
3.42785 66979
3.42809 67009
3.42833 67039
3.42857 67069
3.42881 67099
3.42905 67129
3.42928 67159
3.42952 67189
3.42976 67219
3.43 67249
3.43024 67279
3.43383 67309
3.43407 67339
3.44745 67369
3.44769 67399
3.44793 67429
3.44817 67459
3.44841 67489
3.44865 67519
3.44889 67549
3.44912 67579
3.44936 67609
3.4496 67639
3.44984 67669
3.45008 67699
3.45032 67729
3.45056 67759
3.4508 67789
3.45104 67819
3.45128 67849
3.45152 67879
3.45175 67909
3.45199 67939
3.45223 67969
3.45582 67999
3.45606 68029
3.46956 68059
3.4698 68089
3.47004 68119
3.47028 68149
3.47052 68179
3.47076 68209
3.471 68239
3.47124 68269
3.47148 68299
3.47171 68329
3.47195 68359
3.47219 68389
3.47243 68419
3.47267 68449
3.47291 68479
3.47315 68509
3.47339 68539
3.47363 68569
3.47387 68599
3.4741 68629
3.47446 68659
3.47793 68689
3.47817 68719
3.49203 68749
3.49227 68779
3.49251 68809
3.49275 68839
3.49299 68869
3.49323 68899
3.49347 68929
3.49371 68959
3.49394 68989
3.49418 69019
3.49442 69049
3.49466 69079
3.4949 69109
3.49514 69139
3.49538 69168
3.49562 69197
3.49586 69226
3.4961 69255
3.49634 69284
3.49657 69313
3.49693 69342
3.5004 69371
3.50064 69400
3.5145 69429
3.51486 69458
3.5151 69487
3.51534 69516
3.51558 69545
3.51582 69574
3.51606 69603
3.5163 69632
3.51653 69661
3.51677 69690
3.51701 69719
3.51725 69748
3.51749 69777
3.51773 69806
3.51797 69835
3.51821 69864
3.51845 69893
3.51869 69922
3.51892 69951
3.51916 69980
3.5194 70009
3.51976 70038
3.52323 70067
3.52347 70096
3.53733 70125
3.53781 70154
3.53805 70183
3.53829 70212
3.53853 70241
3.53876 70270
3.539 70299
3.53924 70328
3.53948 70357
3.53972 70386
3.53996 70415
3.5402 70444
3.54044 70473
3.54068 70502
3.54092 70531
3.54116 70560
3.54139 70589
3.54163 70618
3.54187 70647
3.54211 70676
3.54235 70705
3.54271 70734
3.54629 70763
3.54653 70792
3.56064 70821
3.561 70850
3.56123 70879
3.56147 70908
3.56171 70937
3.56195 70966
3.56219 70995
3.56243 71024
3.56267 71053
3.56291 71082
3.56315 71111
3.56339 71140
3.56362 71169
3.56386 71198
3.5641 71227
3.56434 71256
3.56458 71285
3.56482 71314
3.56506 71343
3.5653 71372
3.56554 71401
3.56602 71430
3.56948 71459
3.56972 71488
3.58406 71517
3.58442 71545
3.58466 71573
3.5849 71601
3.58514 71629
3.58538 71657
3.58562 71685
3.58586 71713
3.58609 71741
3.58633 71769
3.58657 71797
3.58681 71825
3.58705 71853
3.58729 71881
3.58753 71909
3.58777 71937
3.58801 71965
3.58825 71993
3.58849 72021
3.58872 72049
3.58896 72077
3.58956 72105
3.59291 72133
3.59315 72161
3.60749 72189
3.60785 72217
3.60809 72245
3.60833 72273
3.60856 72301
3.6088 72329
3.60904 72357
3.60928 72385
3.60952 72413
3.60976 72441
3.61 72469
3.61024 72497
3.61048 72525
3.61072 72553
3.61095 72581
3.61119 72609
3.61143 72637
3.61167 72665
3.61191 72693
3.61215 72721
3.61239 72749
3.61287 72777
3.61335 72805
3.61669 72833
3.61693 72861
3.63115 72889
3.63151 72917
3.63175 72945
3.63199 72973
3.63223 73001
3.63247 73029
3.63271 73057
3.63295 73085
3.63319 73113
3.63342 73141
3.63366 73169
3.6339 73197
3.63414 73225
3.63438 73253
3.63462 73281
3.63486 73309
3.6351 73337
3.63534 73365
3.63558 73393
3.63582 73421
3.63605 73449
3.63653 73477
3.63701 73505
3.64048 73533
3.64072 73561
3.65506 73589
3.65542 73617
3.65566 73645
3.65589 73673
3.65613 73701
3.65637 73729
3.65661 73757
3.65685 73785
3.65709 73813
3.65733 73841
3.65757 73869
3.65781 73897
3.65805 73925
3.65828 73953
3.65852 73981
3.65876 74009
3.659 74037
3.65924 74065
3.65948 74092
3.65972 74119
3.65996 74146
3.66032 74173
3.66079 74200
3.66426 74227
3.6645 74254
3.67908 74281
3.67944 74308
3.67968 74335
3.67992 74362
3.68016 74389
3.6804 74416
3.68064 74443
3.68087 74470
3.68111 74497
3.68135 74524
3.68159 74551
3.68183 74578
3.68207 74605
3.68231 74632
3.68255 74659
3.68279 74686
3.68303 74713
3.68326 74740
3.6835 74767
3.68374 74794
3.68398 74821
3.68434 74848
3.68482 74875
3.68828 74902
3.68864 74929
3.70346 74956
3.70382 74983
3.70406 75010
3.7043 75037
3.70454 75064
3.70478 75091
3.70502 75118
3.70526 75145
3.7055 75172
3.70573 75199
3.70597 75226
3.70621 75253
3.70645 75280
3.70669 75307
3.70693 75334
3.70717 75361
3.70741 75388
3.70765 75415
3.70789 75442
3.70812 75469
3.70836 75496
3.70872 75523
3.7092 75550
3.71267 75577
3.71314 75604
3.71338 75631
3.7282 75658
3.72856 75685
3.7288 75712
3.72904 75739
3.72928 75766
3.72952 75793
3.72976 75820
3.73 75847
3.73024 75874
3.73047 75901
3.73071 75928
3.73095 75955
3.73119 75982
3.73143 76009
3.73167 76036
3.73191 76063
3.73215 76090
3.73239 76117
3.73263 76144
3.73287 76171
3.7331 76198
3.73346 76225
3.73394 76252
3.73741 76279
3.738 76306
3.73824 76333
3.75306 76360
3.75342 76387
3.75366 76414
3.7539 76441
3.75414 76468
3.75438 76495
3.75462 76522
3.75486 76549
3.7551 76576
3.75534 76603
3.75557 76630
3.75581 76657
3.75605 76684
3.75629 76711
3.75653 76738
3.75677 76765
3.75701 76792
3.75725 76819
3.75749 76845
3.75773 76871
3.75796 76897
3.75832 76923
3.7588 76949
3.76227 76975
3.76275 77001
3.7631 77027
3.77816 77053
3.77852 77079
3.77876 77105
3.779 77131
3.77924 77157
3.77948 77183
3.77972 77209
3.77996 77235
3.7802 77261
3.78043 77287
3.78067 77313
3.78091 77339
3.78115 77365
3.78139 77391
3.78163 77417
3.78187 77443
3.78211 77469
3.78235 77495
3.78259 77521
3.78282 77547
3.78306 77573
3.78342 77599
3.7839 77625
3.78749 77651
3.78796 77677
3.78832 77703
3.80362 77729
3.80398 77755
3.80422 77781
3.80446 77807
3.8047 77833
3.80494 77859
3.80517 77885
3.80541 77911
3.80565 77937
3.80589 77963
3.80613 77989
3.80637 78015
3.80661 78041
3.80685 78067
3.80709 78093
3.80733 78119
3.80757 78145
3.8078 78171
3.80804 78197
3.80828 78223
3.80852 78249
3.80888 78275
3.80936 78301
3.81294 78327
3.81342 78353
3.81378 78379
3.82896 78405
3.82944 78431
3.82968 78457
3.82992 78483
3.83015 78509
3.83039 78535
3.83063 78561
3.83087 78587
3.83111 78613
3.83135 78639
3.83159 78665
3.83183 78691
3.83207 78717
3.83231 78743
3.83254 78769
3.83278 78795
3.83302 78821
3.83326 78847
3.8335 78873
3.83374 78899
3.83398 78925
3.83422 78951
3.83458 78977
3.83505 79003
3.83864 79029
3.83924 79055
3.8396 79081
3.85478 79107
3.85525 79133
3.85549 79159
3.85573 79185
3.85597 79211
3.85621 79237
3.85645 79263
3.85669 79289
3.85693 79315
3.85717 79341
3.85741 79367
3.85764 79393
3.85788 79419
3.85812 79445
3.85836 79471
3.8586 79497
3.85884 79523
3.85908 79549
3.85932 79575
3.85956 79601
3.8598 79627
3.86003 79653
3.86039 79679
3.86087 79705
3.86446 79731
3.86505 79757
3.86541 79782
3.88083 79807
3.88119 79832
3.88143 79857
3.88167 79882
3.88191 79907
3.88215 79932
3.88238 79957
3.88262 79982
3.88286 80007
3.8831 80032
3.88334 80057
3.88358 80082
3.88382 80107
3.88406 80132
3.8843 80157
3.88454 80182
3.88478 80207
3.88501 80232
3.88525 80257
3.88549 80282
3.88573 80307
3.88597 80332
3.88645 80357
3.88681 80382
3.89039 80407
3.89111 80432
3.89147 80457
3.90713 80482
3.90748 80507
3.90772 80532
3.90796 80557
3.9082 80582
3.90844 80607
3.90868 80632
3.90892 80657
3.90916 80682
3.9094 80707
3.90964 80732
3.90987 80757
3.91011 80782
3.91035 80807
3.91059 80832
3.91083 80857
3.91107 80882
3.91131 80907
3.91155 80932
3.91179 80957
3.91203 80982
3.91226 81007
3.91274 81032
3.9131 81057
3.91669 81082
3.9174 81107
3.91776 81132
3.93342 81157
3.9339 81182
3.93414 81207
3.93438 81232
3.93462 81257
3.93485 81282
3.93509 81307
3.93533 81332
3.93557 81357
3.93581 81382
3.93605 81407
3.93629 81432
3.93653 81457
3.93677 81482
3.93701 81507
3.93724 81532
3.93748 81557
3.93772 81582
3.93796 81607
3.9382 81632
3.93844 81657
3.93868 81682
3.93892 81707
3.9394 81732
3.93975 81757
3.94334 81782
3.94406 81807
3.94442 81832
3.96019 81857
3.96067 81882
3.96091 81907
3.96115 81932
3.96139 81957
3.96163 81982
3.96187 82007
3.9621 82032
3.96234 82057
3.96258 82082
3.96282 82107
3.96306 82132
3.9633 82157
3.96354 82182
3.96378 82207
3.96402 82232
3.96426 82257
3.9645 82282
3.96473 82307
3.96497 82332
3.96521 82357
3.96545 82382
3.96569 82407
3.96617 82432
3.96653 82457
3.97011 82482
3.97083 82507
3.97119 82532
3.9872 82557
3.98756 82582
3.9878 82607
3.98804 82632
3.98828 82657
3.98852 82682
3.98876 82707
3.989 82732
3.98924 82757
3.98947 82782
3.98971 82807
3.98995 82832
3.99019 82857
3.99043 82882
3.99067 82907
3.99091 82932
3.99115 82957
3.99139 82981
3.99163 83005
3.99187 83029
3.9921 83053
3.99234 83077
3.9927 83101
3.99306 83125
3.99342 83149
3.99712 83173
3.99784 83197
3.9982 83221
4.01457 83245
4.01493 83269
4.01517 83293
4.01541 83317
4.01565 83341
4.01589 83365
4.01613 83389
4.01637 83413
4.01661 83437
4.01684 83461
4.01708 83485
4.01732 83509
4.01756 83533
4.0178 83557
4.01804 83581
4.01828 83605
4.01852 83629
4.01876 83653
4.019 83677
4.01924 83701
4.01947 83725
4.01983 83749
4.02019 83773
4.02055 83797
4.02091 83821
4.02449 83845
4.02521 83869
4.02557 83893
4.0374 83917
4.03788 83941
4.03812 83965
4.03836 83989
4.0386 84013
4.03884 84037
4.03908 84061
4.03931 84085
4.03955 84109
4.03979 84133
4.04003 84157
4.04027 84181
4.04051 84205
4.04075 84229
4.04099 84253
4.04123 84277
4.04147 84301
4.04159 84325
