0.0 0
0.00801856 0.008
0.0174658 0.008125
0.018661 0.00835938
0.0198562 0.00868945
0.0210514 0.00922827
0.0245182 0.0100747
0.0257134 0.00994039
0.026311 0.00982284
0.0277453 0.00971999
0.029299 0.00987999
0.0298966 0.00989499
0.0313309 0.00990812
0.0328846 0.0100446
0.0333627 0.00991402
0.0349165 0.00979977
0.0356336 0.0098248
0.0362312 0.0098467
0.0383826 0.00999086
0.0400558 0.010367
0.0405339 0.0104461
0.0413706 0.0106404
0.0436414 0.0110603
0.044 0.0111778
0.0456733 0.0114056
0.0461514 0.0117299
0.046749 0.0118886
0.0492589 0.0122775
0.0498565 0.0126179
0.0503346 0.0129156
0.0509322 0.0130512
0.0542787 0.0136698
0.0546373 0.013961
0.0564301 0.0142159
0.0569082 0.0144389
0.0575058 0.0147591
0.058701 0.0150392
0.0615694 0.0156593
0.061928 0.0159519
0.0624061 0.0163329
0.065155 0.0170413
0.0656331 0.0174111
0.0659917 0.0176097
0.0665893 0.0179085
0.0671869 0.0182949
0.0707725 0.0186331
0.0712506 0.0190539
0.0717286 0.0194222
0.0720872 0.0197444
0.0726848 0.0200264
0.0732824 0.0203981
0.0778242 0.0207233
0.0780632 0.0211329
0.0785413 0.0214913
0.0815293 0.0219299
0.0820074 0.0224386
0.0822464 0.0228838
0.083083 0.0232733
0.0845173 0.0237392
0.0851149 0.0241468
0.088581 0.0245034
0.089059 0.0249405
0.0894176 0.0253229
0.0898957 0.0255326
0.0937203 0.026216
0.0943179 0.026564
0.094796 0.0268685
0.0952741 0.0272599
0.0955131 0.0276024
0.0963498 0.0279021
0.0968278 0.0281644
0.097545 0.0283938
0.103043 0.0289696
0.17858 0.0293484
0.179416 0.0296798
0.180253 0.0300949
0.213957 0.028083
0.214196 0.0263226
0.214555 0.0247823
0.215272 0.0234345
0.215631 0.0222552
0.216109 0.0212233
0.217424 0.0204454
0.22077 0.0200147
0.229017 0.0203879
0.229495 0.0199644
0.229973 0.0195938
0.23069 0.0192696
0.231049 0.0189859
0.231407 0.0187377
0.232124 0.0185205
0.232364 0.0183304
0.232961 0.0180391
0.234276 0.0179092
0.243359 0.0185456
0.243837 0.0179774
0.244435 0.0176052
0.245033 0.0172795
0.245391 0.0168696
0.245869 0.0165109
0.246467 0.016197
0.246706 0.0159224
0.247304 0.0158071
0.248618 0.0155812
0.257343 0.0153836
0.257821 0.0152106
0.258419 0.0150593
0.258897 0.0148019
0.259375 0.0147016
0.259853 0.0146139
0.260331 0.0145372
0.26069 0.01447
0.261287 0.0144113
0.262722 0.0143599
0.271566 0.0143149
0.272044 0.0144005
0.272642 0.0143505
0.27312 0.0144317
0.273598 0.0145027
0.273956 0.0144399
0.274674 0.0145099
0.275032 0.0145711
0.27563 0.0146247
0.276944 0.0146717
0.286148 0.0158377
0.286626 0.015733
0.287223 0.0156414
0.287701 0.0155612
0.288299 0.015491
0.288538 0.0154297
0.289375 0.015501
0.289733 0.0154383
0.290331 0.0153835
0.291645 0.0154606
0.300848 0.016528
0.301327 0.016337
0.301924 0.0161699
0.302402 0.0160237
0.30288 0.0158957
0.303239 0.0157837
0.303717 0.0156858
0.304315 0.0156
0.304793 0.015525
0.30539 0.0154594
0.306824 0.015402
0.316147 0.0154767
0.316625 0.0154171
0.317223 0.01549
0.317701 0.0154287
0.318059 0.0155002
0.318537 0.0154376
0.318896 0.0153829
0.319494 0.0153351
0.319972 0.0152932
0.320569 0.0152565
0.322004 0.0153495
0.331565 0.0153058
0.332043 0.0153926
0.332641 0.0153435
0.333119 0.0154256
0.333597 0.0153724
0.333956 0.0153258
0.334314 0.0154101
0.334912 0.0154838
0.33539 0.0155483
0.336107 0.0157298
0.337422 0.0158886
0.347342 0.0170275
0.34782 0.0168991
0.348417 0.0167867
0.348896 0.0166883
0.349493 0.0166023
0.349732 0.016527
0.35021 0.0165861
0.350808 0.0165129
0.351286 0.0165738
0.352003 0.016627
0.353318 0.0166737
0.363238 0.0178395
0.363716 0.0176095
0.364314 0.0175333
0.364792 0.0173417
0.36527 0.017299
0.365628 0.0171366
0.366106 0.0171195
0.366584 0.0169796
0.367063 0.0169821
0.367421 0.0168594
0.368138 0.0167519
0.369692 0.0166579
0.379612 0.0165757
0.38009 0.0166287
0.380688 0.0165501
0.381166 0.0166064
0.381524 0.0165306
0.382003 0.0165893
0.382361 0.0165156
0.382839 0.0164511
0.383317 0.0163948
0.383676 0.0163454
0.384393 0.0163022
0.386066 0.0163895
0.396106 0.0164658
0.396584 0.0164075
0.397182 0.0164816
0.39766 0.0164214
0.398138 0.0164937
0.398496 0.016432
0.398974 0.016378
0.399452 0.0164558
0.399811 0.0163988
0.400289 0.0164739
0.400887 0.0165397
0.40268 0.0167222
0.412958 0.017882
0.413436 0.0177717
0.414034 0.0178002
0.414512 0.0177002
0.41511 0.0177377
0.415349 0.0176455
0.415946 0.0175648
0.416424 0.0176192
0.416783 0.0175418
0.417261 0.0175991
0.417859 0.0175242
0.419651 0.0177087
0.43005 0.0189951
0.430528 0.0188707
0.431125 0.0187619
0.431603 0.0185416
0.432081 0.0184739
0.43244 0.0182897
0.432918 0.0181285
0.433396 0.0181124
0.433874 0.0179734
0.434233 0.0179767
0.43483 0.0178546
0.435308 0.0178728
0.436982 0.0177637
0.447619 0.0176682
0.448217 0.0177097
0.448814 0.017621
0.449292 0.0176684
0.449651 0.0175848
0.450129 0.0176367
0.450488 0.0176821
0.450966 0.0175969
0.451444 0.0176472
0.451802 0.0175663
0.4524 0.0176205
0.452878 0.017543
0.454671 0.0176001
0.465188 0.0176501
0.465786 0.0175688
0.466384 0.0176227
0.466862 0.0175449
0.46734 0.0176018
0.467698 0.0175266
0.468176 0.0175857
0.468655 0.0176375
0.469013 0.0176828
0.469491 0.0177225
0.470089 0.0177572
0.470447 0.0177875
0.47224 0.0178141
0.482997 0.0190873
0.483714 0.0189514
0.484312 0.0189575
0.48479 0.0188378
0.485387 0.0188581
0.485626 0.0187508
0.486224 0.018782
0.486702 0.0186842
0.487061 0.0187237
0.487539 0.0186332
0.488136 0.0186791
0.488495 0.0185942
0.490168 0.0187699
0.501284 0.0200487
0.502001 0.0200426
0.502598 0.0199123
0.503076 0.0197982
0.503554 0.0196985
0.503913 0.0194861
0.504391 0.0194254
0.504869 0.0192472
0.505347 0.0192163
0.505706 0.0190643
0.506303 0.0190562
0.506781 0.0189242
0.508335 0.0190587
0.51969 0.0203013
0.520407 0.0201387
0.520885 0.0198713
0.521363 0.0197624
0.521841 0.0195421
0.522319 0.0194744
0.522797 0.0194151
0.523156 0.0193632
0.523634 0.0193178
0.524112 0.0192781
0.52447 0.0192433
0.525068 0.0192129
0.525546 0.0191863
0.527219 0.019163
0.538454 0.0191426
0.539171 0.0191248
0.539649 0.0191092
0.540128 0.0190955
0.540606 0.0190836
0.541203 0.0190731
0.541562 0.019064
0.54204 0.019056
0.542518 0.019049
0.542876 0.0189179
0.543355 0.0189281
0.543952 0.0188121
0.544311 0.0188356
0.545984 0.0187312
0.557458 0.0187648
0.558175 0.0187942
0.558653 0.0188199
0.559131 0.0188424
0.55949 0.0188621
0.560207 0.0190043
0.560446 0.0190038
0.561163 0.0191283
0.561761 0.0191123
0.562119 0.0192232
0.562597 0.0193203
0.563195 0.0194053
0.563553 0.0194796
0.565227 0.0196697
0.57682 0.021086
0.577537 0.0209502
0.578015 0.0208314
0.578493 0.0207275
0.578972 0.0205116
0.579689 0.0204476
0.579928 0.0202667
0.580645 0.0202333
0.581123 0.0202042
0.581601 0.0201786
0.58196 0.0200313
0.582557 0.0200274
0.583035 0.020024
0.584589 0.020146
0.596302 0.0215027
0.597019 0.0214399
0.597497 0.0212599
0.597975 0.0209774
0.598453 0.0208552
0.598692 0.0207483
0.599409 0.0206548
0.599648 0.0205729
0.600366 0.0205013
0.600844 0.0203137
0.601322 0.0202744
0.6018 0.0202401
0.602397 0.0202101
0.602876 0.0200589
0.604549 0.0200515
0.616381 0.0200451
0.617098 0.0200394
0.617576 0.0200345
0.618055 0.0201552
0.618413 0.0201358
0.618772 0.0201188
0.619369 0.020104
0.619728 0.020091
0.620325 0.0200796
0.620804 0.0200696
0.621282 0.0200609
0.62176 0.0200533
0.622357 0.0200467
0.622835 0.0200408
0.624509 0.0200357
0.63658 0.0200313
0.637297 0.0200273
0.637775 0.0200239
0.638253 0.0200209
0.638612 0.0200183
0.638971 0.020016
0.639568 0.020014
0.639807 0.0200123
0.640524 0.0201357
0.641002 0.0202438
0.64148 0.0203383
0.641959 0.020296
0.642676 0.020384
0.643034 0.020461
0.644708 0.0206534
0.657138 0.0221967
0.657855 0.0220471
0.658333 0.0219162
0.658811 0.0218017
0.659289 0.0217015
0.659528 0.0216138
0.660245 0.0216621
0.660484 0.0215793
0.661201 0.0216319
0.661679 0.0215529
0.662157 0.0214838
0.662636 0.0214233
0.663353 0.0214954
0.663831 0.0214335
0.665384 0.0215043
0.677815 0.0229413
0.678532 0.0226986
0.67901 0.0226113
0.679488 0.0224099
0.679966 0.0222336
0.680205 0.0220794
0.680922 0.0219445
0.681161 0.0218264
0.681878 0.0217231
0.682117 0.0216327
0.682595 0.0215536
0.683073 0.0214844
0.683552 0.0214239
0.684269 0.0213709
0.684866 0.0213245
0.68654 0.021284
0.699089 0.0213735
0.699806 0.0213268
0.700284 0.0212859
0.700762 0.0212502
0.701121 0.0213439
0.70136 0.0213009
0.702077 0.0213883
0.702316 0.0213398
0.703033 0.0214223
0.703272 0.0213695
0.70375 0.0213233
0.704228 0.0212829
0.704707 0.0212475
0.705424 0.0212166
0.706021 0.0213145
0.707695 0.0212752
0.720483 0.0212408
0.7212 0.0213357
0.721678 0.0212937
0.722156 0.021382
0.722515 0.0213343
0.722754 0.0212925
0.723471 0.0212559
0.72371 0.0212239
0.724427 0.0211959
0.724786 0.0211715
0.725264 0.021275
0.725623 0.0213656
0.726101 0.0214449
0.726818 0.0215143
0.727296 0.021575
0.729089 0.0217531
0.742116 0.023409
0.742833 0.0232329
0.743312 0.0230788
0.74379 0.0229439
0.744268 0.0228259
0.744507 0.0227227
0.745224 0.0227574
0.745463 0.0226627
0.74618 0.0227048
0.746539 0.0226167
0.747017 0.0226646
0.747375 0.0225816
0.747853 0.0225089
0.74857 0.0224453
0.749048 0.0225146
0.750961 0.0225753
0.764108 0.0241284
0.764825 0.0238623
0.765303 0.0237545
0.765781 0.0235352
0.766259 0.0234683
0.766498 0.0232848
0.767216 0.0232492
0.767455 0.023093
0.768172 0.0230814
0.768411 0.0229462
0.768889 0.0228279
0.769367 0.0227245
0.769725 0.0226339
0.770084 0.0226797
0.770801 0.0225947
0.771279 0.0225204
0.773311 0.0225803
0.786458 0.0225078
0.787175 0.0225693
0.787653 0.0224981
0.788132 0.0225609
0.78849 0.0224908
0.788729 0.0224294
0.789446 0.0223757
0.789685 0.0223288
0.790402 0.0222877
0.790641 0.0222517
0.79112 0.0223452
0.791598 0.0223021
0.791956 0.0222643
0.792315 0.0222313
0.793032 0.0223274
0.79351 0.0222865
0.795542 0.0222506
0.808808 0.0222193
0.809526 0.0221919
0.810004 0.0222929
0.810482 0.0222563
0.81084 0.0222243
0.811079 0.0223212
0.811796 0.0222811
0.812036 0.0223709
0.812753 0.0223246
0.813111 0.022409
0.813589 0.0223579
0.813948 0.0223131
0.814426 0.022399
0.814784 0.0223491
0.815502 0.0223055
0.81586 0.0222673
0.817772 0.0224839
0.831517 0.0241734
0.832234 0.0241517
0.832712 0.0240078
0.833191 0.0238818
0.833669 0.0237716
0.833908 0.0236751
0.834625 0.0235907
0.834864 0.0235169
0.835581 0.0234523
0.83594 0.0233957
0.836418 0.0233463
0.836776 0.023303
0.837254 0.0233901
0.837613 0.0233413
0.83833 0.0234237
0.838688 0.0233707
0.840481 0.0235744
0.854585 0.0252526
0.855302 0.025096
0.85578 0.024834
0.856258 0.0247298
0.856736 0.0245135
0.856975 0.0243243
0.857692 0.0242838
0.857931 0.0241233
0.858648 0.0241079
0.858887 0.0239694
0.859365 0.0239732
0.859844 0.0238516
0.860202 0.0238701
0.860561 0.0237614
0.861278 0.0237912
0.861756 0.0236923
0.863429 0.0238558
0.863907 0.0237488
0.87825 0.0237802
0.878967 0.0236827
0.879445 0.0237223
0.879923 0.023632
0.880281 0.023678
0.88052 0.0237183
0.881238 0.0237535
0.881477 0.0237843
0.882194 0.0238113
0.882433 0.0238349
0.882911 0.0237305
0.883389 0.0237642
0.883748 0.0236687
0.884106 0.0237101
0.884823 0.0236213
0.885301 0.0236687
0.887094 0.0237101
0.887572 0.0237463
0.901795 0.023653
0.902512 0.0236964
0.90299 0.0236093
0.903468 0.0236582
0.903827 0.0235759
0.904066 0.0236289
0.904783 0.0235503
0.905022 0.0236065
0.905739 0.0235307
0.906098 0.0235894
0.906576 0.0236407
0.906934 0.0235606
0.907412 0.0236155
0.907771 0.0235386
0.908488 0.0235963
0.908847 0.0235217
0.910759 0.0234565
0.911118 0.0235244
0.925819 0.0235839
0.926416 0.0237609
0.926894 0.0237908
0.927372 0.0239419
0.92785 0.0239492
0.928089 0.0240805
0.928807 0.0240705
0.929046 0.0241867
0.929763 0.0241633
0.930121 0.0242679
0.930599 0.0242344
0.930958 0.0242051
0.931436 0.0243045
0.931795 0.0242664
0.932512 0.0243581
0.93287 0.0243134
0.934663 0.0245242
0.935022 0.0245837
0.950081 0.0263857
0.950679 0.0262125
0.951157 0.0260609
0.951635 0.0259283
0.952113 0.0258123
0.952352 0.0257107
0.953069 0.0256219
0.953308 0.0255442
0.954025 0.0254761
0.954264 0.0254166
0.954742 0.0252395
0.95522 0.0252096
0.955579 0.0251834
0.955938 0.0250355
0.956655 0.025031
0.957133 0.0250272
0.958806 0.0251488
0.959284 0.0251302
0.974344 0.0268639
0.975061 0.0266309
0.975539 0.026427
0.976017 0.0262487
0.976376 0.0260926
0.976734 0.025831
0.976973 0.0256021
0.97769 0.0254019
0.978049 0.0253516
0.978766 0.0251827
0.979005 0.0251598
0.979483 0.0251399
0.979961 0.0249974
0.98032 0.0249977
0.980678 0.024998
0.981395 0.0249982
0.981873 0.0248735
0.983666 0.0248893
0.984144 0.0249031
0.999204 0.0249152
0.999921 0.0248008
1.0004 0.0248257
1.00088 0.0247225
1.00124 0.0247572
1.00159 0.0247875
1.00183 0.0248141
1.00255 0.0248373
1.00279 0.0247327
1.00351 0.0247661
1.00387 0.0246703
1.00434 0.0247115
1.0047 0.0247476
1.00518 0.0247791
1.00554 0.0248067
1.00626 0.0248309
1.00661 0.024852
1.00853 0.0248705
1.00888 0.0247617
1.02418 0.0247915
1.0249 0.0248176
1.02538 0.0248404
1.02598 0.0248603
1.02633 0.0248778
1.02669 0.0248931
1.02693 0.0249064
1.02765 0.0250431
1.02789 0.0250377
1.02861 0.025158
1.02896 0.0251383
1.02956 0.025246
1.02992 0.0252152
1.0304 0.0253133
1.03076 0.0252742
1.03147 0.0253649
1.03183 0.0253193
1.03363 0.0255294
1.03398 0.0254632
1.04952 0.0274053
1.05024 0.0272296
1.05072 0.0270759
1.05131 0.0269414
1.05167 0.0268238
1.05203 0.0267208
1.05227 0.0266307
1.05299 0.0265519
1.05323 0.0264829
1.05394 0.0264225
1.0543 0.0263697
1.0549 0.0263235
1.05538 0.026283
1.05574 0.0262477
1.0561 0.0262167
1.05681 0.0261896
1.05729 0.0261659
1.05896 0.0262702
1.05944 0.0262364
1.07498 0.0280819
1.0757 0.0278216
1.07617 0.0275939
1.07677 0.0273947
1.07713 0.0272203
1.07749 0.0270678
1.07773 0.0268093
1.07809 0.0267082
1.0788 0.0266196
1.07904 0.0265422
1.07976 0.0264744
1.08012 0.0264151
1.08072 0.0263632
1.08119 0.0263178
1.08167 0.0262781
1.08203 0.0262433
1.08275 0.0262129
1.08323 0.0261863
1.08502 0.026288
1.0855 0.026252
1.10103 0.0263455
1.10175 0.0263023
1.10223 0.0262645
1.10271 0.0262315
1.10319 0.0262025
1.10343 0.0261772
1.10366 0.0261551
1.10414 0.0261357
1.10486 0.0261187
1.1051 0.0261039
1.10582 0.0260909
1.10617 0.0260795
1.10677 0.0260696
1.10725 0.0260609
1.10773 0.0260533
1.10809 0.0260466
1.1088 0.0260408
1.10916 0.0260357
1.11107 0.0260312
1.11143 0.0260273
1.12721 0.0260239
1.12793 0.0260209
1.1284 0.0260183
1.12888 0.026016
1.12936 0.026014
1.1296 0.0260123
1.12984 0.0260107
1.13032 0.0260094
1.13103 0.0261332
1.13127 0.0262416
1.13199 0.0262114
1.13235 0.0263099
1.13295 0.0262712
1.13342 0.0263623
1.1339 0.026317
1.13426 0.0264024
1.1351 0.0264771
1.13546 0.0265424
1.13737 0.0267246
1.13773 0.0266341
1.15374 0.0285548
1.15446 0.0283605
1.15494 0.0281904
1.15554 0.0280416
1.15589 0.0279114
1.15625 0.0277975
1.15649 0.0276978
1.15685 0.0276106
1.15769 0.0275342
1.15793 0.0273425
1.15852 0.0272997
1.159 0.0273872
1.1596 0.0273388
1.16008 0.0274214
1.16056 0.0273688
1.16091 0.0273227
1.16175 0.0272823
1.16223 0.027247
1.1639 0.0273412
1.16438 0.0272985
1.1804 0.0292612
1.18111 0.0291035
1.18159 0.0288406
1.18219 0.0287355
1.18255 0.0285186
1.18291 0.0283288
1.18315 0.0281627
1.1835 0.0280173
1.18434 0.0280152
1.18458 0.0278883
1.18518 0.0279022
1.18554 0.0277895
1.18589 0.0275658
1.18649 0.0274951
1.18697 0.0273082
1.18745 0.0272696
1.18781 0.0272359
1.18864 0.0272064
1.18924 0.0271806
1.19103 0.0272831
1.19151 0.0272477
1.20765 0.0272167
1.20836 0.0271896
1.20884 0.0271659
1.20932 0.0271452
1.2098 0.027127
1.21004 0.0272362
1.21028 0.0272066
1.21075 0.0271808
1.21147 0.0271582
1.21171 0.0271384
1.21243 0.0271211
1.21267 0.027106
1.21303 0.0272177
1.21362 0.0271905
1.2141 0.0272917
1.21458 0.0272552
1.21494 0.0272233
1.21577 0.0271954
1.21637 0.027171
1.21816 0.0271496
1.21864 0.0271309
1.23502 0.0272395
1.23573 0.0272096
1.23621 0.0273084
1.23669 0.0272699
1.23717 0.0273611
1.23741 0.027316
1.23765 0.0272765
1.23812 0.0273669
1.23884 0.0273211
1.23908 0.0274059
1.2398 0.0273552
1.24004 0.0274358
1.24051 0.0273813
1.24099 0.0273336
1.24147 0.0274169
1.24195 0.0273648
1.24231 0.0274442
1.24314 0.0276387
1.24374 0.0276839
1.24553 0.0278484
1.24601 0.0278673
1.26275 0.0298839
1.26346 0.0296484
1.26394 0.0294424
1.26454 0.0292621
1.2649 0.0291043
1.26526 0.0289663
1.26549 0.0288455
1.26585 0.0287398
1.26669 0.0286473
1.26693 0.0285664
1.26765 0.0284956
1.26788 0.0284337
1.26836 0.0283794
1.26884 0.028332
1.26932 0.0284155
1.2698 0.0283636
1.27016 0.0284431
1.27099 0.0283877
1.27159 0.0283393
1.27338 0.0285469
1.27386 0.0284785
1.29059 0.0304187
1.29131 0.0302414
1.29179 0.0299612
1.29239 0.029841
1.29274 0.0296109
1.2931 0.0295345
1.29334 0.0293427
1.2937 0.0291749
1.29454 0.029153
1.29478 0.0290089
1.29549 0.0290078
1.29573 0.0288818
1.29609 0.0288966
1.29657 0.0287845
1.29705 0.0288114
1.29741 0.02871
1.29788 0.0286213
1.29824 0.0285436
1.29908 0.0286007
1.29968 0.0285256
1.30171 0.0284599
1.30219 0.0285274
1.31892 0.0284615
1.31964 0.0284038
1.32012 0.0284783
1.32059 0.0284185
1.32107 0.0284912
1.32131 0.0284298
1.32155 0.0283761
1.32203 0.0284541
1.32274 0.0283973
1.32298 0.0283476
1.3237 0.0283042
1.32394 0.0282662
1.3243 0.0282329
1.32478 0.0282038
1.32525 0.0281783
1.32561 0.028156
1.32609 0.0282615
1.32645 0.0282288
1.32729 0.0282002
1.32788 0.0281752
1.32992 0.0281533
1.33051 0.0281341
1.34737 0.0282424
1.34808 0.0283371
1.34856 0.0282949
1.34904 0.0283831
1.34952 0.0283352
1.34976 0.0282933
1.35 0.0282566
1.35047 0.0282245
1.35119 0.0283215
1.35143 0.0284063
1.35215 0.0284805
1.35239 0.0285454
1.35286 0.0284773
1.35334 0.0285426
1.35382 0.0284748
1.35418 0.0285404
1.35454 0.0284729
1.35501 0.0285388
1.35573 0.0285964
1.35633 0.0286469
1.35848 0.028941
1.35908 0.0290734
1.37617 0.0311892
1.37689 0.0309156
1.37737 0.0306761
1.37796 0.0304666
1.37832 0.0302833
1.37868 0.0301229
1.37892 0.0299825
1.37928 0.0299847
1.38011 0.0299866
1.38035 0.0298633
1.38107 0.0298804
1.38131 0.0297703
1.38179 0.029674
1.38227 0.0297148
1.38274 0.0296254
1.3831 0.0296723
1.38346 0.0295882
1.38394 0.0295147
1.38466 0.0294504
1.38525 0.0295191
1.3874 0.0297042
1.388 0.0297412
1.40521 0.0317735
1.40593 0.0314268
1.40641 0.0312485
1.40701 0.0310924
1.40736 0.0309559
1.40772 0.0307114
1.40796 0.0304975
1.40832 0.0304353
1.40916 0.0303809
1.4094 0.0302083
1.41011 0.0301822
1.41035 0.0300344
1.41071 0.0299051
1.41119 0.029917
1.41167 0.0298024
1.41203 0.0298271
1.4125 0.0297237
1.41286 0.0296332
1.41358 0.0296791
1.41418 0.0297192
1.41466 0.0296293
1.41669 0.0295506
1.4174 0.0294818
1.43485 0.0294216
1.43557 0.0294939
1.43605 0.0295571
1.43653 0.0294875
1.43701 0.0295516
1.43724 0.0296076
1.43748 0.0296567
1.43796 0.0295746
1.43868 0.0295028
1.43892 0.0294399
1.43964 0.0293849
1.43987 0.0293368
1.44023 0.0294197
1.44071 0.0293672
1.44119 0.0294463
1.44155 0.0293905
1.44203 0.0294667
1.44238 0.0295334
1.4431 0.0295917
1.4437 0.0295177
1.44418 0.029578
1.44633 0.0296308
1.44705 0.0296769
1.46438 0.0297173
1.46509 0.0297526
1.46557 0.0296586
1.46605 0.0297012
1.46653 0.0296136
1.46677 0.0295369
1.46701 0.0295948
1.46748 0.0296454
1.4682 0.0296898
1.46844 0.0297285
1.46916 0.0297625
1.4694 0.0297922
1.46987 0.0296931
1.47035 0.0297315
1.47083 0.0296401
1.47119 0.029685
1.47155 0.0295994
1.47202 0.0296495
1.47274 0.0295683
1.47334 0.0296223
1.4737 0.0295445
1.47597 0.0294764
1.47645 0.0295419
1.49426 0.0317241
1.49497 0.0315086
1.49545 0.03132
1.49605 0.03128
1.49641 0.03112
1.49677 0.03098
1.497 0.0309825
1.49736 0.0308597
1.4982 0.0308772
1.49844 0.0307676
1.49916 0.0307966
1.4994 0.0306971
1.49987 0.0306099
1.50035 0.0306587
1.50083 0.0305763
1.50119 0.0306293
1.50155 0.0305506
1.50202 0.0306068
1.50274 0.030531
1.50334 0.0305896
1.5037 0.0305159
1.50585 0.0307014
1.50633 0.0307387
1.52449 0.0328964
1.52521 0.0326593
1.52569 0.0324519
1.52629 0.0322704
1.52665 0.0319866
1.527 0.0318633
1.52724 0.0317554
1.5276 0.031536
1.52844 0.031469
1.52868 0.0312853
1.52939 0.0312497
1.52963 0.0310935
1.52999 0.0309568
1.53047 0.0309622
1.53095 0.0308419
1.53131 0.0308617
1.53178 0.030754
1.53214 0.0307847
1.53286 0.0306866
1.53346 0.0307258
1.53394 0.0306351
1.53597 0.0308057
1.53645 0.03083
1.55485 0.0329762
1.55533 0.0327292
1.55605 0.0325131
1.55653 0.0323239
1.557 0.0321584
1.55748 0.0320136
1.55772 0.0317619
1.55796 0.0315417
1.55844 0.031474
1.55916 0.0314147
1.55939 0.0313629
1.56011 0.0313175
1.56035 0.0312778
1.56071 0.0312431
1.56119 0.0312127
1.56166 0.0311861
1.56202 0.0311629
1.5625 0.0311425
1.56286 0.0309997
1.56358 0.0309997
1.56417 0.0309998
1.56465 0.0309998
1.5668 0.0309998
1.56728 0.0309998
1.58557 0.0309999
1.58605 0.0309999
1.58676 0.0308749
1.58724 0.0308905
1.58772 0.0307792
1.5882 0.0308068
1.58844 0.030831
1.58868 0.0308521
1.58915 0.0308706
1.58987 0.0307618
1.59011 0.0307915
1.59083 0.0306926
1.59107 0.030731
1.59154 0.0307646
1.59202 0.0307941
1.5925 0.0308198
1.59286 0.0307173
1.59322 0.0307527
1.5937 0.0307836
1.59441 0.0308106
1.59501 0.0308343
1.59537 0.030855
1.59764 0.0308731
1.598 0.030764
1.61652 0.0307935
1.61712 0.0308193
1.61784 0.0308419
1.6182 0.0309867
1.6188 0.0309883
1.61915 0.0311148
1.61951 0.0311004
1.61975 0.0310879
1.62011 0.0312019
1.62107 0.0313017
1.62131 0.0313889
1.62202 0.0314653
1.62226 0.0315322
1.62274 0.0314656
1.62322 0.0315324
1.6237 0.0314659
1.62405 0.0315326
1.62441 0.0315911
1.62489 0.0315172
1.62561 0.0315775
1.62621 0.0316303
1.62656 0.0315515
1.62872 0.0317326
1.62919 0.031766
1.64784 0.0340453
1.64844 0.0337896
1.64915 0.0335659
1.64951 0.0333702
1.65011 0.0331989
1.65047 0.033049
1.65083 0.0327929
1.65107 0.0326938
1.65142 0.0326071
1.65238 0.0325312
1.65274 0.0323398
1.65346 0.0322973
1.6537 0.0321351
1.65405 0.0321183
1.65453 0.0321035
1.65501 0.0320905
1.65537 0.0320792
1.65585 0.0319443
1.65621 0.0319513
1.65692 0.0319574
1.65752 0.0319627
1.658 0.0318424
1.66003 0.0321121
1.66051 0.0320981
1.67927 0.0343358
1.67987 0.0340438
1.68071 0.0337883
1.68107 0.0335648
1.68166 0.0333692
1.68202 0.033198
1.68238 0.0330483
1.68262 0.0329173
1.68286 0.0326776
1.68334 0.0325929
1.68417 0.0325188
1.68453 0.0324539
1.68525 0.0323972
1.68549 0.0323475
1.68585 0.0321791
1.68644 0.0321567
1.68692 0.0320121
1.68728 0.0320106
1.68776 0.0320093
1.68812 0.0320081
1.68883 0.0320071
1.68943 0.0320062
1.68991 0.0320054
1.69206 0.0320048
1.69254 0.0320042
1.7113 0.0320036
1.7119 0.0320032
1.71274 0.0320028
1.7131 0.0320024
1.71369 0.0320021
1.71405 0.0320019
1.71441 0.0320016
1.71465 0.0320014
1.71489 0.0320012
1.71537 0.0320011
1.7162 0.032001
1.71656 0.0320008
1.71728 0.0320007
1.71752 0.0320006
1.71788 0.0320006
1.71848 0.0320005
1.71895 0.0320004
1.71931 0.0320004
1.71967 0.0320003
1.72015 0.0320003
1.72087 0.0320002
1.72146 0.0320002
1.72182 0.0320002
1.72409 0.0320002
1.72445 0.0320001
1.74334 0.0320001
1.74393 0.0320001
1.74477 0.0320001
1.74513 0.0320001
1.74573 0.0320001
1.74608 0.0320001
1.74656 0.0320001
1.7468 0.032
1.74704 0.032125
1.7474 0.0322344
1.74824 0.0323301
1.74859 0.0322888
1.74931 0.0323777
1.74955 0.0323305
1.74991 0.0322892
1.75051 0.0323781
1.7511 0.0324558
1.75146 0.0325238
1.7517 0.0324583
1.75218 0.0325261
1.7529 0.0324603
1.75349 0.0325278
1.75385 0.0324618
1.756 0.0327791
1.75648 0.0326817
1.77489 0.0348465
1.77549 0.0344907
1.77632 0.0343043
1.77668 0.0340163
1.77728 0.0337643
1.77764 0.0335437
1.77812 0.0333508
1.77835 0.0331819
1.77859 0.0330342
1.77895 0.0327799
1.77955 0.0326824
1.77979 0.0324721
1.78027 0.0324131
1.78051 0.0322365
1.78075 0.0320819
1.78098 0.0319467
1.78122 0.0318283
1.78146 0.0315998
1.7817 0.0313998
1.78194 0.0312248
1.78218 0.0310717
1.78266 0.0309378
1.78302 0.0308205
1.78505 0.030968
1.78553 0.030722
1.80357 0.0327567
1.80417 0.0324121
1.80501 0.0321106
1.80537 0.0317218
1.80596 0.0313816
1.80632 0.0310839
1.8068 0.0308234
1.80704 0.0305955
1.80728 0.030396
1.80764 0.0302215
1.80823 0.0301938
1.80847 0.0300446
1.80883 0.029914
1.80919 0.0297998
1.80943 0.0296998
1.80967 0.0296123
1.80991 0.0295358
1.81015 0.0294688
1.81039 0.0294102
1.81063 0.0293589
1.81086 0.0293141
1.8111 0.0292748
1.8117 0.0292405
1.81218 0.0292104
1.81409 0.0291841
1.81433 0.0291611
1.8307 0.0288909
1.8313 0.0286546
1.83214 0.0284478
1.8325 0.0282668
1.83309 0.0282334
1.83345 0.0280793
1.83381 0.0279444
1.83405 0.0278263
1.83429 0.027723
1.83477 0.0276326
1.83525 0.0275536
1.83549 0.0274844
1.83596 0.0274238
1.8362 0.0273708
1.83644 0.0273245
1.83668 0.0272839
1.83692 0.0272484
1.83716 0.0272174
1.8374 0.0271902
1.83764 0.0271664
1.83788 0.0271456
1.83811 0.0271274
1.83847 0.0271115
1.83907 0.0270976
1.84098 0.0269604
1.84122 0.0269653
1.85748 0.0269697
1.85807 0.0269734
1.85891 0.0268518
1.85927 0.0268703
1.85987 0.0267615
1.86023 0.0267913
1.86058 0.0268174
1.86082 0.0267152
1.86106 0.0267508
1.86154 0.026782
1.86202 0.0268092
1.86226 0.0268331
1.86274 0.0268539
1.86297 0.0268722
1.86321 0.0268882
1.86345 0.0269021
1.86369 0.0269144
1.86393 0.0269251
1.86417 0.0269344
1.86441 0.0269426
1.86465 0.0269498
1.86501 0.0270811
1.86537 0.0270709
1.86584 0.0270621
1.86776 0.0271793
1.86799 0.0271569
1.88461 0.0291373
1.88521 0.0289951
1.88604 0.0288707
1.8864 0.0287619
1.887 0.0285417
1.88736 0.0284739
1.88784 0.0282897
1.88807 0.0282535
1.88831 0.0282218
1.88867 0.0280691
1.88927 0.0280604
1.88951 0.0279279
1.88987 0.0278119
1.89023 0.0278354
1.89046 0.027856
1.8907 0.027749
1.89094 0.0276554
1.89118 0.0276984
1.89142 0.0277361
1.89166 0.0276441
1.8919 0.0275636
1.89214 0.0276182
1.89262 0.0275409
1.89297 0.0274733
1.89501 0.0277891
1.89536 0.0278155
1.91186 0.0298385
1.91246 0.0296087
1.91329 0.0294076
1.91365 0.0291067
1.91425 0.0289683
1.91461 0.0288473
1.91509 0.0287414
1.91532 0.0286487
1.91556 0.0284426
1.91592 0.0282623
1.91652 0.0282295
1.91676 0.0280758
1.91712 0.0280663
1.91748 0.028058
1.91772 0.0279258
1.91795 0.0278101
1.91819 0.0278338
1.91843 0.0278546
1.91867 0.0277478
1.91891 0.0276543
1.91915 0.0276975
1.91939 0.0277353
1.91963 0.0276434
1.92011 0.027688
1.92046 0.027727
1.9225 0.0276361
1.92273 0.0275566
1.93947 0.027612
1.94007 0.0276605
1.9409 0.0275779
1.94126 0.0276307
1.94186 0.0275519
1.94222 0.0276079
1.94258 0.0275319
1.94281 0.0274654
1.94305 0.0275322
1.94353 0.0275907
1.94401 0.0276419
1.94425 0.0276866
1.94473 0.0276008
1.94497 0.0275257
1.9452 0.027585
1.94544 0.0276369
1.94568 0.0275573
1.94592 0.0274876
1.94616 0.0275516
1.9464 0.0276077
1.94664 0.0275317
1.94688 0.0274653
1.94724 0.0275321
1.9476 0.0274656
1.94807 0.0275324
1.9501 0.0275908
1.95046 0.027642
1.96744 0.0276867
1.96803 0.0277259
1.96887 0.0277602
1.96923 0.0277901
1.96983 0.0278164
1.97018 0.0278393
1.97054 0.0278594
1.97078 0.027877
1.97102 0.0278924
1.9715 0.0279058
1.97198 0.0277926
1.97222 0.0278185
1.97269 0.0278412
1.97293 0.027861
1.97317 0.0278784
1.97341 0.0278936
1.97365 0.0279069
1.97389 0.0279185
1.97413 0.0280537
1.97437 0.028047
1.97461 0.0280411
1.97485 0.028036
1.97532 0.0281565
1.97556 0.0281369
1.97604 0.0282448
1.97819 0.0284642
1.97843 0.0284062
1.99576 0.0304804
1.99636 0.0302954
1.9972 0.0301334
1.99755 0.0299918
1.99815 0.0298678
1.99851 0.0297593
1.99899 0.0295394
1.99923 0.029472
1.99947 0.029413
1.99983 0.0292364
2.00042 0.0292068
2.00066 0.029181
2.00102 0.0291583
2.00138 0.0291385
2.00162 0.0291212
2.00186 0.0289811
2.0021 0.0289834
2.00234 0.0289855
2.00257 0.0289873
2.00281 0.0288639
2.00305 0.0288809
2.00329 0.0288958
2.00365 0.0289088
2.00401 0.0289202
2.00437 0.0289302
2.00652 0.0290639
2.007 0.0289309
2.02421 0.0310646
2.0248 0.0308065
2.02564 0.0305807
2.026 0.0303831
2.0266 0.0302102
2.02696 0.0299339
2.02743 0.0298172
2.02767 0.029715
2.02791 0.0295007
2.02827 0.0294381
2.02887 0.0293833
2.02911 0.0293354
2.02947 0.0292935
2.02982 0.0291318
2.03006 0.0291153
2.0303 0.0291009
2.03054 0.0290883
2.03078 0.0289523
2.03102 0.0289582
2.03126 0.0289634
2.0315 0.028968
2.03174 0.028847
2.03198 0.0287411
2.03233 0.0287735
2.03269 0.0286768
2.03305 0.0287172
2.0352 0.0287526
2.03556 0.0287835
2.05301 0.0288105
2.05361 0.0288342
2.05445 0.0288549
2.0548 0.0287481
2.0554 0.0287796
2.05576 0.0288071
2.05612 0.0288312
2.05636 0.0288523
2.0566 0.0288708
2.05708 0.0288869
2.05755 0.0289011
2.05779 0.0287884
2.05827 0.0288149
2.05851 0.028838
2.05875 0.0287333
2.05899 0.0286416
2.05923 0.0286864
2.05947 0.0287256
2.0597 0.0286349
2.05994 0.0285555
2.06018 0.0286111
2.06042 0.0286597
2.06066 0.0287022
2.06114 0.0287395
2.06138 0.028772
2.06186 0.0286755
2.06401 0.0287161
2.06449 0.0287516
2.08206 0.0287826
2.08265 0.0288098
2.08349 0.0288336
2.08385 0.0288544
2.08445 0.0288726
2.0848 0.0288885
2.08516 0.0289024
2.0854 0.0289146
2.08564 0.0289253
2.08612 0.0289346
2.0866 0.0289428
2.08684 0.02895
2.08731 0.0289562
2.08755 0.0289617
2.08779 0.0289665
2.08803 0.0290957
2.08827 0.0290837
2.08851 0.0290732
2.08875 0.0290641
2.08899 0.0290561
2.08923 0.0290491
2.08947 0.0290429
2.08982 0.0290376
2.09018 0.0291579
2.09042 0.0291381
2.0909 0.0291209
2.09305 0.0294808
2.09353 0.0294207
2.11146 0.0316181
2.11205 0.0314158
2.11289 0.0312388
2.11325 0.031084
2.11385 0.0309485
2.11421 0.0308299
2.11468 0.0307262
2.11492 0.0305104
2.11516 0.0304466
2.11552 0.0303908
2.11612 0.0303419
2.11636 0.0302992
2.11672 0.0302618
2.11707 0.0302291
2.11731 0.0302004
2.11755 0.0301754
2.11779 0.0300285
2.11803 0.0300249
2.11827 0.0300218
2.11851 0.0300191
2.11875 0.0300167
2.11899 0.0298896
2.11923 0.0299034
2.1197 0.0299155
2.11994 0.029801
2.1203 0.0298259
2.12245 0.0300977
2.12293 0.0299605
2.14098 0.0320904
2.14158 0.0318291
2.14241 0.0316005
2.14277 0.0314004
2.14337 0.0312254
2.14373 0.0310722
2.14421 0.0309382
2.14444 0.0308209
2.14468 0.0307183
2.14504 0.0306285
2.14564 0.0305499
2.14588 0.0303562
2.14624 0.0303117
2.1466 0.0302727
2.14683 0.0301136
2.14707 0.0300994
2.14731 0.030087
2.14755 0.0300761
2.14779 0.0299416
2.14803 0.0299489
2.14827 0.0299553
2.14851 0.0299609
2.14875 0.0299658
2.14911 0.02997
2.14946 0.0299738
2.1497 0.0299771
2.15018 0.0299799
2.15221 0.0299824
2.15269 0.0299846
2.1711 0.0301116
2.1717 0.0300976
2.17253 0.0300854
2.17289 0.0300747
2.17349 0.0300654
2.17385 0.0300572
2.1742 0.0300501
2.17444 0.0300438
2.17468 0.0300383
2.17516 0.0300335
2.17564 0.0300293
2.17588 0.0300257
2.17636 0.0300225
2.1766 0.0300197
2.17683 0.0300172
2.17707 0.030015
2.17731 0.0300132
2.17755 0.0300115
2.17779 0.0300101
2.17803 0.0300088
2.17827 0.0300077
2.17851 0.0300068
2.17875 0.0300059
2.17922 0.0300052
2.17946 0.0300045
2.17982 0.030004
2.1803 0.0300035
2.18233 0.030003
2.18281 0.0300026
2.20134 0.0300023
2.20193 0.030002
2.20277 0.0300018
2.20313 0.0301266
2.20373 0.0301107
2.20408 0.0302219
2.20444 0.0301942
2.20468 0.0301699
2.20492 0.0301486
2.2054 0.0301301
2.20588 0.0301138
2.20612 0.0302246
2.20659 0.0301965
2.20683 0.0301719
2.20707 0.0302755
2.20731 0.030241
2.20755 0.0302109
2.20779 0.0301845
2.20803 0.0302865
2.20827 0.0302507
2.20851 0.0302193
2.20875 0.0301919
2.2091 0.0302929
2.20946 0.0302563
2.2097 0.0302243
2.21018 0.0303212
2.21054 0.0302811
2.21269 0.0302459
2.21305 0.0303402
2.23193 0.0326727
2.23253 0.0324636
2.23337 0.0324056
2.23373 0.0322299
2.23432 0.0320762
2.23468 0.0319417
2.23516 0.031824
2.2354 0.031721
2.23564 0.0316308
2.236 0.031552
2.23659 0.031483
2.23683 0.0314226
2.23719 0.0313698
2.23755 0.0313236
2.23779 0.0312831
2.23803 0.0312477
2.23827 0.0312168
2.23851 0.0311897
2.23875 0.031166
2.23898 0.0310202
2.23922 0.0310177
2.23946 0.0310155
2.2397 0.0310135
2.24018 0.0310118
2.24042 0.0310104
2.24078 0.0310091
2.24114 0.0310079
2.24329 0.0312569
2.24377 0.0312248
2.26265 0.0334467
2.26325 0.0332659
2.26408 0.0331076
2.26444 0.0328442
2.26504 0.0327387
2.2654 0.0325213
2.26588 0.0323312
2.26612 0.0321648
2.26635 0.0320192
2.26671 0.0318918
2.26731 0.0319053
2.26755 0.0317921
2.26791 0.0316931
2.26827 0.0316065
2.26851 0.0315307
2.26875 0.0314643
2.26898 0.0312813
2.26922 0.0312461
2.26946 0.0312154
2.2697 0.0311884
2.26994 0.0311649
2.27018 0.0311443
2.27042 0.0311262
2.27078 0.0311105
2.27114 0.0310967
2.27137 0.0310846
2.27185 0.031074
2.27388 0.0311897
2.27436 0.031166
2.29349 0.0335203
2.2942 0.0333302
2.29468 0.033039
2.2954 0.0327841
2.29576 0.0325611
2.29635 0.0323659
2.29671 0.0321952
2.29707 0.0321708
2.29731 0.0320245
2.29755 0.0318964
2.29803 0.0319093
2.29851 0.0317957
2.29874 0.0316962
2.29922 0.0317342
2.29946 0.0316424
2.2997 0.0315621
2.29994 0.0314918
2.30018 0.0315554
2.30042 0.0314859
2.30066 0.0314252
2.3009 0.0313721
2.30114 0.0314505
2.30137 0.0313942
2.30161 0.0313449
2.30209 0.0314268
2.30233 0.0313735
2.30269 0.0313268
2.30305 0.0314109
2.3052 0.0314846
2.30568 0.031424
2.3248 0.031371
2.32552 0.0313246
2.326 0.031284
2.32671 0.0312485
2.32707 0.0313425
2.32767 0.0312997
2.32803 0.0313872
2.32839 0.0313388
2.32862 0.0312965
2.32886 0.0312594
2.32934 0.031227
2.32982 0.0311986
2.33006 0.0312988
2.33054 0.0312614
2.33078 0.0312287
2.33102 0.0313252
2.33125 0.0314095
2.33149 0.0313583
2.33173 0.0313135
2.33197 0.0312743
2.33221 0.031365
2.33245 0.0313194
2.33269 0.0312795
2.33305 0.0313696
2.33353 0.0313234
2.33376 0.0312829
2.33424 0.0313726
2.33448 0.031326
2.33675 0.0312852
2.33711 0.0313746
2.35647 0.0314528
2.35719 0.0315212
2.35767 0.031581
2.3585 0.0316334
2.35886 0.0315542
2.35934 0.0316099
2.3597 0.0316587
2.36018 0.0317014
2.36042 0.0317387
2.36066 0.0317714
2.36101 0.0319249
2.36161 0.0319343
2.36185 0.0319425
2.36221 0.0319497
2.36257 0.031956
2.36281 0.0319615
2.36305 0.0319663
2.36329 0.0319705
2.36352 0.0319742
2.36376 0.0319774
2.364 0.0321053
2.36424 0.0320921
2.36448 0.0320806
2.36484 0.0320705
2.36544 0.0320617
2.36568 0.032054
2.36603 0.0321722
2.36639 0.0321507
2.36854 0.0323819
2.36902 0.0324591
2.38827 0.0347767
2.38898 0.0344296
2.38946 0.0341259
2.3903 0.0339852
2.39066 0.033737
2.39113 0.0336449
2.39149 0.0334393
2.39197 0.0332594
2.39221 0.033102
2.39245 0.0329642
2.39281 0.0328437
2.3934 0.0327382
2.39364 0.0326459
2.394 0.0326902
2.39436 0.0326039
2.3946 0.0325284
2.39484 0.0324624
2.39508 0.0324046
2.39532 0.032354
2.39556 0.0323098
2.3958 0.032271
2.39603 0.0322372
2.39627 0.0322075
2.39651 0.0321816
2.39711 0.0322839
2.39759 0.0322484
2.39783 0.0322173
2.3983 0.0321902
2.40034 0.0324164
2.40081 0.0323644
2.4203 0.0346938
2.42101 0.0344821
2.42149 0.0342968
2.42233 0.0341347
2.42269 0.0338679
2.42317 0.0337594
2.42352 0.0335395
2.424 0.033472
2.42424 0.033413
2.42448 0.0332364
2.42484 0.0330819
2.46034 0.0324466
2.47599 0.0337658
2.47671 0.0325451
2.47719 0.0314769
2.47802 0.0306673
2.47838 0.0298339
2.47886 0.0291047
2.47922 0.0284666
2.47982 0.0279083
2.48006 0.0274197
2.4803 0.0269923
2.48077 0.0266182
2.48125 0.0264159
2.48209 0.026239
2.48699 0.0263341
2.48771 0.0265423
2.50241 0.0284745
2.50265 0.0282902
2.50288 0.0280039
2.50312 0.0277534
2.50336 0.0274093
2.5036 0.0271081
2.50384 0.0268446
2.50408 0.026614
2.50432 0.0264123
2.50456 0.0261107
2.50492 0.0258469
2.50539 0.025741
2.50611 0.0255234
2.51125 0.025458
2.51197 0.0252757
2.52655 0.0251163
2.52679 0.0249767
2.52703 0.0249796
2.52727 0.0248572
2.52751 0.02475
2.52775 0.0246563
2.52798 0.0245742
2.52822 0.0245025
2.52846 0.0244397
2.5287 0.0243847
2.52918 0.0244616
2.52966 0.0244039
2.53026 0.0243534
2.53539 0.0243092
2.53599 0.0242706
2.55069 0.0261118
2.55093 0.0258478
2.55117 0.0257418
2.55141 0.0255241
2.55165 0.0253336
2.55189 0.0251669
2.55213 0.025146
2.55237 0.0251278
2.55261 0.0249868
2.55284 0.0248634
2.55332 0.0248805
2.5538 0.0247704
2.5544 0.0247991
2.55966 0.0253242
2.56025 0.0252837
2.57531 0.0271233
2.57555 0.0268578
2.57579 0.0266256
2.57603 0.0264224
2.57627 0.0262446
2.57651 0.026089
2.57675 0.0259529
2.57699 0.0257088
2.57723 0.0256202
2.57747 0.0255427
2.57782 0.0254748
2.5783 0.0254155
2.5789 0.0253635
2.58428 0.0259431
2.58488 0.0258252
2.60017 0.0275971
2.60053 0.0272724
2.60077 0.0269884
2.60101 0.0268648
2.60125 0.0266317
2.60149 0.0264278
2.60173 0.0262493
2.60197 0.0260931
2.60221 0.0260815
2.60245 0.0259463
2.60268 0.025828
2.60304 0.0258495
2.60364 0.0257433
2.60424 0.0257754
2.60974 0.0256785
2.61033 0.0257187
2.62563 0.0256288
2.62599 0.0255502
2.62623 0.0256064
2.62647 0.0255306
2.62671 0.0254643
2.62695 0.0254063
2.62719 0.0254805
2.62742 0.0255454
2.62766 0.0254772
2.6279 0.0254176
2.62814 0.0254904
2.6285 0.0254291
2.6291 0.0255005
2.6297 0.0254379
2.63507 0.0255082
2.63567 0.0254446
2.65097 0.0253891
2.65121 0.0254654
2.65145 0.0254072
2.65169 0.0253563
2.65193 0.0253118
2.65217 0.0253978
2.6524 0.0254731
2.65264 0.025414
2.65288 0.0253622
2.65312 0.0254419
2.65336 0.0255117
2.65384 0.0254477
2.65432 0.0255168
2.65503 0.0255772
2.66041 0.026255
2.66101 0.0262231
2.67667 0.0280703
2.67691 0.0278115
2.67715 0.027585
2.67738 0.0273869
2.67762 0.0272135
2.67786 0.0270618
2.6781 0.0269291
2.67834 0.026813
2.67858 0.0267114
2.67882 0.0266224
2.67906 0.0265446
2.67954 0.0264766
2.68001 0.026542
2.68073 0.0264742
2.68611 0.02704
2.68683 0.02691
2.70272 0.0286712
2.70308 0.0284623
2.70332 0.0282795
2.70356 0.0279946
2.7038 0.0277453
2.70404 0.0276521
2.70428 0.0275706
2.70452 0.0273743
2.70475 0.0272025
2.70499 0.0270522
2.70523 0.0270456
2.70547 0.0269149
2.70595 0.0268006
2.70643 0.0267005
2.70714 0.0267379
2.71264 0.0266457
2.71336 0.02669
2.72926 0.0267287
2.72973 0.0266376
2.72997 0.0265579
2.73021 0.0266132
2.73045 0.0266615
2.73069 0.0265789
2.73093 0.0265065
2.73117 0.0265682
2.73141 0.0266222
2.73165 0.0266694
2.73189 0.0265857
2.73212 0.0266375
2.7326 0.0266828
2.73308 0.0267225
2.7338 0.0266322
2.7393 0.0266781
2.73989 0.0265934
2.75579 0.0265192
2.75615 0.0265793
2.75639 0.0266319
2.75663 0.0265529
2.75686 0.0264838
2.7571 0.0265483
2.75734 0.0266048
2.75758 0.0266542
2.75782 0.0265724
2.75806 0.0266259
2.7583 0.0266726
2.75866 0.0267135
2.75902 0.0267493
2.75949 0.0267807
2.76021 0.0268081
2.76583 0.0274571
2.76643 0.0273999
2.78256 0.02935
2.78292 0.0290562
2.78316 0.0287992
2.7834 0.0285743
2.78364 0.0283775
2.78388 0.0282053
2.78412 0.0280546
2.78435 0.0279228
2.78459 0.0278075
2.78483 0.0277065
2.78507 0.0276182
2.78543 0.0275409
2.78579 0.0274733
2.78627 0.0274142
2.78698 0.0273624
2.7926 0.0279421
2.79332 0.0279493
2.80981 0.0298307
2.81017 0.0296018
2.81041 0.0294016
2.81065 0.0291014
2.81089 0.0288387
2.81113 0.0287339
2.81137 0.0286421
2.81161 0.0284369
2.81184 0.0282573
2.81208 0.0282251
2.81232 0.028197
2.81256 0.0280473
2.81292 0.0279164
2.81328 0.0279269
2.81376 0.027811
2.81447 0.0278346
2.82021 0.0278553
2.82093 0.0277484
2.83754 0.0277798
2.8379 0.0276824
2.83814 0.0277221
2.83838 0.0277568
2.83862 0.0277872
2.83886 0.0276888
2.83909 0.0277277
2.83933 0.0277617
2.83957 0.0277915
2.83981 0.0276926
2.84005 0.027731
2.84029 0.0277646
2.84065 0.0277941
2.84101 0.0278198
2.84149 0.0278423
2.8422 0.027862
2.84794 0.0277543
2.84854 0.027785
2.86527 0.0278119
2.86563 0.0278354
2.86587 0.027731
2.86611 0.0277646
2.86635 0.027794
2.86658 0.0278198
2.86682 0.0277173
2.86706 0.0277526
2.8673 0.0277836
2.86754 0.0278106
2.86778 0.0277093
2.86802 0.0277456
2.8685 0.0277774
2.86874 0.0278052
2.86921 0.0278296
2.86993 0.0278509
2.87579 0.0284945
2.87638 0.0285577
2.89324 0.030613
2.8936 0.0302864
2.89383 0.0300006
2.89407 0.0298755
2.89431 0.0296411
2.89455 0.0294359
2.89479 0.0292564
2.89503 0.0292244
2.89527 0.0290713
2.89551 0.0289374
2.89575 0.0288202
2.89599 0.0287177
2.89646 0.028628
2.8967 0.0285495
2.89718 0.0286058
2.8979 0.0285301
2.90376 0.0292138
2.90447 0.0291871
2.92168 0.0311637
2.92204 0.0308932
2.92228 0.0306566
2.92252 0.0304495
2.92276 0.0301433
2.923 0.0298754
2.92324 0.029766
2.92348 0.0296702
2.92371 0.0294615
2.92395 0.0292788
2.92419 0.0292439
2.92443 0.0292134
2.92479 0.0291868
2.92515 0.0291634
2.92539 0.029143
2.92587 0.0290001
2.92658 0.0290001
2.93256 0.0290001
2.93328 0.0290001
2.95049 0.0290001
2.95085 0.0288751
2.95108 0.0288907
2.95132 0.0289043
2.95156 0.0289163
2.9518 0.0289268
2.95204 0.0289359
2.95228 0.0289439
2.95252 0.0289509
2.95276 0.0289571
2.953 0.0288374
2.95324 0.0288578
2.95359 0.0288755
2.95395 0.0287661
2.95419 0.0287953
2.95467 0.0288209
2.95539 0.0288433
2.96148 0.0288629
2.96208 0.02888
2.97953 0.028895
2.97989 0.0289081
2.98013 0.0289196
2.98037 0.0289297
2.98061 0.0289385
2.98085 0.0289462
2.98108 0.0289529
2.98132 0.0289588
2.98156 0.0289639
2.9818 0.0289684
2.98204 0.0290974
2.98228 0.0290852
2.98276 0.0290746
2.983 0.0290652
2.98336 0.0290571
2.98371 0.0290499
2.98443 0.0291687
2.99053 0.0298976
2.99112 0.0299104
3.00857 0.0319216
3.00893 0.0315564
3.00917 0.0313619
3.00941 0.0310666
3.00965 0.0308083
3.00989 0.0305823
3.01013 0.0305095
3.01037 0.0303208
3.01061 0.0301557
3.01084 0.0300112
3.01108 0.0300098
3.01132 0.0298836
3.0118 0.0297731
3.01204 0.0298015
3.0124 0.0298263
3.01276 0.029723
3.01347 0.0297576
3.01969 0.0304129
3.02041 0.0303613
3.03798 0.0323162
3.03833 0.0320266
3.03857 0.0317733
3.03881 0.0314266
3.03905 0.0312483
3.03929 0.0310923
3.03953 0.0309557
3.03977 0.0307113
3.04001 0.0306224
3.04025 0.0305446
3.04049 0.0304765
3.04072 0.0302919
3.04108 0.0302554
3.04144 0.0302235
3.04168 0.0300706
3.04216 0.0300617
3.04276 0.030054
3.04312 0.0300473
3.04945 0.0300414
3.05017 0.0300362
3.0681 0.0301567
3.06845 0.0301371
3.06869 0.0301199
3.06893 0.030105
3.06917 0.0300918
3.06941 0.0300804
3.06965 0.0300703
3.06989 0.0300615
3.07013 0.0300538
3.07037 0.0300471
3.0706 0.0300412
3.07084 0.0300361
3.0712 0.0300316
3.07156 0.0300276
3.0718 0.0300242
3.07228 0.0300211
3.07288 0.0300185
3.07323 0.0300162
3.07969 0.0300142
3.08029 0.0300124
3.09821 0.0300108
3.09857 0.0300095
3.09881 0.0300083
3.09905 0.0301323
3.09929 0.0301157
3.09953 0.0301013
3.09977 0.0300886
3.10001 0.0302025
3.10025 0.0301772
3.10048 0.0301551
3.10072 0.0301357
3.10096 0.0301187
3.10144 0.0301039
3.10168 0.0300909
3.10204 0.0302045
3.10252 0.030179
3.10311 0.0302816
3.10347 0.0302464
3.10981 0.0302156
3.11029 0.0303136
3.12833 0.0325244
3.12869 0.0322089
3.12893 0.0319328
3.12917 0.0318162
3.12941 0.0315892
3.12965 0.0313905
3.12989 0.0312167
3.13013 0.0311896
3.13036 0.0310409
3.1306 0.0309108
3.13084 0.0307969
3.13108 0.0308223
3.13156 0.0308445
3.1318 0.030739
3.13216 0.0307716
3.13264 0.0306751
3.13323 0.0307158
3.13359 0.0306263
3.14005 0.031423
3.14052 0.0313701
3.15893 0.0334489
3.15929 0.0331427
3.15953 0.0328749
3.15977 0.0326405
3.16001 0.0324355
3.16024 0.032256
3.16048 0.032099
3.16072 0.0319617
3.16096 0.0317164
3.1612 0.0316269
3.16144 0.0315485
3.16168 0.03148
3.16204 0.03142
3.1624 0.0313675
3.16264 0.0313215
3.16311 0.0312813
3.16371 0.0312462
3.16407 0.0312154
3.17064 0.0319385
3.17112 0.0318212
3.18989 0.0339685
3.19036 0.0337225
3.1906 0.0333821
3.19084 0.0330844
3.19108 0.0329488
3.19132 0.0327052
3.19156 0.0324921
3.1918 0.0323056
3.19204 0.0322674
3.19228 0.0322339
3.19252 0.0320797
3.19275 0.0319447
3.19299 0.0318266
3.19335 0.0317233
3.19371 0.0316329
3.19395 0.0315538
3.19443 0.0314846
3.19503 0.031549
3.19538 0.0314804
3.20208 0.0315453
3.20256 0.0314772
3.2212 0.0315425
3.22168 0.0314747
3.22192 0.0314154
3.22216 0.0314884
3.2224 0.0314274
3.22263 0.031374
3.22287 0.0313272
3.22311 0.0314113
3.22335 0.0313599
3.22359 0.0313149
3.22383 0.0312755
3.22407 0.0313661
3.22431 0.0314453
3.22479 0.0313897
3.22502 0.031466
3.22538 0.0315327
3.22586 0.0314661
3.22646 0.0314079
3.22682 0.0313569
3.23339 0.0313123
3.23387 0.0312732
3.25263 0.0312391
3.25299 0.0312092
3.25323 0.031308
3.25347 0.0313945
3.25371 0.0313452
3.25395 0.0313021
3.25419 0.0313893
3.25443 0.0314656
3.25467 0.0314074
3.2549 0.0313565
3.25514 0.0314369
3.25538 0.0315073
3.25574 0.0314439
3.2561 0.0315134
3.25634 0.0315742
3.2567 0.0315025
3.25718 0.0315647
3.25777 0.0316191
3.25813 0.0316667
3.26482 0.0324584
3.2653 0.0324011
3.28443 0.0347259
3.28478 0.0343852
3.28502 0.034212
3.28526 0.0339355
3.2855 0.0336936
3.28574 0.0334819
3.28598 0.0332967
3.28622 0.0331346
3.28646 0.0329927
3.2867 0.0328687
3.28694 0.0327601
3.28718 0.0326651
3.28741 0.0325819
3.28789 0.0325092
3.28813 0.0324455
3.28837 0.0323898
3.28885 0.0323411
3.28945 0.0322985
3.2898 0.0322612
3.29662 0.0329785
3.2971 0.0329812
3.31646 0.0352336
3.31694 0.0348294
3.31717 0.0346007
3.31741 0.0342756
3.31765 0.0339912
3.31789 0.0337423
3.31813 0.0336495
3.31837 0.0335683
3.31861 0.0333723
3.31885 0.0332007
3.31909 0.0331756
3.31933 0.0331537
3.31957 0.0330095
3.3198 0.0328833
3.32016 0.0328979
3.3204 0.0327856
3.32064 0.0326874
3.32112 0.0327265
3.32172 0.0326357
3.32208 0.0326812
3.32889 0.0325961
3.32937 0.0325216
3.34873 0.0324564
3.34921 0.0325243
3.34945 0.0324588
3.34968 0.0324014
3.34992 0.0323513
3.35016 0.0324323
3.3504 0.0323783
3.35064 0.032331
3.35088 0.0322896
3.35112 0.0323784
3.35136 0.0323311
3.3516 0.0322897
3.35184 0.0322535
3.35207 0.0323468
3.35231 0.0323035
3.35255 0.0322655
3.35279 0.0322323
3.35339 0.0322033
3.35363 0.0321779
3.35387 0.0320307
3.35781 0.0316518
3.35829 0.0313203
3.37765 0.0310303
3.37813 0.0307765
3.37837 0.0305544
3.37861 0.0303601
3.37885 0.0301901
3.37909 0.0300414
3.37933 0.0299112
3.37956 0.0297973
3.3798 0.0296976
3.38004 0.0297354
3.38028 0.0296435
3.38052 0.0295631
3.38076 0.0294927
3.381 0.0294311
3.38124 0.0293772
3.38148 0.0293301
3.38172 0.0292888
3.38231 0.0293777
3.38255 0.0293305
3.38279 0.0292892
3.38662 0.029753
3.38709 0.0297839
3.40203 0.0315609
3.40251 0.0307408
3.40275 0.0298982
3.40299 0.0291609
3.40323 0.0286408
3.40347 0.0281857
3.40371 0.0276625
3.40395 0.0272047
3.40419 0.0269291
3.40442 0.026688
3.40466 0.026352
3.4049 0.026058
3.40514 0.0259257
3.40538 0.02581
3.40562 0.0257088
3.40586 0.0254952
3.4061 0.0254333
3.4067 0.0253791
3.40693 0.0252067
3.40717 0.0251809
3.411 0.0255333
3.41148 0.0254666
3.42546 0.0270333
3.4257 0.0265291
3.42594 0.026088
3.42618 0.025827
3.42642 0.0255986
3.42666 0.0252738
3.42689 0.0249896
3.42713 0.0248659
3.42737 0.0247576
3.42761 0.0245379
3.42785 0.0243457
3.42809 0.0243025
3.42833 0.0242647
3.42857 0.0241066
3.42881 0.0239683
3.42905 0.0239722
3.42928 0.0239757
3.42952 0.0238537
3.42976 0.023747
3.43 0.0237786
3.43024 0.0236813
3.43383 0.0235961
3.43407 0.0235216
3.44745 0.0233314
3.44769 0.023165
3.44793 0.0230194
3.44817 0.0228919
3.44841 0.0227805
3.44865 0.0226829
3.44889 0.0225975
3.44912 0.0225228
3.44936 0.0224575
3.4496 0.0224003
3.44984 0.0223503
3.45008 0.0223065
3.45032 0.0222682
3.45056 0.0222346
3.4508 0.0222053
3.45104 0.0221797
3.45128 0.0221572
3.45152 0.0221375
3.45175 0.0221204
3.45199 0.0219803
3.45223 0.0219828
3.45582 0.0219849
3.45606 0.0219868
3.46956 0.0219885
3.4698 0.0219899
3.47004 0.0221162
3.47028 0.0221016
3.47052 0.0220889
3.47076 0.0220778
3.471 0.0220681
3.47124 0.0220596
3.47148 0.0220521
3.47171 0.0220456
3.47195 0.0220399
3.47219 0.0220349
3.47243 0.0220306
3.47267 0.0220267
3.47291 0.0220234
3.47315 0.0221455
3.47339 0.0221273
3.47363 0.0221114
3.47387 0.0220975
3.4741 0.0222103
3.47446 0.022309
3.47793 0.0226454
3.47817 0.0226897
3.49203 0.0243535
3.49227 0.0241843
3.49251 0.0240363
3.49275 0.0237817
3.49299 0.023559
3.49323 0.0234891
3.49347 0.023428
3.49371 0.0233745
3.49394 0.0232027
3.49418 0.0231773
3.49442 0.0231552
3.49466 0.0231358
3.4949 0.0229938
3.49514 0.0229946
3.49538 0.0229953
3.49562 0.0229958
3.49586 0.0228714
3.4961 0.0228874
3.49634 0.0229015
3.49657 0.0229138
3.49693 0.0227996
3.5004 0.0231996
3.50064 0.0231747
3.5145 0.0247779
3.51486 0.0244306
3.5151 0.0242518
3.51534 0.0240953
3.51558 0.0239584
3.51582 0.0238386
3.51606 0.0237338
3.5163 0.0236421
3.51653 0.0235618
3.51677 0.0234916
3.51701 0.0234301
3.51725 0.0233764
3.51749 0.0233293
3.51773 0.0232881
3.51797 0.0231271
3.51821 0.0231112
3.51845 0.0230973
3.51869 0.0230852
3.51892 0.0229495
3.51916 0.0229558
3.5194 0.0229614
3.51976 0.0229662
3.52323 0.0229704
3.52347 0.0229741
3.53733 0.0229773
3.53781 0.0229802
3.53805 0.0229827
3.53829 0.0229848
3.53853 0.0229867
3.53876 0.0229884
3.539 0.0229898
3.53924 0.0229911
3.53948 0.0229922
3.53972 0.0229932
3.53996 0.022869
3.5402 0.0228854
3.54044 0.0228997
3.54068 0.0229123
3.54092 0.0229232
3.54116 0.0229328
3.54139 0.0229412
3.54163 0.0229486
3.54187 0.022955
3.54211 0.0229606
3.54235 0.0229655
3.54271 0.0229699
3.54629 0.0229736
3.54653 0.0229769
3.56064 0.0229798
3.561 0.0229823
3.56123 0.0229845
3.56147 0.0229865
3.56171 0.0229882
3.56195 0.0229896
3.56219 0.0229909
3.56243 0.0229921
3.56267 0.0229931
3.56291 0.0229939
3.56315 0.0231197
3.56339 0.0231047
3.56362 0.0230916
3.56386 0.0230802
3.5641 0.0231952
3.56434 0.0231708
3.56458 0.0231494
3.56482 0.0231307
3.56506 0.0232394
3.5653 0.0233345
3.56554 0.0232927
3.56602 0.0233811
3.56948 0.0238334
3.56972 0.0237293
3.58406 0.0255131
3.58442 0.025324
3.58466 0.0251585
3.5849 0.0248887
3.58514 0.0247776
3.58538 0.0246804
3.58562 0.0245953
3.58586 0.0243959
3.58609 0.0243464
3.58633 0.0243031
3.58657 0.0242652
3.58681 0.0241071
3.58705 0.0240937
3.58729 0.024082
3.58753 0.0240717
3.58777 0.0239378
3.58801 0.0239455
3.58825 0.0239524
3.58849 0.0239583
3.58872 0.0238385
3.58896 0.0237337
3.58956 0.023767
3.59291 0.0240461
3.59315 0.0240403
3.60749 0.0257853
3.60785 0.0254371
3.60809 0.0252575
3.60833 0.0251003
3.60856 0.0249628
3.6088 0.0247174
3.60904 0.0246277
3.60928 0.0245493
3.60952 0.0244806
3.60976 0.0242955
3.61 0.0241336
3.61024 0.0241169
3.61048 0.0241023
3.61072 0.0239645
3.61095 0.0238439
3.61119 0.0238634
3.61143 0.0238805
3.61167 0.0237704
3.61191 0.0236741
3.61215 0.0237149
3.61239 0.0237505
3.61287 0.0237817
3.61335 0.023809
3.61669 0.0238329
3.61693 0.0237288
3.63115 0.0237627
3.63151 0.0237923
3.63175 0.0236933
3.63199 0.0236066
3.63223 0.0236558
3.63247 0.0236988
3.63271 0.0236115
3.63295 0.023535
3.63319 0.0235932
3.63342 0.023644
3.63366 0.0236885
3.6339 0.0236024
3.63414 0.0236521
3.63438 0.0236956
3.63462 0.0237337
3.63486 0.023642
3.6351 0.0236867
3.63534 0.0237259
3.63558 0.0237601
3.63582 0.0236651
3.63605 0.023707
3.63653 0.0237436
3.63701 0.0237757
3.64048 0.0238037
3.64072 0.0238282
3.65506 0.0238497
3.65542 0.0238685
3.65566 0.0238849
3.65589 0.0238993
3.65613 0.0239119
3.65637 0.0239229
3.65661 0.0239325
3.65685 0.023941
3.65709 0.0239484
3.65733 0.0239548
3.65757 0.0239605
3.65781 0.0239654
3.65805 0.0239697
3.65828 0.0239735
3.65852 0.0239768
3.65876 0.0239797
3.659 0.0239823
3.65924 0.0239845
3.65948 0.0239864
3.65972 0.0239881
3.65996 0.0238646
3.66032 0.0238815
3.66079 0.0238963
3.66426 0.0242843
3.6645 0.0242488
3.67908 0.0260927
3.67944 0.0258311
3.67968 0.0256022
3.67992 0.0254019
3.68016 0.0253517
3.6804 0.0251827
3.68064 0.0250349
3.68087 0.0249055
3.68111 0.0249173
3.68135 0.0248027
3.68159 0.0247023
3.68183 0.0246145
3.68207 0.0246627
3.68231 0.0245799
3.68255 0.0245074
3.68279 0.024444
3.68303 0.0245135
3.68326 0.0244493
3.6835 0.0243931
3.68374 0.024344
3.68398 0.024301
3.68434 0.0243884
3.68482 0.0243398
3.68828 0.0247973
3.68864 0.0246977
3.70346 0.0264855
3.70382 0.0261748
3.70406 0.0260279
3.7043 0.0258994
3.70454 0.025787
3.70478 0.0255636
3.70502 0.0254932
3.70526 0.0254315
3.7055 0.0253776
3.70573 0.0252054
3.70597 0.0250547
3.70621 0.0250479
3.70645 0.0250419
3.70669 0.0249117
3.70693 0.0247977
3.70717 0.024823
3.70741 0.0248451
3.70765 0.0247395
3.70789 0.024647
3.70812 0.0246912
3.70836 0.0247298
3.70872 0.0247635
3.7092 0.0247931
3.71267 0.025194
3.71314 0.0251697
3.71338 0.0251485
3.7282 0.0251299
3.72856 0.0251137
3.7288 0.0249745
3.72904 0.0249777
3.72928 0.0249805
3.72952 0.0249829
3.72976 0.02486
3.73 0.0247525
3.73024 0.0247835
3.73047 0.0248105
3.73071 0.0248342
3.73095 0.0247299
3.73119 0.0247637
3.73143 0.0247932
3.73167 0.0248191
3.73191 0.0247167
3.73215 0.0247521
3.73239 0.0247831
3.73263 0.0248102
3.73287 0.0247089
3.7331 0.0247453
3.73346 0.0247771
3.73394 0.02468
3.73741 0.02472
3.738 0.024755
3.73824 0.0247856
3.75306 0.0248124
3.75342 0.0248359
3.75366 0.0248564
3.7539 0.0247493
3.75414 0.0247807
3.75438 0.0248081
3.75462 0.0248321
3.75486 0.0248531
3.7551 0.0248714
3.75534 0.0248875
3.75557 0.0249016
3.75581 0.0249139
3.75605 0.0249246
3.75629 0.0249341
3.75653 0.0249423
3.75677 0.0249495
3.75701 0.0249558
3.75725 0.0249613
3.75749 0.0249662
3.75773 0.0249704
3.75796 0.0248491
3.75832 0.024868
3.7588 0.0248845
3.76227 0.0248989
3.76275 0.0247865
3.7631 0.0248132
3.77816 0.0267116
3.77852 0.0264976
3.77876 0.0263104
3.779 0.0261466
3.77924 0.0261283
3.77948 0.0259873
3.77972 0.0258638
3.77996 0.0257559
3.7802 0.0257864
3.78043 0.0256881
3.78067 0.0256021
3.78091 0.0255268
3.78115 0.025586
3.78139 0.0255127
3.78163 0.0254486
3.78187 0.0253925
3.78211 0.0254685
3.78235 0.0254099
3.78259 0.0253587
3.78282 0.0253138
3.78306 0.0253996
3.78342 0.0254747
3.7839 0.0254153
3.78749 0.0258634
3.78796 0.0257555
3.78832 0.025786
3.80362 0.0275628
3.80398 0.0272424
3.80422 0.0270871
3.80446 0.0269512
3.8047 0.0268323
3.80494 0.0266033
3.80517 0.0265279
3.80541 0.0264619
3.80565 0.0264042
3.80589 0.0262286
3.80613 0.0262001
3.80637 0.0261751
3.80661 0.0261532
3.80685 0.026009
3.80709 0.0260079
3.80733 0.0260069
3.80757 0.026006
3.8078 0.0258803
3.80804 0.0258953
3.80828 0.0259083
3.80852 0.0259198
3.80888 0.0258048
3.80936 0.0258292
3.81294 0.0262256
3.81342 0.0261974
3.81378 0.0261727
3.82896 0.0279011
3.82944 0.0276635
3.82968 0.0274555
3.82992 0.0271486
3.83015 0.027005
3.83039 0.0268794
3.83063 0.0267695
3.83087 0.0265483
3.83111 0.0264797
3.83135 0.0264198
3.83159 0.0263673
3.83183 0.0261964
3.83207 0.0261718
3.83231 0.0261504
3.83254 0.0261316
3.83278 0.0259901
3.83302 0.0259914
3.83326 0.0259924
3.8335 0.0259934
3.83374 0.0258692
3.83398 0.0257606
3.83422 0.0257905
3.83458 0.0258167
3.83505 0.0258396
3.83864 0.0258596
3.83924 0.0258772
3.8396 0.0258925
3.85478 0.025906
3.85525 0.0259177
3.85549 0.025928
3.85573 0.025937
3.85597 0.0258199
3.85621 0.0258424
3.85645 0.0258621
3.85669 0.0258793
3.85693 0.0257694
3.85717 0.0257982
3.85741 0.0258235
3.85764 0.0258455
3.85788 0.0257398
3.85812 0.0257724
3.85836 0.0258008
3.8586 0.0258257
3.85884 0.0257225
3.85908 0.0257572
3.85932 0.0257875
3.85956 0.0258141
3.8598 0.0258373
3.86003 0.0258577
3.86039 0.0258755
3.86087 0.025766
3.86446 0.0257953
3.86505 0.0258209
3.86541 0.0258433
3.88083 0.0258628
3.88119 0.02588
3.88143 0.025895
3.88167 0.0259081
3.88191 0.0259196
3.88215 0.0260546
3.88238 0.0260478
3.88262 0.0260418
3.88286 0.0260366
3.8831 0.026157
3.88334 0.0261374
3.88358 0.0261202
3.88382 0.0261052
3.88406 0.026217
3.8843 0.0261899
3.88454 0.0261662
3.88478 0.0261454
3.88501 0.0262522
3.88525 0.0262207
3.88549 0.0261931
3.88573 0.026169
3.88597 0.0261479
3.88645 0.0261294
3.88681 0.0261132
3.89039 0.026599
3.89111 0.0266492
3.89147 0.026568
3.90713 0.028497
3.90748 0.0283099
3.90772 0.0280212
3.90796 0.0277685
3.9082 0.0276724
3.90844 0.0275884
3.90868 0.0273898
3.90892 0.0272161
3.90916 0.0271891
3.9094 0.0271655
3.90964 0.0270198
3.90987 0.0268923
3.91011 0.0269058
3.91035 0.0269175
3.91059 0.0268029
3.91083 0.0267025
3.91107 0.0267397
3.91131 0.0267722
3.91155 0.0266757
3.91179 0.0265912
3.91203 0.0266423
3.91226 0.026687
3.91274 0.0267262
3.9131 0.0267604
3.91669 0.0271653
3.9174 0.0271447
3.91776 0.0270016
3.93342 0.0288764
3.9339 0.0285168
3.93414 0.0283272
3.93438 0.0281613
3.93462 0.0280162
3.93485 0.0277641
3.93509 0.0276686
3.93533 0.027585
3.93557 0.0275119
3.93581 0.0273229
3.93605 0.0272826
3.93629 0.0272472
3.93653 0.0272163
3.93677 0.0270643
3.93701 0.0270563
3.93724 0.0270492
3.93748 0.0270431
3.93772 0.0269127
3.93796 0.0267986
3.9382 0.0268238
3.93844 0.0268458
3.93868 0.0267401
3.93892 0.0266476
3.9394 0.0266916
3.93975 0.0266052
3.94334 0.0266545
3.94406 0.0266977
3.94442 0.0267355
3.96019 0.0267686
3.96067 0.0267975
3.96091 0.0266978
3.96115 0.0267356
3.96139 0.0267686
3.96163 0.0267975
3.96187 0.0266979
3.9621 0.0267356
3.96234 0.0267687
3.96258 0.0267976
3.96282 0.0266979
3.96306 0.0267356
3.9633 0.0267687
3.96354 0.0267976
3.96378 0.0266979
3.96402 0.0267357
3.96426 0.0267687
3.9645 0.0267976
3.96473 0.0268229
3.96497 0.02672
3.96521 0.026755
3.96545 0.0267857
3.96569 0.0268125
3.96617 0.0268359
3.96653 0.0268564
3.97011 0.0268744
3.97083 0.0267651
3.97119 0.0267944
3.9872 0.0268201
3.98756 0.0268426
3.9878 0.0268623
3.98804 0.0268795
3.98828 0.0268946
3.98852 0.0269077
3.98876 0.0269193
3.989 0.0268044
3.98924 0.0268288
3.98947 0.0268502
3.98971 0.0268689
3.98995 0.0268853
3.99019 0.0268997
3.99043 0.0269122
3.99067 0.0269232
3.99091 0.0269328
3.99115 0.0269412
3.99139 0.0269485
3.99163 0.026955
3.99187 0.0269606
3.9921 0.0270905
3.99234 0.0270792
3.9927 0.0270693
3.99306 0.0271856
3.99342 0.0271624
3.99712 0.0276421
3.99784 0.0275619
3.9982 0.0276166
4.01457 0.0295396
4.01493 0.0292221
4.01517 0.0290693
4.01541 0.0289357
4.01565 0.0286937
4.01589 0.028482
4.01613 0.0284217
4.01637 0.028369
4.01661 0.0283229
4.01684 0.0281575
4.01708 0.0281378
4.01732 0.0281206
4.01756 0.0281055
4.0178 0.0279673
4.01804 0.0279714
4.01828 0.027975
4.01852 0.0279781
4.01876 0.0278559
4.019 0.0277489
4.01924 0.0277803
4.01947 0.0278077
4.01983 0.0277068
4.02019 0.0277434
4.02055 0.0277755
4.02091 0.0276786
4.02449 0.0280937
4.02521 0.028082
4.02557 0.0280718
4.0374 0.0294378
4.03788 0.0286331
4.03812 0.0280539
4.03836 0.0274222
4.0386 0.0268694
4.03884 0.0263857
4.03908 0.0260875
4.03931 0.0257016
4.03955 0.0253639
4.03979 0.0250684
4.04003 0.0249348
4.04027 0.024693
4.04051 0.0244814
4.04075 0.0242962
4.04099 0.0241342
4.04123 0.0239924
4.04147 0.0238683
4.04159 0.0237598
