0.0 0
0.00801856 4294967295
0.0162706 4294967295
0.0174658 4294967295
0.018661 4294967295
0.0198562 4294967295
0.0210514 4294967295
0.0245182 4294967295
0.0257134 4294967295
0.026311 4294967295
0.0277453 4294967295
0.029299 4294967295
0.0298966 4294967295
0.0313309 4294967295
0.0328846 4294967295
0.0333627 4294967295
0.0349165 4294967295
0.0356336 4294967295
0.0362312 4294967295
0.0383826 4294967295
0.0400558 4294967295
0.0405339 4294967295
0.0413706 4294967295
0.0436414 4294967295
0.044 4294967295
0.0456733 4294967295
0.0461514 4294967295
0.046749 4294967295
0.0492589 4294967295
0.0498565 4294967295
0.0503346 4294967295
0.0509322 4294967295
0.0542787 4294967295
0.0546373 4294967295
0.0564301 4294967295
0.0569082 4294967295
0.0575058 4294967295
0.058701 4294967295
0.0615694 4294967295
0.061928 4294967295
0.0624061 4294967295
0.065155 4294967295
0.0656331 4294967295
0.0659917 4294967295
0.0665893 4294967295
0.0671869 4294967295
0.0707725 4294967295
0.0712506 4294967295
0.0717286 4294967295
0.0720872 4294967295
0.0726848 4294967295
0.0732824 4294967295
0.0778242 4294967295
0.0780632 4294967295
0.0785413 4294967295
0.0815293 4294967295
0.0820074 4294967295
0.0822464 4294967295
0.083083 4294967295
0.0845173 4294967295
0.0851149 4294967295
0.088581 4294967295
0.089059 4294967295
0.0894176 4294967295
0.0898957 4294967295
0.0937203 4294967295
0.0943179 4294967295
0.094796 4294967295
0.0952741 4294967295
0.0955131 4294967295
0.0963498 4294967295
0.0968278 4294967295
0.097545 4294967295
0.103043 4294967295
0.103642 57600
0.103642 57600
0.17858 57600
0.179416 57600
0.180253 57600
0.189099 28080
0.189099 28080
0.213957 28080
0.214196 28080
0.214555 28080
0.215272 28080
0.215631 28080
0.216109 28080
0.217424 28080
0.22077 28080
0.229017 28080
0.229495 28080
0.229973 28080
0.23069 28080
0.231049 28080
0.231407 28080
0.232124 28080
0.232364 28080
0.232961 28080
0.234276 28080
0.243359 28080
0.243837 28080
0.244435 28080
0.245033 28080
0.245391 28080
0.245869 28080
0.246467 28080
0.246706 28080
0.247304 28080
0.248618 28080
0.257343 28080
0.257821 28080
0.258419 28080
0.258897 28080
0.259375 28080
0.259853 28080
0.260331 28080
0.26069 28080
0.261287 28080
0.262722 28080
0.271566 28080
0.272044 28080
0.272642 28080
0.27312 28080
0.273598 28080
0.273956 28080
0.274674 28080
0.275032 28080
0.27563 28080
0.276944 28080
0.286148 28080
0.286626 28080
0.287223 28080
0.287701 28080
0.288299 28080
0.288538 28080
0.289375 28080
0.289733 28080
0.290331 28080
0.291645 28080
0.300848 28080
0.301327 28080
0.301924 28080
0.302402 28080
0.30288 28080
0.303239 28080
0.303717 28080
0.304315 28080
0.304793 28080
0.30539 28080
0.306824 28080
0.316147 28080
0.316625 28080
0.317223 28080
0.317701 28080
0.318059 28080
0.318537 28080
0.318896 28080
0.319494 28080
0.319972 28080
0.320569 28080
0.322004 28080
0.331565 28080
0.332043 28080
0.332641 28080
0.333119 28080
0.333597 28080
0.333956 28080
0.334314 28080
0.334912 28080
0.33539 28080
0.336107 28080
0.337422 28080
0.347342 28080
0.34782 28080
0.348417 28080
0.348896 28080
0.349493 28080
0.349732 28080
0.35021 28080
0.350808 28080
0.351286 28080
0.352003 28080
0.353318 28080
0.363238 28080
0.363716 28080
0.364314 28080
0.364792 28080
0.36527 28080
0.365628 28080
0.366106 28080
0.366584 28080
0.367063 28080
0.367421 28080
0.368138 28080
0.369692 28080
0.379612 28080
0.38009 28080
0.380688 28080
0.381166 28080
0.381524 28080
0.382003 28080
0.382361 28080
0.382839 28080
0.383317 28080
0.383676 28080
0.384393 28080
0.386066 28080
0.396106 28080
0.396584 28080
0.397182 28080
0.39766 28080
0.398138 28080
0.398496 28080
0.398974 28080
0.399452 28080
0.399811 28080
0.400289 28080
0.400887 28080
0.40268 28080
0.412958 28080
0.413436 28080
0.414034 28080
0.414512 28080
0.41511 28080
0.415349 28080
0.415946 28080
0.416424 28080
0.416783 28080
0.417261 28080
0.417859 28080
0.419651 28080
0.43005 28080
0.430528 28080
0.431125 28080
0.431603 28080
0.432081 28080
0.43244 28080
0.432918 28080
0.433396 28080
0.433874 28080
0.434233 28080
0.43483 28080
0.435308 28080
0.436982 28080
0.447619 28080
0.448217 28080
0.448814 28080
0.449292 28080
0.449651 28080
0.450129 28080
0.450488 28080
0.450966 28080
0.451444 28080
0.451802 28080
0.4524 28080
0.452878 28080
0.454671 28080
0.465188 28080
0.465786 28080
0.466384 28080
0.466862 28080
0.46734 28080
0.467698 28080
0.468176 28080
0.468655 28080
0.469013 28080
0.469491 28080
0.470089 28080
0.470447 28080
0.47224 28080
0.482997 28080
0.483714 28080
0.484312 28080
0.48479 28080
0.485387 28080
0.485626 28080
0.486224 28080
0.486702 28080
0.487061 28080
0.487539 28080
0.488136 28080
0.488495 28080
0.490168 28080
0.501284 28080
0.502001 28080
0.502598 28080
0.503076 28080
0.503554 28080
0.503913 28080
0.504391 28080
0.504869 28080
0.505347 28080
0.505706 28080
0.506303 28080
0.506781 28080
0.508335 28080
0.51969 28080
0.520407 28080
0.520885 28080
0.521363 28080
0.521841 28080
0.522319 28080
0.522797 28080
0.523156 28080
0.523634 28080
0.524112 28080
0.52447 28080
0.525068 28080
0.525546 28080
0.527219 28080
0.538454 28080
0.539171 28080
0.539649 28080
0.540128 28080
0.540606 28080
0.541203 28080
0.541562 28080
0.54204 28080
0.542518 28080
0.542876 28080
0.543355 28080
0.543952 28080
0.544311 28080
0.545984 28080
0.557458 28080
0.558175 28080
0.558653 28080
0.559131 28080
0.55949 28080
0.560207 28080
0.560446 28080
0.561163 28080
0.561761 28080
0.562119 28080
0.562597 28080
0.563195 28080
0.563553 28080
0.565227 28080
0.57682 28080
0.577537 28080
0.578015 28080
0.578493 28080
0.578972 28080
0.579689 28080
0.579928 28080
0.580645 28080
0.581123 28080
0.581601 28080
0.58196 28080
0.582557 28080
0.583035 28080
0.584589 28080
0.596302 28080
0.597019 28080
0.597497 28080
0.597975 28080
0.598453 28080
0.598692 28080
0.599409 28080
0.599648 28080
0.600366 28080
0.600844 28080
0.601322 28080
0.6018 28080
0.602397 28080
0.602876 28080
0.604549 28080
0.616381 28080
0.617098 28080
0.617576 28080
0.618055 28080
0.618413 28080
0.618772 28080
0.619369 28080
0.619728 28080
0.620325 28080
0.620804 28080
0.621282 28080
0.62176 28080
0.622357 28080
0.622835 28080
0.624509 28080
0.63658 28080
0.637297 28080
0.637775 28080
0.638253 28080
0.638612 28080
0.638971 28080
0.639568 28080
0.639807 28080
0.640524 28080
0.641002 28080
0.64148 28080
0.641959 28080
0.642676 28080
0.643034 28080
0.644708 28080
0.657138 28080
0.657855 28080
0.658333 28080
0.658811 28080
0.659289 28080
0.659528 28080
0.660245 28080
0.660484 28080
0.661201 28080
0.661679 28080
0.662157 28080
0.662636 28080
0.663353 28080
0.663831 28080
0.665384 28080
0.677815 28080
0.678532 28080
0.67901 28080
0.679488 28080
0.679966 28080
0.680205 28080
0.680922 28080
0.681161 28080
0.681878 28080
0.682117 28080
0.682595 28080
0.683073 28080
0.683552 28080
0.684269 28080
0.684866 28080
0.68654 28080
0.699089 28080
0.699806 28080
0.700284 28080
0.700762 28080
0.701121 28080
0.70136 28080
0.702077 28080
0.702316 28080
0.703033 28080
0.703272 28080
0.70375 28080
0.704228 28080
0.704707 28080
0.705424 28080
0.706021 28080
0.707695 28080
0.720483 28080
0.7212 28080
0.721678 28080
0.722156 28080
0.722515 28080
0.722754 28080
0.723471 28080
0.72371 28080
0.724427 28080
0.724786 28080
0.725264 28080
0.725623 28080
0.726101 28080
0.726818 28080
0.727296 28080
0.729089 28080
0.742116 28080
0.742833 28080
0.743312 28080
0.74379 28080
0.744268 28080
0.744507 28080
0.745224 28080
0.745463 28080
0.74618 28080
0.746539 28080
0.747017 28080
0.747375 28080
0.747853 28080
0.74857 28080
0.749048 28080
0.750961 28080
0.764108 28080
0.764825 28080
0.765303 28080
0.765781 28080
0.766259 28080
0.766498 28080
0.767216 28080
0.767455 28080
0.768172 28080
0.768411 28080
0.768889 28080
0.769367 28080
0.769725 28080
0.770084 28080
0.770801 28080
0.771279 28080
0.773311 28080
0.786458 28080
0.787175 28080
0.787653 28080
0.788132 28080
0.78849 28080
0.788729 28080
0.789446 28080
0.789685 28080
0.790402 28080
0.790641 28080
0.79112 28080
0.791598 28080
0.791956 28080
0.792315 28080
0.793032 28080
0.79351 28080
0.795542 28080
0.808808 28080
0.809526 28080
0.810004 28080
0.810482 28080
0.81084 28080
0.811079 28080
0.811796 28080
0.812036 28080
0.812753 28080
0.813111 28080
0.813589 28080
0.813948 28080
0.814426 28080
0.814784 28080
0.815502 28080
0.81586 28080
0.817772 28080
0.831517 28080
0.832234 28080
0.832712 28080
0.833191 28080
0.833669 28080
0.833908 28080
0.834625 28080
0.834864 28080
0.835581 28080
0.83594 28080
0.836418 28080
0.836776 28080
0.837254 28080
0.837613 28080
0.83833 28080
0.838688 28080
0.840481 28080
0.854585 28080
0.855302 28080
0.85578 28080
0.856258 28080
0.856736 28080
0.856975 28080
0.857692 28080
0.857931 28080
0.858648 28080
0.858887 28080
0.859365 28080
0.859844 28080
0.860202 28080
0.860561 28080
0.861278 28080
0.861756 28080
0.863429 28080
0.863907 28080
0.87825 28080
0.878967 28080
0.879445 28080
0.879923 28080
0.880281 28080
0.88052 28080
0.881238 28080
0.881477 28080
0.882194 28080
0.882433 28080
0.882911 28080
0.883389 28080
0.883748 28080
0.884106 28080
0.884823 28080
0.885301 28080
0.887094 28080
0.887572 28080
0.901795 28080
0.902512 28080
0.90299 28080
0.903468 28080
0.903827 28080
0.904066 28080
0.904783 28080
0.905022 28080
0.905739 28080
0.906098 28080
0.906576 28080
0.906934 28080
0.907412 28080
0.907771 28080
0.908488 28080
0.908847 28080
0.910759 28080
0.911118 28080
0.925819 28080
0.926416 28080
0.926894 28080
0.927372 28080
0.92785 28080
0.928089 28080
0.928807 28080
0.929046 28080
0.929763 28080
0.930121 28080
0.930599 28080
0.930958 28080
0.931436 28080
0.931795 28080
0.932512 28080
0.93287 28080
0.934663 28080
0.935022 28080
0.950081 28080
0.950679 28080
0.951157 28080
0.951635 28080
0.952113 28080
0.952352 28080
0.953069 28080
0.953308 28080
0.954025 28080
0.954264 28080
0.954742 28080
0.95522 28080
0.955579 28080
0.955938 28080
0.956655 28080
0.957133 28080
0.958806 28080
0.959284 28080
0.974344 28080
0.975061 28080
0.975539 28080
0.976017 28080
0.976376 28080
0.976734 28080
0.976973 28080
0.97769 28080
0.978049 28080
0.978766 28080
0.979005 28080
0.979483 28080
0.979961 28080
0.98032 28080
0.980678 28080
0.981395 28080
0.981873 28080
0.983666 28080
0.984144 28080
0.999204 28080
0.999921 28080
1.0004 28080
1.00088 28080
1.00124 28080
1.00159 28080
1.00183 28080
1.00255 28080
1.00279 28080
1.00351 28080
1.00387 28080
1.00434 28080
1.0047 28080
1.00518 28080
1.00554 28080
1.00626 28080
1.00661 28080
1.00853 28080
1.00888 28080
1.02418 28080
1.0249 28080
1.02538 28080
1.02598 28080
1.02633 28080
1.02669 28080
1.02693 28080
1.02765 28080
1.02789 28080
1.02861 28080
1.02896 28080
1.02956 28080
1.02992 28080
1.0304 28080
1.03076 28080
1.03147 28080
1.03183 28080
1.03363 28080
1.03398 28080
1.04952 28080
1.05024 28080
1.05072 28080
1.05131 28080
1.05167 28080
1.05203 28080
1.05227 28080
1.05299 28080
1.05323 28080
1.05394 28080
1.0543 28080
1.0549 28080
1.05538 28080
1.05574 28080
1.0561 28080
1.05681 28080
1.05729 28080
1.05896 28080
1.05944 28080
1.07498 28080
1.0757 28080
1.07617 28080
1.07677 28080
1.07713 28080
1.07749 28080
1.07773 28080
1.07809 28080
1.0788 28080
1.07904 28080
1.07976 28080
1.08012 28080
1.08072 28080
1.08119 28080
1.08167 28080
1.08203 28080
1.08275 28080
1.08323 28080
1.08502 28080
1.0855 28080
1.10103 28080
1.10175 28080
1.10223 28080
1.10271 28080
1.10319 28080
1.10343 28080
1.10366 28080
1.10414 28080
1.10486 28080
1.1051 28080
1.10582 28080
1.10617 28080
1.10677 28080
1.10725 28080
1.10773 28080
1.10809 28080
1.1088 28080
1.10916 28080
1.11107 28080
1.11143 28080
1.12721 28080
1.12793 28080
1.1284 28080
1.12888 28080
1.12936 28080
1.1296 28080
1.12984 28080
1.13032 28080
1.13103 28080
1.13127 28080
1.13199 28080
1.13235 28080
1.13295 28080
1.13342 28080
1.1339 28080
1.13426 28080
1.1351 28080
1.13546 28080
1.13737 28080
1.13773 28080
1.15374 28080
1.15446 28080
1.15494 28080
1.15554 28080
1.15589 28080
1.15625 28080
1.15649 28080
1.15685 28080
1.15769 28080
1.15793 28080
1.15852 28080
1.159 28080
1.1596 28080
1.16008 28080
1.16056 28080
1.16091 28080
1.16175 28080
1.16223 28080
1.1639 28080
1.16438 28080
1.1804 28080
1.18111 28080
1.18159 28080
1.18219 28080
1.18255 28080
1.18291 28080
1.18315 28080
1.1835 28080
1.18434 28080
1.18458 28080
1.18518 28080
1.18554 28080
1.18589 28080
1.18649 28080
1.18697 28080
1.18745 28080
1.18781 28080
1.18864 28080
1.18924 28080
1.19103 28080
1.19151 28080
1.20765 28080
1.20836 28080
1.20884 28080
1.20932 28080
1.2098 28080
1.21004 28080
1.21028 28080
1.21075 28080
1.21147 28080
1.21171 28080
1.21243 28080
1.21267 28080
1.21303 28080
1.21362 28080
1.2141 28080
1.21458 28080
1.21494 28080
1.21577 28080
1.21637 28080
1.21816 28080
1.21864 28080
1.23502 28080
1.23573 28080
1.23621 28080
1.23669 28080
1.23717 28080
1.23741 28080
1.23765 28080
1.23812 28080
1.23884 28080
1.23908 28080
1.2398 28080
1.24004 28080
1.24051 28080
1.24099 28080
1.24147 28080
1.24195 28080
1.24231 28080
1.24314 28080
1.24374 28080
1.24553 28080
1.24601 28080
1.26275 28080
1.26346 28080
1.26394 28080
1.26454 28080
1.2649 28080
1.26526 28080
1.26549 28080
1.26585 28080
1.26669 28080
1.26693 28080
1.26765 28080
1.26788 28080
1.26836 28080
1.26884 28080
1.26932 28080
1.2698 28080
1.27016 28080
1.27099 28080
1.27159 28080
1.27338 28080
1.27386 28080
1.29059 28080
1.29131 28080
1.29179 28080
1.29239 28080
1.29274 28080
1.2931 28080
1.29334 28080
1.2937 28080
1.29454 28080
1.29478 28080
1.29549 28080
1.29573 28080
1.29609 28080
1.29657 28080
1.29705 28080
1.29741 28080
1.29788 28080
1.29824 28080
1.29908 28080
1.29968 28080
1.30171 28080
1.30219 28080
1.31892 28080
1.31964 28080
1.32012 28080
1.32059 28080
1.32107 28080
1.32131 28080
1.32155 28080
1.32203 28080
1.32274 28080
1.32298 28080
1.3237 28080
1.32394 28080
1.3243 28080
1.32478 28080
1.32525 28080
1.32561 28080
1.32609 28080
1.32645 28080
1.32729 28080
1.32788 28080
1.32992 28080
1.33051 28080
1.34737 28080
1.34808 28080
1.34856 28080
1.34904 28080
1.34952 28080
1.34976 28080
1.35 28080
1.35047 28080
1.35119 28080
1.35143 28080
1.35215 28080
1.35239 28080
1.35286 28080
1.35334 28080
1.35382 28080
1.35418 28080
1.35454 28080
1.35501 28080
1.35573 28080
1.35633 28080
1.35848 28080
1.35908 28080
1.37617 28080
1.37689 28080
1.37737 28080
1.37796 28080
1.37832 28080
1.37868 28080
1.37892 28080
1.37928 28080
1.38011 28080
1.38035 28080
1.38107 28080
1.38131 28080
1.38179 28080
1.38227 28080
1.38274 28080
1.3831 28080
1.38346 28080
1.38394 28080
1.38466 28080
1.38525 28080
1.3874 28080
1.388 28080
1.40521 28080
1.40593 28080
1.40641 28080
1.40701 28080
1.40736 28080
1.40772 28080
1.40796 28080
1.40832 28080
1.40916 28080
1.4094 28080
1.41011 28080
1.41035 28080
1.41071 28080
1.41119 28080
1.41167 28080
1.41203 28080
1.4125 28080
1.41286 28080
1.41358 28080
1.41418 28080
1.41466 28080
1.41669 28080
1.4174 28080
1.43485 28080
1.43557 28080
1.43605 28080
1.43653 28080
1.43701 28080
1.43724 28080
1.43748 28080
1.43796 28080
1.43868 28080
1.43892 28080
1.43964 28080
1.43987 28080
1.44023 28080
1.44071 28080
1.44119 28080
1.44155 28080
1.44203 28080
1.44238 28080
1.4431 28080
1.4437 28080
1.44418 28080
1.44633 28080
1.44705 28080
1.46438 28080
1.46509 28080
1.46557 28080
1.46605 28080
1.46653 28080
1.46677 28080
1.46701 28080
1.46748 28080
1.4682 28080
1.46844 28080
1.46916 28080
1.4694 28080
1.46987 28080
1.47035 28080
1.47083 28080
1.47119 28080
1.47155 28080
1.47202 28080
1.47274 28080
1.47334 28080
1.4737 28080
1.47597 28080
1.47645 28080
1.49426 28080
1.49497 28080
1.49545 28080
1.49605 28080
1.49641 28080
1.49677 28080
1.497 28080
1.49736 28080
1.4982 28080
1.49844 28080
1.49916 28080
1.4994 28080
1.49987 28080
1.50035 28080
1.50083 28080
1.50119 28080
1.50155 28080
1.50202 28080
1.50274 28080
1.50334 28080
1.5037 28080
1.50585 28080
1.50633 28080
1.52449 28080
1.52521 28080
1.52569 28080
1.52629 28080
1.52665 28080
1.527 28080
1.52724 28080
1.5276 28080
1.52844 28080
1.52868 28080
1.52939 28080
1.52963 28080
1.52999 28080
1.53047 28080
1.53095 28080
1.53131 28080
1.53178 28080
1.53214 28080
1.53286 28080
1.53346 28080
1.53394 28080
1.53597 28080
1.53645 28080
1.55485 28080
1.55533 28080
1.55605 28080
1.55653 28080
1.557 28080
1.55748 28080
1.55772 28080
1.55796 28080
1.55844 28080
1.55916 28080
1.55939 28080
1.56011 28080
1.56035 28080
1.56071 28080
1.56119 28080
1.56166 28080
1.56202 28080
1.5625 28080
1.56286 28080
1.56358 28080
1.56417 28080
1.56465 28080
1.5668 28080
1.56728 28080
1.58557 28080
1.58605 28080
1.58676 28080
1.58724 28080
1.58772 28080
1.5882 28080
1.58844 28080
1.58868 28080
1.58915 28080
1.58987 28080
1.59011 28080
1.59083 28080
1.59107 28080
1.59154 28080
1.59202 28080
1.5925 28080
1.59286 28080
1.59322 28080
1.5937 28080
1.59441 28080
1.59501 28080
1.59537 28080
1.59764 28080
1.598 28080
1.61652 28080
1.61712 28080
1.61784 28080
1.6182 28080
1.6188 28080
1.61915 28080
1.61951 28080
1.61975 28080
1.62011 28080
1.62107 28080
1.62131 28080
1.62202 28080
1.62226 28080
1.62274 28080
1.62322 28080
1.6237 28080
1.62405 28080
1.62441 28080
1.62489 28080
1.62561 28080
1.62621 28080
1.62656 28080
1.62872 28080
1.62919 28080
1.64784 28080
1.64844 28080
1.64915 28080
1.64951 28080
1.65011 28080
1.65047 28080
1.65083 28080
1.65107 28080
1.65142 28080
1.65238 28080
1.65274 28080
1.65346 28080
1.6537 28080
1.65405 28080
1.65453 28080
1.65501 28080
1.65537 28080
1.65585 28080
1.65621 28080
1.65692 28080
1.65752 28080
1.658 28080
1.66003 28080
1.66051 28080
1.67927 28080
1.67987 28080
1.68071 28080
1.68107 28080
1.68166 28080
1.68202 28080
1.68238 28080
1.68262 28080
1.68286 28080
1.68334 28080
1.68417 28080
1.68453 28080
1.68525 28080
1.68549 28080
1.68585 28080
1.68644 28080
1.68692 28080
1.68728 28080
1.68776 28080
1.68812 28080
1.68883 28080
1.68943 28080
1.68991 28080
1.69206 28080
1.69254 28080
1.7113 28080
1.7119 28080
1.71274 28080
1.7131 28080
1.71369 28080
1.71405 28080
1.71441 28080
1.71465 28080
1.71489 28080
1.71537 28080
1.7162 28080
1.71656 28080
1.71728 28080
1.71752 28080
1.71788 28080
1.71848 28080
1.71895 28080
1.71931 28080
1.71967 28080
1.72015 28080
1.72087 28080
1.72146 28080
1.72182 28080
1.72409 28080
1.72445 28080
1.74334 28080
1.74393 28080
1.74477 28080
1.74513 28080
1.74573 28080
1.74608 28080
1.74656 28080
1.7468 28080
1.74704 28080
1.7474 28080
1.74824 28080
1.74859 28080
1.74931 28080
1.74955 28080
1.74991 28080
1.75051 28080
1.7511 28080
1.75146 28080
1.7517 28080
1.75218 28080
1.7529 28080
1.75349 28080
1.75385 28080
1.756 28080
1.75648 28080
1.77489 28080
1.77549 28080
1.77632 28080
1.77668 28080
1.77728 28080
1.77764 28080
1.77812 28080
1.77835 28080
1.77859 28080
1.77895 28080
1.77955 28080
1.77979 28080
1.78027 28080
1.78051 28080
1.78075 28080
1.78098 28080
1.78122 28080
1.78146 28080
1.7817 28080
1.78194 28080
1.78218 28080
1.78266 28080
1.78302 28080
1.78505 28080
1.78553 28080
1.80357 28080
1.80417 28080
1.80501 28080
1.80537 28080
1.80596 28080
1.80632 28080
1.8068 28080
1.80704 28080
1.80728 28080
1.80764 28080
1.80823 28080
1.80847 28080
1.80883 28080
1.80919 28080
1.80943 28080
1.80967 28080
1.80991 28080
1.81015 28080
1.81039 28080
1.81063 28080
1.81086 28080
1.8111 28080
1.8117 28080
1.81218 28080
1.81409 28080
1.81433 28080
1.8307 28080
1.8313 28080
1.83214 28080
1.8325 28080
1.83309 28080
1.83345 28080
1.83381 28080
1.83405 28080
1.83429 28080
1.83477 28080
1.83525 28080
1.83549 28080
1.83596 28080
1.8362 28080
1.83644 28080
1.83668 28080
1.83692 28080
1.83716 28080
1.8374 28080
1.83764 28080
1.83788 28080
1.83811 28080
1.83847 28080
1.83907 28080
1.84098 28080
1.84122 28080
1.85748 28080
1.85807 28080
1.85891 28080
1.85927 28080
1.85987 28080
1.86023 28080
1.86058 28080
1.86082 28080
1.86106 28080
1.86154 28080
1.86202 28080
1.86226 28080
1.86274 28080
1.86297 28080
1.86321 28080
1.86345 28080
1.86369 28080
1.86393 28080
1.86417 28080
1.86441 28080
1.86465 28080
1.86501 28080
1.86537 28080
1.86584 28080
1.86776 28080
1.86799 28080
1.88461 28080
1.88521 28080
1.88604 28080
1.8864 28080
1.887 28080
1.88736 28080
1.88784 28080
1.88807 28080
1.88831 28080
1.88867 28080
1.88927 28080
1.88951 28080
1.88987 28080
1.89023 28080
1.89046 28080
1.8907 28080
1.89094 28080
1.89118 28080
1.89142 28080
1.89166 28080
1.8919 28080
1.89214 28080
1.89262 28080
1.89297 28080
1.89501 28080
1.89536 28080
1.91186 28080
1.91246 28080
1.91329 28080
1.91365 28080
1.91425 28080
1.91461 28080
1.91509 28080
1.91532 28080
1.91556 28080
1.91592 28080
1.91652 28080
1.91676 28080
1.91712 28080
1.91748 28080
1.91772 28080
1.91795 28080
1.91819 28080
1.91843 28080
1.91867 28080
1.91891 28080
1.91915 28080
1.91939 28080
1.91963 28080
1.92011 28080
1.92046 28080
1.9225 28080
1.92273 28080
1.93947 28080
1.94007 28080
1.9409 28080
1.94126 28080
1.94186 28080
1.94222 28080
1.94258 28080
1.94281 28080
1.94305 28080
1.94353 28080
1.94401 28080
1.94425 28080
1.94473 28080
1.94497 28080
1.9452 28080
1.94544 28080
1.94568 28080
1.94592 28080
1.94616 28080
1.9464 28080
1.94664 28080
1.94688 28080
1.94724 28080
1.9476 28080
1.94807 28080
1.9501 28080
1.95046 28080
1.96744 28080
1.96803 28080
1.96887 28080
1.96923 28080
1.96983 28080
1.97018 28080
1.97054 28080
1.97078 28080
1.97102 28080
1.9715 28080
1.97198 28080
1.97222 28080
1.97269 28080
1.97293 28080
1.97317 28080
1.97341 28080
1.97365 28080
1.97389 28080
1.97413 28080
1.97437 28080
1.97461 28080
1.97485 28080
1.97532 28080
1.97556 28080
1.97604 28080
1.97819 28080
1.97843 28080
1.99576 28080
1.99636 28080
1.9972 28080
1.99755 28080
1.99815 28080
1.99851 28080
1.99899 28080
1.99923 28080
1.99947 28080
1.99983 28080
2.00042 28080
2.00066 28080
2.00102 28080
2.00138 28080
2.00162 28080
2.00186 28080
2.0021 28080
2.00234 28080
2.00257 28080
2.00281 28080
2.00305 28080
2.00329 28080
2.00365 28080
2.00401 28080
2.00437 28080
2.00652 28080
2.007 28080
2.02421 28080
2.0248 28080
2.02564 28080
2.026 28080
2.0266 28080
2.02696 28080
2.02743 28080
2.02767 28080
2.02791 28080
2.02827 28080
2.02887 28080
2.02911 28080
2.02947 28080
2.02982 28080
2.03006 28080
2.0303 28080
2.03054 28080
2.03078 28080
2.03102 28080
2.03126 28080
2.0315 28080
2.03174 28080
2.03198 28080
2.03233 28080
2.03269 28080
2.03305 28080
2.0352 28080
2.03556 28080
2.05301 28080
2.05361 28080
2.05445 28080
2.0548 28080
2.0554 28080
2.05576 28080
2.05612 28080
2.05636 28080
2.0566 28080
2.05708 28080
2.05755 28080
2.05779 28080
2.05827 28080
2.05851 28080
2.05875 28080
2.05899 28080
2.05923 28080
2.05947 28080
2.0597 28080
2.05994 28080
2.06018 28080
2.06042 28080
2.06066 28080
2.06114 28080
2.06138 28080
2.06186 28080
2.06401 28080
2.06449 28080
2.08206 28080
2.08265 28080
2.08349 28080
2.08385 28080
2.08445 28080
2.0848 28080
2.08516 28080
2.0854 28080
2.08564 28080
2.08612 28080
2.0866 28080
2.08684 28080
2.08731 28080
2.08755 28080
2.08779 28080
2.08803 28080
2.08827 28080
2.08851 28080
2.08875 28080
2.08899 28080
2.08923 28080
2.08947 28080
2.08982 28080
2.09018 28080
2.09042 28080
2.0909 28080
2.09305 28080
2.09353 28080
2.11146 28080
2.11205 28080
2.11289 28080
2.11325 28080
2.11385 28080
2.11421 28080
2.11468 28080
2.11492 28080
2.11516 28080
2.11552 28080
2.11612 28080
2.11636 28080
2.11672 28080
2.11707 28080
2.11731 28080
2.11755 28080
2.11779 28080
2.11803 28080
2.11827 28080
2.11851 28080
2.11875 28080
2.11899 28080
2.11923 28080
2.1197 28080
2.11994 28080
2.1203 28080
2.12245 28080
2.12293 28080
2.14098 28080
2.14158 28080
2.14241 28080
2.14277 28080
2.14337 28080
2.14373 28080
2.14421 28080
2.14444 28080
2.14468 28080
2.14504 28080
2.14564 28080
2.14588 28080
2.14624 28080
2.1466 28080
2.14683 28080
2.14707 28080
2.14731 28080
2.14755 28080
2.14779 28080
2.14803 28080
2.14827 28080
2.14851 28080
2.14875 28080
2.14911 28080
2.14946 28080
2.1497 28080
2.15018 28080
2.15221 28080
2.15269 28080
2.1711 28080
2.1717 28080
2.17253 28080
2.17289 28080
2.17349 28080
2.17385 28080
2.1742 28080
2.17444 28080
2.17468 28080
2.17516 28080
2.17564 28080
2.17588 28080
2.17636 28080
2.1766 28080
2.17683 28080
2.17707 28080
2.17731 28080
2.17755 28080
2.17779 28080
2.17803 28080
2.17827 28080
2.17851 28080
2.17875 28080
2.17922 28080
2.17946 28080
2.17982 28080
2.1803 28080
2.18233 28080
2.18281 28080
2.20134 28080
2.20193 28080
2.20277 28080
2.20313 28080
2.20373 28080
2.20408 28080
2.20444 28080
2.20468 28080
2.20492 28080
2.2054 28080
2.20588 28080
2.20612 28080
2.20659 28080
2.20683 28080
2.20707 28080
2.20731 28080
2.20755 28080
2.20779 28080
2.20803 28080
2.20827 28080
2.20851 28080
2.20875 28080
2.2091 28080
2.20946 28080
2.2097 28080
2.21018 28080
2.21054 28080
2.21269 28080
2.21305 28080
2.23193 28080
2.23253 28080
2.23337 28080
2.23373 28080
2.23432 28080
2.23468 28080
2.23516 28080
2.2354 28080
2.23564 28080
2.236 28080
2.23659 28080
2.23683 28080
2.23719 28080
2.23755 28080
2.23779 28080
2.23803 28080
2.23827 28080
2.23851 28080
2.23875 28080
2.23898 28080
2.23922 28080
2.23946 28080
2.2397 28080
2.24018 28080
2.24042 28080
2.24078 28080
2.24114 28080
2.24329 28080
2.24377 28080
2.26265 28080
2.26325 28080
2.26408 28080
2.26444 28080
2.26504 28080
2.2654 28080
2.26588 28080
2.26612 28080
2.26635 28080
2.26671 28080
2.26731 28080
2.26755 28080
2.26791 28080
2.26827 28080
2.26851 28080
2.26875 28080
2.26898 28080
2.26922 28080
2.26946 28080
2.2697 28080
2.26994 28080
2.27018 28080
2.27042 28080
2.27078 28080
2.27114 28080
2.27137 28080
2.27185 28080
2.27388 28080
2.27436 28080
2.29349 28080
2.2942 28080
2.29468 28080
2.2954 28080
2.29576 28080
2.29635 28080
2.29671 28080
2.29707 28080
2.29731 28080
2.29755 28080
2.29803 28080
2.29851 28080
2.29874 28080
2.29922 28080
2.29946 28080
2.2997 28080
2.29994 28080
2.30018 28080
2.30042 28080
2.30066 28080
2.3009 28080
2.30114 28080
2.30137 28080
2.30161 28080
2.30209 28080
2.30233 28080
2.30269 28080
2.30305 28080
2.3052 28080
2.30568 28080
2.3248 28080
2.32552 28080
2.326 28080
2.32671 28080
2.32707 28080
2.32767 28080
2.32803 28080
2.32839 28080
2.32862 28080
2.32886 28080
2.32934 28080
2.32982 28080
2.33006 28080
2.33054 28080
2.33078 28080
2.33102 28080
2.33125 28080
2.33149 28080
2.33173 28080
2.33197 28080
2.33221 28080
2.33245 28080
2.33269 28080
2.33305 28080
2.33353 28080
2.33376 28080
2.33424 28080
2.33448 28080
2.33675 28080
2.33711 28080
2.35647 28080
2.35719 28080
2.35767 28080
2.3585 28080
2.35886 28080
2.35934 28080
2.3597 28080
2.36018 28080
2.36042 28080
2.36066 28080
2.36101 28080
2.36161 28080
2.36185 28080
2.36221 28080
2.36257 28080
2.36281 28080
2.36305 28080
2.36329 28080
2.36352 28080
2.36376 28080
2.364 28080
2.36424 28080
2.36448 28080
2.36484 28080
2.36544 28080
2.36568 28080
2.36603 28080
2.36639 28080
2.36854 28080
2.36902 28080
2.38827 28080
2.38898 28080
2.38946 28080
2.3903 28080
2.39066 28080
2.39113 28080
2.39149 28080
2.39197 28080
2.39221 28080
2.39245 28080
2.39281 28080
2.3934 28080
2.39364 28080
2.394 28080
2.39436 28080
2.3946 28080
2.39484 28080
2.39508 28080
2.39532 28080
2.39556 28080
2.3958 28080
2.39603 28080
2.39627 28080
2.39651 28080
2.39711 28080
2.39759 28080
2.39783 28080
2.3983 28080
2.40034 28080
2.40081 28080
2.4203 28080
2.42101 28080
2.42149 28080
2.42233 28080
2.42269 28080
2.42317 28080
2.42352 28080
2.424 28080
2.42424 28080
2.42448 28080
2.42484 28080
2.42556 43200
2.42556 43200
2.45986 43200
2.46034 43200
2.47599 43200
2.47671 43200
2.47719 43200
2.47802 43200
2.47838 43200
2.47886 43200
2.47922 43200
2.47982 43200
2.48006 43200
2.4803 43200
2.48077 43200
2.48125 43200
2.48209 43200
2.48699 43200
2.48771 43200
2.50241 43200
2.50265 43200
2.50288 43200
2.50312 43200
2.50336 43200
2.5036 43200
2.50384 43200
2.50408 43200
2.50432 43200
2.50456 43200
2.50492 43200
2.50539 43200
2.50611 43200
2.51125 43200
2.51197 43200
2.52655 43200
2.52679 43200
2.52703 43200
2.52727 43200
2.52751 43200
2.52775 43200
2.52798 43200
2.52822 43200
2.52846 43200
2.5287 43200
2.52918 43200
2.52966 43200
2.53026 43200
2.53539 43200
2.53599 43200
2.55069 43200
2.55093 43200
2.55117 43200
2.55141 43200
2.55165 43200
2.55189 43200
2.55213 43200
2.55237 43200
2.55261 43200
2.55284 43200
2.55332 43200
2.5538 43200
2.5544 43200
2.55966 43200
2.56025 43200
2.57531 43200
2.57555 43200
2.57579 43200
2.57603 43200
2.57627 43200
2.57651 43200
2.57675 43200
2.57699 43200
2.57723 43200
2.57747 43200
2.57782 43200
2.5783 43200
2.5789 43200
2.58428 43200
2.58488 43200
2.60017 43200
2.60053 43200
2.60077 43200
2.60101 43200
2.60125 43200
2.60149 43200
2.60173 43200
2.60197 43200
2.60221 43200
2.60245 43200
2.60268 43200
2.60304 43200
2.60364 43200
2.60424 43200
2.60974 43200
2.61033 43200
2.62563 43200
2.62599 43200
2.62623 43200
2.62647 43200
2.62671 43200
2.62695 43200
2.62719 43200
2.62742 43200
2.62766 43200
2.6279 43200
2.62814 43200
2.6285 43200
2.6291 43200
2.6297 43200
2.63507 43200
2.63567 43200
2.65097 43200
2.65121 43200
2.65145 43200
2.65169 43200
2.65193 43200
2.65217 43200
2.6524 43200
2.65264 43200
2.65288 43200
2.65312 43200
2.65336 43200
2.65384 43200
2.65432 43200
2.65503 43200
2.66041 43200
2.66101 43200
2.67667 43200
2.67691 43200
2.67715 43200
2.67738 43200
2.67762 43200
2.67786 43200
2.6781 43200
2.67834 43200
2.67858 43200
2.67882 43200
2.67906 43200
2.67954 43200
2.68001 43200
2.68073 43200
2.68611 43200
2.68683 43200
2.70272 43200
2.70308 43200
2.70332 43200
2.70356 43200
2.7038 43200
2.70404 43200
2.70428 43200
2.70452 43200
2.70475 43200
2.70499 43200
2.70523 43200
2.70547 43200
2.70595 43200
2.70643 43200
2.70714 43200
2.71264 43200
2.71336 43200
2.72926 43200
2.72973 43200
2.72997 43200
2.73021 43200
2.73045 43200
2.73069 43200
2.73093 43200
2.73117 43200
2.73141 43200
2.73165 43200
2.73189 43200
2.73212 43200
2.7326 43200
2.73308 43200
2.7338 43200
2.7393 43200
2.73989 43200
2.75579 43200
2.75615 43200
2.75639 43200
2.75663 43200
2.75686 43200
2.7571 43200
2.75734 43200
2.75758 43200
2.75782 43200
2.75806 43200
2.7583 43200
2.75866 43200
2.75902 43200
2.75949 43200
2.76021 43200
2.76583 43200
2.76643 43200
2.78256 43200
2.78292 43200
2.78316 43200
2.7834 43200
2.78364 43200
2.78388 43200
2.78412 43200
2.78435 43200
2.78459 43200
2.78483 43200
2.78507 43200
2.78543 43200
2.78579 43200
2.78627 43200
2.78698 43200
2.7926 43200
2.79332 43200
2.80981 43200
2.81017 43200
2.81041 43200
2.81065 43200
2.81089 43200
2.81113 43200
2.81137 43200
2.81161 43200
2.81184 43200
2.81208 43200
2.81232 43200
2.81256 43200
2.81292 43200
2.81328 43200
2.81376 43200
2.81447 43200
2.82021 43200
2.82093 43200
2.83754 43200
2.8379 43200
2.83814 43200
2.83838 43200
2.83862 43200
2.83886 43200
2.83909 43200
2.83933 43200
2.83957 43200
2.83981 43200
2.84005 43200
2.84029 43200
2.84065 43200
2.84101 43200
2.84149 43200
2.8422 43200
2.84794 43200
2.84854 43200
2.86527 43200
2.86563 43200
2.86587 43200
2.86611 43200
2.86635 43200
2.86658 43200
2.86682 43200
2.86706 43200
2.8673 43200
2.86754 43200
2.86778 43200
2.86802 43200
2.8685 43200
2.86874 43200
2.86921 43200
2.86993 43200
2.87579 43200
2.87638 43200
2.89324 43200
2.8936 43200
2.89383 43200
2.89407 43200
2.89431 43200
2.89455 43200
2.89479 43200
2.89503 43200
2.89527 43200
2.89551 43200
2.89575 43200
2.89599 43200
2.89646 43200
2.8967 43200
2.89718 43200
2.8979 43200
2.90376 43200
2.90447 43200
2.92168 43200
2.92204 43200
2.92228 43200
2.92252 43200
2.92276 43200
2.923 43200
2.92324 43200
2.92348 43200
2.92371 43200
2.92395 43200
2.92419 43200
2.92443 43200
2.92479 43200
2.92515 43200
2.92539 43200
2.92587 43200
2.92658 43200
2.93256 43200
2.93328 43200
2.95049 43200
2.95085 43200
2.95108 43200
2.95132 43200
2.95156 43200
2.9518 43200
2.95204 43200
2.95228 43200
2.95252 43200
2.95276 43200
2.953 43200
2.95324 43200
2.95359 43200
2.95395 43200
2.95419 43200
2.95467 43200
2.95539 43200
2.96148 43200
2.96208 43200
2.97953 43200
2.97989 43200
2.98013 43200
2.98037 43200
2.98061 43200
2.98085 43200
2.98108 43200
2.98132 43200
2.98156 43200
2.9818 43200
2.98204 43200
2.98228 43200
2.98276 43200
2.983 43200
2.98336 43200
2.98371 43200
2.98443 43200
2.99053 43200
2.99112 43200
3.00857 43200
3.00893 43200
3.00917 43200
3.00941 43200
3.00965 43200
3.00989 43200
3.01013 43200
3.01037 43200
3.01061 43200
3.01084 43200
3.01108 43200
3.01132 43200
3.0118 43200
3.01204 43200
3.0124 43200
3.01276 43200
3.01347 43200
3.01969 43200
3.02041 43200
3.03798 43200
3.03833 43200
3.03857 43200
3.03881 43200
3.03905 43200
3.03929 43200
3.03953 43200
3.03977 43200
3.04001 43200
3.04025 43200
3.04049 43200
3.04072 43200
3.04108 43200
3.04144 43200
3.04168 43200
3.04216 43200
3.04276 43200
3.04312 43200
3.04945 43200
3.05017 43200
3.0681 43200
3.06845 43200
3.06869 43200
3.06893 43200
3.06917 43200
3.06941 43200
3.06965 43200
3.06989 43200
3.07013 43200
3.07037 43200
3.0706 43200
3.07084 43200
3.0712 43200
3.07156 43200
3.0718 43200
3.07228 43200
3.07288 43200
3.07323 43200
3.07969 43200
3.08029 43200
3.09821 43200
3.09857 43200
3.09881 43200
3.09905 43200
3.09929 43200
3.09953 43200
3.09977 43200
3.10001 43200
3.10025 43200
3.10048 43200
3.10072 43200
3.10096 43200
3.10144 43200
3.10168 43200
3.10204 43200
3.10252 43200
3.10311 43200
3.10347 43200
3.10981 43200
3.11029 43200
3.12833 43200
3.12869 43200
3.12893 43200
3.12917 43200
3.12941 43200
3.12965 43200
3.12989 43200
3.13013 43200
3.13036 43200
3.1306 43200
3.13084 43200
3.13108 43200
3.13156 43200
3.1318 43200
3.13216 43200
3.13264 43200
3.13323 43200
3.13359 43200
3.14005 43200
3.14052 43200
3.15893 43200
3.15929 43200
3.15953 43200
3.15977 43200
3.16001 43200
3.16024 43200
3.16048 43200
3.16072 43200
3.16096 43200
3.1612 43200
3.16144 43200
3.16168 43200
3.16204 43200
3.1624 43200
3.16264 43200
3.16311 43200
3.16371 43200
3.16407 43200
3.17064 43200
3.17112 43200
3.18989 43200
3.19036 43200
3.1906 43200
3.19084 43200
3.19108 43200
3.19132 43200
3.19156 43200
3.1918 43200
3.19204 43200
3.19228 43200
3.19252 43200
3.19275 43200
3.19299 43200
3.19335 43200
3.19371 43200
3.19395 43200
3.19443 43200
3.19503 43200
3.19538 43200
3.20208 43200
3.20256 43200
3.2212 43200
3.22168 43200
3.22192 43200
3.22216 43200
3.2224 43200
3.22263 43200
3.22287 43200
3.22311 43200
3.22335 43200
3.22359 43200
3.22383 43200
3.22407 43200
3.22431 43200
3.22479 43200
3.22502 43200
3.22538 43200
3.22586 43200
3.22646 43200
3.22682 43200
3.23339 43200
3.23387 43200
3.25263 43200
3.25299 43200
3.25323 43200
3.25347 43200
3.25371 43200
3.25395 43200
3.25419 43200
3.25443 43200
3.25467 43200
3.2549 43200
3.25514 43200
3.25538 43200
3.25574 43200
3.2561 43200
3.25634 43200
3.2567 43200
3.25718 43200
3.25777 43200
3.25813 43200
3.26482 43200
3.2653 43200
3.28443 43200
3.28478 43200
3.28502 43200
3.28526 43200
3.2855 43200
3.28574 43200
3.28598 43200
3.28622 43200
3.28646 43200
3.2867 43200
3.28694 43200
3.28718 43200
3.28741 43200
3.28789 43200
3.28813 43200
3.28837 43200
3.28885 43200
3.28945 43200
3.2898 43200
3.29662 43200
3.2971 43200
3.31646 43200
3.31694 43200
3.31717 43200
3.31741 43200
3.31765 43200
3.31789 43200
3.31813 43200
3.31837 43200
3.31861 43200
3.31885 43200
3.31909 43200
3.31933 43200
3.31957 43200
3.3198 43200
3.32016 43200
3.3204 43200
3.32064 43200
3.32112 43200
3.32172 43200
3.32208 43200
3.32889 43200
3.32937 43200
3.34873 43200
3.34921 43200
3.34945 43200
3.34968 43200
3.34992 43200
3.35016 43200
3.3504 43200
3.35064 43200
3.35088 43200
3.35112 43200
3.35136 43200
3.3516 43200
3.35184 43200
3.35207 43200
3.35231 43200
3.35255 43200
3.35279 43200
3.35339 43200
3.35363 43200
3.35387 43200
3.35781 43200
3.35829 43200
3.37765 43200
3.37813 43200
3.37837 43200
3.37861 43200
3.37885 43200
3.37909 43200
3.37933 43200
3.37956 43200
3.3798 43200
3.38004 43200
3.38028 43200
3.38052 43200
3.38076 43200
3.381 43200
3.38124 43200
3.38148 43200
3.38172 43200
3.38231 43200
3.38255 43200
3.38279 43200
3.38662 43200
3.38709 43200
3.40203 43200
3.40251 43200
3.40275 43200
3.40299 43200
3.40323 43200
3.40347 43200
3.40371 43200
3.40395 43200
3.40419 43200
3.40442 43200
3.40466 43200
3.4049 43200
3.40514 43200
3.40538 43200
3.40562 43200
3.40586 43200
3.4061 43200
3.4067 43200
3.40693 43200
3.40717 43200
3.411 43200
3.41148 43200
3.42546 43200
3.4257 43200
3.42594 43200
3.42618 43200
3.42642 43200
3.42666 43200
3.42689 43200
3.42713 43200
3.42737 43200
3.42761 43200
3.42785 43200
3.42809 43200
3.42833 43200
3.42857 43200
3.42881 43200
3.42905 43200
3.42928 43200
3.42952 43200
3.42976 43200
3.43 43200
3.43024 43200
3.43383 43200
3.43407 43200
3.44745 43200
3.44769 43200
3.44793 43200
3.44817 43200
3.44841 43200
3.44865 43200
3.44889 43200
3.44912 43200
3.44936 43200
3.4496 43200
3.44984 43200
3.45008 43200
3.45032 43200
3.45056 43200
3.4508 43200
3.45104 43200
3.45128 43200
3.45152 43200
3.45175 43200
3.45199 43200
3.45223 43200
3.45582 43200
3.45606 43200
3.46956 43200
3.4698 43200
3.47004 43200
3.47028 43200
3.47052 43200
3.47076 43200
3.471 43200
3.47124 43200
3.47148 43200
3.47171 43200
3.47195 43200
3.47219 43200
3.47243 43200
3.47267 43200
3.47291 43200
3.47315 43200
3.47339 43200
3.47363 43200
3.47387 43200
3.4741 43200
3.47446 43200
3.47793 43200
3.47817 43200
3.49203 43200
3.49227 43200
3.49251 43200
3.49275 43200
3.49299 43200
3.49323 43200
3.49347 43200
3.49371 43200
3.49394 43200
3.49418 43200
3.49442 43200
3.49466 43200
3.4949 43200
3.49514 43200
3.49538 43200
3.49562 43200
3.49586 43200
3.4961 43200
3.49634 43200
3.49657 43200
3.49693 43200
3.5004 43200
3.50064 43200
3.5145 43200
3.51486 43200
3.5151 43200
3.51534 43200
3.51558 43200
3.51582 43200
3.51606 43200
3.5163 43200
3.51653 43200
3.51677 43200
3.51701 43200
3.51725 43200
3.51749 43200
3.51773 43200
3.51797 43200
3.51821 43200
3.51845 43200
3.51869 43200
3.51892 43200
3.51916 43200
3.5194 43200
3.51976 43200
3.52323 43200
3.52347 43200
3.53733 43200
3.53781 43200
3.53805 43200
3.53829 43200
3.53853 43200
3.53876 43200
3.539 43200
3.53924 43200
3.53948 43200
3.53972 43200
3.53996 43200
3.5402 43200
3.54044 43200
3.54068 43200
3.54092 43200
3.54116 43200
3.54139 43200
3.54163 43200
3.54187 43200
3.54211 43200
3.54235 43200
3.54271 43200
3.54629 43200
3.54653 43200
3.56064 43200
3.561 43200
3.56123 43200
3.56147 43200
3.56171 43200
3.56195 43200
3.56219 43200
3.56243 43200
3.56267 43200
3.56291 43200
3.56315 43200
3.56339 43200
3.56362 43200
3.56386 43200
3.5641 43200
3.56434 43200
3.56458 43200
3.56482 43200
3.56506 43200
3.5653 43200
3.56554 43200
3.56602 43200
3.56948 43200
3.56972 43200
3.58406 43200
3.58442 43200
3.58466 43200
3.5849 43200
3.58514 43200
3.58538 43200
3.58562 43200
3.58586 43200
3.58609 43200
3.58633 43200
3.58657 43200
3.58681 43200
3.58705 43200
3.58729 43200
3.58753 43200
3.58777 43200
3.58801 43200
3.58825 43200
3.58849 43200
3.58872 43200
3.58896 43200
3.58956 43200
3.59291 43200
3.59315 43200
3.60749 43200
3.60785 43200
3.60809 43200
3.60833 43200
3.60856 43200
3.6088 43200
3.60904 43200
3.60928 43200
3.60952 43200
3.60976 43200
3.61 43200
3.61024 43200
3.61048 43200
3.61072 43200
3.61095 43200
3.61119 43200
3.61143 43200
3.61167 43200
3.61191 43200
3.61215 43200
3.61239 43200
3.61287 43200
3.61335 43200
3.61669 43200
3.61693 43200
3.63115 43200
3.63151 43200
3.63175 43200
3.63199 43200
3.63223 43200
3.63247 43200
3.63271 43200
3.63295 43200
3.63319 43200
3.63342 43200
3.63366 43200
3.6339 43200
3.63414 43200
3.63438 43200
3.63462 43200
3.63486 43200
3.6351 43200
3.63534 43200
3.63558 43200
3.63582 43200
3.63605 43200
3.63653 43200
3.63701 43200
3.64048 43200
3.64072 43200
3.65506 43200
3.65542 43200
3.65566 43200
3.65589 43200
3.65613 43200
3.65637 43200
3.65661 43200
3.65685 43200
3.65709 43200
3.65733 43200
3.65757 43200
3.65781 43200
3.65805 43200
3.65828 43200
3.65852 43200
3.65876 43200
3.659 43200
3.65924 43200
3.65948 43200
3.65972 43200
3.65996 43200
3.66032 43200
3.66079 43200
3.66426 43200
3.6645 43200
3.67908 43200
3.67944 43200
3.67968 43200
3.67992 43200
3.68016 43200
3.6804 43200
3.68064 43200
3.68087 43200
3.68111 43200
3.68135 43200
3.68159 43200
3.68183 43200
3.68207 43200
3.68231 43200
3.68255 43200
3.68279 43200
3.68303 43200
3.68326 43200
3.6835 43200
3.68374 43200
3.68398 43200
3.68434 43200
3.68482 43200
3.68828 43200
3.68864 43200
3.70346 43200
3.70382 43200
3.70406 43200
3.7043 43200
3.70454 43200
3.70478 43200
3.70502 43200
3.70526 43200
3.7055 43200
3.70573 43200
3.70597 43200
3.70621 43200
3.70645 43200
3.70669 43200
3.70693 43200
3.70717 43200
3.70741 43200
3.70765 43200
3.70789 43200
3.70812 43200
3.70836 43200
3.70872 43200
3.7092 43200
3.71267 43200
3.71314 43200
3.71338 43200
3.7282 43200
3.72856 43200
3.7288 43200
3.72904 43200
3.72928 43200
3.72952 43200
3.72976 43200
3.73 43200
3.73024 43200
3.73047 43200
3.73071 43200
3.73095 43200
3.73119 43200
3.73143 43200
3.73167 43200
3.73191 43200
3.73215 43200
3.73239 43200
3.73263 43200
3.73287 43200
3.7331 43200
3.73346 43200
3.73394 43200
3.73741 43200
3.738 43200
3.73824 43200
3.75306 43200
3.75342 43200
3.75366 43200
3.7539 43200
3.75414 43200
3.75438 43200
3.75462 43200
3.75486 43200
3.7551 43200
3.75534 43200
3.75557 43200
3.75581 43200
3.75605 43200
3.75629 43200
3.75653 43200
3.75677 43200
3.75701 43200
3.75725 43200
3.75749 43200
3.75773 43200
3.75796 43200
3.75832 43200
3.7588 43200
3.76227 43200
3.76275 43200
3.7631 43200
3.77816 43200
3.77852 43200
3.77876 43200
3.779 43200
3.77924 43200
3.77948 43200
3.77972 43200
3.77996 43200
3.7802 43200
3.78043 43200
3.78067 43200
3.78091 43200
3.78115 43200
3.78139 43200
3.78163 43200
3.78187 43200
3.78211 43200
3.78235 43200
3.78259 43200
3.78282 43200
3.78306 43200
3.78342 43200
3.7839 43200
3.78749 43200
3.78796 43200
3.78832 43200
3.80362 43200
3.80398 43200
3.80422 43200
3.80446 43200
3.8047 43200
3.80494 43200
3.80517 43200
3.80541 43200
3.80565 43200
3.80589 43200
3.80613 43200
3.80637 43200
3.80661 43200
3.80685 43200
3.80709 43200
3.80733 43200
3.80757 43200
3.8078 43200
3.80804 43200
3.80828 43200
3.80852 43200
3.80888 43200
3.80936 43200
3.81294 43200
3.81342 43200
3.81378 43200
3.82896 43200
3.82944 43200
3.82968 43200
3.82992 43200
3.83015 43200
3.83039 43200
3.83063 43200
3.83087 43200
3.83111 43200
3.83135 43200
3.83159 43200
3.83183 43200
3.83207 43200
3.83231 43200
3.83254 43200
3.83278 43200
3.83302 43200
3.83326 43200
3.8335 43200
3.83374 43200
3.83398 43200
3.83422 43200
3.83458 43200
3.83505 43200
3.83864 43200
3.83924 43200
3.8396 43200
3.85478 43200
3.85525 43200
3.85549 43200
3.85573 43200
3.85597 43200
3.85621 43200
3.85645 43200
3.85669 43200
3.85693 43200
3.85717 43200
3.85741 43200
3.85764 43200
3.85788 43200
3.85812 43200
3.85836 43200
3.8586 43200
3.85884 43200
3.85908 43200
3.85932 43200
3.85956 43200
3.8598 43200
3.86003 43200
3.86039 43200
3.86087 43200
3.86446 43200
3.86505 43200
3.86541 43200
3.88083 43200
3.88119 43200
3.88143 43200
3.88167 43200
3.88191 43200
3.88215 43200
3.88238 43200
3.88262 43200
3.88286 43200
3.8831 43200
3.88334 43200
3.88358 43200
3.88382 43200
3.88406 43200
3.8843 43200
3.88454 43200
3.88478 43200
3.88501 43200
3.88525 43200
3.88549 43200
3.88573 43200
3.88597 43200
3.88645 43200
3.88681 43200
3.89039 43200
3.89111 43200
3.89147 43200
3.90713 43200
3.90748 43200
3.90772 43200
3.90796 43200
3.9082 43200
3.90844 43200
3.90868 43200
3.90892 43200
3.90916 43200
3.9094 43200
3.90964 43200
3.90987 43200
3.91011 43200
3.91035 43200
3.91059 43200
3.91083 43200
3.91107 43200
3.91131 43200
3.91155 43200
3.91179 43200
3.91203 43200
3.91226 43200
3.91274 43200
3.9131 43200
3.91669 43200
3.9174 43200
3.91776 43200
3.93342 43200
3.9339 43200
3.93414 43200
3.93438 43200
3.93462 43200
3.93485 43200
3.93509 43200
3.93533 43200
3.93557 43200
3.93581 43200
3.93605 43200
3.93629 43200
3.93653 43200
3.93677 43200
3.93701 43200
3.93724 43200
3.93748 43200
3.93772 43200
3.93796 43200
3.9382 43200
3.93844 43200
3.93868 43200
3.93892 43200
3.9394 43200
3.93975 43200
3.94334 43200
3.94406 43200
3.94442 43200
3.96019 43200
3.96067 43200
3.96091 43200
3.96115 43200
3.96139 43200
3.96163 43200
3.96187 43200
3.9621 43200
3.96234 43200
3.96258 43200
3.96282 43200
3.96306 43200
3.9633 43200
3.96354 43200
3.96378 43200
3.96402 43200
3.96426 43200
3.9645 43200
3.96473 43200
3.96497 43200
3.96521 43200
3.96545 43200
3.96569 43200
3.96617 43200
3.96653 43200
3.97011 43200
3.97083 43200
3.97119 43200
3.9872 43200
3.98756 43200
3.9878 43200
3.98804 43200
3.98828 43200
3.98852 43200
3.98876 43200
3.989 43200
3.98924 43200
3.98947 43200
3.98971 43200
3.98995 43200
3.99019 43200
3.99043 43200
3.99067 43200
3.99091 43200
3.99115 43200
3.99139 43200
3.99163 43200
3.99187 43200
3.9921 43200
3.99234 43200
3.9927 43200
3.99306 43200
3.99342 43200
3.99712 43200
3.99784 43200
3.9982 43200
4.01457 43200
4.01493 43200
4.01517 43200
4.01541 43200
4.01565 43200
4.01589 43200
4.01613 43200
4.01637 43200
4.01661 43200
4.01684 43200
4.01708 43200
4.01732 43200
4.01756 43200
4.0178 43200
4.01804 43200
4.01828 43200
4.01852 43200
4.01876 43200
4.019 43200
4.01924 43200
4.01947 43200
4.01983 43200
4.02019 43200
4.02055 43200
4.02091 43200
4.02449 43200
4.02521 43200
4.02557 43200
4.0374 43200
4.03788 43200
4.03812 43200
4.03836 43200
4.0386 43200
4.03884 43200
4.03908 43200
4.03931 43200
4.03955 43200
4.03979 43200
4.04003 43200
4.04027 43200
4.04051 43200
4.04075 43200
4.04099 43200
4.04123 43200
4.04147 43200
4.04159 43200
