0.0 0
5.6e-06 1460
5.6e-06 1460
3.4637e-05 2920
8.2701e-05 4380
9.4717e-05 5840
0.000178829 7300
0.000190845 8760
0.000202861 10220
0.000226893 11680
0.000359069 13140
0.000383101 14600
0.000395117 16060
0.000407133 17520
0.000431165 18980
0.000455197 20440
0.000479229 21900
0.000503261 23360
0.000719549 24820
0.000743581 26280
0.000767613 27740
0.000791645 29200
0.000803661 30660
0.000815677 32120
0.000839709 33580
0.000863741 35040
0.000887773 36500
0.000911805 37960
0.000935837 39420
0.000959869 40880
0.000983901 42340
0.00100793 43800
0.00103196 45260
0.00106801 46720
0.00144051 48180
0.00146454 49640
0.00148857 51100
0.0015126 52560
0.00153664 54020
0.00156067 55480
0.0015847 56940
0.00160873 58400
0.00162075 59860
0.00163276 61320
0.0016568 62780
0.00168083 64240
0.00170486 65700
0.00172889 67160
0.00175293 68620
0.00177696 70080
0.00180099 71540
0.00182502 73000
0.00184905 74460
0.00187309 75920
0.00189712 77380
0.00192115 78840
0.00194518 80300
0.00196921 81760
0.00199324 83220
0.00201728 84680
0.00204131 86140
0.00206534 87600
0.00208937 89060
0.00212542 90520
0.00214945 91980
0.00217349 93440
0.00288243 94900
0.00290646 96360
0.00293049 97820
0.00295452 99280
0.00297856 100740
0.00300259 102200
0.00302662 103660
0.00305065 105120
0.00307468 106580
0.00309872 108040
0.00312275 109500
0.00314678 110960
0.00317081 112420
0.00319484 113880
0.00321888 115340
0.00324291 116800
0.00325493 118260
0.00326694 119720
0.00329097 121180
0.00331501 122640
0.00333904 124100
0.00336307 125560
0.0033871 127020
0.00341113 128480
0.00343517 129940
0.0034592 131400
0.00348323 132860
0.00350726 134320
0.00353129 135780
0.00355532 137240
0.00357936 138700
0.00360339 140160
0.00362742 141620
0.00365145 143080
0.00367549 144540
0.00369952 146000
0.00372355 147460
0.00374758 148920
0.00377161 150380
0.00379564 151840
0.00381968 153300
0.00384371 154760
0.00386774 156220
0.00389177 157680
0.0039158 159140
0.00393984 160600
0.00396387 162060
0.0039879 163520
0.00401193 164980
0.00403596 166440
0.00406 167900
0.00408403 169360
0.00410806 170820
0.00413209 172280
0.00415613 173740
0.00416814 175200
0.00418016 176660
0.00419217 178120
0.00420419 179580
0.0042162 181040
0.00422822 182500
0.00424024 183960
0.00425225 185420
0.00426427 186880
0.00503374 186880
0.00503374 60590
0.00802528 60625
0.00830164 60660
0.00836173 60695
0.00843382 60730
0.00885438 60765
0.00890245 60800
0.00895051 60835
0.00899857 60870
0.00904664 60905
0.0090947 60939
0.00914277 60973
0.00919083 61007
0.00923889 61041
0.00928696 61075
0.00933502 61109
0.00938308 61143
0.00943115 61177
0.00947921 61211
0.00956352 61211
0.00956352 28470
0.0117502 28544
0.0117863 28618
0.0118223 28692
0.0118584 28766
0.0118944 28840
0.0119425 28913
0.0119785 28986
0.0122189 29059
0.012291 29132
0.012351 29205
0.0125914 29277
0.0126274 29349
0.0126635 29421
0.0126995 29493
0.0127355 29565
0.0127716 29637
0.0128197 29708
0.0128677 29779
0.0128918 29850
0.0129278 29921
0.0129639 29992
0.0129999 30063
0.0130359 30133
0.013072 30203
0.0131201 30273
0.0131441 30343
0.0134685 30413
0.0135406 30483
0.0135887 30552
0.0136007 30621
0.013829 30690
0.013853 30759
0.0138771 30828
0.0139011 30897
0.0139251 30965
0.0139492 31033
0.0139852 31101
0.0140213 31169
0.0140453 31237
0.0140813 31305
0.0141174 31373
0.0141534 31440
0.0141895 31507
0.0142255 31574
0.0142736 31641
0.0142976 31708
0.0145379 31775
0.014598 31842
0.0146581 31908
0.0146701 31974
0.0149104 32040
0.0149225 32106
0.0149465 32172
0.0149705 32238
0.0149946 32304
0.0150186 32369
0.0150426 32434
0.0150787 32499
0.0151147 32564
0.0151387 32629
0.0151748 32694
0.0152108 32759
0.0152469 32824
0.0152829 32888
0.015319 32952
0.0153671 33016
0.0153911 33080
0.0156314 33144
0.0156915 33208
0.0157636 33272
0.0157756 33336
0.0160279 33399
0.0160399 33462
0.016064 33525
0.016076 33588
0.0161 33651
0.0161241 33714
0.0161481 33777
0.0161721 33840
0.0162082 33902
0.0162442 33964
0.0162683 34026
0.0163043 34088
0.0163403 34150
0.0163764 34212
0.0164124 34274
0.0164485 34336
0.0164966 34398
0.0165206 34459
0.0167729 34520
0.016833 34581
0.0169171 34642
0.0169291 34703
0.0171935 34764
0.0172055 34825
0.0172295 34886
0.0172415 34947
0.0172536 35007
0.0172776 35067
0.0173016 35127
0.0173257 35187
0.0173497 35247
0.0173857 35307
0.0174218 35367
0.0174458 35427
0.0174819 35487
0.0175179 35547
0.017554 35606
0.01759 35665
0.0176261 35724
0.0176741 35783
0.0176982 35842
0.0179625 35901
0.0180226 35960
0.0181067 36019
0.0181187 36078
0.0184071 36137
0.0184191 36195
0.0184431 36253
0.0184552 36311
0.0184672 36369
0.0184912 36427
0.0185032 36485
0.0185273 36543
0.0185513 36601
0.0185753 36659
0.0186114 36717
0.0186474 36775
0.0186715 36832
0.0187075 36889
0.0187435 36946
0.0187796 37003
0.0188156 37060
0.0188517 37117
0.0188998 37174
0.0189238 37231
0.0192002 37288
0.0192602 37345
0.0193443 37402
0.0193564 37458
0.0196688 37514
0.0196808 37570
0.0197048 37626
0.0197168 37682
0.0197289 37738
0.0197529 37794
0.0197649 37850
0.0197889 37906
0.019801 37962
0.019825 38018
0.019849 38074
0.0198851 38129
0.0199211 38184
0.0199451 38239
0.0199812 38294
0.0200172 38349
0.0200533 38404
0.0200893 38459
0.0201254 38514
0.0201735 38569
0.0201975 38624
0.0204859 38679
0.0205459 38734
0.0206301 38789
0.0206421 38843
0.0209785 38897
0.0209905 38951
0.0210146 39005
0.0210266 39059
0.0210386 39113
0.0210626 39167
0.0210747 39221
0.0210987 39275
0.0211107 39329
0.0211227 39383
0.0211467 39437
0.0211708 39491
0.0212068 39544
0.0212429 39597
0.0212669 39650
0.021303 39703
0.021339 39756
0.0213751 39809
0.0214111 39862
0.0214471 39915
0.0214952 39968
0.0215184 40021
0.0218068 40074
0.0218429 40127
0.021915 40180
0.021927 40233
0.0219991 40285
0.0220111 40337
0.0220231 40389
0.0220351 40441
0.0220471 40493
0.0220592 40545
0.0220712 40597
0.0220832 40649
0.0220952 40701
0.0221072 40753
0.0221192 40805
0.0221313 40857
0.0221433 40909
0.0221553 40961
0.0221673 41013
0.0221793 41064
0.0221913 41115
0.0222034 41166
0.0222154 41217
0.0222274 41268
0.0222394 41319
0.0222518 41370
0.0222638 41421
0.0225762 41472
0.0226122 41523
0.0226843 41574
0.0226963 41625
0.0227684 41676
0.0227805 41727
0.0227925 41778
0.0228045 41829
0.0228165 41879
0.0228285 41929
0.0228405 41979
0.0228526 42029
0.0228646 42079
0.0228766 42129
0.0228886 42179
0.0229006 42229
0.0229126 42279
0.0229247 42329
0.0229367 42379
0.0229487 42429
0.0229607 42479
0.0229727 42529
0.0229847 42579
0.0229967 42629
0.0230088 42679
0.0230208 42728
0.0230328 42777
0.0230448 42826
0.0233813 42875
0.0234173 42924
0.0234894 42973
0.0235014 43022
0.0235735 43071
0.0235855 43120
0.0235975 43169
0.0236096 43218
0.0236216 43267
0.0236336 43316
0.0236456 43365
0.0236576 43414
0.0236696 43463
0.0236817 43512
0.0236937 43560
0.0237057 43608
0.0237177 43656
0.0237297 43704
0.0237417 43752
0.0237538 43800
0.0237658 43848
0.0237778 43896
0.0237898 43944
0.0238018 43992
0.0238138 44040
0.0238259 44088
0.0238379 44136
0.0238499 44184
0.0238619 44232
0.0242224 44280
0.0242584 44328
0.0243305 44376
0.0243425 44424
0.0244146 44471
0.0244267 44518
0.0244387 44565
0.0244507 44612
0.0244627 44659
0.0244747 44706
0.0244867 44753
0.0244987 44800
0.0245108 44847
0.0245228 44894
0.0245348 44941
0.0245468 44988
0.0245588 45035
0.0245708 45082
0.0245829 45129
0.0245949 45176
0.0246069 45223
0.0246189 45270
0.0246309 45317
0.0246429 45364
0.024655 45410
0.024667 45456
0.024679 45502
0.024691 45548
0.024703 45594
0.024715 45640
0.0250995 45686
0.0251356 45732
0.0252077 45778
0.0252197 45824
0.0252918 45870
0.0253038 45916
0.0253158 45962
0.0253279 46008
0.0253399 46054
0.0253519 46100
0.0253639 46146
0.0253759 46192
0.0253879 46238
0.0253999 46284
0.025412 46330
0.025424 46376
0.025436 46421
0.025448 46466
0.02546 46511
0.025472 46556
0.0254841 46601
0.0254961 46646
0.0255081 46691
0.0255201 46736
0.0255321 46781
0.0255441 46826
0.0255562 46871
0.0255682 46916
0.0255802 46961
0.0255922 47006
0.0256042 47051
0.0260128 47096
0.0260488 47141
0.0261209 47186
0.0261329 47231
0.026205 47276
0.026217 47321
0.0262291 47366
0.0262411 47411
0.0262531 47455
0.0262651 47499
0.0262771 47543
0.0262891 47587
0.0263011 47631
0.0263132 47675
0.0263252 47719
0.0263372 47763
0.0263492 47807
0.0263612 47851
0.0263732 47895
0.0263853 47939
0.0263973 47983
0.0264093 48027
0.0264213 48071
0.0264333 48115
0.0264453 48159
0.0264574 48203
0.0264694 48247
0.0264814 48291
0.0264934 48335
0.0265054 48379
0.0265174 48423
0.0265295 48467
0.026962 48510
0.0269981 48553
0.0270702 48596
0.0270822 48639
0.0271543 48682
0.0271663 48725
0.0271783 48768
0.0271903 48811
0.0272023 48854
0.0272144 48897
0.0272264 48940
0.0272384 48983
0.0272504 49026
0.0272624 49069
0.0272744 49112
0.0272865 49155
0.0272985 49198
0.0273105 49241
0.0273225 49284
0.0273345 49327
0.0273465 49370
0.0273586 49413
0.0273706 49456
0.0273826 49499
0.0273946 49542
0.0274066 49585
0.0274186 49627
0.0274307 49669
0.0274427 49711
0.0274547 49753
0.0274667 49795
0.0274787 49837
0.0274907 49879
0.0279473 49921
0.0279834 49963
0.0280555 50005
0.0280675 50047
0.0281396 50089
0.0281516 50131
0.0281636 50173
0.0281756 50215
0.0281877 50257
0.0281997 50299
0.0282117 50341
