0.0 0
5.6e-06 5.6e-06
3.4637e-05 8.529e-06
8.2701e-05 1.347e-05
9.4717e-05 1.9296e-05
0.000178829 2.89e-05
0.000190845 3.8805e-05
0.000202861 4.7472e-05
0.000226893 5.806e-05
0.000359069 7.3332e-05
0.000383101 8.9699e-05
0.000395117 0.00010402
0.000407133 0.000118053
0.000431165 0.000131834
0.000455197 0.000146896
0.000479229 0.000160076
0.000503261 0.000174612
0.000719549 0.000197845
0.000743581 0.000221178
0.000767613 0.000241594
0.000791645 0.000262462
0.000803661 0.000280722
0.000815677 0.000298201
0.000839709 0.000314997
0.000863741 0.000332698
0.000887773 0.000348186
0.000911805 0.000364742
0.000935837 0.000379229
0.000959869 0.000394909
0.000983901 0.000408629
0.00100793 0.000423638
0.00103196 0.000436771
0.00106801 0.000452768
0.00144051 0.000486292
0.00146454 0.000518629
0.00148857 0.000546924
0.0015126 0.000574686
0.00153664 0.000598978
0.00156067 0.000623237
0.0015847 0.000644464
0.00160873 0.000666042
0.00162075 0.000684922
0.00163276 0.000702944
0.0016568 0.000720216
0.00168083 0.000738333
0.00170486 0.000754185
0.00172889 0.000771059
0.00175293 0.000785824
0.00177696 0.000801748
0.00180099 0.000815681
0.00182502 0.000830876
0.00184905 0.000844172
0.00187309 0.00085881
0.00189712 0.000871618
0.00192115 0.000885829
0.00194518 0.000898264
0.00196921 0.000912149
0.00199324 0.000924298
0.00201728 0.000937932
0.00204131 0.000949862
0.00206534 0.000963305
0.00208937 0.000975067
0.00212542 0.000989865
0.00214945 0.00100131
0.00217349 0.00101433
0.00288243 0.00106778
0.00290646 0.00111755
0.00293049 0.0011611
0.00295452 0.00120221
0.00297856 0.00123818
0.00300259 0.00127266
0.00302662 0.00130283
0.00305065 0.00133223
0.00307468 0.00135796
0.00309872 0.00138347
0.00312275 0.0014058
0.00314678 0.00142834
0.00317081 0.00144806
0.00319484 0.00146832
0.00321888 0.00148605
0.00324291 0.00150456
0.00325493 0.00152076
0.00326694 0.00153644
0.00329097 0.00155166
0.00331501 0.00156798
0.00333904 0.00158227
0.00336307 0.00159776
0.0033871 0.00161133
0.00341113 0.0016262
0.00343517 0.00163921
0.0034592 0.0016536
0.00348323 0.00166619
0.00350726 0.00168022
0.00353129 0.00169248
0.00355532 0.00170622
0.00357936 0.00171824
0.00360339 0.00173177
0.00362742 0.0017436
0.00365145 0.00175696
0.00367549 0.00176865
0.00369952 0.00178188
0.00372355 0.00179345
0.00374758 0.00180659
0.00377161 0.00181808
0.00379564 0.00183114
0.00381968 0.00184257
0.00384371 0.00185557
0.00386774 0.00186695
0.00389177 0.00187991
0.0039158 0.00189124
0.00393984 0.00190417
0.00396387 0.00191548
0.0039879 0.00192838
0.00401193 0.00193967
0.00403596 0.00195255
0.00406 0.00196382
0.00408403 0.00197669
0.00410806 0.00198795
0.00413209 0.0020008
0.00415613 0.00201205
0.00416814 0.00202339
0.00418016 0.00203182
0.00419217 0.00204069
0.00420419 0.00204545
0.0042162 0.00205112
0.00422822 0.00205457
0.00424024 0.0020591
0.00425225 0.00206156
0.00426427 0.00206521
0.00830164 0.00200525
0.00836173 0.00195879
0.00843382 0.00192565
0.00885438 0.00190416
0.00890245 0.00188837
0.00895051 0.00187755
0.00899857 0.00187109
0.00904664 0.00186994
0.0090947 0.00187194
0.00914277 0.00187819
0.00919083 0.00188667
0.00923889 0.00189859
0.00928696 0.00191203
0.00933502 0.00192831
0.00938308 0.00194557
0.00943115 0.0019652
0.00947921 0.00198538
0.0117502 0.00184228
0.0117863 0.00171706
0.0118223 0.0016075
0.0118584 0.00151162
0.0118944 0.00142774
0.0119425 0.00135434
0.0119785 0.00129313
0.0122189 0.0012516
0.012291 0.00122278
0.012351 0.00120058
0.0125914 0.00118866
0.0126274 0.00117974
0.0126635 0.00117344
0.0126995 0.00116942
0.0127355 0.00116741
0.0127716 0.00116716
0.0128197 0.00116843
0.0128677 0.00117105
0.0128918 0.00117187
0.0129278 0.00117258
0.0129639 0.0011732
0.0129999 0.00117375
0.0130359 0.00117422
0.013072 0.00117464
0.0131201 0.00117501
0.0131441 0.00117382
0.0134685 0.0011833
0.0135406 0.0011916
0.0135887 0.00119735
0.0136007 0.00120389
0.013829 0.00120811
0.013853 0.0012103
0.0138771 0.00121072
0.0139011 0.00120958
0.0139251 0.00120708
0.0139492 0.00120339
0.0139852 0.00119866
0.0140213 0.00119302
0.0140453 0.00118808
0.0140813 0.00118376
0.0141174 0.00117998
0.0141534 0.00117668
0.0141895 0.00117378
0.0142255 0.00117125
0.0142736 0.00116904
0.0142976 0.0011671
0.0145379 0.00115489
0.014598 0.0011427
0.0146581 0.00113354
0.0146701 0.00112553
0.0149104 0.00112002
0.0149225 0.0011167
0.0149465 0.00111379
0.0149705 0.00111125
0.0149946 0.00110902
0.0150186 0.00110708
0.0150426 0.00110538
0.0150787 0.00110388
0.0151147 0.00110258
0.0151387 0.00110144
0.0151748 0.00110044
0.0152108 0.00109957
0.0152469 0.0010988
0.0152829 0.00109814
0.015319 0.00109755
0.0153671 0.00109704
0.0153911 0.00109659
0.0156314 0.0010962
0.0156915 0.00109585
0.0157636 0.00109706
0.0157756 0.00109811
0.0160279 0.00110053
0.0160399 0.00110265
0.016064 0.0011045
0.016076 0.00110763
0.0161 0.00111036
0.0161241 0.00111275
0.0161481 0.00111485
0.0161721 0.00111668
0.0162082 0.00111828
0.0162442 0.00111968
0.0162683 0.00112091
0.0163043 0.00112199
0.0163403 0.00112292
0.0163764 0.00112375
0.0164124 0.00112446
0.0164485 0.00112509
0.0164966 0.00112564
0.0165206 0.00112613
0.0167729 0.00112805
0.016833 0.00112973
0.0169171 0.00113271
0.0169291 0.00113531
0.0171935 0.00113909
0.0172055 0.0011424
0.0172295 0.00114529
0.0172415 0.00114782
0.0172536 0.00115154
0.0172776 0.00115479
0.0173016 0.00115764
0.0173257 0.00116013
0.0173497 0.00116231
0.0173857 0.00116422
0.0174218 0.00116588
0.0174458 0.00116734
0.0174819 0.00116862
0.0175179 0.00116974
0.017554 0.00117072
0.01759 0.00117157
0.0176261 0.00117232
0.0176741 0.00117298
0.0176982 0.00117355
0.0179625 0.00117556
0.0180226 0.00117731
0.0181067 0.00117884
0.0181187 0.00118018
0.0184071 0.00118436
0.0184191 0.00118802
0.0184431 0.00119122
0.0184552 0.00119402
0.0184672 0.00119647
0.0184912 0.00119861
0.0185032 0.00120199
0.0185273 0.00120494
0.0185513 0.00120753
0.0185753 0.00120979
0.0186114 0.00121177
0.0186474 0.0012135
0.0186715 0.00121502
0.0187075 0.00121634
0.0187435 0.00121751
0.0187796 0.00121852
0.0188156 0.00121941
0.0188517 0.00122019
0.0188998 0.00122087
0.0189238 0.00122146
0.0192002 0.00122348
0.0192602 0.00122525
0.0193443 0.0012268
0.0193564 0.00122816
0.0196688 0.00123235
0.0196808 0.00123601
0.0197048 0.00123922
0.0197168 0.00124203
0.0197289 0.00124449
0.0197529 0.00124663
0.0197649 0.00124851
0.0197889 0.00125016
0.019801 0.0012531
0.019825 0.00125567
0.019849 0.00125793
0.0198851 0.0012599
0.0199211 0.00126162
0.0199451 0.00126313
0.0199812 0.00126445
0.0200172 0.00126561
0.0200533 0.00126662
0.0200893 0.0012675
0.0201254 0.00126827
0.0201735 0.00126895
0.0201975 0.00126954
0.0204859 0.00127157
0.0205459 0.00127333
0.0206301 0.00127488
0.0206421 0.00127623
0.0209785 0.00128042
0.0209905 0.00128409
0.0210146 0.00128729
0.0210266 0.0012901
0.0210386 0.00129255
0.0210626 0.0012947
0.0210747 0.00129658
0.0210987 0.00129823
0.0211107 0.00129967
0.0211227 0.00130243
0.0211467 0.00130484
0.0211708 0.00130696
0.0212068 0.00130881
0.0212429 0.00131043
0.0212669 0.00131184
0.021303 0.00131308
0.021339 0.00131417
0.0213751 0.00131511
0.0214111 0.00131595
0.0214471 0.00131667
0.0214952 0.00131731
0.0215184 0.00131776
0.0218068 0.00131816
0.0218429 0.00131551
0.021915 0.00131168
0.021927 0.00130833
0.0219991 0.00127236
0.0220111 0.00124089
0.0220231 0.00121184
0.0220351 0.00118643
0.0220471 0.0011642
0.0220592 0.00114324
0.0220712 0.0011249
0.0220832 0.00110735
0.0220952 0.00109199
0.0221072 0.00107856
0.0221192 0.0010653
0.0221313 0.0010552
0.0221433 0.00104486
0.0221553 0.00103281
0.0221673 0.00101926
0.0221793 0.00100591
0.0221913 0.000991216
0.0222034 0.000975357
0.0222154 0.000958477
0.0222274 0.000940703
0.0222394 0.000922147
0.0222518 0.000901446
0.0222638 0.000881931
0.0225762 0.000867859
0.0226122 0.000855546
0.0226843 0.000844772
0.0226963 0.000835345
0.0227684 0.000827096
0.0227805 0.000819878
0.0227925 0.000813563
0.0228045 0.000808037
0.0228165 0.000803202
0.0228285 0.000798971
0.0228405 0.000795269
0.0228526 0.00079203
0.0228646 0.000789196
0.0228766 0.000786716
0.0228886 0.000784546
0.0229006 0.000782647
0.0229126 0.000780986
0.0229247 0.000781034
0.0229367 0.000781076
0.0229487 0.000781113
0.0229607 0.000781145
0.0229727 0.000781173
0.0229847 0.000781198
0.0229967 0.00078122
0.0230088 0.000781239
0.0230208 0.000781256
0.0230328 0.000781229
0.0230448 0.000781205
0.0233813 0.000784188
0.0234173 0.000786798
0.0234894 0.000789082
0.0235014 0.00079108
0.0235735 0.000792829
0.0235855 0.000794359
0.0235975 0.000795698
0.0236096 0.000796869
0.0236216 0.000797894
0.0236336 0.000798791
0.0236456 0.000799576
0.0236576 0.000800263
0.0236696 0.000800864
0.0236817 0.00080139
0.0236937 0.00080185
0.0237057 0.000802252
0.0237177 0.000802604
0.0237297 0.000802912
0.0237417 0.000803182
0.0237538 0.00080492
0.0237658 0.000806441
0.0237778 0.000807771
0.0237898 0.000808935
0.0238018 0.000809954
0.0238138 0.000810845
0.0238259 0.000811625
0.0238379 0.000812307
0.0238499 0.000812904
0.0238619 0.000813427
0.0242224 0.000816888
0.0242584 0.000819917
0.0243305 0.000822567
0.0243425 0.000824886
0.0244146 0.000826915
0.0244267 0.00082869
0.0244387 0.000830243
0.0244507 0.000831602
0.0244627 0.000832791
0.0244747 0.000833832
0.0244867 0.000834743
0.0244987 0.00083554
0.0245108 0.000836237
0.0245228 0.000836847
0.0245348 0.000837381
0.0245468 0.000837848
0.0245588 0.000838257
0.0245708 0.000838614
0.0245829 0.000838927
0.0245949 0.000839201
0.0246069 0.000840942
0.0246189 0.000842466
0.0246309 0.000843799
0.0246429 0.000844966
0.024655 0.000845987
0.024667 0.00084688
0.024679 0.000847662
0.024691 0.000848346
0.024703 0.000848944
0.024715 0.000849468
0.0250995 0.00085293
0.0251356 0.000855959
0.0252077 0.00085861
0.0252197 0.000860929
0.0252918 0.000862958
0.0253038 0.000864734
0.0253158 0.000866288
0.0253279 0.000867648
0.0253399 0.000868838
0.0253519 0.000869879
0.0253639 0.00087079
0.0253759 0.000871587
0.0253879 0.000872284
0.0253999 0.000872894
0.025412 0.000873428
0.025424 0.000873895
0.025436 0.000874304
0.025448 0.000874662
0.02546 0.000874975
0.025472 0.000875249
0.0254841 0.000875488
0.0254961 0.000875698
0.0255081 0.000877383
0.0255201 0.000878858
0.0255321 0.000880148
0.0255441 0.000881277
0.0255562 0.000882265
0.0255682 0.000883129
0.0255802 0.000883885
0.0255922 0.000884547
0.0256042 0.000885126
0.0260128 0.000888637
0.0260488 0.000891709
0.0261209 0.000894397
0.0261329 0.000896749
0.026205 0.000898807
0.026217 0.000900608
0.0262291 0.000902184
0.0262411 0.000903563
0.0262531 0.000904769
0.0262651 0.000905824
0.0262771 0.000906748
0.0262891 0.000907556
0.0263011 0.000908263
0.0263132 0.000908882
0.0263252 0.000909423
0.0263372 0.000909897
0.0263492 0.000910311
0.0263612 0.000910674
0.0263732 0.000910991
0.0263853 0.000911269
0.0263973 0.000911512
0.0264093 0.000911725
0.0264213 0.000911911
0.0264333 0.000912074
0.0264453 0.000913718
0.0264574 0.000915157
0.0264694 0.000916416
0.0264814 0.000917518
0.0264934 0.000918482
0.0265054 0.000919325
0.0265174 0.000920063
0.0265295 0.000920709
0.026962 0.000924278
0.0269981 0.000927401
0.0270702 0.000930133
0.0270822 0.000932524
0.0271543 0.000934616
0.0271663 0.000936447
0.0271783 0.000938049
0.0271903 0.00093945
0.0272023 0.000940676
0.0272144 0.000941749
0.0272264 0.000942688
0.0272384 0.00094351
0.0272504 0.000944229
0.0272624 0.000944858
0.0272744 0.000945408
0.0272865 0.00094589
0.0272985 0.000946311
0.0273105 0.00094668
0.0273225 0.000947003
0.0273345 0.000947285
0.0273465 0.000947532
0.0273586 0.000947748
0.0273706 0.000947937
0.0273826 0.000948102
0.0273946 0.000948247
0.0274066 0.000948374
0.0274186 0.000949987
0.0274307 0.000951398
0.0274427 0.000952633
0.0274547 0.000953713
0.0274667 0.000954658
0.0274787 0.000955485
0.0274907 0.000956209
0.0279473 0.000959846
0.0279834 0.000963029
0.0280555 0.000965814
0.0280675 0.000968251
0.0281396 0.000970383
0.0281516 0.000972249
0.0281636 0.000973881
0.0281756 0.000975309
0.0281877 0.000976559
0.0281997 0.000977653
0.0282117 0.00097861
0.0282229 0.000979347
