0.0 3
4.1852e-05 0.0005
0.000606787 0.001
0.000880547 0.0005
0.00138055 0.001
0.00181111 0.0005
0.00231111 0.001
0.00274167 0.0005
0.00324167 0.001
0.00355591 0.0005
0.00405591 0.001
0.00505591 0.002
0.00510296 0.0005
0.00560296 0.001
0.00660296 0.002
0.00680124 0.0005
0.00730123 0.001
0.00830124 0.002
0.00906948 0.0005
0.00956947 0.001
0.0105695 0.002
0.0108608 0.0005
0.0113608 0.001
0.0123608 0.002
0.0123962 0.0005
0.0128962 0.001
0.0138962 0.002
0.0139898 0.0005
0.0144898 0.001
0.0154898 0.002
0.0156183 0.0005
0.0161183 0.001
0.0171183 0.002
0.0172119 0.0005
0.0177119 0.001
0.0187119 0.002
0.0187357 0.0005
0.0192357 0.001
0.0201082 0.0005
0.0206082 0.001
0.0212017 0.0005
0.0217017 0.001
0.0221555 0.0005
0.0226555 0.001
0.023086 0.0005
0.023586 0.001
0.0240166 0.0005
0.0245166 0.001
0.0249472 0.0005
0.0254472 0.001
0.0258777 0.0005
0.0263777 0.001
0.0268083 0.0005
0.0273083 0.001
0.0277388 0.0005
0.0282388 0.001
0.0286694 0.0005
0.0291694 0.001
0.0296 0.0005
0.0301 0.001
0.0305421 0.0005
0.0310421 0.001
0.0314843 0.0005
0.0319843 0.001
0.0324265 0.0005
0.0329265 0.001
0.0333687 0.0005
0.0338687 0.001
0.0343109 0.0005
0.0348109 0.001
0.0352415 0.0005
0.0357415 0.001
0.036172 0.0005
0.036672 0.001
0.0371026 0.0005
0.0376026 0.001
0.0380332 0.0005
0.0385332 0.001
0.0389637 0.0005
0.0394637 0.001
0.0398943 0.0005
0.0403943 0.001
0.0408248 0.0005
0.0413248 0.001
0.0417554 0.0005
0.0422554 0.001
0.042686 0.0005
0.043186 0.001
0.0436165 0.0005
0.0441165 0.001
0.0445471 0.0005
0.0450471 0.001
0.0454776 0.0005
0.0459776 0.001
0.0464082 0.0005
0.0469082 0.001
0.0473388 0.0005
0.0478388 0.001
0.0482693 0.0005
0.0487693 0.001
0.0491999 0.0005
0.0496999 0.001
0.0501304 0.0005
0.0506304 0.001
0.051061 0.0005
0.051561 0.001
0.0519916 0.0005
0.0524916 0.001
0.0529221 0.0005
0.0534221 0.001
0.0538527 0.0005
0.0543527 0.001
0.0547832 0.0005
0.0552832 0.001
0.0557138 0.0005
0.0562138 0.001
0.0566444 0.0005
0.0571444 0.001
0.0575749 0.0005
0.0580749 0.001
0.0585055 0.0005
0.0590055 0.001
0.059436 0.0005
0.059936 0.001
0.0603666 0.0005
0.0608666 0.001
0.0612972 0.0005
0.0617972 0.001
0.0622277 0.0005
0.0627277 0.001
0.0631583 0.0005
0.0636583 0.001
0.0640888 0.0005
0.0645888 0.001
0.0650194 0.0005
0.0655194 0.001
0.06595 0.0005
0.06645 0.001
0.0668805 0.0005
0.0673805 0.001
0.0678111 0.0005
0.0683111 0.001
0.0687416 0.0005
0.0692416 0.001
0.0696722 0.0005
0.0701722 0.001
0.0706028 0.0005
0.0711028 0.001
0.0715333 0.0005
0.0720333 0.001
0.0724639 0.0005
0.0729639 0.001
0.0733944 0.0005
0.0738944 0.001
0.074325 0.0005
0.074825 0.001
0.0752556 0.0005
0.0757556 0.001
0.0761861 0.0005
0.0766861 0.001
0.0771167 0.0005
0.0776167 0.001
0.0780472 0.0005
0.0785472 0.001
0.0789778 0.0005
0.0794778 0.001
0.0799084 0.0005
0.0804084 0.001
0.0808389 0.0005
0.0813389 0.001
0.0817695 0.0005
0.0822695 0.001
0.0827 0.0005
0.0832 0.001
0.0836306 0.0005
0.0841306 0.001
0.0845612 0.0005
0.0850612 0.001
0.0854917 0.0005
0.0859917 0.001
0.0864223 0.0005
0.0869223 0.001
0.0873528 0.0005
0.0878528 0.001
0.0882834 0.0005
0.0887834 0.001
0.089214 0.0005
0.089714 0.001
0.0901445 0.0005
0.0906445 0.001
0.0910751 0.0005
0.0915751 0.001
0.0920056 0.0005
0.0925056 0.001
0.0929362 0.0005
0.0934362 0.001
0.0938668 0.0005
0.0943668 0.001
0.0947973 0.0005
0.0952973 0.001
0.0957279 0.0005
0.0962279 0.001
0.0966584 0.0005
0.0971584 0.001
0.097589 0.0005
0.098089 0.001
0.0985196 0.0005
0.0990196 0.001
0.0994501 0.0005
0.0999501 0.001
0.100381 0.0005
0.100881 0.001
0.101311 0.0005
0.101811 0.001
0.102242 0.0005
0.102742 0.001
0.103172 0.0005
0.103672 0.001
0.104103 0.0005
0.104603 0.001
0.105033 0.0005
0.105533 0.001
0.105964 0.0005
0.106464 0.001
0.106895 0.0005
0.107395 0.001
0.107825 0.0005
0.108325 0.001
0.108756 0.0005
0.109256 0.001
0.109686 0.0005
0.110186 0.001
0.110617 0.0005
0.111117 0.001
0.111547 0.0005
0.112047 0.001
0.112478 0.0005
0.112978 0.001
0.113409 0.0005
0.113909 0.001
0.114339 0.0005
0.114839 0.001
0.11527 0.0005
0.11577 0.001
0.1162 0.0005
0.1167 0.001
0.117131 0.0005
0.117631 0.001
0.118061 0.0005
0.118561 0.001
0.118992 0.0005
0.119492 0.001
0.119922 0.0005
0.120422 0.001
0.120853 0.0005
0.121353 0.001
0.121784 0.0005
0.122284 0.001
0.122714 0.0005
0.123214 0.001
0.123645 0.0005
0.124145 0.001
0.124575 0.0005
0.125075 0.001
0.125506 0.0005
0.126006 0.001
0.126436 0.0005
0.126936 0.001
0.127367 0.0005
0.127867 0.001
0.128297 0.0005
0.128797 0.001
0.129228 0.0005
0.129728 0.001
0.130159 0.0005
0.130659 0.001
0.131089 0.0005
0.131589 0.001
0.13202 0.0005
0.13252 0.001
0.13295 0.0005
0.13345 0.001
0.133881 0.0005
0.134381 0.001
0.134811 0.0005
0.135311 0.001
0.135742 0.0005
0.136242 0.001
0.136673 0.0005
0.137173 0.001
0.137603 0.0005
0.138103 0.001
0.138534 0.0005
0.139034 0.001
0.139464 0.0005
0.139964 0.001
0.140395 0.0005
0.140895 0.001
0.141325 0.0005
0.141825 0.001
0.142256 0.0005
0.142756 0.001
0.143186 0.0005
0.143686 0.001
0.144117 0.0005
0.144617 0.001
0.145048 0.0005
0.145548 0.001
0.145978 0.0005
0.146478 0.001
0.146909 0.0005
0.147409 0.001
0.147839 0.0005
0.148339 0.001
0.14877 0.0005
0.14927 0.001
0.1497 0.0005
0.1502 0.001
0.150631 0.0005
0.151131 0.001
0.151561 0.0005
0.152061 0.001
0.152492 0.0005
0.152992 0.001
0.153423 0.0005
0.153923 0.001
0.154353 0.0005
0.154853 0.001
0.155284 0.0005
0.155784 0.001
0.156214 0.0005
0.156714 0.001
0.157145 0.0005
0.157645 0.001
0.158075 0.0005
0.158575 0.001
0.159006 0.0005
0.159506 0.001
0.159937 0.0005
0.160437 0.001
0.160867 0.0005
0.161367 0.001
0.161798 0.0005
0.162298 0.001
0.162728 0.0005
0.163228 0.001
0.163659 0.0005
0.164159 0.001
0.164589 0.0005
0.165089 0.001
0.16552 0.0005
0.16602 0.001
0.16645 0.0005
0.16695 0.001
0.167381 0.0005
0.167881 0.001
0.168312 0.0005
0.168812 0.001
0.169242 0.0005
0.169742 0.001
0.170173 0.0005
0.170673 0.001
0.171103 0.0005
0.171603 0.001
0.172034 0.0005
0.172534 0.001
0.172964 0.0005
0.173464 0.001
0.173895 0.0005
0.174395 0.001
0.174825 0.0005
0.175325 0.001
0.175756 0.0005
0.176256 0.001
0.176687 0.0005
0.177187 0.001
0.177617 0.0005
0.178117 0.001
0.178548 0.0005
0.179048 0.001
0.179478 0.0005
0.179978 0.001
0.180409 0.0005
0.180909 0.001
0.181339 0.0005
0.181839 0.001
0.18227 0.0005
0.18277 0.001
0.183201 0.0005
0.183701 0.001
0.184131 0.0005
0.184631 0.001
0.185062 0.0005
0.185562 0.001
0.185992 0.0005
0.186492 0.001
0.186923 0.0005
0.187423 0.001
0.187853 0.0005
0.188353 0.001
0.188784 0.0005
0.189284 0.001
0.189714 0.0005
0.190214 0.001
0.190645 0.0005
0.191145 0.001
0.191576 0.0005
0.192076 0.001
0.192506 0.0005
0.193006 0.001
0.193437 0.0005
0.193937 0.001
0.194367 0.0005
0.194867 0.001
0.195298 0.0005
0.195798 0.001
0.196228 0.0005
0.196728 0.001
0.197159 0.0005
0.197659 0.001
0.198089 0.0005
0.198589 0.001
0.19902 0.0005
0.19952 0.001
0.199951 0.0005
0.200451 0.001
0.200881 0.0005
0.201381 0.001
0.201812 0.0005
0.202312 0.001
0.202742 0.0005
0.203242 0.001
0.203673 0.0005
0.204173 0.001
0.204603 0.0005
0.205103 0.001
0.205534 0.0005
0.206034 0.001
0.206465 0.0005
0.206965 0.001
0.207395 0.0005
0.207895 0.001
0.208326 0.0005
0.208826 0.001
0.209256 0.0005
0.209756 0.001
0.210187 0.0005
0.210687 0.001
0.211117 0.0005
0.211617 0.001
0.212048 0.0005
0.212548 0.001
0.212978 0.0005
0.213478 0.001
0.213909 0.0005
0.214409 0.001
0.21484 0.0005
0.21534 0.001
0.21577 0.0005
0.21627 0.001
0.216701 0.0005
0.217201 0.001
0.217631 0.0005
0.218131 0.001
0.218562 0.0005
0.219062 0.001
0.219492 0.0005
0.219992 0.001
0.220423 0.0005
0.220923 0.001
0.221353 0.0005
0.221853 0.001
0.222284 0.0005
0.222784 0.001
0.223215 0.0005
0.223715 0.001
0.224145 0.0005
0.224645 0.001
0.225076 0.0005
0.225576 0.001
0.226006 0.0005
0.226506 0.001
0.226937 0.0005
0.227437 0.001
0.227867 0.0005
0.228367 0.001
0.228798 0.0005
0.229298 0.001
0.229729 0.0005
0.230229 0.001
0.230659 0.0005
0.231159 0.001
0.23159 0.0005
0.23209 0.001
0.23252 0.0005
0.23302 0.001
0.233451 0.0005
0.233951 0.001
0.234381 0.0005
0.234881 0.001
0.235312 0.0005
0.235812 0.001
0.236242 0.0005
0.236742 0.001
0.237173 0.0005
0.237673 0.001
0.238104 0.0005
0.238604 0.001
0.239034 0.0005
0.239534 0.001
0.239965 0.0005
0.240465 0.001
0.240895 0.0005
0.241395 0.001
0.241826 0.0005
0.242326 0.001
0.242756 0.0005
0.243256 0.001
0.243687 0.0005
0.244187 0.001
0.244617 0.0005
0.245117 0.001
0.245548 0.0005
0.246048 0.001
0.246479 0.0005
0.246979 0.001
0.247409 0.0005
0.247909 0.001
0.24834 0.0005
0.24884 0.001
0.24927 0.0005
0.24977 0.001
0.250201 0.0005
0.250701 0.001
0.251131 0.0005
0.251631 0.001
0.252062 0.0005
0.252562 0.001
0.252993 0.0005
0.253493 0.001
0.253923 0.0005
0.254423 0.001
0.254854 0.0005
0.255354 0.001
0.255784 0.0005
0.256284 0.001
0.256715 0.0005
0.257215 0.001
0.257645 0.0005
0.258145 0.001
0.258576 0.0005
0.259076 0.001
0.259506 0.0005
0.260006 0.001
0.260437 0.0005
0.260937 0.001
0.261368 0.0005
0.261868 0.001
0.262298 0.0005
0.262798 0.001
0.263229 0.0005
0.263729 0.001
0.264159 0.0005
0.264659 0.001
0.26509 0.0005
0.26559 0.001
0.26602 0.0005
0.26652 0.001
0.266951 0.0005
0.267451 0.001
0.267881 0.0005
0.268381 0.001
0.268812 0.0005
0.269312 0.001
0.269743 0.0005
0.270243 0.001
0.270673 0.0005
0.271173 0.001
0.271604 0.0005
0.272104 0.001
0.272534 0.0005
0.273034 0.001
0.273465 0.0005
0.273965 0.001
0.274395 0.0005
0.274895 0.001
0.275326 0.0005
0.275826 0.001
0.276257 0.0005
0.276757 0.001
0.277187 0.0005
0.277687 0.001
0.278118 0.0005
0.278618 0.001
0.279048 0.0005
0.279548 0.001
0.279979 0.0005
0.280479 0.001
0.280909 0.0005
0.281409 0.001
0.28184 0.0005
0.28234 0.001
0.28277 0.0005
0.28327 0.001
0.283701 0.0005
0.284201 0.001
0.284632 0.0005
0.285132 0.001
0.285562 0.0005
0.286062 0.001
0.286493 0.0005
0.286993 0.001
0.287423 0.0005
0.287923 0.001
0.288354 0.0005
0.288854 0.001
0.289284 0.0005
0.289784 0.001
0.290215 0.0005
0.290715 0.001
0.291145 0.0005
0.291645 0.001
0.292076 0.0005
0.292576 0.001
0.293007 0.0005
0.293507 0.001
0.293937 0.0005
0.294437 0.001
0.294868 0.0005
0.295368 0.001
0.295798 0.0005
0.296298 0.001
0.296729 0.0005
0.297229 0.001
0.297659 0.0005
0.298159 0.001
0.29859 0.0005
0.29909 0.001
0.299521 0.0005
0.300021 0.001
0.300451 0.0005
0.300951 0.001
0.301382 0.0005
0.301882 0.001
0.302312 0.0005
0.302812 0.001
0.303243 0.0005
0.303743 0.001
0.304173 0.0005
0.304673 0.001
0.305104 0.0005
0.305604 0.001
0.306034 0.0005
0.306534 0.001
0.306965 0.0005
0.307465 0.001
0.307896 0.0005
0.308396 0.001
0.308826 0.0005
0.309326 0.001
0.309757 0.0005
0.310257 0.001
0.310687 0.0005
0.311187 0.001
0.311618 0.0005
0.312118 0.001
0.312548 0.0005
0.313048 0.001
0.313479 0.0005
0.313979 0.001
0.314409 0.0005
0.314909 0.001
0.31534 0.0005
0.31584 0.001
0.316271 0.0005
0.316771 0.001
0.317201 0.0005
0.317701 0.001
0.318132 0.0005
0.318632 0.001
0.319062 0.0005
0.319562 0.001
0.319993 0.0005
0.320493 0.001
0.320923 0.0005
0.321423 0.001
0.321854 0.0005
0.322354 0.001
0.322785 0.0005
0.323285 0.001
0.323715 0.0005
0.324215 0.001
0.324646 0.0005
0.325146 0.001
0.325576 0.0005
0.326076 0.001
0.326507 0.0005
0.327007 0.001
0.327437 0.0005
0.327937 0.001
0.328368 0.0005
0.328868 0.001
0.329298 0.0005
0.329798 0.001
0.330229 0.0005
0.330729 0.001
0.33116 0.0005
0.33166 0.001
0.33209 0.0005
0.33259 0.001
0.333021 0.0005
0.333521 0.001
0.333951 0.0005
0.334451 0.001
0.334882 0.0005
0.335382 0.001
0.335812 0.0005
0.336312 0.001
0.336743 0.0005
0.337243 0.001
0.337673 0.0005
0.338173 0.001
0.338604 0.0005
0.339104 0.001
0.339535 0.0005
0.340035 0.001
0.340465 0.0005
0.340965 0.001
0.341396 0.0005
0.341896 0.001
0.342326 0.0005
0.342826 0.001
0.343257 0.0005
0.343757 0.001
0.344187 0.0005
0.344687 0.001
0.345118 0.0005
0.345618 0.001
0.346049 0.0005
0.346549 0.001
0.346979 0.0005
0.347479 0.001
0.34791 0.0005
0.34841 0.001
0.34884 0.0005
0.34934 0.001
0.349771 0.0005
0.350271 0.001
0.350701 0.0005
0.351201 0.001
0.351632 0.0005
0.352132 0.001
0.352562 0.0005
0.353062 0.001
0.353493 0.0005
0.353993 0.001
0.354424 0.0005
0.354924 0.001
0.355354 0.0005
0.355854 0.001
0.356285 0.0005
0.356785 0.001
0.357215 0.0005
0.357715 0.001
0.358146 0.0005
0.358646 0.001
0.359076 0.0005
0.359576 0.001
0.360007 0.0005
0.360507 0.001
0.360937 0.0005
0.361437 0.001
0.361868 0.0005
0.362368 0.001
0.362799 0.0005
0.363299 0.001
0.363729 0.0005
0.364229 0.001
0.36466 0.0005
0.36516 0.001
0.36559 0.0005
0.36609 0.001
0.366521 0.0005
0.367021 0.001
0.367451 0.0005
0.367951 0.001
0.368382 0.0005
0.368882 0.001
0.369313 0.0005
0.369813 0.001
0.370243 0.0005
0.370743 0.001
0.371174 0.0005
0.371674 0.001
0.372104 0.0005
0.372604 0.001
0.373035 0.0005
0.373535 0.001
0.373965 0.0005
0.374465 0.001
0.374896 0.0005
0.375396 0.001
0.375826 0.0005
0.376326 0.001
0.376757 0.0005
0.377257 0.001
0.377688 0.0005
0.378188 0.001
0.378618 0.0005
0.379118 0.001
0.379549 0.0005
0.380049 0.001
0.380479 0.0005
0.380979 0.001
0.38141 0.0005
0.38191 0.001
0.38234 0.0005
0.38284 0.001
0.383271 0.0005
0.383771 0.001
0.384201 0.0005
0.384701 0.001
0.385132 0.0005
0.385632 0.001
0.386063 0.0005
0.386563 0.001
0.386993 0.0005
0.387493 0.001
0.387924 0.0005
0.388424 0.001
0.388854 0.0005
0.389354 0.001
0.389785 0.0005
0.390285 0.001
0.390715 0.0005
0.391215 0.001
0.391646 0.0005
0.392146 0.001
0.392577 0.0005
0.393077 0.001
0.393507 0.0005
0.394007 0.001
0.394438 0.0005
0.394938 0.001
0.395368 0.0005
0.395868 0.001
0.396299 0.0005
0.396799 0.001
0.397229 0.0005
0.397729 0.001
0.39816 0.0005
0.39866 0.001
0.39909 0.0005
0.39959 0.001
0.400021 0.0005
0.400521 0.001
0.400952 0.0005
0.401452 0.001
0.401882 0.0005
0.402382 0.001
0.402813 0.0005
0.403313 0.001
0.403743 0.0005
0.404243 0.001
0.404674 0.0005
0.405174 0.001
0.405604 0.0005
0.406104 0.001
0.406535 0.0005
0.407035 0.001
0.407465 0.0005
0.407965 0.001
0.408396 0.0005
0.408896 0.001
0.409327 0.0005
0.409827 0.001
0.410257 0.0005
0.410757 0.001
0.411188 0.0005
0.411688 0.001
0.412118 0.0005
0.412618 0.001
0.413049 0.0005
0.413549 0.001
0.413979 0.0005
0.414479 0.001
0.41491 0.0005
0.41541 0.001
0.415841 0.0005
0.416341 0.001
0.416771 0.0005
0.417271 0.001
0.417702 0.0005
0.418202 0.001
0.418632 0.0005
0.419132 0.001
0.419563 0.0005
0.420063 0.001
0.420493 0.0005
0.420993 0.001
0.421424 0.0005
0.421924 0.001
0.422354 0.0005
0.422854 0.001
0.423285 0.0005
0.423785 0.001
0.424216 0.0005
0.424716 0.001
0.425146 0.0005
0.425646 0.001
0.426077 0.0005
0.426577 0.001
0.427007 0.0005
0.427507 0.001
0.427938 0.0005
0.428438 0.001
0.428868 0.0005
0.429368 0.001
0.429799 0.0005
0.430299 0.001
0.430729 0.0005
0.431229 0.001
0.43166 0.0005
0.43216 0.001
0.432591 0.0005
0.433091 0.001
0.433521 0.0005
0.434021 0.001
0.434452 0.0005
0.434952 0.001
0.435382 0.0005
0.435882 0.001
0.436313 0.0005
0.436813 0.001
0.437243 0.0005
0.437743 0.001
0.438174 0.0005
0.438674 0.001
0.439105 0.0005
0.439605 0.001
0.440035 0.0005
0.440535 0.001
0.440966 0.0005
0.441466 0.001
0.441896 0.0005
0.442396 0.001
0.442827 0.0005
0.443327 0.001
0.443757 0.0005
0.444257 0.001
0.444688 0.0005
0.445188 0.001
0.445618 0.0005
0.446118 0.001
0.446549 0.0005
0.447049 0.001
0.44748 0.0005
0.44798 0.001
0.44841 0.0005
0.44891 0.001
0.449341 0.0005
0.449841 0.001
0.450271 0.0005
0.450771 0.001
0.451202 0.0005
0.451702 0.001
0.452132 0.0005
0.452632 0.001
0.453063 0.0005
0.453563 0.001
0.453993 0.0005
0.454493 0.001
0.454924 0.0005
0.455424 0.001
0.455855 0.0005
0.456355 0.001
0.456785 0.0005
0.457285 0.001
0.457716 0.0005
0.458216 0.001
0.458646 0.0005
0.459146 0.001
0.459577 0.0005
0.460077 0.001
0.460507 0.0005
0.461007 0.001
0.461438 0.0005
0.461938 0.001
0.462369 0.0005
0.462869 0.001
0.463299 0.0005
0.463799 0.001
0.46423 0.0005
0.46473 0.001
0.46516 0.0005
0.46566 0.001
0.466091 0.0005
0.466591 0.001
0.467021 0.0005
0.467521 0.001
0.467952 0.0005
0.468452 0.001
0.468882 0.0005
0.469382 0.001
0.469813 0.0005
0.470313 0.001
0.470744 0.0005
0.471244 0.001
0.471674 0.0005
0.472174 0.001
0.472605 0.0005
0.473105 0.001
0.473535 0.0005
0.474035 0.001
0.474466 0.0005
0.474966 0.001
0.475396 0.0005
0.475896 0.001
0.476327 0.0005
0.476827 0.001
0.477257 0.0005
0.477757 0.001
0.478188 0.0005
0.478688 0.001
0.479119 0.0005
0.479619 0.001
0.480049 0.0005
0.480549 0.001
0.48098 0.0005
0.48148 0.001
0.48191 0.0005
0.48241 0.001
0.482841 0.0005
0.483341 0.001
0.483771 0.0005
0.484271 0.001
0.484702 0.0005
0.485202 0.001
0.485633 0.0005
0.486133 0.001
0.486563 0.0005
0.487063 0.001
0.487494 0.0005
0.487994 0.001
0.488424 0.0005
0.488924 0.001
0.489355 0.0005
0.489855 0.001
0.490285 0.0005
0.490785 0.001
0.491216 0.0005
0.491716 0.001
0.492146 0.0005
0.492646 0.001
0.493077 0.0005
0.493577 0.001
0.494008 0.0005
0.494508 0.001
0.494938 0.0005
0.495438 0.001
0.495869 0.0005
0.496369 0.001
0.496799 0.0005
0.497299 0.001
0.49773 0.0005
0.49823 0.001
0.49866 0.0005
0.49916 0.001
0.499591 0.0005
0.500091 0.001
0.500521 0.0005
0.501021 0.001
0.501452 0.0005
0.501952 0.001
0.502383 0.0005
0.502883 0.001
0.503313 0.0005
0.503813 0.001
0.504244 0.0005
0.504744 0.001
0.505174 0.0005
0.505674 0.001
0.506105 0.0005
0.506605 0.001
0.507035 0.0005
0.507535 0.001
0.507966 0.0005
0.508466 0.001
0.508897 0.0005
0.509397 0.001
0.509827 0.0005
0.510327 0.001
0.510758 0.0005
0.511258 0.001
0.511688 0.0005
0.512188 0.001
0.512619 0.0005
0.513119 0.001
0.513549 0.0005
0.514049 0.001
0.51448 0.0005
0.51498 0.001
0.51541 0.0005
0.51591 0.001
0.516341 0.0005
0.516841 0.001
0.517272 0.0005
0.517772 0.001
0.518202 0.0005
0.518702 0.001
0.519133 0.0005
0.519633 0.001
0.520063 0.0005
0.520563 0.001
0.520994 0.0005
0.521494 0.001
0.521924 0.0005
0.522424 0.001
0.522855 0.0005
0.523355 0.001
0.523785 0.0005
0.524285 0.001
0.524716 0.0005
0.525216 0.001
0.525647 0.0005
0.526147 0.001
0.526577 0.0005
0.527077 0.001
0.527508 0.0005
0.528008 0.001
0.528438 0.0005
0.528938 0.001
0.529369 0.0005
0.529869 0.001
0.530299 0.0005
0.530799 0.001
0.53123 0.0005
0.53173 0.001
0.532161 0.0005
0.532661 0.001
0.533091 0.0005
0.533591 0.001
0.534022 0.0005
0.534522 0.001
0.534952 0.0005
0.535452 0.001
0.535883 0.0005
0.536383 0.001
0.536813 0.0005
0.537313 0.001
0.537744 0.0005
0.538244 0.001
0.538674 0.0005
0.539174 0.001
0.539605 0.0005
0.540105 0.001
0.540536 0.0005
0.541036 0.001
0.541466 0.0005
0.541966 0.001
0.542397 0.0005
0.542897 0.001
0.543327 0.0005
0.543827 0.001
0.544258 0.0005
0.544758 0.001
0.545188 0.0005
0.545688 0.001
0.546119 0.0005
0.546619 0.001
0.547049 0.0005
0.547549 0.001
0.54798 0.0005
0.54848 0.001
0.548911 0.0005
0.549411 0.001
0.549841 0.0005
0.550341 0.001
0.550772 0.0005
0.551272 0.001
0.551702 0.0005
0.552202 0.001
0.552633 0.0005
0.553133 0.001
0.553563 0.0005
0.554063 0.001
0.554494 0.0005
0.554994 0.001
0.555425 0.0005
0.555925 0.001
0.556355 0.0005
0.556855 0.001
0.557286 0.0005
0.557786 0.001
0.558216 0.0005
0.558716 0.001
0.559147 0.0005
0.559647 0.001
0.560077 0.0005
0.560577 0.001
0.561008 0.0005
0.561508 0.001
0.561938 0.0005
0.562438 0.001
0.562869 0.0005
0.563369 0.001
0.5638 0.0005
0.5643 0.001
0.56473 0.0005
0.56523 0.001
0.565661 0.0005
0.566161 0.001
0.566591 0.0005
0.567091 0.001
0.567522 0.0005
0.568022 0.001
0.568452 0.0005
0.568952 0.001
0.569383 0.0005
0.569883 0.001
0.570313 0.0005
0.570813 0.001
0.571244 0.0005
0.571744 0.001
0.572175 0.0005
0.572675 0.001
0.573105 0.0005
0.573605 0.001
0.574036 0.0005
0.574536 0.001
0.574966 0.0005
0.575466 0.001
0.575897 0.0005
0.576397 0.001
0.576827 0.0005
0.577327 0.001
0.577758 0.0005
0.578258 0.001
0.578689 0.0005
0.579189 0.001
0.579619 0.0005
0.580119 0.001
0.58055 0.0005
0.58105 0.001
0.58148 0.0005
0.58198 0.001
0.582411 0.0005
0.582911 0.001
0.583341 0.0005
0.583841 0.001
0.584272 0.0005
0.584772 0.001
0.585202 0.0005
0.585702 0.001
0.586133 0.0005
0.586633 0.001
0.587064 0.0005
0.587564 0.001
0.587994 0.0005
0.588494 0.001
0.588925 0.0005
0.589425 0.001
0.589855 0.0005
0.590355 0.001
0.590786 0.0005
0.591286 0.001
0.591716 0.0005
0.592216 0.001
0.592647 0.0005
0.593147 0.001
0.593577 0.0005
0.594077 0.001
0.594508 0.0005
0.595008 0.001
0.595439 0.0005
0.595939 0.001
0.596369 0.0005
0.596869 0.001
0.5973 0.0005
0.5978 0.001
0.59823 0.0005
0.59873 0.001
0.599161 0.0005
0.599661 0.001
0.600091 0.0005
0.600591 0.001
0.601022 0.0005
0.601522 0.001
0.601953 0.0005
0.602453 0.001
0.602883 0.0005
0.603383 0.001
0.603814 0.0005
0.604314 0.001
0.604744 0.0005
0.605244 0.001
0.605675 0.0005
0.606175 0.001
0.606605 0.0005
0.607105 0.001
0.607536 0.0005
0.608036 0.001
0.608466 0.0005
0.608966 0.001
0.609397 0.0005
0.609897 0.001
0.610328 0.0005
0.610828 0.001
0.611258 0.0005
0.611758 0.001
0.612189 0.0005
0.612689 0.001
0.613119 0.0005
0.613619 0.001
0.61405 0.0005
0.61455 0.001
0.61498 0.0005
0.61548 0.001
0.615911 0.0005
0.616411 0.001
0.616841 0.0005
0.617341 0.001
0.617772 0.0005
0.618272 0.001
0.618703 0.0005
0.619203 0.001
0.619633 0.0005
0.620133 0.001
0.620564 0.0005
0.621064 0.001
0.621494 0.0005
0.621994 0.001
0.622425 0.0005
0.622925 0.001
0.623355 0.0005
0.623855 0.001
0.624286 0.0005
0.624786 0.001
0.625217 0.0005
0.625717 0.001
0.626147 0.0005
0.626647 0.001
0.627078 0.0005
0.627578 0.001
0.628008 0.0005
0.628508 0.001
0.628939 0.0005
0.629439 0.001
0.629869 0.0005
0.630369 0.001
0.6308 0.0005
0.6313 0.001
0.63173 0.0005
0.63223 0.001
0.632661 0.0005
0.633161 0.001
0.633592 0.0005
0.634092 0.001
0.634522 0.0005
0.635022 0.001
0.635453 0.0005
0.635953 0.001
0.636383 0.0005
0.636883 0.001
0.637314 0.0005
0.637814 0.001
0.638244 0.0005
0.638744 0.001
0.639175 0.0005
0.639675 0.001
0.640105 0.0005
0.640605 0.001
0.641036 0.0005
0.641536 0.001
0.641967 0.0005
0.642467 0.001
0.642897 0.0005
0.643397 0.001
0.643828 0.0005
0.644328 0.001
0.644758 0.0005
0.645258 0.001
0.645689 0.0005
0.646189 0.001
0.646619 0.0005
0.647119 0.001
0.64755 0.0005
0.64805 0.001
0.648481 0.0005
0.648981 0.001
0.649411 0.0005
0.649911 0.001
0.650342 0.0005
0.650842 0.001
0.651272 0.0005
0.651772 0.001
0.652203 0.0005
0.652703 0.001
0.653133 0.0005
0.653633 0.001
0.654064 0.0005
0.654564 0.001
0.654994 0.0005
0.655494 0.001
0.655925 0.0005
0.656425 0.001
0.656856 0.0005
0.657356 0.001
0.657786 0.0005
0.658286 0.001
0.658717 0.0005
0.659217 0.001
0.659647 0.0005
0.660147 0.001
0.660578 0.0005
0.661078 0.001
0.661508 0.0005
0.662008 0.001
0.662439 0.0005
0.662939 0.001
0.663369 0.0005
0.663869 0.001
0.6643 0.0005
0.6648 0.001
0.665231 0.0005
0.665731 0.001
0.666161 0.0005
0.666661 0.001
0.667092 0.0005
0.667592 0.001
0.668022 0.0005
0.668522 0.001
0.668953 0.0005
0.669453 0.001
0.669883 0.0005
0.670383 0.001
0.670814 0.0005
0.671314 0.001
0.671745 0.0005
0.672245 0.001
0.672675 0.0005
0.673175 0.001
0.673606 0.0005
0.674106 0.001
0.674536 0.0005
0.675036 0.001
0.675467 0.0005
0.675967 0.001
0.676397 0.0005
0.676897 0.001
0.677328 0.0005
0.677828 0.001
0.678258 0.0005
0.678758 0.001
0.679189 0.0005
0.679689 0.001
0.68012 0.0005
0.68062 0.001
0.68105 0.0005
0.68155 0.001
0.681981 0.0005
0.682481 0.001
0.682911 0.0005
0.683411 0.001
0.683842 0.0005
0.684342 0.001
0.684772 0.0005
0.685272 0.001
0.685703 0.0005
0.686203 0.001
0.686633 0.0005
0.687133 0.001
0.687564 0.0005
0.688064 0.001
0.688495 0.0005
0.688995 0.001
0.689425 0.0005
0.689925 0.001
0.690356 0.0005
0.690856 0.001
0.691286 0.0005
0.691786 0.001
0.692217 0.0005
0.692717 0.001
0.693147 0.0005
0.693647 0.001
0.694078 0.0005
0.694578 0.001
0.695009 0.0005
0.695509 0.001
0.695939 0.0005
0.696439 0.001
0.69687 0.0005
0.69737 0.001
0.6978 0.0005
0.6983 0.001
0.698731 0.0005
0.699231 0.001
0.699661 0.0005
0.700161 0.001
0.700592 0.0005
0.701092 0.001
0.701522 0.0005
0.702022 0.001
0.702453 0.0005
0.702953 0.001
0.703384 0.0005
0.703884 0.001
0.704314 0.0005
0.704814 0.001
0.705245 0.0005
0.705745 0.001
0.706175 0.0005
0.706675 0.001
0.707106 0.0005
0.707606 0.001
0.708036 0.0005
0.708536 0.001
0.708967 0.0005
0.709467 0.001
0.709897 0.0005
0.710397 0.001
0.710828 0.0005
0.711328 0.001
0.711759 0.0005
0.712259 0.001
0.712689 0.0005
0.713189 0.001
0.71362 0.0005
0.71412 0.001
0.71455 0.0005
0.71505 0.001
0.715481 0.0005
0.715981 0.001
0.716411 0.0005
0.716911 0.001
0.717342 0.0005
0.717842 0.001
0.718273 0.0005
0.718773 0.001
0.719203 0.0005
0.719703 0.001
0.720134 0.0005
0.720634 0.001
0.721064 0.0005
0.721564 0.001
0.721995 0.0005
0.722495 0.001
0.722925 0.0005
0.723425 0.001
0.723856 0.0005
0.724356 0.001
0.724786 0.0005
0.725286 0.001
0.725717 0.0005
0.726217 0.001
0.726648 0.0005
0.727148 0.001
0.727578 0.0005
0.728078 0.001
0.728509 0.0005
0.729009 0.001
0.729439 0.0005
0.729939 0.001
0.73037 0.0005
0.73087 0.001
0.7313 0.0005
0.7318 0.001
0.732231 0.0005
0.732731 0.001
0.733161 0.0005
0.733661 0.001
0.734092 0.0005
0.734592 0.001
0.735023 0.0005
0.735523 0.001
0.735953 0.0005
0.736453 0.001
0.736884 0.0005
0.737384 0.001
0.737814 0.0005
0.738314 0.001
0.738745 0.0005
0.739245 0.001
0.739675 0.0005
0.740175 0.001
0.740606 0.0005
0.741106 0.001
0.741537 0.0005
0.742037 0.001
0.742467 0.0005
0.742967 0.001
0.743398 0.0005
0.743898 0.001
0.744328 0.0005
0.744828 0.001
0.745259 0.0005
0.745759 0.001
0.746189 0.0005
0.746689 0.001
0.74712 0.0005
0.74762 0.001
0.74805 0.0005
0.74855 0.001
0.748981 0.0005
0.749481 0.001
0.749912 0.0005
0.750412 0.001
0.750842 0.0005
0.751342 0.001
0.751773 0.0005
0.752273 0.001
0.752703 0.0005
0.753203 0.001
0.753634 0.0005
0.754134 0.001
0.754564 0.0005
0.755064 0.001
0.755495 0.0005
0.755995 0.001
0.756425 0.0005
0.756925 0.001
0.757356 0.0005
0.757856 0.001
0.758287 0.0005
0.758787 0.001
0.759217 0.0005
0.759717 0.001
0.760148 0.0005
0.760648 0.001
0.761078 0.0005
0.761578 0.001
0.762009 0.0005
0.762509 0.001
0.762939 0.0005
0.763439 0.001
0.76387 0.0005
0.76437 0.001
0.764801 0.0005
0.765301 0.001
0.765731 0.0005
0.766231 0.001
0.766662 0.0005
0.767162 0.001
0.767592 0.0005
0.768092 0.001
0.768523 0.0005
0.769023 0.001
0.769453 0.0005
0.769953 0.001
0.770384 0.0005
0.770884 0.001
0.771314 0.0005
0.771814 0.001
0.772245 0.0005
0.772745 0.001
0.773176 0.0005
0.773676 0.001
0.774106 0.0005
0.774606 0.001
0.775037 0.0005
0.775537 0.001
0.775967 0.0005
0.776467 0.001
0.776898 0.0005
0.777398 0.001
0.777828 0.0005
0.778328 0.001
0.778759 0.0005
0.779259 0.001
0.779689 0.0005
0.780189 0.001
0.78062 0.0005
0.78112 0.001
0.781551 0.0005
0.782051 0.001
0.782481 0.0005
0.782981 0.001
0.783412 0.0005
0.783912 0.001
0.784342 0.0005
0.784842 0.001
0.785273 0.0005
0.785773 0.001
0.786203 0.0005
0.786703 0.001
0.787134 0.0005
0.787634 0.001
0.788065 0.0005
0.788565 0.001
0.788995 0.0005
0.789495 0.001
0.789926 0.0005
0.790426 0.001
0.790856 0.0005
0.791356 0.001
0.791787 0.0005
0.792287 0.001
0.792717 0.0005
0.793217 0.001
0.793648 0.0005
0.794148 0.001
0.794578 0.0005
0.795078 0.001
0.795509 0.0005
0.796009 0.001
0.79644 0.0005
0.79694 0.001
0.79737 0.0005
0.79787 0.001
0.798301 0.0005
0.798801 0.001
0.799231 0.0005
0.799731 0.001
0.800162 0.0005
0.800662 0.001
0.801092 0.0005
0.801592 0.001
0.802023 0.0005
0.802523 0.001
0.802953 0.0005
0.803453 0.001
0.803884 0.0005
0.804384 0.001
0.804815 0.0005
0.805315 0.001
0.805745 0.0005
0.806245 0.001
0.806676 0.0005
0.807176 0.001
0.807606 0.0005
0.808106 0.001
0.808537 0.0005
0.809037 0.001
0.809467 0.0005
0.809967 0.001
0.810398 0.0005
0.810898 0.001
0.811329 0.0005
0.811829 0.001
0.812259 0.0005
0.812759 0.001
0.81319 0.0005
0.81369 0.001
0.81412 0.0005
0.81462 0.001
0.815051 0.0005
0.815551 0.001
0.815981 0.0005
0.816481 0.001
0.816912 0.0005
0.817412 0.001
0.817842 0.0005
0.818342 0.001
0.818773 0.0005
0.819273 0.001
0.819704 0.0005
0.820204 0.001
0.820634 0.0005
0.821134 0.001
0.821565 0.0005
0.822065 0.001
0.822495 0.0005
0.822995 0.001
0.823426 0.0005
0.823926 0.001
0.824356 0.0005
0.824856 0.001
0.825287 0.0005
0.825787 0.001
0.826217 0.0005
0.826717 0.001
0.827148 0.0005
0.827648 0.001
0.828079 0.0005
0.828579 0.001
0.829009 0.0005
0.829509 0.001
0.82994 0.0005
0.83044 0.001
0.83087 0.0005
0.83137 0.001
0.831801 0.0005
0.832301 0.001
0.832731 0.0005
0.833231 0.001
0.833662 0.0005
0.834162 0.001
0.834593 0.0005
0.835093 0.001
0.835523 0.0005
0.836023 0.001
0.836454 0.0005
0.836954 0.001
0.837384 0.0005
0.837884 0.001
0.838315 0.0005
0.838815 0.001
0.839245 0.0005
0.839745 0.001
0.840176 0.0005
0.840676 0.001
0.841106 0.0005
0.841606 0.001
0.842037 0.0005
0.842537 0.001
0.842968 0.0005
0.843468 0.001
0.843898 0.0005
0.844398 0.001
0.844829 0.0005
0.845329 0.001
0.845759 0.0005
0.846259 0.001
0.84669 0.0005
0.84719 0.001
0.84762 0.0005
0.84812 0.001
0.848551 0.0005
0.849051 0.001
0.849481 0.0005
0.849981 0.001
0.850412 0.0005
0.850912 0.001
0.851343 0.0005
0.851843 0.001
0.852273 0.0005
0.852773 0.001
0.853204 0.0005
0.853704 0.001
0.854134 0.0005
0.854634 0.001
0.855065 0.0005
0.855565 0.001
0.855995 0.0005
0.856495 0.001
0.856926 0.0005
0.857426 0.001
0.857857 0.0005
0.858357 0.001
0.858787 0.0005
0.859287 0.001
0.859718 0.0005
0.860218 0.001
0.860648 0.0005
0.861148 0.001
0.861579 0.0005
0.862079 0.001
0.862509 0.0005
0.863009 0.001
0.86344 0.0005
0.86394 0.001
0.86437 0.0005
0.86487 0.001
0.865301 0.0005
0.865801 0.001
0.866232 0.0005
0.866732 0.001
0.867162 0.0005
0.867662 0.001
0.868093 0.0005
0.868593 0.001
0.869023 0.0005
0.869523 0.001
0.869954 0.0005
0.870454 0.001
0.870884 0.0005
0.871384 0.001
0.871815 0.0005
0.872315 0.001
0.872745 0.0005
0.873245 0.001
0.873676 0.0005
0.874176 0.001
0.874607 0.0005
0.875107 0.001
0.875537 0.0005
0.876037 0.001
0.876468 0.0005
0.876968 0.001
0.877398 0.0005
0.877898 0.001
0.878329 0.0005
0.878829 0.001
0.879259 0.0005
0.879759 0.001
0.88019 0.0005
0.88069 0.001
0.881121 0.0005
0.881621 0.001
0.882051 0.0005
0.882551 0.001
0.882982 0.0005
0.883482 0.001
0.883912 0.0005
0.884412 0.001
0.884843 0.0005
0.885343 0.001
0.885773 0.0005
0.886273 0.001
0.886704 0.0005
0.887204 0.001
0.887634 0.0005
0.888134 0.001
0.888565 0.0005
0.889065 0.001
0.889496 0.0005
0.889996 0.001
0.890426 0.0005
0.890926 0.001
0.891357 0.0005
0.891857 0.001
0.892287 0.0005
0.892787 0.001
0.893218 0.0005
0.893718 0.001
0.894148 0.0005
0.894648 0.001
0.895079 0.0005
0.895579 0.001
0.896009 0.0005
0.896509 0.001
0.89694 0.0005
0.89744 0.001
0.897871 0.0005
0.898371 0.001
0.898801 0.0005
0.899301 0.001
0.899732 0.0005
0.900232 0.001
0.900662 0.0005
0.901162 0.001
0.901593 0.0005
0.902093 0.001
0.902523 0.0005
0.903023 0.001
0.903454 0.0005
0.903954 0.001
0.904385 0.0005
0.904885 0.001
0.905315 0.0005
0.905815 0.001
0.906246 0.0005
0.906746 0.001
0.907176 0.0005
0.907676 0.001
0.908107 0.0005
0.908607 0.001
0.909037 0.0005
0.909537 0.001
0.909968 0.0005
0.910468 0.001
0.910898 0.0005
0.911398 0.001
0.911829 0.0005
0.912329 0.001
0.91276 0.0005
0.91326 0.001
0.91369 0.0005
0.91419 0.001
0.914621 0.0005
0.915121 0.001
0.915551 0.0005
0.916051 0.001
0.916482 0.0005
0.916982 0.001
0.917412 0.0005
0.917912 0.001
0.918343 0.0005
0.918843 0.001
0.919273 0.0005
0.919773 0.001
0.920204 0.0005
0.920704 0.001
0.921135 0.0005
0.921635 0.001
0.922065 0.0005
0.922565 0.001
0.922996 0.0005
0.923496 0.001
0.923926 0.0005
0.924426 0.001
0.924857 0.0005
0.925357 0.001
0.925787 0.0005
0.926287 0.001
0.926718 0.0005
0.927218 0.001
0.927649 0.0005
0.928149 0.001
0.928579 0.0005
0.929079 0.001
0.92951 0.0005
0.93001 0.001
0.93044 0.0005
0.93094 0.001
0.931371 0.0005
0.931871 0.001
0.932301 0.0005
0.932801 0.001
0.933232 0.0005
0.933732 0.001
0.934162 0.0005
0.934662 0.001
0.935093 0.0005
0.935593 0.001
0.936024 0.0005
0.936524 0.001
0.936954 0.0005
0.937454 0.001
0.937885 0.0005
0.938385 0.001
0.938815 0.0005
0.939315 0.001
0.939746 0.0005
0.940246 0.001
0.940676 0.0005
0.941176 0.001
0.941607 0.0005
0.942107 0.001
0.942537 0.0005
0.943037 0.001
0.943468 0.0005
0.943968 0.001
0.944399 0.0005
0.944899 0.001
0.945329 0.0005
0.945829 0.001
0.94626 0.0005
0.94676 0.001
0.94719 0.0005
0.94769 0.001
0.948121 0.0005
0.948621 0.001
0.949051 0.0005
0.949551 0.001
0.949982 0.0005
0.950482 0.001
0.950913 0.0005
0.951413 0.001
0.951843 0.0005
0.952343 0.001
0.952774 0.0005
0.953274 0.001
0.953704 0.0005
0.954204 0.001
0.954635 0.0005
0.955135 0.001
0.955565 0.0005
0.956065 0.001
0.956496 0.0005
0.956996 0.001
0.957426 0.0005
0.957926 0.001
0.958357 0.0005
0.958857 0.001
0.959288 0.0005
0.959788 0.001
0.960218 0.0005
0.960718 0.001
0.961149 0.0005
0.961649 0.001
0.962079 0.0005
0.962579 0.001
0.96301 0.0005
0.96351 0.001
0.96394 0.0005
0.96444 0.001
0.964871 0.0005
0.965371 0.001
0.965801 0.0005
0.966301 0.001
0.966732 0.0005
0.967232 0.001
0.967663 0.0005
0.968163 0.001
0.968593 0.0005
0.969093 0.001
0.969524 0.0005
0.970024 0.001
0.970454 0.0005
0.970954 0.001
0.971385 0.0005
0.971885 0.001
0.972315 0.0005
0.972815 0.001
0.973246 0.0005
0.973746 0.001
0.974177 0.0005
0.974677 0.001
0.975107 0.0005
0.975607 0.001
0.976038 0.0005
0.976538 0.001
0.976968 0.0005
0.977468 0.001
0.977899 0.0005
0.978399 0.001
0.978829 0.0005
0.979329 0.001
0.97976 0.0005
0.98026 0.001
0.98069 0.0005
0.98119 0.001
0.981621 0.0005
0.982121 0.001
0.982552 0.0005
0.983052 0.001
0.983482 0.0005
0.983982 0.001
0.984413 0.0005
0.984913 0.001
0.985343 0.0005
0.985843 0.001
0.986274 0.0005
0.986774 0.001
0.987204 0.0005
0.987704 0.001
0.988135 0.0005
0.988635 0.001
0.989065 0.0005
0.989565 0.001
0.989996 0.0005
0.990496 0.001
0.990927 0.0005
0.991427 0.001
0.991857 0.0005
0.992357 0.001
0.992788 0.0005
0.993288 0.001
0.993718 0.0005
0.994218 0.001
0.994649 0.0005
0.995149 0.001
0.995579 0.0005
0.996079 0.001
0.99651 0.0005
0.99701 0.001
0.997441 0.0005
0.997941 0.001
0.998371 0.0005
0.998871 0.001
0.999302 0.0005
0.999802 0.001
1.00023 0.0005
1.00073 0.001
1.00116 0.0005
1.00166 0.001
1.00209 0.0005
1.00259 0.001
1.00302 0.0005
1.00352 0.001
1.00395 0.0005
1.00445 0.001
1.00488 0.0005
1.00538 0.001
1.00582 0.0005
1.00632 0.001
1.00675 0.0005
1.00725 0.001
1.00768 0.0005
1.00818 0.001
1.00861 0.0005
1.00911 0.001
1.00954 0.0005
1.01004 0.001
1.01047 0.0005
1.01097 0.001
1.0114 0.0005
1.0119 0.001
1.01233 0.0005
1.01283 0.001
1.01326 0.0005
1.01376 0.001
1.01419 0.0005
1.01469 0.001
1.01512 0.0005
1.01562 0.001
1.01605 0.0005
1.01655 0.001
1.01698 0.0005
1.01748 0.001
1.01791 0.0005
1.01841 0.001
1.01884 0.0005
1.01934 0.001
1.01977 0.0005
1.02027 0.001
1.0207 0.0005
1.0212 0.001
1.02164 0.0005
1.02214 0.001
1.02257 0.0005
1.02307 0.001
1.0235 0.0005
1.024 0.001
1.02443 0.0005
1.02493 0.001
1.02536 0.0005
1.02586 0.001
1.02629 0.0005
1.02679 0.001
1.02722 0.0005
1.02772 0.001
1.02815 0.0005
1.02865 0.001
1.02908 0.0005
1.02958 0.001
1.03001 0.0005
1.03051 0.001
1.03094 0.0005
1.03144 0.001
1.03187 0.0005
1.03237 0.001
1.0328 0.0005
1.0333 0.001
1.03373 0.0005
1.03423 0.001
1.03466 0.0005
1.03516 0.001
1.03559 0.0005
1.03609 0.001
1.03652 0.0005
1.03702 0.001
1.03745 0.0005
1.03795 0.001
1.03839 0.0005
1.03889 0.001
1.03932 0.0005
1.03982 0.001
1.04025 0.0005
1.04075 0.001
1.04118 0.0005
1.04168 0.001
1.04211 0.0005
1.04261 0.001
1.04304 0.0005
1.04354 0.001
1.04397 0.0005
1.04447 0.001
1.0449 0.0005
1.0454 0.001
1.04583 0.0005
1.04633 0.001
1.04676 0.0005
1.04726 0.001
1.04769 0.0005
1.04819 0.001
1.04862 0.0005
1.04912 0.001
1.04955 0.0005
1.05005 0.001
1.05048 0.0005
1.05098 0.001
1.05141 0.0005
1.05191 0.001
1.05234 0.0005
1.05284 0.001
1.05327 0.0005
1.05377 0.001
1.0542 0.0005
1.0547 0.001
1.05514 0.0005
1.05564 0.001
1.05607 0.0005
1.05657 0.001
1.057 0.0005
1.0575 0.001
1.05793 0.0005
1.05843 0.001
1.05886 0.0005
1.05936 0.001
1.05979 0.0005
1.06029 0.001
1.06072 0.0005
1.06122 0.001
1.06165 0.0005
1.06215 0.001
1.06258 0.0005
1.06308 0.001
1.06351 0.0005
1.06401 0.001
1.06444 0.0005
1.06494 0.001
1.06537 0.0005
1.06587 0.001
1.0663 0.0005
1.0668 0.001
1.06723 0.0005
1.06773 0.001
1.06816 0.0005
1.06866 0.001
1.06909 0.0005
1.06959 0.001
1.07002 0.0005
1.07052 0.001
1.07095 0.0005
1.07145 0.001
1.07189 0.0005
1.07239 0.001
1.07282 0.0005
1.07332 0.001
1.07375 0.0005
1.07425 0.001
1.07468 0.0005
1.07518 0.001
1.07561 0.0005
1.07611 0.001
1.07654 0.0005
1.07704 0.001
1.07747 0.0005
1.07797 0.001
1.0784 0.0005
1.0789 0.001
1.07933 0.0005
1.07983 0.001
1.08026 0.0005
1.08076 0.001
1.08119 0.0005
1.08169 0.001
1.08212 0.0005
1.08262 0.001
1.08305 0.0005
1.08355 0.001
1.08398 0.0005
1.08448 0.001
1.08491 0.0005
1.08541 0.001
1.08584 0.0005
1.08634 0.001
1.08677 0.0005
1.08727 0.001
1.0877 0.0005
1.0882 0.001
1.08864 0.0005
1.08914 0.001
1.08957 0.0005
1.09007 0.001
1.0905 0.0005
1.091 0.001
1.09143 0.0005
1.09193 0.001
1.09236 0.0005
1.09286 0.001
1.09329 0.0005
1.09379 0.001
1.09422 0.0005
1.09472 0.001
1.09515 0.0005
1.09565 0.001
1.09608 0.0005
1.09658 0.001
1.09701 0.0005
1.09751 0.001
1.09794 0.0005
1.09844 0.001
1.09887 0.0005
1.09937 0.001
1.0998 0.0005
1.1003 0.001
1.10073 0.0005
1.10123 0.001
1.10166 0.0005
1.10216 0.001
1.10259 0.0005
1.10309 0.001
1.10352 0.0005
1.10402 0.001
1.10445 0.0005
1.10495 0.001
1.10539 0.0005
1.10589 0.001
1.10632 0.0005
1.10682 0.001
1.10725 0.0005
1.10775 0.001
1.10818 0.0005
1.10868 0.001
1.10911 0.0005
1.10961 0.001
1.11004 0.0005
1.11054 0.001
1.11097 0.0005
1.11147 0.001
1.1119 0.0005
1.1124 0.001
1.11283 0.0005
1.11333 0.001
1.11376 0.0005
1.11426 0.001
1.11469 0.0005
1.11519 0.001
1.11562 0.0005
1.11612 0.001
1.11655 0.0005
1.11705 0.001
1.11748 0.0005
1.11798 0.001
1.11841 0.0005
1.11891 0.001
1.11934 0.0005
1.11984 0.001
1.12027 0.0005
1.12077 0.001
1.1212 0.0005
1.1217 0.001
1.12214 0.0005
1.12264 0.001
1.12307 0.0005
1.12357 0.001
1.124 0.0005
1.1245 0.001
1.12493 0.0005
1.12543 0.001
1.12586 0.0005
1.12636 0.001
1.12679 0.0005
1.12729 0.001
1.12772 0.0005
1.12822 0.001
1.12865 0.0005
1.12915 0.001
1.12958 0.0005
1.13008 0.001
1.13051 0.0005
1.13101 0.001
1.13144 0.0005
1.13194 0.001
1.13237 0.0005
1.13287 0.001
1.1333 0.0005
1.1338 0.001
1.13423 0.0005
1.13473 0.001
1.13516 0.0005
1.13566 0.001
1.13609 0.0005
1.13659 0.001
1.13702 0.0005
1.13752 0.001
1.13796 0.0005
1.13846 0.001
1.13889 0.0005
1.13939 0.001
1.13982 0.0005
1.14032 0.001
1.14075 0.0005
1.14125 0.001
1.14168 0.0005
1.14218 0.001
1.14261 0.0005
1.14311 0.001
1.14354 0.0005
1.14404 0.001
1.14447 0.0005
1.14497 0.001
1.1454 0.0005
1.1459 0.001
1.14633 0.0005
1.14683 0.001
1.14726 0.0005
1.14776 0.001
1.14819 0.0005
1.14869 0.001
1.14912 0.0005
1.14962 0.001
1.15005 0.0005
1.15055 0.001
1.15098 0.0005
1.15148 0.001
1.15191 0.0005
1.15241 0.001
1.15284 0.0005
1.15334 0.001
1.15377 0.0005
1.15427 0.001
1.15471 0.0005
1.15521 0.001
1.15564 0.0005
1.15614 0.001
1.15657 0.0005
1.15707 0.001
1.1575 0.0005
1.158 0.001
1.15843 0.0005
1.15893 0.001
1.15936 0.0005
1.15986 0.001
1.16029 0.0005
1.16079 0.001
1.16122 0.0005
1.16172 0.001
1.16215 0.0005
1.16265 0.001
1.16308 0.0005
1.16358 0.001
1.16401 0.0005
1.16451 0.001
1.16494 0.0005
1.16544 0.001
1.16587 0.0005
1.16637 0.001
1.1668 0.0005
1.1673 0.001
1.16773 0.0005
1.16823 0.001
1.16866 0.0005
1.16916 0.001
1.16959 0.0005
1.17009 0.001
1.17052 0.0005
1.17102 0.001
1.17146 0.0005
1.17196 0.001
1.17239 0.0005
1.17289 0.001
1.17332 0.0005
1.17382 0.001
1.17425 0.0005
1.17475 0.001
1.17518 0.0005
1.17568 0.001
1.17611 0.0005
1.17661 0.001
1.17704 0.0005
1.17754 0.001
1.17797 0.0005
1.17847 0.001
1.1789 0.0005
1.1794 0.001
1.17983 0.0005
1.18033 0.001
1.18076 0.0005
1.18126 0.001
1.18169 0.0005
1.18219 0.001
1.18262 0.0005
1.18312 0.001
1.18355 0.0005
1.18405 0.001
1.18448 0.0005
1.18498 0.001
1.18541 0.0005
1.18591 0.001
1.18634 0.0005
1.18684 0.001
1.18727 0.0005
1.18777 0.001
1.18821 0.0005
1.18871 0.001
1.18914 0.0005
1.18964 0.001
1.19007 0.0005
1.19057 0.001
1.191 0.0005
1.1915 0.001
1.19193 0.0005
1.19243 0.001
1.19286 0.0005
1.19336 0.001
1.19379 0.0005
1.19429 0.001
1.19472 0.0005
1.19522 0.001
1.19565 0.0005
1.19615 0.001
1.19658 0.0005
1.19708 0.001
1.19751 0.0005
1.19801 0.001
1.19844 0.0005
1.19894 0.001
1.19937 0.0005
1.19987 0.001
1.2003 0.0005
1.2008 0.001
1.20123 0.0005
1.20173 0.001
1.20216 0.0005
1.20266 0.001
1.20309 0.0005
1.20359 0.001
1.20402 0.0005
1.20452 0.001
1.20496 0.0005
1.20546 0.001
1.20589 0.0005
1.20639 0.001
1.20682 0.0005
1.20732 0.001
1.20775 0.0005
1.20825 0.001
1.20868 0.0005
1.20918 0.001
1.20961 0.0005
1.21011 0.001
1.21054 0.0005
1.21104 0.001
1.21147 0.0005
1.21197 0.001
1.2124 0.0005
1.2129 0.001
1.21333 0.0005
1.21383 0.001
1.21426 0.0005
1.21476 0.001
1.21519 0.0005
1.21569 0.001
1.21612 0.0005
1.21662 0.001
1.21705 0.0005
1.21755 0.001
1.21798 0.0005
1.21848 0.001
1.21891 0.0005
1.21941 0.001
1.21984 0.0005
1.22034 0.001
1.22077 0.0005
1.22127 0.001
1.22171 0.0005
1.22221 0.001
1.22264 0.0005
1.22314 0.001
1.22357 0.0005
1.22407 0.001
1.2245 0.0005
1.225 0.001
1.22543 0.0005
1.22593 0.001
1.22636 0.0005
1.22686 0.001
1.22729 0.0005
1.22779 0.001
1.22822 0.0005
1.22872 0.001
1.22915 0.0005
1.22965 0.001
1.23008 0.0005
1.23058 0.001
1.23101 0.0005
1.23151 0.001
1.23194 0.0005
1.23244 0.001
1.23287 0.0005
1.23337 0.001
1.2338 0.0005
1.2343 0.001
1.23473 0.0005
1.23523 0.001
1.23566 0.0005
1.23616 0.001
1.23659 0.0005
1.23709 0.001
1.23752 0.0005
1.23802 0.001
1.23846 0.0005
1.23896 0.001
1.23939 0.0005
1.23989 0.001
1.24032 0.0005
1.24082 0.001
1.24125 0.0005
1.24175 0.001
1.24218 0.0005
1.24268 0.001
1.24311 0.0005
1.24361 0.001
1.24404 0.0005
1.24454 0.001
1.24497 0.0005
1.24547 0.001
1.2459 0.0005
1.2464 0.001
1.24683 0.0005
1.24733 0.001
1.24776 0.0005
1.24826 0.001
1.24869 0.0005
1.24919 0.001
1.24962 0.0005
1.25012 0.001
1.25055 0.0005
1.25105 0.001
1.25148 0.0005
1.25198 0.001
1.25241 0.0005
1.25291 0.001
1.25334 0.0005
1.25384 0.001
1.25428 0.0005
1.25478 0.001
1.25521 0.0005
1.25571 0.001
1.25614 0.0005
1.25664 0.001
1.25707 0.0005
1.25757 0.001
1.258 0.0005
1.2585 0.001
1.25893 0.0005
1.25943 0.001
1.25986 0.0005
1.26036 0.001
1.26079 0.0005
1.26129 0.001
1.26172 0.0005
1.26222 0.001
1.26265 0.0005
1.26315 0.001
1.26358 0.0005
1.26408 0.001
1.26451 0.0005
1.26501 0.001
1.26544 0.0005
1.26594 0.001
1.26637 0.0005
1.26687 0.001
1.2673 0.0005
1.2678 0.001
1.26823 0.0005
1.26873 0.001
1.26916 0.0005
1.26966 0.001
1.27009 0.0005
1.27059 0.001
1.27103 0.0005
1.27153 0.001
1.27196 0.0005
1.27246 0.001
1.27289 0.0005
1.27339 0.001
1.27382 0.0005
1.27432 0.001
1.27475 0.0005
1.27525 0.001
1.27568 0.0005
1.27618 0.001
1.27661 0.0005
1.27711 0.001
1.27754 0.0005
1.27804 0.001
1.27847 0.0005
1.27897 0.001
1.2794 0.0005
1.2799 0.001
1.28033 0.0005
1.28083 0.001
1.28126 0.0005
1.28176 0.001
1.28219 0.0005
1.28269 0.001
1.28312 0.0005
1.28362 0.001
1.28405 0.0005
1.28455 0.001
1.28498 0.0005
1.28548 0.001
1.28591 0.0005
1.28641 0.001
1.28684 0.0005
1.28734 0.001
1.28778 0.0005
1.28828 0.001
1.28871 0.0005
1.28921 0.001
1.28964 0.0005
1.29014 0.001
1.29057 0.0005
1.29107 0.001
1.2915 0.0005
1.292 0.001
1.29243 0.0005
1.29293 0.001
1.29336 0.0005
1.29386 0.001
1.29429 0.0005
1.29479 0.001
1.29522 0.0005
1.29572 0.001
1.29615 0.0005
1.29665 0.001
1.29708 0.0005
1.29758 0.001
1.29801 0.0005
1.29851 0.001
1.29894 0.0005
1.29944 0.001
1.29987 0.0005
1.30037 0.001
1.3008 0.0005
1.3013 0.001
1.30173 0.0005
1.30223 0.001
1.30266 0.0005
1.30316 0.001
1.30359 0.0005
1.30409 0.001
1.30453 0.0005
1.30503 0.001
1.30546 0.0005
1.30596 0.001
1.30639 0.0005
1.30689 0.001
1.30732 0.0005
1.30782 0.001
1.30825 0.0005
1.30875 0.001
1.30918 0.0005
1.30968 0.001
1.31011 0.0005
1.31061 0.001
1.31104 0.0005
1.31154 0.001
1.31197 0.0005
1.31247 0.001
1.3129 0.0005
1.3134 0.001
1.31383 0.0005
1.31433 0.001
1.31476 0.0005
1.31526 0.001
1.31569 0.0005
1.31619 0.001
1.31662 0.0005
1.31712 0.001
1.31755 0.0005
1.31805 0.001
1.31848 0.0005
1.31898 0.001
1.31941 0.0005
1.31991 0.001
1.32034 0.0005
1.32084 0.001
1.32128 0.0005
1.32178 0.001
1.32221 0.0005
1.32271 0.001
1.32314 0.0005
1.32364 0.001
1.32407 0.0005
1.32457 0.001
1.325 0.0005
1.3255 0.001
1.32593 0.0005
1.32643 0.001
1.32686 0.0005
1.32736 0.001
1.32779 0.0005
1.32829 0.001
1.32872 0.0005
1.32922 0.001
1.32965 0.0005
1.33015 0.001
1.33058 0.0005
1.33108 0.001
1.33151 0.0005
1.33201 0.001
1.33244 0.0005
1.33294 0.001
1.33337 0.0005
1.33387 0.001
1.3343 0.0005
1.3348 0.001
1.33523 0.0005
1.33573 0.001
1.33616 0.0005
1.33666 0.001
1.33709 0.0005
1.33759 0.001
1.33803 0.0005
1.33853 0.001
1.33896 0.0005
1.33946 0.001
1.33989 0.0005
1.34039 0.001
1.34082 0.0005
1.34132 0.001
1.34175 0.0005
1.34225 0.001
1.34268 0.0005
1.34318 0.001
1.34361 0.0005
1.34411 0.001
1.34454 0.0005
1.34504 0.001
1.34547 0.0005
1.34597 0.001
1.3464 0.0005
1.3469 0.001
1.34733 0.0005
1.34783 0.001
1.34826 0.0005
1.34876 0.001
1.34919 0.0005
1.34969 0.001
1.35012 0.0005
1.35062 0.001
1.35105 0.0005
1.35155 0.001
1.35198 0.0005
1.35248 0.001
1.35291 0.0005
1.35341 0.001
1.35384 0.0005
1.35434 0.001
1.35478 0.0005
1.35528 0.001
1.35571 0.0005
1.35621 0.001
1.35664 0.0005
1.35714 0.001
1.35757 0.0005
1.35807 0.001
1.3585 0.0005
1.359 0.001
1.35943 0.0005
1.35993 0.001
1.36036 0.0005
1.36086 0.001
1.36129 0.0005
1.36179 0.001
1.36222 0.0005
1.36272 0.001
1.36315 0.0005
1.36365 0.001
1.36408 0.0005
1.36458 0.001
1.36501 0.0005
1.36551 0.001
1.36594 0.0005
1.36644 0.001
1.36687 0.0005
1.36737 0.001
1.3678 0.0005
1.3683 0.001
1.36873 0.0005
1.36923 0.001
1.36966 0.0005
1.37016 0.001
1.3706 0.0005
1.3711 0.001
1.37153 0.0005
1.37203 0.001
1.37246 0.0005
1.37296 0.001
1.37339 0.0005
1.37389 0.001
1.37432 0.0005
1.37482 0.001
1.37525 0.0005
1.37575 0.001
1.37618 0.0005
1.37668 0.001
1.37711 0.0005
1.37761 0.001
1.37804 0.0005
1.37854 0.001
1.37897 0.0005
1.37947 0.001
1.3799 0.0005
1.3804 0.001
1.38083 0.0005
1.38133 0.001
1.38176 0.0005
1.38226 0.001
1.38269 0.0005
1.38319 0.001
1.38362 0.0005
1.38412 0.001
1.38455 0.0005
1.38505 0.001
1.38548 0.0005
1.38598 0.001
1.38641 0.0005
1.38691 0.001
1.38735 0.0005
1.38785 0.001
1.38828 0.0005
1.38878 0.001
1.38921 0.0005
1.38971 0.001
1.39014 0.0005
1.39064 0.001
1.39107 0.0005
1.39157 0.001
1.392 0.0005
1.3925 0.001
1.39293 0.0005
1.39343 0.001
1.39386 0.0005
1.39436 0.001
1.39479 0.0005
1.39529 0.001
1.39572 0.0005
1.39622 0.001
1.39665 0.0005
1.39715 0.001
1.39758 0.0005
1.39808 0.001
1.39851 0.0005
1.39901 0.001
1.39944 0.0005
1.39994 0.001
1.40037 0.0005
1.40087 0.001
1.4013 0.0005
1.4018 0.001
1.40223 0.0005
1.40273 0.001
1.40316 0.0005
1.40366 0.001
1.4041 0.0005
1.4046 0.001
1.40503 0.0005
1.40553 0.001
1.40596 0.0005
1.40646 0.001
1.40689 0.0005
1.40739 0.001
1.40782 0.0005
1.40832 0.001
1.40875 0.0005
1.40925 0.001
1.40968 0.0005
1.41018 0.001
1.41061 0.0005
1.41111 0.001
1.41154 0.0005
1.41204 0.001
1.41247 0.0005
1.41297 0.001
1.4134 0.0005
1.4139 0.001
1.41433 0.0005
1.41483 0.001
1.41526 0.0005
1.41576 0.001
1.41619 0.0005
1.41669 0.001
1.41712 0.0005
1.41762 0.001
1.41805 0.0005
1.41855 0.001
1.41898 0.0005
1.41948 0.001
1.41991 0.0005
1.42041 0.001
1.42085 0.0005
1.42135 0.001
1.42178 0.0005
1.42228 0.001
1.42271 0.0005
1.42321 0.001
1.42364 0.0005
1.42414 0.001
1.42457 0.0005
1.42507 0.001
1.4255 0.0005
1.426 0.001
1.42643 0.0005
1.42693 0.001
1.42736 0.0005
1.42786 0.001
1.42829 0.0005
1.42879 0.001
1.42922 0.0005
1.42972 0.001
1.43015 0.0005
1.43065 0.001
1.43108 0.0005
1.43158 0.001
1.43201 0.0005
1.43251 0.001
1.43294 0.0005
1.43344 0.001
1.43387 0.0005
1.43437 0.001
1.4348 0.0005
1.4353 0.001
1.43573 0.0005
1.43623 0.001
1.43666 0.0005
1.43716 0.001
1.4376 0.0005
1.4381 0.001
1.43853 0.0005
1.43903 0.001
1.43946 0.0005
1.43996 0.001
1.44039 0.0005
1.44089 0.001
1.44132 0.0005
1.44182 0.001
1.44225 0.0005
1.44275 0.001
1.44318 0.0005
1.44368 0.001
1.44411 0.0005
1.44461 0.001
1.44504 0.0005
1.44554 0.001
1.44597 0.0005
1.44647 0.001
1.4469 0.0005
1.4474 0.001
1.44783 0.0005
1.44833 0.001
1.44876 0.0005
1.44926 0.001
1.44969 0.0005
1.45019 0.001
1.45062 0.0005
1.45112 0.001
1.45155 0.0005
1.45205 0.001
1.45248 0.0005
1.45298 0.001
1.45341 0.0005
1.45391 0.001
1.45435 0.0005
1.45485 0.001
1.45528 0.0005
1.45578 0.001
1.45621 0.0005
1.45671 0.001
1.45714 0.0005
1.45764 0.001
1.45807 0.0005
1.45857 0.001
1.459 0.0005
1.4595 0.001
1.45993 0.0005
1.46043 0.001
1.46086 0.0005
1.46136 0.001
1.46179 0.0005
1.46229 0.001
1.46272 0.0005
1.46322 0.001
1.46365 0.0005
1.46415 0.001
1.46458 0.0005
1.46508 0.001
1.46551 0.0005
1.46601 0.001
1.46644 0.0005
1.46694 0.001
1.46737 0.0005
1.46787 0.001
1.4683 0.0005
1.4688 0.001
1.46923 0.0005
1.46973 0.001
1.47016 0.0005
1.47066 0.001
1.4711 0.0005
1.4716 0.001
1.47203 0.0005
1.47253 0.001
1.47296 0.0005
1.47346 0.001
1.47389 0.0005
1.47439 0.001
1.47482 0.0005
1.47532 0.001
1.47575 0.0005
1.47625 0.001
1.47668 0.0005
1.47718 0.001
1.47761 0.0005
1.47811 0.001
1.47854 0.0005
1.47904 0.001
1.47947 0.0005
1.47997 0.001
1.4804 0.0005
1.4809 0.001
1.48133 0.0005
1.48183 0.001
1.48226 0.0005
1.48276 0.001
1.48319 0.0005
1.48369 0.001
1.48412 0.0005
1.48462 0.001
1.48505 0.0005
1.48555 0.001
1.48598 0.0005
1.48648 0.001
1.48692 0.0005
1.48742 0.001
1.48785 0.0005
1.48835 0.001
1.48878 0.0005
1.48928 0.001
1.48971 0.0005
1.49021 0.001
1.49064 0.0005
1.49114 0.001
1.49157 0.0005
1.49207 0.001
1.4925 0.0005
1.493 0.001
1.49343 0.0005
1.49393 0.001
1.49436 0.0005
1.49486 0.001
1.49529 0.0005
1.49579 0.001
1.49622 0.0005
1.49672 0.001
1.49715 0.0005
1.49765 0.001
1.49808 0.0005
1.49858 0.001
1.49901 0.0005
1.49951 0.001
1.49994 0.0005
1.50044 0.001
1.50087 0.0005
1.50137 0.001
1.5018 0.0005
1.5023 0.001
1.50273 0.0005
1.50323 0.001
1.50367 0.0005
1.50417 0.001
1.5046 0.0005
1.5051 0.001
1.50553 0.0005
1.50603 0.001
1.50646 0.0005
1.50696 0.001
1.50739 0.0005
1.50789 0.001
1.50832 0.0005
1.50882 0.001
1.50925 0.0005
1.50975 0.001
1.51018 0.0005
1.51068 0.001
1.51111 0.0005
1.51161 0.001
1.51204 0.0005
1.51254 0.001
1.51297 0.0005
1.51347 0.001
1.5139 0.0005
1.5144 0.001
1.51483 0.0005
1.51533 0.001
1.51576 0.0005
1.51626 0.001
1.51669 0.0005
1.51719 0.001
1.51762 0.0005
1.51812 0.001
1.51855 0.0005
1.51905 0.001
1.51948 0.0005
1.51998 0.001
1.52042 0.0005
1.52092 0.001
1.52135 0.0005
1.52185 0.001
1.52228 0.0005
1.52278 0.001
1.52321 0.0005
1.52371 0.001
1.52414 0.0005
1.52464 0.001
1.52507 0.0005
1.52557 0.001
1.526 0.0005
1.5265 0.001
1.52693 0.0005
1.52743 0.001
1.52786 0.0005
1.52836 0.001
1.52879 0.0005
1.52929 0.001
1.52972 0.0005
1.53022 0.001
1.53065 0.0005
1.53115 0.001
1.53158 0.0005
1.53208 0.001
1.53251 0.0005
1.53301 0.001
1.53344 0.0005
1.53394 0.001
1.53437 0.0005
1.53487 0.001
1.5353 0.0005
1.5358 0.001
1.53623 0.0005
1.53673 0.001
1.53717 0.0005
1.53767 0.001
1.5381 0.0005
1.5386 0.001
1.53903 0.0005
1.53953 0.001
1.53996 0.0005
1.54046 0.001
1.54089 0.0005
1.54139 0.001
1.54182 0.0005
1.54232 0.001
1.54275 0.0005
1.54325 0.001
1.54368 0.0005
1.54418 0.001
1.54461 0.0005
1.54511 0.001
1.54554 0.0005
1.54604 0.001
1.54647 0.0005
1.54697 0.001
1.5474 0.0005
1.5479 0.001
1.54833 0.0005
1.54883 0.001
1.54926 0.0005
1.54976 0.001
1.55019 0.0005
1.55069 0.001
1.55112 0.0005
1.55162 0.001
1.55205 0.0005
1.55255 0.001
1.55298 0.0005
1.55348 0.001
1.55392 0.0005
1.55442 0.001
1.55485 0.0005
1.55535 0.001
1.55578 0.0005
1.55628 0.001
1.55671 0.0005
1.55721 0.001
1.55764 0.0005
1.55814 0.001
1.55857 0.0005
1.55907 0.001
1.5595 0.0005
1.56 0.001
1.56043 0.0005
1.56093 0.001
1.56136 0.0005
1.56186 0.001
1.56229 0.0005
1.56279 0.001
1.56322 0.0005
1.56372 0.001
1.56415 0.0005
1.56465 0.001
1.56508 0.0005
1.56558 0.001
1.56601 0.0005
1.56651 0.001
1.56694 0.0005
1.56744 0.001
1.56787 0.0005
1.56837 0.001
1.5688 0.0005
1.5693 0.001
1.56973 0.0005
1.57023 0.001
1.57067 0.0005
1.57117 0.001
1.5716 0.0005
1.5721 0.001
1.57253 0.0005
1.57303 0.001
1.57346 0.0005
1.57396 0.001
1.57439 0.0005
1.57489 0.001
1.57532 0.0005
1.57582 0.001
1.57625 0.0005
1.57675 0.001
1.57718 0.0005
1.57768 0.001
1.57811 0.0005
1.57861 0.001
1.57904 0.0005
1.57954 0.001
1.57997 0.0005
1.58047 0.001
1.5809 0.0005
1.5814 0.001
1.58183 0.0005
1.58233 0.001
1.58276 0.0005
1.58326 0.001
1.58369 0.0005
1.58419 0.001
1.58462 0.0005
1.58512 0.001
1.58555 0.0005
1.58605 0.001
1.58648 0.0005
1.58698 0.001
1.58742 0.0005
1.58792 0.001
1.58835 0.0005
1.58885 0.001
1.58928 0.0005
1.58978 0.001
1.59021 0.0005
1.59071 0.001
1.59114 0.0005
1.59164 0.001
1.59207 0.0005
1.59257 0.001
1.593 0.0005
1.5935 0.001
1.59393 0.0005
1.59443 0.001
1.59486 0.0005
1.59536 0.001
1.59579 0.0005
1.59629 0.001
1.59672 0.0005
1.59722 0.001
1.59765 0.0005
1.59815 0.001
1.59858 0.0005
1.59908 0.001
1.59951 0.0005
1.60001 0.001
1.60044 0.0005
1.60094 0.001
1.60137 0.0005
1.60187 0.001
1.6023 0.0005
1.6028 0.001
1.60324 0.0005
1.60374 0.001
1.60417 0.0005
1.60467 0.001
1.6051 0.0005
1.6056 0.001
1.60603 0.0005
1.60653 0.001
1.60696 0.0005
1.60746 0.001
1.60789 0.0005
1.60839 0.001
1.60882 0.0005
1.60932 0.001
1.60975 0.0005
1.61025 0.001
1.61068 0.0005
1.61118 0.001
1.61161 0.0005
1.61211 0.001
1.61254 0.0005
1.61304 0.001
1.61347 0.0005
1.61397 0.001
1.6144 0.0005
1.6149 0.001
1.61533 0.0005
1.61583 0.001
1.61626 0.0005
1.61676 0.001
1.61719 0.0005
1.61769 0.001
1.61812 0.0005
1.61862 0.001
1.61905 0.0005
1.61955 0.001
1.61999 0.0005
1.62049 0.001
1.62092 0.0005
1.62142 0.001
1.62185 0.0005
1.62235 0.001
1.62278 0.0005
1.62328 0.001
1.62371 0.0005
1.62421 0.001
1.62464 0.0005
1.62514 0.001
1.62557 0.0005
1.62607 0.001
1.6265 0.0005
1.627 0.001
1.62743 0.0005
1.62793 0.001
1.62836 0.0005
1.62886 0.001
1.62929 0.0005
1.62979 0.001
1.63022 0.0005
1.63072 0.001
1.63115 0.0005
1.63165 0.001
1.63208 0.0005
1.63258 0.001
1.63301 0.0005
1.63351 0.001
1.63394 0.0005
1.63444 0.001
1.63487 0.0005
1.63537 0.001
1.6358 0.0005
1.6363 0.001
1.63674 0.0005
1.63724 0.001
1.63767 0.0005
1.63817 0.001
1.6386 0.0005
1.6391 0.001
1.63953 0.0005
1.64003 0.001
1.64046 0.0005
1.64096 0.001
1.64139 0.0005
1.64189 0.001
1.64232 0.0005
1.64282 0.001
1.64325 0.0005
1.64375 0.001
1.64418 0.0005
1.64468 0.001
1.64511 0.0005
1.64561 0.001
1.64604 0.0005
1.64654 0.001
1.64697 0.0005
1.64747 0.001
1.6479 0.0005
1.6484 0.001
1.64883 0.0005
1.64933 0.001
1.64976 0.0005
1.65026 0.001
1.65069 0.0005
1.65119 0.001
1.65162 0.0005
1.65212 0.001
1.65255 0.0005
1.65305 0.001
1.65349 0.0005
1.65399 0.001
1.65442 0.0005
1.65492 0.001
1.65535 0.0005
1.65585 0.001
1.65628 0.0005
1.65678 0.001
1.65721 0.0005
1.65771 0.001
1.65814 0.0005
1.65864 0.001
1.65907 0.0005
1.65957 0.001
1.66 0.0005
1.6605 0.001
1.66093 0.0005
1.66143 0.001
1.66186 0.0005
1.66236 0.001
1.66279 0.0005
1.66329 0.001
1.66372 0.0005
1.66422 0.001
1.66465 0.0005
1.66515 0.001
1.66558 0.0005
1.66608 0.001
1.66651 0.0005
1.66701 0.001
1.66744 0.0005
1.66794 0.001
1.66837 0.0005
1.66887 0.001
1.6693 0.0005
1.6698 0.001
1.67024 0.0005
1.67074 0.001
1.67117 0.0005
1.67167 0.001
1.6721 0.0005
1.6726 0.001
1.67303 0.0005
1.67353 0.001
1.67396 0.0005
1.67446 0.001
1.67489 0.0005
1.67539 0.001
1.67582 0.0005
1.67632 0.001
1.67675 0.0005
1.67725 0.001
1.67768 0.0005
1.67818 0.001
1.67861 0.0005
1.67911 0.001
1.67954 0.0005
1.68004 0.001
1.68047 0.0005
1.68097 0.001
1.6814 0.0005
1.6819 0.001
1.68233 0.0005
1.68283 0.001
1.68326 0.0005
1.68376 0.001
1.68419 0.0005
1.68469 0.001
1.68512 0.0005
1.68562 0.001
1.68605 0.0005
1.68655 0.001
1.68699 0.0005
1.68749 0.001
1.68792 0.0005
1.68842 0.001
1.68885 0.0005
1.68935 0.001
1.68978 0.0005
1.69028 0.001
1.69071 0.0005
1.69121 0.001
1.69164 0.0005
1.69214 0.001
1.69257 0.0005
1.69307 0.001
1.6935 0.0005
1.694 0.001
1.69443 0.0005
1.69493 0.001
1.69536 0.0005
1.69586 0.001
1.69629 0.0005
1.69679 0.001
1.69722 0.0005
1.69772 0.001
1.69815 0.0005
1.69865 0.001
1.69908 0.0005
1.69958 0.001
1.70001 0.0005
1.70051 0.001
1.70094 0.0005
1.70144 0.001
1.70187 0.0005
1.70237 0.001
1.7028 0.0005
1.7033 0.001
1.70374 0.0005
1.70424 0.001
1.70467 0.0005
1.70517 0.001
1.7056 0.0005
1.7061 0.001
1.70653 0.0005
1.70703 0.001
1.70746 0.0005
1.70796 0.001
1.70839 0.0005
1.70889 0.001
1.70932 0.0005
1.70982 0.001
1.71025 0.0005
1.71075 0.001
1.71118 0.0005
1.71168 0.001
1.71211 0.0005
1.71261 0.001
1.71304 0.0005
1.71354 0.001
1.71397 0.0005
1.71447 0.001
1.7149 0.0005
1.7154 0.001
1.71583 0.0005
1.71633 0.001
1.71676 0.0005
1.71726 0.001
1.71769 0.0005
1.71819 0.001
1.71862 0.0005
1.71912 0.001
1.71956 0.0005
1.72006 0.001
1.72049 0.0005
1.72099 0.001
1.72142 0.0005
1.72192 0.001
1.72235 0.0005
1.72285 0.001
1.72328 0.0005
1.72378 0.001
1.72421 0.0005
1.72471 0.001
1.72514 0.0005
1.72564 0.001
1.72607 0.0005
1.72657 0.001
1.727 0.0005
1.7275 0.001
1.72793 0.0005
1.72843 0.001
1.72886 0.0005
1.72936 0.001
1.72979 0.0005
1.73029 0.001
1.73072 0.0005
1.73122 0.001
1.73165 0.0005
1.73215 0.001
1.73258 0.0005
1.73308 0.001
1.73351 0.0005
1.73401 0.001
1.73444 0.0005
1.73494 0.001
1.73537 0.0005
1.73587 0.001
1.73631 0.0005
1.73681 0.001
1.73724 0.0005
1.73774 0.001
1.73817 0.0005
1.73867 0.001
1.7391 0.0005
1.7396 0.001
1.74003 0.0005
1.74053 0.001
1.74096 0.0005
1.74146 0.001
1.74189 0.0005
1.74239 0.001
1.74282 0.0005
1.74332 0.001
1.74375 0.0005
1.74425 0.001
1.74468 0.0005
1.74518 0.001
1.74561 0.0005
1.74611 0.001
1.74654 0.0005
1.74704 0.001
1.74747 0.0005
1.74797 0.001
1.7484 0.0005
1.7489 0.001
1.74933 0.0005
1.74983 0.001
1.75026 0.0005
1.75076 0.001
1.75119 0.0005
1.75169 0.001
1.75212 0.0005
1.75262 0.001
1.75306 0.0005
1.75356 0.001
1.75399 0.0005
1.75449 0.001
1.75492 0.0005
1.75542 0.001
1.75585 0.0005
1.75635 0.001
1.75678 0.0005
1.75728 0.001
1.75771 0.0005
1.75821 0.001
1.75864 0.0005
1.75914 0.001
1.75957 0.0005
1.76007 0.001
1.7605 0.0005
1.761 0.001
1.76143 0.0005
1.76193 0.001
1.76236 0.0005
1.76286 0.001
1.76329 0.0005
1.76379 0.001
1.76422 0.0005
1.76472 0.001
1.76515 0.0005
1.76565 0.001
1.76608 0.0005
1.76658 0.001
1.76701 0.0005
1.76751 0.001
1.76794 0.0005
1.76844 0.001
1.76887 0.0005
1.76937 0.001
1.76981 0.0005
1.77031 0.001
1.77074 0.0005
1.77124 0.001
1.77167 0.0005
1.77217 0.001
1.7726 0.0005
1.7731 0.001
1.77353 0.0005
1.77403 0.001
1.77446 0.0005
1.77496 0.001
1.77539 0.0005
1.77589 0.001
1.77632 0.0005
1.77682 0.001
1.77725 0.0005
1.77775 0.001
1.77818 0.0005
1.77868 0.001
1.77911 0.0005
1.77961 0.001
1.78004 0.0005
1.78054 0.001
1.78097 0.0005
1.78147 0.001
1.7819 0.0005
1.7824 0.001
1.78283 0.0005
1.78333 0.001
1.78376 0.0005
1.78426 0.001
1.78469 0.0005
1.78519 0.001
1.78562 0.0005
1.78612 0.001
1.78656 0.0005
1.78706 0.001
1.78749 0.0005
1.78799 0.001
1.78842 0.0005
1.78892 0.001
1.78935 0.0005
1.78985 0.001
1.79028 0.0005
1.79078 0.001
1.79121 0.0005
1.79171 0.001
1.79214 0.0005
1.79264 0.001
1.79307 0.0005
1.79357 0.001
1.794 0.0005
1.7945 0.001
1.79493 0.0005
1.79543 0.001
1.79586 0.0005
1.79636 0.001
1.79679 0.0005
1.79729 0.001
1.79772 0.0005
1.79822 0.001
1.79865 0.0005
1.79915 0.001
1.79958 0.0005
1.80008 0.001
1.80051 0.0005
1.80101 0.001
1.80144 0.0005
1.80194 0.001
1.80237 0.0005
1.80287 0.001
1.80331 0.0005
1.80381 0.001
1.80424 0.0005
1.80474 0.001
1.80517 0.0005
1.80567 0.001
1.8061 0.0005
1.8066 0.001
1.80703 0.0005
1.80753 0.001
1.80796 0.0005
1.80846 0.001
1.80889 0.0005
1.80939 0.001
1.80982 0.0005
1.81032 0.001
1.81075 0.0005
1.81125 0.001
1.81168 0.0005
1.81218 0.001
1.81261 0.0005
1.81311 0.001
1.81354 0.0005
1.81404 0.001
1.81447 0.0005
1.81497 0.001
1.8154 0.0005
1.8159 0.001
1.81633 0.0005
1.81683 0.001
1.81726 0.0005
1.81776 0.001
1.81819 0.0005
1.81869 0.001
1.81912 0.0005
1.81962 0.001
1.82006 0.0005
1.82056 0.001
1.82099 0.0005
1.82149 0.001
1.82192 0.0005
1.82242 0.001
1.82285 0.0005
1.82335 0.001
1.82378 0.0005
1.82428 0.001
1.82471 0.0005
1.82521 0.001
1.82564 0.0005
1.82614 0.001
1.82657 0.0005
1.82707 0.001
1.8275 0.0005
1.828 0.001
1.82843 0.0005
1.82893 0.001
1.82936 0.0005
1.82986 0.001
1.83029 0.0005
1.83079 0.001
1.83122 0.0005
1.83172 0.001
1.83215 0.0005
1.83265 0.001
1.83308 0.0005
1.83358 0.001
1.83401 0.0005
1.83451 0.001
1.83494 0.0005
1.83544 0.001
1.83588 0.0005
1.83638 0.001
1.83681 0.0005
1.83731 0.001
1.83774 0.0005
1.83824 0.001
1.83867 0.0005
1.83917 0.001
1.8396 0.0005
1.8401 0.001
1.84053 0.0005
1.84103 0.001
1.84146 0.0005
1.84196 0.001
1.84239 0.0005
1.84289 0.001
1.84332 0.0005
1.84382 0.001
1.84425 0.0005
1.84475 0.001
1.84518 0.0005
1.84568 0.001
1.84611 0.0005
1.84661 0.001
1.84704 0.0005
1.84754 0.001
1.84797 0.0005
1.84847 0.001
1.8489 0.0005
1.8494 0.001
1.84983 0.0005
1.85033 0.001
1.85076 0.0005
1.85126 0.001
1.85169 0.0005
1.85219 0.001
1.85263 0.0005
1.85313 0.001
1.85356 0.0005
1.85406 0.001
1.85449 0.0005
1.85499 0.001
1.85542 0.0005
1.85592 0.001
1.85635 0.0005
1.85685 0.001
1.85728 0.0005
1.85778 0.001
1.85821 0.0005
1.85871 0.001
1.85914 0.0005
1.85964 0.001
1.86007 0.0005
1.86057 0.001
1.861 0.0005
1.8615 0.001
1.86193 0.0005
1.86243 0.001
1.86286 0.0005
1.86336 0.001
1.86379 0.0005
1.86429 0.001
1.86472 0.0005
1.86522 0.001
1.86565 0.0005
1.86615 0.001
1.86658 0.0005
1.86708 0.001
1.86751 0.0005
1.86801 0.001
1.86844 0.0005
1.86894 0.001
1.86938 0.0005
1.86988 0.001
1.87031 0.0005
1.87081 0.001
1.87124 0.0005
1.87174 0.001
1.87217 0.0005
1.87267 0.001
1.8731 0.0005
1.8736 0.001
1.87403 0.0005
1.87453 0.001
1.87496 0.0005
1.87546 0.001
1.87589 0.0005
1.87639 0.001
1.87682 0.0005
1.87732 0.001
1.87775 0.0005
1.87825 0.001
1.87868 0.0005
1.87918 0.001
1.87961 0.0005
1.88011 0.001
1.88054 0.0005
1.88104 0.001
1.88147 0.0005
1.88197 0.001
1.8824 0.0005
1.8829 0.001
1.88333 0.0005
1.88383 0.001
1.88426 0.0005
1.88476 0.001
1.88519 0.0005
