0.0 0
0.00801856 14400
0.00801856 14400
0.0162706 15840
0.0174658 17280
0.018661 18720
0.0198562 20160
0.0210514 21600
0.0245182 23040
0.0257134 24480
0.026311 25920
0.0277453 27360
0.029299 28800
0.0298966 30240
0.0313309 31680
0.0328846 33120
0.0333627 34560
0.0349165 36000
0.0356336 37440
0.0362312 38880
0.0383826 40320
0.0400558 41760
0.0405339 43200
0.0413706 44640
0.0436414 46080
0.044 47520
0.0456733 48960
0.0461514 50400
0.046749 51840
0.0492589 53280
0.0498565 54720
0.0503346 56160
0.0509322 57600
0.0542787 59040
0.0546373 60480
0.0564301 61920
0.0569082 63360
0.0575058 64800
0.058701 66240
0.0615694 67680
0.061928 69120
0.0624061 70560
0.065155 72000
0.0656331 73440
0.0659917 74880
0.0665893 76320
0.0671869 77760
0.0707725 79200
0.0712506 80640
0.0717286 82080
0.0720872 83520
0.0726848 84960
0.0732824 86400
0.0778242 87840
0.0780632 89280
0.0785413 90720
0.0815293 92160
0.0820074 93600
0.0822464 95040
0.083083 96480
0.0845173 97920
0.0851149 99360
0.088581 100800
0.089059 102240
0.0894176 103680
0.0898957 105120
0.0937203 106560
0.0943179 108000
0.094796 109440
0.0952741 110880
0.0955131 112320
0.0963498 113760
0.0968278 115200
0.097545 116640
0.103043 118080
0.10364 118080
0.10364 58320
0.185791 58320
0.185791 1440
0.193525 2880
0.201773 4320
0.21002 5760
0.21014 7200
0.218388 8640
0.226635 10080
0.226755 11520
0.226994 12960
0.227113 14400
0.235003 15840
0.235242 17280
0.235361 18720
0.235361 18830
0.2356 18940
0.23572 19049
0.24325 19157
0.24337 19265
0.243489 19372
0.243728 19479
0.243848 19585
0.244087 19690
0.244206 19795
0.244565 19899
0.251498 20003
0.251617 20106
0.252095 20106
0.252095 8640
0.272055 8880
0.273131 9113
0.273609 9340
0.274087 9562
0.274565 9778
0.275043 9990
0.275282 10197
0.275521 10400
0.27576 10599
0.281975 10794
0.28329 10986
0.283649 11174
0.284127 11359
0.284605 11541
0.285083 11720
0.285442 11896
0.285681 12070
0.286159 12241
0.292852 12410
0.294167 12577
0.294525 12741
0.295003 12903
0.295481 13063
0.29584 13221
0.296437 13377
0.296676 13532
0.296915 13685
0.304087 13836
0.305401 13985
0.305879 14133
0.306358 14279
0.306836 14424
0.307194 14567
0.307792 14709
0.30815 14849
0.308389 14988
0.308867 15126
0.317353 15263
0.317831 15398
0.31819 15532
0.318668 15665
0.319027 15797
0.319505 15928
0.319983 16058
0.320341 16187
0.320819 16315
0.328588 16442
0.330142 16568
0.33062 16693
0.330979 16817
0.331337 16940
0.331576 17062
0.332174 17183
0.332413 17303
0.332652 17422
0.33313 17541
0.341496 17659
0.342811 17776
0.343528 17892
0.344006 18007
0.344245 18122
0.344484 18236
0.344963 18349
0.345321 18462
0.34556 18574
0.346158 18685
0.354644 18795
0.355958 18905
0.356556 19014
0.357273 19123
0.357632 19231
0.357871 19338
0.358229 19445
0.358468 19551
0.358827 19657
0.359185 19762
0.359663 19866
0.368388 19970
0.369823 20073
0.370301 20176
0.370898 20278
0.371137 20380
0.371615 20481
0.371855 20582
0.372094 20682
0.372572 20782
0.37293 20881
0.381655 20980
0.38297 21078
0.383926 21176
0.384404 21273
0.384763 21370
0.385002 21467
0.38548 21563
0.385719 21659
0.385958 21754
0.386197 21849
0.386795 21943
0.387273 22037
0.395998 22131
0.397312 22224
0.398149 22317
0.398627 22409
0.398866 22501
0.399225 22593
0.399464 22684
0.399703 22775
0.400061 22866
0.400539 22956
0.401017 23046
0.409503 23135
0.410699 23224
0.411535 23313
0.412372 23401
0.412611 23489
0.413089 23577
0.413328 23664
0.413567 23751
0.413806 23838
0.414404 23924
0.414762 24010
0.41524 24096
0.423846 24182
0.425399 24267
0.426117 24352
0.426834 24437
0.427192 24521
0.427431 24605
0.42767 24689
0.427909 24772
0.428148 24855
0.428746 24938
0.429105 25021
0.43771 25103
0.439025 25185
0.439981 25267
0.440698 25349
0.441415 25430
0.441654 25511
0.442013 25592
0.442252 25673
0.442491 25753
0.442849 25833
0.443447 25913
0.443806 25993
0.452291 26072
0.454084 26151
0.454801 26230
0.455399 26309
0.455997 26387
0.456236 26465
0.456594 26543
0.456833 26621
0.457192 26698
0.45755 26775
0.458148 26852
0.458626 26929
0.466753 27006
0.46771 27082
0.468905 27158
0.469622 27234
0.4701 27310
0.470459 27385
0.470698 27460
0.471056 27535
0.471415 27610
0.471773 27685
0.472012 27759
0.472729 27833
0.480737 27907
0.481574 27981
0.48253 28055
0.483008 28128
0.483367 28201
0.483606 28274
0.483845 28347
0.484084 28420
0.484442 28492
0.48492 28564
0.485159 28636
0.485757 28708
0.493526 28780
0.494482 28852
0.495438 28923
0.495916 28994
0.496275 29065
0.496514 29136
0.496753 29207
0.496992 29277
0.49747 29347
0.497948 29417
0.506195 29487
0.50739 29557
0.508227 29627
0.508705 29696
0.509183 29765
0.509422 29834
0.509661 29903
0.5099 29972
0.510139 30041
0.510737 30110
0.518625 30178
0.51982 30246
0.520537 30314
0.521015 30382
0.521494 30450
0.521733 30518
0.521972 30585
0.522211 30652
0.52245 30719
0.522928 30786
0.530458 30853
0.531533 30920
0.532131 30987
0.532609 31053
0.533087 31119
0.533326 31185
0.533565 31251
0.533804 31317
0.534043 31383
0.534521 31449
0.542171 31514
0.543127 31579
0.543485 31644
0.543963 31709
0.544441 31774
0.54468 31839
0.544919 31904
0.545159 31968
0.545398 32032
0.545756 32096
0.553883 32160
0.55484 32224
0.555198 32288
0.555557 32352
0.555915 32416
0.556393 32479
0.556632 32542
0.556871 32605
0.557111 32668
0.55735 32731
0.557708 32794
0.566075 32857
0.56715 32920
0.567389 32982
0.567748 33044
0.568106 33106
0.568584 33168
0.568823 33230
0.569063 33292
0.569302 33354
0.569541 33416
0.570019 33478
0.578624 33539
0.57958 33600
0.579819 33661
0.580297 33722
0.580656 33783
0.581015 33844
0.581254 33905
0.581493 33966
0.581732 34027
0.58209 34087
0.582449 34147
0.591293 34207
0.59213 34267
0.592488 34327
0.592967 34387
0.593325 34447
0.593684 34507
0.593923 34567
0.594162 34626
0.594401 34685
0.59464 34744
0.595118 34803
0.604082 34862
0.605038 34921
0.605397 34980
0.605755 35039
0.606114 35098
0.606592 35157
0.606831 35215
0.60707 35273
0.607309 35331
0.607548 35389
0.607787 35447
0.608265 35505
0.617349 35563
0.618544 35621
0.618783 35679
0.619141 35737
0.6195 35795
0.619978 35852
0.620217 35909
0.620456 35966
0.620695 36023
0.620934 36080
0.621293 36137
0.621651 36194
0.631093 36251
0.632169 36308
0.632408 36365
0.632886 36422
0.633245 36478
0.633603 36534
0.633842 36590
0.634081 36646
0.63432 36702
0.634559 36758
0.635038 36814
0.635277 36870
0.644838 36926
0.645914 36982
0.646272 37038
0.646751 37093
0.647109 37148
0.647468 37203
0.647707 37258
0.647946 37313
0.648185 37368
0.648424 37423
0.648782 37478
0.649141 37533
0.658703 37588
0.659898 37643
0.660256 37698
0.660615 37753
0.660973 37807
0.661451 37861
0.661691 37915
0.66193 37969
0.662169 38023
0.662408 38077
0.662647 38131
0.663125 38185
0.663483 38239
0.673284 38293
0.674599 38347
0.674957 38401
0.675316 38454
0.675674 38507
0.676152 38560
0.676391 38613
0.676631 38666
0.67687 38719
0.677109 38772
0.677348 38825
0.677826 38878
0.678065 38931
0.688104 38984
0.689419 39037
0.689658 39090
0.690136 39143
0.690495 39195
0.690853 39247
0.691092 39299
0.691331 39351
0.691571 39403
0.69181 39455
0.692168 39507
0.692527 39559
0.692766 39611
0.702925 39663
0.70424 39715
0.704479 39767
0.704957 39819
0.705315 39871
0.705793 39923
0.706032 39974
0.706271 40025
0.706511 40076
0.70675 40127
0.707108 40178
0.707467 40229
0.707706 40280
0.717984 40331
0.719299 40382
0.719538 40433
0.720016 40484
0.720375 40535
0.720853 40586
0.721211 40637
0.721451 40688
0.72169 40738
0.721929 40788
0.722168 40838
0.722646 40888
0.722885 40938
0.733283 40988
0.733761 41038
0.735076 41088
0.735315 41138
0.735793 41188
0.736151 41238
0.73663 41288
0.736988 41338
0.737227 41388
0.737466 41438
0.737705 41488
0.737944 41537
0.738422 41586
0.738661 41635
0.74906 41684
0.749657 41733
0.750972 41782
0.751211 41831
0.751689 41880
0.752048 41929
0.752526 41978
0.752884 42027
0.753123 42076
0.753362 42125
0.753601 42174
0.75396 42223
0.754319 42272
0.754558 42321
0.765195 42369
0.765673 42417
0.767107 42465
0.767466 42513
0.767824 42561
0.768183 42609
0.768661 42657
0.769019 42705
0.769259 42753
0.769498 42801
0.769737 42849
0.770095 42897
0.770454 42945
0.770693 42993
0.78145 43041
0.781808 43089
0.783242 43137
0.783601 43185
0.783959 43233
0.784318 43280
0.784796 43327
0.785155 43374
0.785394 43421
0.785633 43468
0.785872 43515
0.786111 43562
0.786589 43609
0.786828 43656
0.797824 43703
0.798302 43750
0.799736 43797
0.799975 43844
0.800453 43891
0.800692 43938
0.801051 43985
0.801529 44032
0.801887 44079
0.802127 44126
0.802366 44172
0.802605 44218
0.802844 44264
0.803322 44310
0.803561 44356
0.814796 44402
0.815274 44448
0.816708 44494
0.816947 44540
0.817425 44586
0.817664 44632
0.818023 44678
0.818501 44724
0.818859 44770
0.819098 44816
0.819337 44862
0.819576 44908
0.819935 44954
0.820294 45000
0.820533 45046
0.832126 45092
0.832485 45137
0.833919 45182
0.834277 45227
0.834636 45272
0.834875 45317
0.835353 45362
0.835712 45407
0.83607 45452
0.836309 45497
0.836548 45542
0.836787 45587
0.837146 45632
0.837504 45677
0.837743 45722
0.849576 45767
0.849935 45812
0.851369 45857
0.851727 45902
0.852086 45947
0.852325 45992
0.852803 46037
0.853162 46082
0.85352 46126
0.853759 46170
0.853998 46214
0.854237 46258
0.854476 46302
0.854954 46346
0.855193 46390
0.867145 46434
0.867623 46478
0.869058 46522
0.869297 46566
0.869775 46610
0.870014 46654
0.870372 46698
0.870731 46742
0.871209 46786
0.871448 46830
0.871687 46874
0.871926 46918
0.872165 46962
0.872404 47006
0.872882 47050
0.873121 47094
0.885312 47138
0.885791 47181
0.887225 47224
0.887464 47267
0.887942 47310
0.888181 47353
0.888539 47396
0.888898 47439
0.889376 47482
0.889615 47525
0.889854 47568
0.890093 47611
0.890332 47654
0.890691 47697
0.891049 47740
0.891288 47783
0.903838 47826
0.904197 47869
0.905631 47912
0.905989 47955
0.906348 47998
0.906587 48041
0.907065 48084
0.907424 48127
0.907782 48170
0.908021 48213
0.90826 48256
0.908499 48298
0.908738 48340
0.909216 48382
0.909455 48424
0.909695 48466
0.922483 48508
0.922842 48550
0.924276 48592
0.924635 48634
0.924993 48676
0.925232 48718
0.92571 48760
0.926069 48802
0.926427 48844
0.926666 48886
0.926905 48928
0.927144 48970
0.927383 49012
0.927742 49054
0.928101 49096
0.92834 49138
0.941248 49180
0.941726 49222
0.94316 49264
0.943399 49306
0.943877 49348
0.944116 49390
0.944475 49431
0.944833 49472
0.945311 49513
0.945551 49554
0.94579 49595
0.946029 49636
0.946268 49677
0.946507 49718
0.946865 49759
0.947224 49800
0.947463 49841
0.960491 49882
0.960969 49923
0.962522 49964
0.962761 50005
0.963239 50046
0.963479 50087
0.963837 50128
0.964196 50169
0.964674 50210
0.964913 50251
0.965152 50292
0.965391 50333
0.96563 50374
0.965869 50415
0.966347 50456
0.966586 50497
0.966825 50538
0.980092 50579
0.98057 50619
0.982004 50659
0.982363 50699
0.982721 50739
0.98296 50779
0.983438 50819
0.983797 50859
0.984155 50899
0.984395 50939
0.984634 50979
0.984873 51019
0.985112 51059
0.98547 51099
0.985829 51139
0.986068 51179
0.986307 51219
0.999693 51259
1.00017 51299
1.00172 51339
1.00208 51379
1.00244 51419
1.00268 51459
1.00316 51499
1.00352 51539
1.00388 51579
1.00412 51619
1.00435 51659
1.00459 51699
1.00483 51739
1.00519 51779
1.00555 51819
1.00579 51859
1.00603 51898
1.01953 51937
1.02001 51976
1.02157 52015
1.02192 52054
1.0224 52093
1.02264 52132
1.023 52171
1.02336 52210
1.02384 52249
1.02408 52288
1.02431 52327
1.02455 52366
1.02479 52405
1.02503 52444
1.02551 52483
1.02575 52522
1.02599 52561
1.02635 52600
1.04009 52639
1.04057 52678
1.04212 52717
1.04248 52756
1.04296 52795
1.04332 52834
1.04368 52873
1.04404 52912
1.04451 52951
1.04475 52990
1.04499 53029
1.04523 53068
1.04547 53107
1.04571 53146
1.04619 53185
1.04643 53223
1.04666 53261
1.04702 53299
1.06089 53337
1.06137 53375
1.06292 53413
1.06328 53451
1.06376 53489
1.06399 53527
1.06447 53565
1.06483 53603
1.06519 53641
1.06543 53679
1.06567 53717
1.06591 53755
1.06615 53793
1.0665 53831
1.06686 53869
1.0671 53907
1.06734 53945
1.0677 53983
1.08168 54021
1.08216 54059
1.08372 54097
1.08407 54135
1.08455 54173
1.08479 54211
1.08527 54249
1.08563 54287
1.08611 54325
1.08635 54363
1.08658 54401
1.08682 54439
1.08706 54477
1.08742 54515
1.08778 54553
1.08802 54591
1.08826 54628
1.08862 54665
1.1026 54702
1.10308 54739
1.10463 54776
1.10499 54813
1.10547 54850
1.10571 54887
1.10619 54924
1.10654 54961
1.10702 54998
1.10738 55035
1.10762 55072
1.10786 55109
1.1081 55146
1.10834 55183
1.10881 55220
1.10905 55257
1.10929 55294
1.10965 55331
1.12375 55368
1.12423 55405
1.12459 55442
1.12626 55479
1.12662 55516
1.1271 55553
1.12734 55590
1.12782 55627
1.12818 55664
1.12866 55701
1.12901 55738
1.12925 55775
1.12949 55812
1.12973 55849
1.12997 55886
1.13045 55923
1.13069 55960
1.13093 55997
1.1314 56034
1.14551 56071
1.14599 56107
1.14646 56143
1.14814 56179
1.1485 56215
1.14897 56251
1.14921 56287
1.14969 56323
1.15005 56359
1.15053 56395
1.15089 56431
1.15112 56467
1.15136 56503
1.1516 56539
1.15196 56575
1.15232 56611
1.15256 56647
1.1528 56683
1.15328 56719
1.16762 56755
1.1681 56791
1.16846 56827
1.17037 56863
1.17061 56899
1.17108 56935
1.17132 56971
1.1718 57007
1.17216 57043
1.17264 57079
1.173 57115
1.17324 57151
1.17348 57187
1.17371 57223
1.17407 57259
1.17443 57295
1.17467 57331
1.17491 57367
1.17527 57403
1.18985 57439
1.19033 57475
1.19057 57511
1.19248 57547
1.19272 57583
1.1932 57619
1.19344 57654
1.19391 57689
1.19427 57724
1.19475 57759
1.19511 57794
1.19535 57829
1.19559 57864
1.19583 57899
1.19606 57934
1.19654 57969
1.19678 58004
1.19702 58039
1.19738 58074
1.2122 58109
1.21268 58144
1.21304 58179
1.21483 58214
1.21519 58249
1.21555 58284
1.2159 58319
1.21614 58354
1.21662 58389
1.21698 58424
1.21746 58459
1.21782 58494
1.21806 58529
1.2183 58564
1.21853 58599
1.21877 58634
1.21925 58669
1.21949 58704
1.21973 58739
1.22021 58774
1.23515 58809
1.23563 58844
1.23598 58879
1.23778 58914
1.23814 58949
1.23849 58984
1.23885 59019
1.23909 59054
1.23957 59089
1.23993 59124
1.24041 59159
1.24076 59194
1.241 59229
1.24124 59264
1.24148 59298
1.24184 59332
1.2422 59366
1.24244 59400
1.24268 59434
1.24316 59468
1.25845 59502
1.25893 59536
1.25917 59570
1.26108 59604
1.26132 59638
1.2618 59672
1.26204 59706
1.2624 59740
1.26276 59774
1.26312 59808
1.26359 59842
1.26395 59876
1.26419 59910
1.26443 59944
1.26467 59978
1.26503 60012
1.26539 60046
1.26563 60080
1.26586 60114
1.26622 60148
1.28188 60182
1.28236 60216
1.2826 60250
1.28451 60284
1.28475 60318
1.28523 60352
1.28547 60386
1.28582 60420
1.28618 60454
1.28654 60488
1.28702 60522
1.28738 60556
1.28762 60590
1.28786 60624
1.28809 60658
1.28833 60692
1.28881 60726
1.28905 60760
1.28929 60794
1.28965 60828
1.30543 60862
1.3059 60896
1.30626 60930
1.30805 60964
1.30841 60998
1.30877 61031
1.30913 61064
1.30937 61097
1.30985 61130
1.31009 61163
1.31056 61196
1.31092 61229
1.31128 61262
1.31152 61295
1.31176 61328
1.312 61361
1.31224 61394
1.31272 61427
1.31296 61460
1.31319 61493
1.31367 61526
1.32957 61559
1.33005 61592
1.3304 61625
1.3322 61658
1.33256 61691
1.33291 61724
1.33327 61757
1.33351 61790
1.33399 61823
1.33423 61856
1.33471 61889
1.33507 61922
1.33542 61955
1.33566 61988
1.3359 62021
1.33614 62054
1.3365 62087
1.33686 62120
1.3371 62153
1.33734 62186
1.33782 62219
1.35407 62252
1.35455 62285
1.35479 62318
1.3567 62351
1.35694 62384
1.35742 62417
1.35766 62450
1.35801 62483
1.35837 62516
1.35873 62549
1.35909 62582
1.35957 62615
1.35981 62648
1.36005 62681
1.36028 62714
1.36052 62747
1.36088 62780
1.36124 62813
1.36148 62846
1.36172 62878
1.36208 62910
1.37869 62942
1.37917 62974
1.37941 63006
1.38132 63038
1.38156 63070
1.38204 63102
1.38228 63134
1.38264 63166
1.38299 63198
1.38335 63230
1.38371 63262
1.38419 63294
1.38443 63326
1.38467 63358
1.38491 63390
1.38515 63422
1.38538 63454
1.38586 63486
1.3861 63518
1.38634 63550
1.3867 63582
1.40343 63614
1.40391 63646
1.40427 63678
1.40606 63710
1.40642 63742
1.40678 63774
1.40714 63806
1.40738 63838
1.40785 63870
1.40809 63902
1.40857 63934
1.40893 63966
1.40929 63998
1.40953 64030
1.40977 64062
1.41001 64094
1.41024 64126
1.41048 64158
1.41096 64190
1.4112 64222
1.41144 64254
1.41192 64286
1.42877 64318
1.42925 64350
1.42961 64382
1.4314 64414
1.43176 64446
1.43212 64478
1.43248 64510
1.43271 64542
1.43319 64574
1.43343 64606
1.43391 64638
1.43427 64670
1.43463 64702
1.43487 64734
1.4351 64766
1.43534 64798
1.43558 64830
1.43594 64861
1.4363 64892
1.43654 64923
1.43678 64954
1.43726 64985
1.45435 65016
1.45483 65047
1.45506 65078
1.45698 65109
1.45722 65140
1.45769 65171
1.45793 65202
1.45829 65233
1.45865 65264
1.45901 65295
1.45937 65326
1.45985 65357
1.46008 65388
1.46032 65419
1.46056 65450
1.4608 65481
1.46104 65512
1.46152 65543
1.46176 65574
1.462 65605
1.46224 65636
1.46259 65667
1.47992 65698
1.4804 65729
1.48064 65760
1.48267 65791
1.48291 65822
1.48339 65853
1.48363 65884
1.48399 65915
1.48435 65946
1.48471 65977
1.48506 66008
1.48554 66039
1.48578 66070
1.48602 66101
1.48626 66132
1.4865 66163
1.48674 66194
1.48722 66225
1.48745 66256
1.48769 66287
1.48793 66318
1.48829 66349
1.50574 66380
1.50622 66411
1.50646 66442
1.50849 66473
1.50885 66504
1.50921 66535
1.50957 66566
1.5098 66597
1.51028 66628
1.51052 66659
1.511 66690
1.51136 66721
1.51172 66752
1.51196 66783
1.51219 66814
1.51243 66845
1.51267 66876
1.51303 66907
1.51339 66937
1.51363 66967
1.51387 66997
1.51423 67027
1.51459 67057
1.53227 67087
1.53275 67117
1.53299 67147
1.53514 67177
1.5355 67207
1.53586 67237
1.53622 67267
1.53646 67297
1.53694 67327
1.53717 67357
1.53765 67387
1.53801 67417
1.53837 67447
1.53861 67477
1.53885 67507
1.53909 67537
1.53933 67567
1.53968 67597
1.54004 67627
1.54028 67657
1.54052 67687
1.54088 67717
1.54124 67747
1.55905 67777
1.55952 67807
1.55976 67837
1.56192 67867
1.56215 67897
1.56263 67927
1.56287 67957
1.56323 67987
1.56359 68017
1.56395 68047
1.56431 68077
1.56478 68107
1.56502 68137
1.56526 68167
1.5655 68197
1.56574 68227
1.56598 68257
1.56646 68287
1.5667 68317
1.56694 68347
1.56717 68377
1.56741 68407
1.56789 68437
1.58582 68467
1.5863 68497
1.58654 68527
1.58869 68557
1.58893 68587
1.58952 68617
1.58976 68647
1.59012 68677
1.59048 68707
1.59084 68737
1.5912 68767
1.59168 68797
1.59191 68827
1.59215 68857
1.59239 68887
1.59263 68917
1.59287 68947
1.59335 68977
1.59359 69007
1.59383 69037
1.59407 69067
1.59431 69097
1.59478 69127
1.61283 69156
1.61331 69185
1.61355 69214
1.6157 69243
1.61594 69272
1.61654 69301
1.61689 69330
1.61713 69359
1.61761 69388
1.61785 69417
1.61833 69446
1.61869 69475
1.61905 69504
1.61928 69533
1.61952 69562
1.61976 69591
1.62 69620
1.62036 69649
1.62072 69678
1.62096 69707
1.6212 69736
1.62144 69765
1.62191 69794
1.62227 69823
1.64056 69852
1.64104 69881
1.64128 69910
1.64343 69939
1.64367 69968
1.64426 69997
1.64462 70026
1.64486 70055
1.64534 70084
1.64558 70113
1.64606 70142
1.64654 70171
1.64689 70200
1.64713 70229
1.64737 70258
1.64761 70287
1.64785 70316
1.64821 70345
1.64857 70374
1.64881 70403
1.64905 70432
1.64928 70461
1.64976 70490
1.65012 70519
1.66841 70548
1.66889 70577
1.66912 70606
1.67128 70635
1.67152 70664
1.67211 70693
1.67247 70722
1.67271 70751
1.67319 70780
1.67343 70809
1.67391 70838
1.67438 70867
1.67462 70896
1.67486 70925
1.6751 70954
1.67534 70983
1.67558 71012
1.67606 71041
1.6763 71070
1.67653 71099
1.67677 71128
1.67701 71157
1.67749 71186
1.67797 71215
1.69649 71244
1.69685 71273
1.69709 71302
1.69936 71331
1.6996 71360
1.7002 71389
1.70056 71418
1.7008 71447
1.70128 71476
1.70151 71505
1.70199 71533
1.70247 71561
1.70271 71589
1.70295 71617
1.70319 71645
1.70343 71673
1.70367 71701
1.70414 71729
1.70438 71757
1.70462 71785
1.70486 71813
1.7051 71841
1.70546 71869
1.70594 71897
1.7247 71925
1.72506 71953
1.7253 71981
1.72745 72009
1.72769 72037
1.72829 72065
1.72865 72093
1.72888 72121
1.72936 72149
1.7296 72177
1.73008 72205
1.73056 72233
1.7308 72261
1.73104 72289
1.73128 72317
1.73151 72345
1.73175 72373
1.73211 72401
1.73247 72429
1.73271 72457
1.73295 72485
1.73319 72513
1.73355 72541
1.73402 72569
1.75303 72597
1.75351 72625
1.75374 72653
1.7559 72681
1.75625 72709
1.75649 72737
1.75709 72765
1.75745 72793
1.75769 72821
1.75817 72849
1.75841 72877
1.75888 72905
1.75936 72933
1.7596 72961
1.75984 72989
1.76008 73017
1.76032 73045
1.76056 73073
1.76092 73101
1.76127 73129
1.76151 73157
1.76175 73185
1.76199 73213
1.76247 73241
1.76295 73269
1.78195 73297
1.78243 73325
1.78267 73353
1.78494 73381
1.7853 73409
1.78554 73437
1.78613 73465
1.78649 73493
1.78673 73521
1.78721 73549
1.78745 73577
1.78793 73605
1.78841 73633
1.78864 73661
1.78888 73689
1.78912 73717
1.78936 73745
1.7896 73773
1.79008 73801
1.79032 73829
1.79056 73857
1.7908 73885
1.79104 73913
1.79151 73941
1.79199 73969
1.81123 73997
1.81159 74025
1.81183 74053
1.81422 74081
1.81446 74108
1.81482 74135
1.81542 74162
1.81566 74189
1.8159 74216
1.81637 74243
1.81661 74270
1.81709 74297
1.81757 74324
1.81781 74351
1.81805 74378
1.81829 74405
1.81852 74432
1.81876 74459
1.81924 74486
1.81948 74513
1.81972 74540
1.81996 74567
1.8202 74594
1.82056 74621
1.82103 74648
1.84064 74675
1.84099 74702
1.84123 74729
1.84362 74756
1.84386 74783
1.84422 74810
1.84482 74837
1.84506 74864
1.8453 74891
1.84578 74918
1.84601 74945
1.84649 74972
1.84697 74999
1.84721 75026
1.84745 75053
1.84769 75080
1.84793 75107
1.84817 75134
1.84852 75161
1.84888 75188
1.84912 75215
1.84936 75242
1.8496 75269
1.84996 75296
1.85044 75323
1.87016 75350
1.87064 75377
1.87087 75404
1.87315 75431
1.8735 75458
1.87374 75485
1.87434 75512
1.8747 75539
1.87494 75566
1.87518 75593
1.87566 75620
1.87589 75647
1.87637 75674
1.87685 75701
1.87709 75728
1.87733 75755
1.87757 75782
1.87781 75809
1.87805 75836
1.8784 75863
1.87876 75890
1.879 75917
1.87924 75944
1.87948 75971
1.87996 75998
1.88044 76025
1.90028 76052
1.90075 76079
1.90099 76106
1.90326 76133
1.90362 76160
1.90386 76187
1.90446 76214
1.90482 76241
1.90506 76268
1.9053 76295
1.90577 76322
1.90601 76349
1.90649 76376
1.90697 76403
1.90721 76430
1.90745 76457
1.90769 76484
1.90793 76511
1.90816 76538
1.90864 76565
1.90888 76592
1.90912 76619
1.90936 76646
1.9096 76673
1.91008 76700
1.91056 76727
1.93075 76754
1.93111 76781
1.93135 76808
1.93374 76834
1.93398 76860
1.93434 76886
1.93494 76912
1.93518 76938
1.93542 76964
1.93577 76990
1.93613 77016
1.93649 77042
1.93685 77068
1.93733 77094
1.93757 77120
1.93781 77146
1.93804 77172
1.93828 77198
1.93852 77224
1.939 77250
1.93924 77276
1.93948 77302
1.93972 77328
1.93996 77354
1.94032 77380
1.94079 77406
1.96135 77432
1.96171 77458
1.96195 77484
1.96434 77510
1.96458 77536
1.96494 77562
1.96553 77588
1.96577 77614
1.96601 77640
1.96637 77666
1.96673 77692
1.96709 77718
1.96745 77744
1.96792 77770
1.96816 77796
1.9684 77822
1.96864 77848
1.96888 77874
1.96912 77900
1.96948 77926
1.96984 77952
1.97008 77978
1.97032 78004
1.97055 78030
1.97091 78056
1.97139 78082
1.99207 78108
1.99255 78134
1.99278 78160
1.99506 78186
1.99541 78212
1.99565 78238
1.99625 78264
1.99661 78290
1.99685 78316
1.99709 78342
1.99757 78368
1.9978 78394
1.99828 78420
1.99864 78446
1.999 78472
1.99924 78498
1.99948 78524
1.99972 78550
1.99996 78576
2.0002 78602
2.00055 78628
2.00091 78654
2.00115 78680
2.00139 78706
2.00163 78732
2.00211 78758
2.00259 78784
2.02338 78810
2.02386 78836
2.0241 78862
2.02637 78888
2.02673 78914
2.02697 78940
2.02757 78966
2.02792 78992
2.02816 79018
2.0284 79044
2.02888 79070
2.02912 79096
2.0296 79122
2.02996 79148
2.03031 79174
2.03055 79200
2.03079 79226
2.03103 79252
2.03127 79278
2.03151 79304
2.03199 79330
2.03223 79356
2.03247 79382
2.0327 79408
2.03294 79434
2.03342 79460
2.0339 79486
2.05505 79512
2.05541 79538
2.05565 79564
2.05804 79590
2.05828 79616
2.05864 79642
2.05924 79668
2.05948 79694
2.05972 79720
2.06007 79746
2.06043 79772
2.06079 79797
2.06115 79822
2.06163 79847
2.06187 79872
2.06211 79897
2.06235 79922
2.06258 79947
2.06282 79972
2.06318 79997
2.06354 80022
2.06378 80047
2.06402 80072
2.06426 80097
2.0645 80122
2.06486 80147
2.06533 80172
2.08685 80197
2.08721 80222
2.08744 80247
2.08984 80272
2.09007 80297
2.09043 80322
2.09103 80347
2.09127 80372
2.09151 80397
2.09187 80422
2.09223 80447
2.09258 80472
2.09294 80497
2.09342 80522
2.09366 80547
2.0939 80572
2.09414 80597
2.09438 80622
2.09462 80647
2.09485 80672
2.09533 80697
2.09557 80722
2.09581 80747
2.09605 80772
2.09629 80797
2.09665 80822
2.09713 80847
2.11864 80872
2.11912 80897
2.11936 80922
2.12163 80947
2.12199 80972
2.12222 80997
2.12282 81022
2.12318 81047
2.12342 81072
2.12366 81097
2.12414 81122
2.12438 81147
2.12485 81172
2.12521 81197
2.12557 81222
2.12581 81247
2.12605 81272
2.12629 81297
2.12653 81322
2.12677 81347
2.12701 81372
2.12748 81397
2.12772 81422
2.12796 81447
2.1282 81472
2.12844 81497
2.12892 81522
2.1294 81547
2.15091 81572
2.15139 81597
2.15163 81622
2.1539 81647
2.15426 81672
2.1545 81697
2.15509 81722
2.15545 81747
2.15569 81772
2.15593 81797
2.15641 81822
2.15665 81847
2.15712 81872
2.15748 81897
2.15784 81922
2.15808 81947
2.15832 81972
2.15856 81997
2.1588 82022
2.15904 82047
2.15928 82072
2.15975 82097
2.15999 82122
2.16023 82147
2.16047 82172
2.16071 82197
2.16119 82222
2.16167 82247
2.17948 82272
2.17995 82297
2.18019 82322
2.18079 82347
2.18103 82372
2.18127 82397
2.18151 82422
2.18175 82447
2.18198 82472
2.18222 82497
2.18246 82522
2.1827 82547
2.18294 82572
2.18318 82597
2.18342 82622
2.18366 82647
2.1839 82672
2.18414 82697
2.18438 82722
2.18461 82747
2.18497 82772
2.18533 82797
2.18557 82822
2.18581 82847
2.18605 82872
2.18629 82897
2.18653 82922
2.18677 82947
2.19991 82971
2.20039 82995
2.20063 83019
2.20123 83043
2.20147 83067
2.20171 83091
2.20194 83115
2.20218 83139
2.20242 83163
2.20266 83187
2.2029 83211
2.20314 83235
2.20338 83259
2.20362 83283
2.20386 83307
2.2041 83331
2.20434 83355
2.20457 83379
2.20481 83403
2.20505 83427
2.20529 83451
2.20553 83475
2.20577 83499
2.20601 83523
2.20625 83547
2.20649 83571
2.20673 83595
2.20696 83619
2.21904 83643
2.21951 83667
2.21975 83691
2.22035 83715
2.22071 83739
2.22095 83763
2.22119 83787
2.22143 83811
2.22167 83835
2.2219 83859
2.22214 83883
2.22238 83907
2.22262 83931
2.22286 83955
2.2231 83979
2.22334 84003
2.22358 84027
2.22382 84051
2.22406 84075
2.2243 84099
2.22453 84123
2.22477 84147
2.22501 84171
2.22525 84195
2.22549 84219
2.22573 84243
2.22597 84267
2.22621 84291
2.22645 84315
2.23864 84339
2.23912 84363
2.23935 84387
2.23995 84411
2.24031 84435
2.24055 84459
2.24079 84483
2.24103 84507
2.24127 84531
2.24151 84555
2.24174 84579
2.24198 84603
2.24222 84627
2.24246 84651
2.2427 84675
2.24294 84699
2.24318 84723
2.24342 84747
2.24366 84771
2.2439 84795
2.24414 84819
2.24437 84843
2.24461 84867
2.24485 84891
2.24509 84915
2.24533 84939
2.24557 84963
2.24581 84987
2.24617 85011
2.25848 85035
2.25896 85059
2.25919 85083
2.25979 85107
2.26015 85131
2.26039 85155
2.26063 85179
2.26087 85203
2.26111 85227
2.26135 85251
2.26159 85275
2.26182 85299
2.26206 85323
2.2623 85347
2.26254 85371
2.26278 85395
2.26302 85419
2.26326 85443
2.2635 85467
2.26374 85491
2.26398 85515
2.26421 85539
2.26445 85563
2.26469 85587
2.26493 85611
2.26517 85635
2.26541 85659
2.26565 85683
2.26613 85707
2.27856 85731
2.27904 85755
2.27927 85779
2.27987 85803
2.28023 85827
2.28047 85851
2.28071 85875
2.28095 85899
2.28119 85923
2.28143 85947
2.28166 85971
2.2819 85995
2.28214 86019
2.28238 86043
2.28262 86067
2.28286 86091
2.2831 86115
2.28334 86139
2.28358 86163
2.28382 86187
2.28406 86211
2.28429 86235
2.28453 86259
2.28477 86283
2.28501 86307
2.28525 86331
2.28549 86355
2.28573 86379
2.28609 86403
2.29888 86426
2.29935 86449
2.29959 86472
2.30019 86495
2.30055 86518
2.30079 86541
2.30103 86564
2.30127 86587
2.3015 86610
2.30174 86633
2.30198 86656
2.30222 86679
2.30246 86702
2.3027 86725
2.30294 86748
2.30318 86771
2.30342 86794
2.30366 86817
2.3039 86840
2.30413 86863
2.30437 86886
2.30461 86909
2.30485 86932
2.30509 86955
2.30533 86978
2.30557 87001
2.30581 87024
2.30605 87047
2.30629 87070
2.30676 87093
2.31967 87116
2.32015 87139
2.32039 87162
2.32099 87185
2.32135 87208
2.32158 87231
2.32182 87254
2.32206 87277
2.3223 87300
2.32254 87323
2.32278 87346
2.32302 87369
2.32326 87392
2.3235 87415
2.32374 87438
2.32397 87461
2.32421 87484
2.32445 87507
2.32469 87530
2.32493 87553
2.32517 87576
2.32541 87599
2.32565 87622
2.32589 87645
2.32613 87668
2.32637 87691
2.3266 87714
2.32684 87737
2.3272 87760
2.32768 87783
2.34071 87806
2.34119 87829
2.34142 87852
2.34202 87875
2.34238 87898
2.34262 87921
2.34286 87944
2.3431 87967
2.34334 87990
2.34358 88013
2.34382 88036
2.34405 88059
2.34429 88082
2.34453 88105
2.34477 88128
2.34501 88151
2.34525 88174
2.34549 88197
2.34573 88220
2.34597 88243
2.34621 88266
2.34644 88289
2.34668 88312
2.34692 88335
2.34716 88358
2.3474 88381
2.34764 88404
2.34788 88427
2.34836 88450
2.34872 88473
2.3621 88496
2.36246 88519
2.36282 88542
2.3633 88565
2.36366 88588
2.36389 88611
2.36413 88634
2.36437 88657
2.36461 88680
2.36485 88703
2.36509 88726
2.36533 88749
2.36557 88772
2.36581 88795
2.36605 88818
2.36628 88841
2.36652 88864
2.36676 88887
2.367 88910
2.36724 88933
2.36748 88956
2.36772 88979
2.36796 89002
2.3682 89025
2.36844 89048
2.36868 89071
2.36891 89094
2.36915 89117
2.36951 89140
2.36987 89163
2.38362 89186
2.38397 89209
2.38433 89232
2.38481 89255
2.38517 89278
2.38541 89301
2.38565 89324
2.38589 89347
2.38613 89370
2.38636 89393
2.3866 89416
2.38684 89439
2.38708 89462
2.38732 89485
2.38756 89508
2.3878 89531
2.38804 89554
2.38828 89577
2.38852 89600
2.38875 89623
2.38899 89646
2.38923 89669
2.38947 89692
2.38971 89715
2.38995 89738
2.39019 89761
2.39043 89784
2.39067 89807
2.39091 89830
2.39138 89853
2.40525 89876
2.40573 89899
2.40597 89922
2.40644 89945
2.40692 89968
2.40716 89991
2.4074 90014
2.40764 90037
2.40788 90060
2.40812 90083
2.40836 90106
2.40859 90129
2.40883 90152
2.40907 90175
2.40931 90197
2.40955 90219
2.40979 90241
2.41003 90263
2.41027 90285
2.41051 90307
2.41075 90329
2.41099 90351
2.41122 90373
2.41146 90395
2.4117 90417
2.41194 90439
2.41218 90461
2.41242 90483
2.41266 90505
2.41314 90527
2.41338 90549
2.42736 90571
2.42796 90593
2.4282 90615
2.42867 90637
2.42915 90659
2.42939 90681
2.42963 90703
2.42987 90725
2.43011 90747
2.43035 90769
2.43059 90791
2.43083 90813
2.43106 90835
2.4313 90857
2.43154 90879
2.43178 90901
2.43202 90923
2.43226 90945
2.4325 90967
2.43274 90989
2.43298 91011
2.43322 91033
2.43346 91055
2.43369 91077
2.43393 91099
2.43417 91121
2.43441 91143
2.43465 91165
2.43501 91187
2.43537 91209
2.43561 91231
2.44995 91253
2.45043 91275
2.45079 91297
2.45126 91319
2.45162 91341
2.45186 91363
2.4521 91385
2.45234 91407
2.45258 91429
2.45282 91451
2.45306 91473
2.4533 91495
2.45353 91517
2.45377 91539
2.45401 91561
2.45425 91583
2.45449 91605
2.45473 91627
2.45497 91649
2.45521 91671
2.45545 91693
2.45569 91715
2.45592 91737
2.45616 91759
2.4564 91781
2.45664 91803
2.45688 91825
2.45712 91847
2.45736 91869
2.45784 91891
2.45808 91913
2.47266 91935
2.47314 91957
2.47349 91979
2.47397 92001
2.47433 92023
2.47457 92045
2.47481 92067
2.47505 92089
2.47529 92111
2.47553 92133
2.47577 92155
2.476 92177
2.47624 92199
2.47648 92221
2.47672 92243
2.47696 92265
2.4772 92287
2.47744 92309
2.47768 92331
2.47792 92353
2.47816 92375
2.47839 92397
2.47863 92419
2.47887 92441
2.47911 92463
2.47935 92485
2.47959 92507
2.47983 92529
2.48007 92551
2.48043 92573
2.48078 92595
2.49549 92617
2.49596 92639
2.49632 92661
2.4968 92683
2.49728 92705
2.49752 92727
2.49776 92749
2.498 92771
2.49823 92793
2.49847 92815
2.49871 92837
2.49895 92859
2.49919 92881
2.49943 92903
2.49967 92925
2.49991 92947
2.50015 92969
2.50039 92991
2.50063 93013
2.50086 93035
2.5011 93057
2.50134 93079
2.50158 93101
2.50182 93123
2.50206 93145
2.5023 93167
2.50254 93189
2.50278 93211
2.50302 93233
2.50337 93255
2.50373 93277
2.50397 93299
2.51879 93321
2.51939 93343
2.51975 93365
2.52023 93387
2.5207 93409
2.52094 93431
2.52118 93453
2.52142 93475
2.52166 93497
2.5219 93519
2.52214 93541
2.52238 93563
2.52262 93585
2.52286 93607
2.5231 93629
2.52333 93651
2.52357 93673
2.52381 93695
2.52405 93717
2.52429 93739
2.52453 93761
2.52477 93783
2.52501 93805
2.52525 93827
2.52549 93849
2.52572 93871
2.52596 93893
2.5262 93915
2.52644 93937
2.52692 93959
2.52716 93981
2.5274 94003
2.54258 94025
2.54317 94047
2.54353 94069
2.54401 94091
2.54437 94113
2.54461 94135
2.54485 94157
2.54509 94179
2.54533 94201
2.54556 94223
2.5458 94245
2.54604 94267
2.54628 94288
2.54652 94309
2.54676 94330
2.547 94351
2.54724 94372
2.54748 94393
2.54772 94414
2.54796 94435
2.54819 94456
2.54843 94477
2.54867 94498
2.54891 94519
2.54915 94540
2.54939 94561
2.54963 94582
2.54987 94603
2.55011 94624
2.55047 94645
2.55082 94666
2.55106 94687
2.56636 94708
2.56708 94729
2.56744 94750
2.56792 94771
2.56827 94792
2.56851 94813
2.56875 94834
2.56899 94855
2.56923 94876
2.56947 94897
2.56971 94918
2.56995 94939
2.57019 94960
2.57042 94981
2.57066 95002
2.5709 95023
2.57114 95044
2.57138 95065
2.57162 95086
2.57186 95107
2.5721 95128
2.57234 95149
2.57258 95170
2.57282 95191
2.57305 95212
2.57329 95233
2.57353 95254
2.57377 95275
2.57401 95296
2.57425 95317
2.57473 95338
2.57497 95359
2.59038 95380
2.5911 95401
2.59146 95422
2.59194 95443
2.59242 95464
2.59266 95485
2.59289 95506
2.59313 95527
2.59337 95548
2.59361 95569
2.59385 95590
2.59409 95611
2.59433 95632
2.59457 95653
2.59481 95674
2.59505 95695
2.59529 95716
2.59552 95737
2.59576 95758
2.596 95779
2.59624 95800
2.59648 95821
2.59672 95842
2.59696 95863
2.5972 95884
2.59744 95905
2.59768 95926
2.59791 95947
2.59815 95968
2.59839 95989
2.59887 96010
2.59911 96031
2.59935 96052
2.61489 96073
2.6156 96094
2.61608 96115
2.61656 96136
2.61704 96157
2.61728 96178
2.61752 96199
2.61775 96220
2.61799 96241
2.61823 96262
2.61847 96283
2.61871 96304
2.61895 96325
2.61919 96346
2.61943 96367
2.61967 96388
2.61991 96409
2.62015 96430
2.62038 96451
2.62062 96472
2.62086 96493
2.6211 96514
2.62134 96535
2.62158 96556
2.62182 96577
2.62206 96598
2.6223 96619
2.62254 96640
2.62277 96661
2.62313 96682
2.62349 96703
2.62373 96724
2.62397 96745
2.63975 96766
2.64046 96787
2.64094 96808
2.64142 96829
2.64178 96850
2.64202 96871
2.64226 96892
2.6425 96913
2.64273 96934
2.64297 96955
2.64321 96976
2.64345 96997
2.64369 97018
2.64393 97039
2.64417 97060
2.64441 97081
2.64465 97102
2.64489 97123
2.64512 97144
2.64536 97165
2.6456 97186
2.64584 97207
2.64608 97228
2.64632 97249
2.64656 97270
2.6468 97291
2.64704 97312
2.64728 97333
2.64752 97354
2.64775 97375
2.64823 97396
2.64847 97417
2.64871 97438
2.66473 97459
2.66544 97480
2.66592 97501
2.6664 97522
2.66688 97543
2.66712 97564
2.66736 97585
2.66759 97606
2.66783 97627
2.66807 97648
2.66831 97669
2.66855 97690
2.66879 97711
2.66903 97732
2.66927 97753
2.66951 97774
2.66975 97795
2.66999 97816
2.67022 97837
2.67046 97858
2.6707 97879
2.67094 97900
2.67118 97921
2.67142 97942
2.67166 97963
2.6719 97984
2.67214 98005
2.67238 98026
2.67261 98047
2.67285 98068
2.67321 98089
2.67369 98110
2.67393 98131
2.68983 98152
2.69054 98173
2.69102 98194
2.6915 98215
2.69198 98236
2.69234 98257
2.69257 98278
2.69281 98299
2.69305 98320
2.69329 98341
2.69353 98362
2.69377 98383
2.69401 98404
2.69425 98425
2.69449 98446
2.69473 98467
2.69496 98488
2.6952 98509
2.69544 98530
2.69568 98551
2.69592 98572
2.69616 98593
2.6964 98614
2.69664 98635
2.69688 98656
2.69712 98677
2.69736 98698
2.69759 98719
2.69783 98740
2.69807 98761
2.69831 98781
2.69867 98801
2.69903 98821
2.69927 98841
2.7154 98861
2.71612 98881
2.7166 98901
2.71708 98921
2.71755 98941
2.71791 98961
2.71815 98981
2.71839 99001
2.71863 99021
2.71887 99041
2.71911 99061
2.71935 99081
2.71959 99101
2.71982 99121
2.72006 99141
2.7203 99161
2.72054 99181
2.72078 99201
2.72102 99221
2.72126 99241
2.7215 99261
2.72174 99281
2.72198 99301
2.72222 99321
2.72245 99341
2.72269 99361
2.72293 99381
2.72317 99401
2.72341 99421
2.72365 99441
2.72389 99461
2.72437 99481
2.72461 99501
2.72496 99521
2.74122 99541
2.74194 99561
2.74241 99581
2.74289 99601
2.74337 99621
2.74373 99641
2.74397 99661
2.74421 99681
2.74445 99701
2.74469 99721
2.74492 99741
2.74516 99761
2.7454 99781
2.74564 99801
2.74588 99821
2.74612 99841
2.74636 99861
2.7466 99881
2.74684 99901
2.74708 99921
2.74731 99941
2.74755 99961
2.74779 99981
2.74803 100001
2.74827 100021
2.74851 100041
2.74875 100061
2.74899 100081
2.74923 100101
2.74947 100121
2.74982 100141
2.75018 100161
2.75042 100181
2.75066 100201
2.76727 100221
2.76799 100241
2.76847 100261
2.76895 100281
2.76943 100301
2.76978 100321
2.77002 100341
2.77026 100361
2.7705 100381
2.77074 100401
2.77098 100421
2.77122 100441
2.77146 100461
2.7717 100481
2.77194 100501
2.77217 100521
2.77241 100541
2.77265 100561
2.77289 100581
2.77313 100601
2.77337 100621
2.77361 100641
2.77385 100661
2.77409 100681
2.77433 100701
2.77457 100721
2.7748 100741
2.77504 100761
2.77528 100781
2.77552 100801
2.77576 100821
2.77624 100841
2.77648 100861
2.77672 100881
2.79357 100901
2.79429 100921
2.79476 100941
2.79524 100961
2.79572 100981
2.79608 101001
2.79632 101021
2.79656 101041
2.7968 101061
2.79703 101081
2.79727 101101
2.79751 101121
2.79775 101141
2.79799 101161
2.79823 101181
2.79847 101201
2.79871 101221
2.79895 101241
2.79919 101261
2.79943 101281
2.79966 101301
2.7999 101321
2.80014 101341
2.80038 101361
2.80062 101381
2.80086 101401
2.8011 101421
2.80134 101441
2.80158 101461
2.80182 101481
2.80205 101501
2.80229 101521
2.80277 101541
2.80301 101561
2.80325 101581
2.82034 101601
2.82106 101621
2.82154 101641
2.82201 101661
2.82249 101681
2.82285 101701
2.82309 101721
2.82333 101741
2.82357 101761
2.82381 101781
2.82405 101801
2.82429 101821
2.82452 101841
2.82476 101861
2.825 101881
2.82524 101901
2.82548 101921
2.82572 101941
2.82596 101961
2.8262 101981
2.82644 102001
2.82668 102021
2.82691 102041
2.82715 102061
2.82739 102081
2.82763 102101
2.82787 102121
2.82811 102141
2.82835 102161
2.82859 102181
2.82883 102201
2.82919 102221
2.82954 102241
2.82978 102261
2.83014 102281
2.84735 102301
2.84807 102321
2.84855 102341
2.84903 102361
2.8495 102381
2.84986 102401
2.8501 102421
2.85034 102441
2.85058 102461
2.85082 102481
2.85106 102501
2.8513 102521
2.85154 102541
2.85178 102561
2.85201 102581
2.85225 102601
2.85249 102621
2.85273 102641
2.85297 102661
2.85321 102681
2.85345 102701
2.85369 102721
2.85393 102741
2.85417 102761
2.8544 102781
2.85464 102801
2.85488 102821
2.85512 102841
2.85536 102861
2.8556 102881
2.85584 102901
2.85632 102921
2.85656 102941
2.85679 102961
2.85703 102981
2.8746 103001
2.87532 103021
2.8758 103041
2.87628 103061
2.87675 103081
2.87711 103101
2.87735 103121
2.87759 103141
2.87783 103161
2.87807 103181
2.87831 103201
2.87855 103221
2.87879 103241
2.87903 103261
2.87926 103281
2.8795 103301
2.87974 103321
2.87998 103341
2.88022 103361
2.88046 103381
2.8807 103401
2.88094 103421
2.88118 103441
2.88142 103461
2.88166 103481
2.88189 103501
2.88213 103521
2.88237 103541
2.88261 103561
2.88285 103581
2.88309 103601
2.88345 103621
2.88381 103641
2.88405 103661
2.88428 103681
2.90197 103700
2.90281 103719
2.90329 103738
2.90377 103757
2.90424 103776
2.9046 103795
2.90484 103814
2.90508 103833
2.90532 103852
2.90556 103871
2.9058 103890
2.90604 103909
2.90628 103928
2.90652 103947
2.90675 103966
2.90699 103985
2.90723 104004
2.90747 104023
2.90771 104042
2.90795 104061
2.90819 104080
2.90843 104099
2.90867 104118
2.90891 104137
2.90914 104156
2.90938 104175
2.90962 104194
2.90986 104213
2.9101 104232
2.91034 104251
2.91058 104270
2.91082 104289
2.9113 104308
2.91154 104327
2.91177 104346
2.91201 104365
2.92994 104384
2.93078 104403
2.93126 104422
2.93173 104441
2.93221 104460
2.93257 104479
2.93281 104498
2.93305 104517
2.93329 104536
2.93353 104555
2.93377 104574
2.934 104593
2.93424 104612
2.93448 104631
2.93472 104650
2.93496 104669
2.9352 104688
2.93544 104707
2.93568 104726
2.93592 104745
2.93616 104764
2.9364 104783
2.93663 104802
2.93687 104821
2.93711 104840
2.93735 104859
2.93759 104878
2.93783 104897
2.93807 104916
2.93831 104935
2.93855 104954
2.93891 104973
2.93926 104992
2.9395 105011
2.93974 105030
2.9401 105049
2.95815 105068
2.95898 105087
2.95946 105106
2.95994 105125
2.96042 105144
2.96078 105163
2.96102 105182
2.96126 105201
2.96149 105220
2.96173 105239
2.96197 105258
2.96221 105277
2.96245 105296
2.96269 105315
2.96293 105334
2.96317 105353
2.96341 105372
2.96365 105391
2.96388 105410
2.96412 105429
2.96436 105448
2.9646 105467
2.96484 105486
2.96508 105505
2.96532 105524
2.96556 105543
2.9658 105562
2.96604 105581
2.96628 105600
2.96651 105619
2.96675 105638
2.96723 105657
2.96747 105676
2.96771 105695
2.96795 105714
2.96831 105733
2.98671 105752
2.98755 105771
2.98803 105790
2.98851 105809
2.98886 105828
2.98922 105847
2.98946 105866
2.9897 105885
2.98994 105904
2.99018 105923
2.99042 105942
2.99066 105961
2.9909 105980
2.99114 105999
2.99137 106018
2.99161 106037
2.99185 106056
2.99209 106075
2.99233 106094
2.99257 106113
2.99281 106132
2.99305 106151
2.99329 106170
2.99353 106189
2.99376 106208
2.994 106227
2.99424 106246
2.99448 106265
2.99472 106284
2.99496 106303
2.9952 106322
2.99556 106341
2.99592 106360
2.99616 106379
2.99639 106398
2.99663 106417
3.0154 106436
3.01623 106455
3.01671 106474
3.01719 106493
3.01755 106512
3.01791 106531
3.01815 106550
3.01839 106569
3.01862 106588
3.01886 106607
3.0191 106626
3.01934 106645
3.01958 106664
3.01982 106683
3.02006 106702
3.0203 106721
3.02054 106740
3.02078 106759
3.02102 106778
3.02125 106797
3.02149 106816
3.02173 106835
3.02197 106854
3.02221 106873
3.02245 106892
3.02269 106911
3.02293 106930
3.02317 106949
3.02341 106968
3.02364 106987
3.02388 107006
3.02412 107025
3.0246 107044
3.02484 107063
3.02508 107082
3.02532 107101
3.0442 107120
3.04504 107139
3.04552 107158
3.046 107177
3.04635 107196
3.04683 107215
3.04707 107234
3.04731 107253
3.04755 107272
3.04779 107291
3.04803 107310
3.04827 107329
3.0485 107348
3.04874 107367
3.04898 107386
3.04922 107405
3.04946 107424
3.0497 107443
3.04994 107462
3.05018 107481
3.05042 107500
3.05066 107519
3.0509 107538
3.05113 107557
3.05137 107576
3.05161 107595
3.05185 107614
3.05209 107633
3.05233 107652
3.05257 107671
3.05281 107690
3.05305 107709
3.05352 107728
3.05376 107747
3.054 107766
3.05424 107785
3.05448 107804
3.07348 107823
3.07444 107842
3.07492 107861
3.0754 107880
3.07576 107899
3.07623 107918
3.07647 107937
3.07671 107956
3.07695 107975
3.07719 107994
3.07743 108013
3.07767 108032
3.07791 108051
3.07815 108070
3.07838 108089
3.07862 108108
3.07886 108127
3.0791 108146
3.07934 108165
3.07958 108184
3.07982 108203
3.08006 108222
3.0803 108241
3.08054 108260
3.08078 108279
3.08101 108298
3.08125 108317
3.08149 108336
3.08173 108355
3.08197 108374
3.08221 108393
3.08257 108412
3.08293 108431
3.08317 108450
3.0834 108469
3.08364 108488
3.08388 108507
3.10325 108526
3.1042 108545
3.10468 108564
3.10516 108583
3.10552 108602
3.10587 108621
3.10611 108640
3.10635 108659
3.10659 108678
3.10683 108697
3.10707 108716
3.10731 108735
3.10755 108754
3.10779 108773
3.10803 108792
3.10826 108811
3.1085 108830
3.10874 108849
3.10898 108868
3.10922 108887
3.10946 108906
3.1097 108925
3.10994 108944
3.11018 108963
3.11042 108982
3.11066 109001
3.11089 109020
3.11113 109039
3.11137 109058
3.11161 109077
3.11185 109096
3.11209 109115
3.11257 109134
3.11281 109153
3.11305 109171
3.11328 109189
3.11352 109207
3.13313 109225
3.13408 109243
3.13456 109261
3.13504 109279
3.1354 109297
3.13575 109315
3.13599 109333
3.13623 109351
3.13647 109369
3.13671 109387
3.13695 109405
3.13719 109423
3.13743 109441
3.13767 109459
3.13791 109477
3.13814 109495
3.13838 109513
3.13862 109531
3.13886 109549
3.1391 109567
3.13934 109585
3.13958 109603
3.13982 109621
3.14006 109639
3.1403 109657
3.14054 109675
3.14077 109693
3.14101 109711
3.14125 109729
3.14149 109747
3.14173 109765
3.14197 109783
3.14233 109801
3.14269 109819
3.14293 109837
3.14316 109855
3.1434 109873
3.16312 109891
3.16408 109909
3.16456 109927
3.16504 109945
3.1654 109963
3.16587 109981
3.16611 109999
3.16635 110017
3.16659 110035
3.16683 110053
3.16707 110071
3.16731 110089
3.16755 110107
3.16779 110125
3.16802 110143
3.16826 110161
3.1685 110179
3.16874 110197
3.16898 110215
3.16922 110233
3.16946 110251
3.1697 110269
3.16994 110287
3.17018 110305
3.17042 110323
3.17065 110341
3.17089 110359
3.17113 110377
3.17137 110395
3.17161 110413
3.17185 110431
3.17209 110449
3.17245 110467
3.17281 110485
3.17304 110503
3.17328 110521
3.17352 110539
3.17376 110557
3.1936 110575
3.19456 110593
3.19516 110611
3.19563 110629
3.19599 110647
3.19647 110665
3.19671 110683
3.19695 110701
3.19719 110719
3.19743 110737
3.19767 110755
3.1979 110773
3.19814 110791
3.19838 110809
3.19862 110827
3.19886 110845
3.1991 110863
3.19934 110881
3.19958 110899
3.19982 110917
3.20006 110935
3.2003 110953
3.20053 110971
3.20077 110989
3.20101 111007
3.20125 111025
3.20149 111043
3.20173 111061
3.20197 111079
3.20221 111097
3.20245 111115
3.20269 111133
3.20316 111151
3.2034 111169
3.20364 111187
3.20388 111205
3.20412 111223
3.20436 111241
3.22456 111259
3.22551 111277
3.22611 111295
3.22659 111313
3.22695 111331
3.22731 111349
3.22755 111367
3.22778 111385
3.22802 111403
3.22826 111421
3.2285 111439
3.22874 111457
3.22898 111475
3.22922 111493
3.22946 111511
3.2297 111529
3.22994 111547
3.23018 111565
3.23041 111583
3.23065 111601
3.23089 111619
3.23113 111637
3.23137 111655
3.23161 111673
3.23185 111691
3.23209 111709
3.23233 111727
3.23257 111745
3.2328 111763
3.23304 111781
3.23328 111799
3.23352 111817
3.23388 111835
3.23424 111853
3.23448 111871
3.23472 111889
3.23496 111907
3.2352 111925
3.25551 111943
3.25647 111961
3.25719 111979
3.25766 111997
3.25802 112015
3.25838 112033
3.25862 112051
3.25886 112069
3.2591 112087
3.25934 112105
3.25958 112123
3.25982 112141
3.26006 112159
3.26029 112177
3.26053 112195
3.26077 112213
3.26101 112231
3.26125 112249
3.26149 112267
3.26173 112285
3.26197 112303
3.26221 112321
3.26245 112339
3.26268 112357
3.26292 112375
3.26316 112393
3.2634 112411
3.26364 112429
3.26388 112447
3.26412 112465
3.26436 112483
3.2646 112501
3.26484 112519
3.26531 112537
3.26555 112555
3.26579 112573
3.26603 112591
3.26627 112609
3.28659 112627
3.28754 112645
3.28826 112663
3.28874 112681
3.2891 112699
3.28958 112717
3.28982 112735
3.29005 112753
3.29029 112771
3.29053 112789
3.29077 112807
3.29101 112825
3.29125 112843
3.29149 112861
3.29173 112879
3.29197 112897
3.29221 112915
3.29245 112933
3.29268 112951
3.29292 112969
3.29316 112987
3.2934 113005
3.29364 113023
3.29388 113041
3.29412 113059
3.29436 113077
3.2946 113095
3.29484 113113
3.29507 113131
3.29531 113149
3.29555 113167
3.29579 113185
3.29603 113203
3.29651 113221
3.29675 113239
3.29699 113257
3.29723 113275
3.29747 113293
3.2977 113311
3.31802 113329
3.31898 113347
3.3197 113365
3.32017 113383
3.32065 113401
3.32113 113419
3.32137 113437
3.32161 113455
3.32185 113473
3.32209 113491
3.32233 113509
3.32256 113527
3.3228 113545
3.32304 113563
3.32328 113581
3.32352 113599
3.32376 113617
3.324 113635
3.32424 113653
3.32448 113671
3.32472 113689
3.32495 113707
3.32519 113725
3.32543 113743
3.32567 113761
3.32591 113779
3.32615 113797
3.32639 113815
3.32663 113833
3.32687 113851
3.32711 113869
3.32735 113887
3.3277 113905
3.32806 113923
3.3283 113941
3.32854 113959
3.32878 113977
3.32902 113995
3.32938 114013
3.34981 114031
3.35077 114049
3.35149 114067
3.35197 114085
3.35244 114103
3.3528 114121
3.35304 114139
3.35328 114157
3.35352 114175
3.35376 114193
3.354 114211
3.35424 114229
3.35448 114247
3.35472 114265
3.35495 114283
3.35519 114301
3.35543 114319
3.35567 114337
3.35591 114355
3.35615 114373
3.35639 114391
3.35663 114409
3.35687 114427
3.35711 114445
3.35734 114463
3.35758 114481
3.35782 114499
3.35806 114517
3.3583 114535
3.35854 114553
3.35878 114571
3.35902 114589
3.3595 114607
3.35974 114625
3.35997 114643
3.36021 114661
3.36045 114679
3.36069 114697
3.36093 114715
3.38173 114733
3.38268 114751
3.3834 114769
3.38388 114787
3.38436 114805
3.38471 114823
3.38495 114841
3.38519 114859
3.38543 114877
3.38567 114895
3.38591 114913
3.38615 114931
3.38639 114949
3.38663 114967
3.38687 114985
3.38711 115003
3.38734 115021
3.38758 115039
3.38782 115057
3.38806 115075
3.3883 115093
3.38854 115111
3.38878 115129
3.38902 115147
3.38926 115165
3.3895 115183
3.38973 115201
3.38997 115218
3.39021 115235
3.39045 115252
3.39069 115269
3.39093 115286
3.39129 115303
3.39165 115320
3.39189 115337
3.39212 115354
3.39236 115371
3.3926 115388
3.39284 115405
3.41089 115422
3.41185 115439
3.41256 115456
3.41304 115473
3.41352 115490
3.41388 115507
3.41412 115524
3.41436 115541
3.41459 115558
3.41483 115575
3.41507 115592
3.41531 115609
3.41555 115626
3.41579 115643
3.41603 115660
3.41627 115677
3.41651 115694
3.41675 115711
3.41699 115728
3.41722 115745
3.41746 115762
3.4177 115779
3.41794 115796
3.41818 115813
3.41842 115830
3.41866 115847
3.4189 115864
3.41914 115881
3.41938 115898
3.41961 115915
3.41985 115932
3.42009 115949
3.42033 115966
3.42069 115983
3.42105 116000
3.42129 116017
3.42153 116034
3.42177 116051
3.422 116068
3.42224 116085
3.44005 116102
3.44101 116119
3.44173 116136
3.4422 116153
3.44268 116170
3.44304 116187
3.44328 116204
3.44352 116221
3.44376 116238
3.444 116255
3.44424 116272
3.44447 116289
3.44471 116306
3.44495 116323
3.44519 116340
3.44543 116357
3.44567 116374
3.44591 116391
3.44615 116408
3.44639 116425
3.44663 116442
3.44687 116459
3.4471 116476
3.44734 116493
3.44758 116510
3.44782 116527
3.44806 116544
3.4483 116561
3.44854 116578
3.44878 116595
3.44902 116612
3.44926 116629
3.44949 116646
3.44997 116663
3.45021 116680
3.45045 116697
3.45069 116714
3.45093 116731
3.45117 116748
3.45153 116765
3.46694 116782
3.4679 116799
3.46862 116816
3.4691 116833
3.46957 116850
3.46993 116867
3.47017 116884
3.47041 116901
3.47065 116918
3.47089 116935
3.47113 116952
3.47137 116969
3.47161 116986
3.47184 117003
3.47208 117020
3.47232 117037
3.47256 117054
3.4728 117071
3.47304 117088
3.47328 117105
3.47352 117122
3.47376 117139
3.474 117156
3.47424 117173
3.47447 117190
3.47471 117207
3.47495 117224
3.47519 117241
3.47543 117258
3.47567 117275
3.47591 117292
3.47615 117309
3.47651 117326
3.47686 117343
3.4771 117360
3.47734 117377
3.47758 117394
3.47782 117411
3.47806 117428
3.4783 117445
3.49384 117462
3.49479 117479
3.49551 117496
3.49599 117513
3.49647 117530
3.49682 117547
3.49706 117564
3.4973 117581
3.49754 117598
3.49778 117615
3.49802 117632
3.49826 117649
3.4985 117666
3.49874 117683
3.49898 117700
3.49921 117717
3.49945 117734
3.49969 117751
3.49993 117768
3.50017 117785
3.50041 117802
3.50065 117819
3.50089 117836
3.50113 117853
3.50137 117870
3.50161 117887
3.50184 117904
3.50208 117921
3.50232 117938
3.50256 117955
3.5028 117972
3.50304 117989
3.50328 118006
3.50376 118023
3.504 118040
3.50423 118057
3.50447 118074
3.50471 118091
3.50495 118108
3.50519 118125
3.52073 118142
3.52168 118159
3.52252 118176
3.523 118193
3.52348 118210
3.52384 118227
3.52408 118244
3.52431 118261
3.52455 118278
3.52479 118295
3.52503 118312
3.52527 118329
3.52551 118346
3.52575 118363
3.52599 118380
3.52623 118397
3.52647 118414
3.5267 118431
3.52694 118448
3.52718 118465
3.52742 118482
3.52766 118499
3.5279 118516
3.52814 118533
3.52838 118550
3.52862 118567
3.52886 118584
3.52909 118601
3.52933 118618
3.52957 118635
3.52981 118652
3.53005 118669
3.53029 118686
3.53065 118703
3.53101 118720
3.53125 118737
3.53149 118754
3.53172 118771
3.53196 118788
3.5322 118805
3.53244 118822
3.54822 118839
3.54917 118856
3.55001 118873
3.55049 118890
3.55097 118907
3.55133 118924
3.55156 118941
3.5518 118958
3.55204 118975
3.55228 118992
3.55252 119009
3.55276 119026
3.553 119043
3.55324 119060
3.55348 119077
3.55372 119094
3.55396 119111
3.55419 119128
3.55443 119145
3.55467 119162
3.55491 119179
3.55515 119196
3.55539 119213
3.55563 119230
3.55587 119247
3.55611 119264
3.55635 119281
3.55658 119298
3.55682 119315
3.55706 119332
3.5573 119349
3.55754 119366
3.55778 119383
3.55826 119400
3.5585 119417
3.55874 119434
3.55897 119451
3.55921 119468
3.55945 119485
3.55969 119502
3.56005 119519
3.57607 119536
3.57714 119553
3.57798 119570
3.57846 119587
3.57893 119604
3.57929 119621
3.57953 119638
3.57977 119655
3.58001 119672
3.58025 119689
3.58049 119706
3.58073 119723
3.58097 119740
3.58121 119757
3.58144 119774
3.58168 119791
3.58192 119808
3.58216 119825
3.5824 119842
3.58264 119859
3.58288 119876
3.58312 119893
3.58336 119910
3.5836 119927
3.58384 119944
3.58407 119961
3.58431 119978
3.58455 119995
3.58479 120012
3.58503 120029
3.58527 120046
3.58551 120063
3.58587 120080
3.58623 120097
3.58646 120114
3.5867 120131
3.58694 120148
3.58718 120165
3.58742 120182
3.58766 120199
3.58802 120216
3.60439 120233
3.60535 120250
3.60619 120267
3.60666 120284
3.60714 120301
3.6075 120318
3.60774 120335
3.60798 120352
3.60822 120369
3.60846 120386
3.6087 120403
3.60893 120420
3.60917 120437
3.60941 120454
3.60965 120471
3.60989 120488
3.61013 120505
3.61037 120522
3.61061 120539
3.61085 120556
3.61109 120573
3.61132 120590
3.61156 120607
3.6118 120624
3.61204 120641
3.61228 120658
3.61252 120675
3.61276 120692
3.613 120709
3.61324 120726
3.61348 120743
3.61372 120760
3.61395 120777
3.61443 120794
3.61467 120811
3.61491 120828
3.61515 120845
3.61539 120862
3.61563 120879
3.61587 120896
3.61611 120913
3.63248 120930
3.63344 120947
3.63439 120964
3.63487 120981
3.63535 120998
3.63571 121015
3.63595 121032
3.63618 121049
3.63642 121066
3.63666 121083
3.6369 121100
3.63714 121117
3.63738 121134
3.63762 121151
3.63786 121168
3.6381 121185
3.63834 121202
3.63858 121219
3.63881 121236
3.63905 121253
3.63929 121270
3.63953 121287
3.63977 121304
3.64001 121321
3.64025 121338
3.64049 121355
3.64073 121372
3.64097 121389
3.6412 121406
3.64144 121423
3.64168 121440
3.64192 121457
3.64216 121474
3.64252 121491
3.64288 121508
3.64312 121525
3.64336 121542
3.6436 121559
3.64383 121576
3.64407 121593
3.64431 121610
3.66081 121627
3.66176 121644
3.66272 121661
3.6632 121678
3.66355 121695
3.66403 121712
3.66439 121729
3.66463 121746
3.66487 121763
3.66511 121780
3.66535 121797
3.66559 121814
3.66583 121831
3.66606 121848
3.6663 121865
3.66654 121882
3.66678 121899
3.66702 121916
3.66726 121933
3.6675 121950
3.66774 121967
3.66798 121984
3.66822 122000
3.66846 122016
3.66869 122032
3.66893 122048
3.66917 122064
3.66941 122080
3.66965 122096
3.66989 122112
3.67013 122128
3.67037 122144
3.67061 122160
3.67085 122176
3.67132 122192
3.67156 122208
3.6718 122224
3.67204 122240
3.67228 122256
3.67252 122272
3.67276 122288
3.673 122304
3.68985 122320
3.69081 122336
3.69176 122352
3.69236 122368
3.69272 122384
3.6932 122400
3.69355 122416
3.69379 122432
3.69403 122448
3.69427 122464
3.69451 122480
3.69475 122496
3.69499 122512
3.69523 122528
3.69547 122544
3.69571 122560
3.69594 122576
3.69618 122592
3.69642 122608
3.69666 122624
3.6969 122640
3.69714 122656
3.69738 122672
3.69762 122688
3.69786 122704
3.6981 122720
3.69834 122736
3.69857 122752
3.69881 122768
3.69905 122784
3.69929 122800
3.69953 122816
3.69977 122832
3.70013 122848
3.70049 122864
3.70073 122880
3.70096 122896
3.7012 122912
3.70144 122928
3.70168 122944
3.70192 122960
3.70216 122976
3.71937 122992
3.72033 123008
3.72128 123024
3.72176 123040
3.72224 123056
3.72272 123072
3.72296 123088
3.7232 123104
3.72343 123120
3.72367 123136
3.72391 123152
3.72415 123168
3.72439 123184
3.72463 123200
3.72487 123216
3.72511 123232
3.72535 123248
3.72559 123264
3.72582 123280
3.72606 123296
3.7263 123312
3.72654 123328
3.72678 123344
3.72702 123360
3.72726 123376
3.7275 123392
3.72774 123408
3.72798 123424
3.72822 123440
3.72845 123456
3.72869 123472
3.72893 123488
3.72917 123504
3.72941 123520
3.72989 123536
3.73013 123552
3.73037 123568
3.73061 123584
3.73084 123600
3.73108 123616
3.73132 123632
3.73156 123648
3.74865 123664
3.74961 123680
3.75057 123696
3.75104 123712
3.75164 123728
3.75212 123744
3.75236 123760
3.7526 123776
3.75284 123792
3.75308 123808
3.75331 123824
3.75355 123840
3.75379 123856
3.75403 123872
3.75427 123888
3.75451 123904
3.75475 123920
3.75499 123936
3.75523 123952
3.75547 123968
3.7557 123984
3.75594 124000
3.75618 124016
3.75642 124032
3.75666 124048
3.7569 124064
3.75714 124080
3.75738 124096
3.75762 124112
3.75786 124128
3.7581 124144
3.75833 124160
3.75857 124176
3.75881 124192
3.75917 124208
3.75953 124224
3.75977 124240
3.76001 124256
3.76025 124272
3.76049 124288
3.76072 124304
3.76096 124320
3.77817 124336
3.77913 124352
3.78009 124368
3.78056 124384
3.78116 124400
3.78164 124416
3.782 124432
3.78224 124448
3.78248 124464
3.78272 124480
3.78296 124496
3.78319 124512
3.78343 124528
3.78367 124544
3.78391 124560
3.78415 124576
3.78439 124592
3.78463 124608
3.78487 124624
3.78511 124640
3.78535 124656
3.78558 124672
3.78582 124688
3.78606 124704
3.7863 124720
3.78654 124736
3.78678 124752
3.78702 124768
3.78726 124784
3.7875 124800
3.78774 124816
3.78798 124832
3.78821 124848
3.78845 124864
3.78881 124880
3.78917 124896
3.78941 124912
3.78965 124928
3.78989 124944
3.79013 124960
3.79037 124976
3.7906 124992
3.79084 125008
3.80841 125024
3.80937 125040
3.81033 125056
3.8108 125072
3.8114 125088
3.81188 125104
3.81236 125120
3.8126 125136
3.81284 125152
3.81307 125168
3.81331 125184
3.81355 125200
3.81379 125216
3.81403 125232
3.81427 125248
3.81451 125264
3.81475 125280
3.81499 125296
3.81523 125312
3.81546 125328
3.8157 125344
3.81594 125360
3.81618 125376
3.81642 125392
3.81666 125408
3.8169 125424
3.81714 125440
3.81738 125456
3.81762 125472
3.81786 125488
3.81809 125504
3.81833 125520
3.81857 125536
3.81881 125552
3.81929 125568
3.81953 125584
3.81977 125600
3.82001 125616
3.82025 125632
3.82048 125648
3.82072 125664
3.82096 125680
3.8212 125696
3.83913 125712
3.84009 125728
3.84104 125744
3.84152 125760
3.84212 125776
3.8426 125792
3.84295 125808
3.84319 125824
3.84343 125840
3.84367 125856
3.84391 125872
3.84415 125888
3.84439 125904
3.84463 125920
3.84487 125936
3.84511 125952
3.84534 125968
3.84558 125984
3.84582 126000
3.84606 126016
3.8463 126032
3.84654 126048
3.84678 126064
3.84702 126080
3.84726 126096
3.8475 126112
3.84774 126128
3.84797 126144
3.84821 126160
3.84845 126176
3.84869 126192
3.84893 126208
3.84917 126224
3.84941 126240
3.84977 126256
3.85013 126272
3.85036 126288
3.8506 126304
3.85084 126320
3.85108 126336
3.85132 126352
3.85156 126368
3.8518 126384
3.86961 126400
3.87056 126416
3.87152 126432
3.872 126448
3.8726 126464
3.87307 126480
3.87343 126496
3.87367 126512
3.87391 126528
3.87415 126544
3.87439 126560
3.87463 126576
3.87487 126592
3.87511 126608
3.87534 126624
3.87558 126640
3.87582 126656
3.87606 126672
3.8763 126688
3.87654 126704
3.87678 126720
3.87702 126736
3.87726 126752
3.8775 126768
3.87773 126784
3.87797 126800
3.87821 126816
3.87845 126832
3.87869 126848
3.87893 126864
3.87917 126880
3.87941 126896
3.87965 126912
3.87989 126928
3.88013 126944
3.8806 126960
3.88084 126976
3.88108 126992
3.88132 127008
3.88156 127024
3.8818 127040
3.88204 127056
3.88228 127072
3.90032 127088
3.90128 127104
3.90224 127120
3.90271 127136
3.90331 127152
3.90379 127168
3.90415 127184
3.90439 127200
3.90463 127216
3.90487 127232
3.9051 127248
3.90534 127264
3.90558 127280
3.90582 127296
3.90606 127312
3.9063 127328
3.90654 127344
3.90678 127360
3.90702 127376
3.90726 127392
3.9075 127408
3.90773 127424
3.90797 127440
3.90821 127456
3.90845 127472
3.90869 127488
3.90893 127504
3.90917 127520
3.90941 127536
3.90965 127552
3.90989 127568
3.91012 127584
3.91036 127600
3.9106 127616
3.91084 127632
3.91132 127648
3.91156 127664
3.9118 127680
3.91204 127696
3.91228 127712
3.91252 127728
3.91275 127744
3.91299 127760
3.91323 127776
3.93176 127792
3.93271 127808
3.93367 127824
3.93415 127840
3.93475 127856
3.93522 127872
3.93558 127888
3.93582 127904
3.93606 127920
3.9363 127936
3.93654 127952
3.93678 127968
3.93702 127984
3.93726 128000
3.93749 128016
3.93773 128032
3.93797 128048
3.93821 128064
3.93845 128080
3.93869 128096
3.93893 128112
3.93917 128128
3.93941 128144
3.93965 128160
3.93989 128176
3.94012 128192
3.94036 128208
3.9406 128224
3.94084 128240
3.94108 128256
3.94132 128272
3.94156 128288
3.9418 128304
3.94204 128320
3.9424 128336
3.94275 128352
3.94299 128368
3.94323 128384
3.94347 128400
3.94371 128416
3.94395 128432
3.94419 128448
3.94443 128464
3.94467 128480
3.96367 128496
3.96463 128512
3.96558 128528
3.96606 128544
3.96666 128560
3.96714 128576
3.96749 128592
3.96773 128608
3.96797 128624
3.96821 128640
3.96845 128656
3.96869 128672
3.96893 128688
3.96917 128704
3.96941 128720
3.96965 128736
3.96988 128752
3.97012 128768
3.97036 128784
3.9706 128800
3.97084 128816
3.97108 128832
3.97132 128848
3.97156 128864
3.9718 128880
3.97204 128896
3.97228 128912
3.97251 128928
3.97275 128944
3.97299 128960
3.97323 128976
3.97347 128992
3.97371 129008
3.97395 129024
3.97419 129040
3.97467 129056
3.9749 129072
3.97514 129088
3.97538 129104
3.97562 129120
3.97586 129136
3.9761 129152
3.97634 129168
3.97658 129184
3.99534 129200
3.9963 129216
3.99725 129232
3.99773 129248
3.99833 129264
3.99881 129280
3.99917 129296
3.99941 129312
3.99965 129328
3.99988 129344
4.00012 129360
4.00036 129376
4.0006 129392
4.00084 129408
4.00108 129424
4.00132 129440
4.00156 129456
4.0018 129472
4.00204 129488
4.00227 129504
4.00251 129520
4.00275 129536
4.00299 129552
4.00323 129568
4.00347 129584
4.00371 129600
4.00395 129616
4.00419 129631
4.00443 129646
4.00466 129661
4.0049 129676
4.00514 129691
4.00538 129706
4.00562 129721
4.00586 129736
4.00622 129751
4.00658 129766
4.00682 129781
4.00706 129796
4.00729 129811
4.00753 129826
4.00777 129841
4.00801 129856
4.00825 129871
4.0269 129886
4.02797 129901
4.02893 129916
4.02941 129931
4.03 129946
4.03048 129961
4.03084 129976
4.03108 129991
4.03132 130006
4.03156 130021
4.0318 130036
4.03192 130051
