0.0 0
0.00801856 4294967295
0.0162706 4294967295
0.0174658 4294967295
0.018661 4294967295
0.0198562 4294967295
0.0210514 4294967295
0.0245182 4294967295
0.0257134 4294967295
0.026311 4294967295
0.0277453 4294967295
0.029299 4294967295
0.0298966 4294967295
0.0313309 4294967295
0.0328846 4294967295
0.0333627 4294967295
0.0349165 4294967295
0.0356336 4294967295
0.0362312 4294967295
0.0383826 4294967295
0.0400558 4294967295
0.0405339 4294967295
0.0413706 4294967295
0.0436414 4294967295
0.044 4294967295
0.0456733 4294967295
0.0461514 4294967295
0.046749 4294967295
0.0492589 4294967295
0.0498565 4294967295
0.0503346 4294967295
0.0509322 4294967295
0.0542787 4294967295
0.0546373 4294967295
0.0564301 4294967295
0.0569082 4294967295
0.0575058 4294967295
0.058701 4294967295
0.0615694 4294967295
0.061928 4294967295
0.0624061 4294967295
0.065155 4294967295
0.0656331 4294967295
0.0659917 4294967295
0.0665893 4294967295
0.0671869 4294967295
0.0707725 4294967295
0.0712506 4294967295
0.0717286 4294967295
0.0720872 4294967295
0.0726848 4294967295
0.0732824 4294967295
0.0778242 4294967295
0.0780632 4294967295
0.0785413 4294967295
0.0815293 4294967295
0.0820074 4294967295
0.0822464 4294967295
0.083083 4294967295
0.0845173 4294967295
0.0851149 4294967295
0.088581 4294967295
0.089059 4294967295
0.0894176 4294967295
0.0898957 4294967295
0.0937203 4294967295
0.0943179 4294967295
0.094796 4294967295
0.0952741 4294967295
0.0955131 4294967295
0.0963498 4294967295
0.0968278 4294967295
0.097545 4294967295
0.103043 4294967295
0.10364 58320
0.10364 58320
0.185791 18720
0.185791 18720
0.193525 18720
0.201773 18720
0.21002 18720
0.21014 18720
0.218388 18720
0.226635 18720
0.226755 18720
0.226994 18720
0.227113 18720
0.235003 18720
0.235242 18720
0.235361 18720
0.235361 18720
0.2356 18720
0.23572 18720
0.24325 18720
0.24337 18720
0.243489 18720
0.243728 18720
0.243848 18720
0.244087 18720
0.244206 18720
0.244565 18720
0.251498 18720
0.251617 18720
0.252095 8640
0.252095 8640
0.272055 8640
0.273131 8640
0.273609 8640
0.274087 8640
0.274565 8640
0.275043 8640
0.275282 8640
0.275521 8640
0.27576 8640
0.281975 8640
0.28329 8640
0.283649 8640
0.284127 8640
0.284605 8640
0.285083 8640
0.285442 8640
0.285681 8640
0.286159 8640
0.292852 8640
0.294167 8640
0.294525 8640
0.295003 8640
0.295481 8640
0.29584 8640
0.296437 8640
0.296676 8640
0.296915 8640
0.304087 8640
0.305401 8640
0.305879 8640
0.306358 8640
0.306836 8640
0.307194 8640
0.307792 8640
0.30815 8640
0.308389 8640
0.308867 8640
0.317353 8640
0.317831 8640
0.31819 8640
0.318668 8640
0.319027 8640
0.319505 8640
0.319983 8640
0.320341 8640
0.320819 8640
0.328588 8640
0.330142 8640
0.33062 8640
0.330979 8640
0.331337 8640
0.331576 8640
0.332174 8640
0.332413 8640
0.332652 8640
0.33313 8640
0.341496 8640
0.342811 8640
0.343528 8640
0.344006 8640
0.344245 8640
0.344484 8640
0.344963 8640
0.345321 8640
0.34556 8640
0.346158 8640
0.354644 8640
0.355958 8640
0.356556 8640
0.357273 8640
0.357632 8640
0.357871 8640
0.358229 8640
0.358468 8640
0.358827 8640
0.359185 8640
0.359663 8640
0.368388 8640
0.369823 8640
0.370301 8640
0.370898 8640
0.371137 8640
0.371615 8640
0.371855 8640
0.372094 8640
0.372572 8640
0.37293 8640
0.381655 8640
0.38297 8640
0.383926 8640
0.384404 8640
0.384763 8640
0.385002 8640
0.38548 8640
0.385719 8640
0.385958 8640
0.386197 8640
0.386795 8640
0.387273 8640
0.395998 8640
0.397312 8640
0.398149 8640
0.398627 8640
0.398866 8640
0.399225 8640
0.399464 8640
0.399703 8640
0.400061 8640
0.400539 8640
0.401017 8640
0.409503 8640
0.410699 8640
0.411535 8640
0.412372 8640
0.412611 8640
0.413089 8640
0.413328 8640
0.413567 8640
0.413806 8640
0.414404 8640
0.414762 8640
0.41524 8640
0.423846 8640
0.425399 8640
0.426117 8640
0.426834 8640
0.427192 8640
0.427431 8640
0.42767 8640
0.427909 8640
0.428148 8640
0.428746 8640
0.429105 8640
0.43771 8640
0.439025 8640
0.439981 8640
0.440698 8640
0.441415 8640
0.441654 8640
0.442013 8640
0.442252 8640
0.442491 8640
0.442849 8640
0.443447 8640
0.443806 8640
0.452291 8640
0.454084 8640
0.454801 8640
0.455399 8640
0.455997 8640
0.456236 8640
0.456594 8640
0.456833 8640
0.457192 8640
0.45755 8640
0.458148 8640
0.458626 8640
0.466753 8640
0.46771 8640
0.468905 8640
0.469622 8640
0.4701 8640
0.470459 8640
0.470698 8640
0.471056 8640
0.471415 8640
0.471773 8640
0.472012 8640
0.472729 8640
0.480737 8640
0.481574 8640
0.48253 8640
0.483008 8640
0.483367 8640
0.483606 8640
0.483845 8640
0.484084 8640
0.484442 8640
0.48492 8640
0.485159 8640
0.485757 8640
0.493526 8640
0.494482 8640
0.495438 8640
0.495916 8640
0.496275 8640
0.496514 8640
0.496753 8640
0.496992 8640
0.49747 8640
0.497948 8640
0.506195 8640
0.50739 8640
0.508227 8640
0.508705 8640
0.509183 8640
0.509422 8640
0.509661 8640
0.5099 8640
0.510139 8640
0.510737 8640
0.518625 8640
0.51982 8640
0.520537 8640
0.521015 8640
0.521494 8640
0.521733 8640
0.521972 8640
0.522211 8640
0.52245 8640
0.522928 8640
0.530458 8640
0.531533 8640
0.532131 8640
0.532609 8640
0.533087 8640
0.533326 8640
0.533565 8640
0.533804 8640
0.534043 8640
0.534521 8640
0.542171 8640
0.543127 8640
0.543485 8640
0.543963 8640
0.544441 8640
0.54468 8640
0.544919 8640
0.545159 8640
0.545398 8640
0.545756 8640
0.553883 8640
0.55484 8640
0.555198 8640
0.555557 8640
0.555915 8640
0.556393 8640
0.556632 8640
0.556871 8640
0.557111 8640
0.55735 8640
0.557708 8640
0.566075 8640
0.56715 8640
0.567389 8640
0.567748 8640
0.568106 8640
0.568584 8640
0.568823 8640
0.569063 8640
0.569302 8640
0.569541 8640
0.570019 8640
0.578624 8640
0.57958 8640
0.579819 8640
0.580297 8640
0.580656 8640
0.581015 8640
0.581254 8640
0.581493 8640
0.581732 8640
0.58209 8640
0.582449 8640
0.591293 8640
0.59213 8640
0.592488 8640
0.592967 8640
0.593325 8640
0.593684 8640
0.593923 8640
0.594162 8640
0.594401 8640
0.59464 8640
0.595118 8640
0.604082 8640
0.605038 8640
0.605397 8640
0.605755 8640
0.606114 8640
0.606592 8640
0.606831 8640
0.60707 8640
0.607309 8640
0.607548 8640
0.607787 8640
0.608265 8640
0.617349 8640
0.618544 8640
0.618783 8640
0.619141 8640
0.6195 8640
0.619978 8640
0.620217 8640
0.620456 8640
0.620695 8640
0.620934 8640
0.621293 8640
0.621651 8640
0.631093 8640
0.632169 8640
0.632408 8640
0.632886 8640
0.633245 8640
0.633603 8640
0.633842 8640
0.634081 8640
0.63432 8640
0.634559 8640
0.635038 8640
0.635277 8640
0.644838 8640
0.645914 8640
0.646272 8640
0.646751 8640
0.647109 8640
0.647468 8640
0.647707 8640
0.647946 8640
0.648185 8640
0.648424 8640
0.648782 8640
0.649141 8640
0.658703 8640
0.659898 8640
0.660256 8640
0.660615 8640
0.660973 8640
0.661451 8640
0.661691 8640
0.66193 8640
0.662169 8640
0.662408 8640
0.662647 8640
0.663125 8640
0.663483 8640
0.673284 8640
0.674599 8640
0.674957 8640
0.675316 8640
0.675674 8640
0.676152 8640
0.676391 8640
0.676631 8640
0.67687 8640
0.677109 8640
0.677348 8640
0.677826 8640
0.678065 8640
0.688104 8640
0.689419 8640
0.689658 8640
0.690136 8640
0.690495 8640
0.690853 8640
0.691092 8640
0.691331 8640
0.691571 8640
0.69181 8640
0.692168 8640
0.692527 8640
0.692766 8640
0.702925 8640
0.70424 8640
0.704479 8640
0.704957 8640
0.705315 8640
0.705793 8640
0.706032 8640
0.706271 8640
0.706511 8640
0.70675 8640
0.707108 8640
0.707467 8640
0.707706 8640
0.717984 8640
0.719299 8640
0.719538 8640
0.720016 8640
0.720375 8640
0.720853 8640
0.721211 8640
0.721451 8640
0.72169 8640
0.721929 8640
0.722168 8640
0.722646 8640
0.722885 8640
0.733283 8640
0.733761 8640
0.735076 8640
0.735315 8640
0.735793 8640
0.736151 8640
0.73663 8640
0.736988 8640
0.737227 8640
0.737466 8640
0.737705 8640
0.737944 8640
0.738422 8640
0.738661 8640
0.74906 8640
0.749657 8640
0.750972 8640
0.751211 8640
0.751689 8640
0.752048 8640
0.752526 8640
0.752884 8640
0.753123 8640
0.753362 8640
0.753601 8640
0.75396 8640
0.754319 8640
0.754558 8640
0.765195 8640
0.765673 8640
0.767107 8640
0.767466 8640
0.767824 8640
0.768183 8640
0.768661 8640
0.769019 8640
0.769259 8640
0.769498 8640
0.769737 8640
0.770095 8640
0.770454 8640
0.770693 8640
0.78145 8640
0.781808 8640
0.783242 8640
0.783601 8640
0.783959 8640
0.784318 8640
0.784796 8640
0.785155 8640
0.785394 8640
0.785633 8640
0.785872 8640
0.786111 8640
0.786589 8640
0.786828 8640
0.797824 8640
0.798302 8640
0.799736 8640
0.799975 8640
0.800453 8640
0.800692 8640
0.801051 8640
0.801529 8640
0.801887 8640
0.802127 8640
0.802366 8640
0.802605 8640
0.802844 8640
0.803322 8640
0.803561 8640
0.814796 8640
0.815274 8640
0.816708 8640
0.816947 8640
0.817425 8640
0.817664 8640
0.818023 8640
0.818501 8640
0.818859 8640
0.819098 8640
0.819337 8640
0.819576 8640
0.819935 8640
0.820294 8640
0.820533 8640
0.832126 8640
0.832485 8640
0.833919 8640
0.834277 8640
0.834636 8640
0.834875 8640
0.835353 8640
0.835712 8640
0.83607 8640
0.836309 8640
0.836548 8640
0.836787 8640
0.837146 8640
0.837504 8640
0.837743 8640
0.849576 8640
0.849935 8640
0.851369 8640
0.851727 8640
0.852086 8640
0.852325 8640
0.852803 8640
0.853162 8640
0.85352 8640
0.853759 8640
0.853998 8640
0.854237 8640
0.854476 8640
0.854954 8640
0.855193 8640
0.867145 8640
0.867623 8640
0.869058 8640
0.869297 8640
0.869775 8640
0.870014 8640
0.870372 8640
0.870731 8640
0.871209 8640
0.871448 8640
0.871687 8640
0.871926 8640
0.872165 8640
0.872404 8640
0.872882 8640
0.873121 8640
0.885312 8640
0.885791 8640
0.887225 8640
0.887464 8640
0.887942 8640
0.888181 8640
0.888539 8640
0.888898 8640
0.889376 8640
0.889615 8640
0.889854 8640
0.890093 8640
0.890332 8640
0.890691 8640
0.891049 8640
0.891288 8640
0.903838 8640
0.904197 8640
0.905631 8640
0.905989 8640
0.906348 8640
0.906587 8640
0.907065 8640
0.907424 8640
0.907782 8640
0.908021 8640
0.90826 8640
0.908499 8640
0.908738 8640
0.909216 8640
0.909455 8640
0.909695 8640
0.922483 8640
0.922842 8640
0.924276 8640
0.924635 8640
0.924993 8640
0.925232 8640
0.92571 8640
0.926069 8640
0.926427 8640
0.926666 8640
0.926905 8640
0.927144 8640
0.927383 8640
0.927742 8640
0.928101 8640
0.92834 8640
0.941248 8640
0.941726 8640
0.94316 8640
0.943399 8640
0.943877 8640
0.944116 8640
0.944475 8640
0.944833 8640
0.945311 8640
0.945551 8640
0.94579 8640
0.946029 8640
0.946268 8640
0.946507 8640
0.946865 8640
0.947224 8640
0.947463 8640
0.960491 8640
0.960969 8640
0.962522 8640
0.962761 8640
0.963239 8640
0.963479 8640
0.963837 8640
0.964196 8640
0.964674 8640
0.964913 8640
0.965152 8640
0.965391 8640
0.96563 8640
0.965869 8640
0.966347 8640
0.966586 8640
0.966825 8640
0.980092 8640
0.98057 8640
0.982004 8640
0.982363 8640
0.982721 8640
0.98296 8640
0.983438 8640
0.983797 8640
0.984155 8640
0.984395 8640
0.984634 8640
0.984873 8640
0.985112 8640
0.98547 8640
0.985829 8640
0.986068 8640
0.986307 8640
0.999693 8640
1.00017 8640
1.00172 8640
1.00208 8640
1.00244 8640
1.00268 8640
1.00316 8640
1.00352 8640
1.00388 8640
1.00412 8640
1.00435 8640
1.00459 8640
1.00483 8640
1.00519 8640
1.00555 8640
1.00579 8640
1.00603 8640
1.01953 8640
1.02001 8640
1.02157 8640
1.02192 8640
1.0224 8640
1.02264 8640
1.023 8640
1.02336 8640
1.02384 8640
1.02408 8640
1.02431 8640
1.02455 8640
1.02479 8640
1.02503 8640
1.02551 8640
1.02575 8640
1.02599 8640
1.02635 8640
1.04009 8640
1.04057 8640
1.04212 8640
1.04248 8640
1.04296 8640
1.04332 8640
1.04368 8640
1.04404 8640
1.04451 8640
1.04475 8640
1.04499 8640
1.04523 8640
1.04547 8640
1.04571 8640
1.04619 8640
1.04643 8640
1.04666 8640
1.04702 8640
1.06089 8640
1.06137 8640
1.06292 8640
1.06328 8640
1.06376 8640
1.06399 8640
1.06447 8640
1.06483 8640
1.06519 8640
1.06543 8640
1.06567 8640
1.06591 8640
1.06615 8640
1.0665 8640
1.06686 8640
1.0671 8640
1.06734 8640
1.0677 8640
1.08168 8640
1.08216 8640
1.08372 8640
1.08407 8640
1.08455 8640
1.08479 8640
1.08527 8640
1.08563 8640
1.08611 8640
1.08635 8640
1.08658 8640
1.08682 8640
1.08706 8640
1.08742 8640
1.08778 8640
1.08802 8640
1.08826 8640
1.08862 8640
1.1026 8640
1.10308 8640
1.10463 8640
1.10499 8640
1.10547 8640
1.10571 8640
1.10619 8640
1.10654 8640
1.10702 8640
1.10738 8640
1.10762 8640
1.10786 8640
1.1081 8640
1.10834 8640
1.10881 8640
1.10905 8640
1.10929 8640
1.10965 8640
1.12375 8640
1.12423 8640
1.12459 8640
1.12626 8640
1.12662 8640
1.1271 8640
1.12734 8640
1.12782 8640
1.12818 8640
1.12866 8640
1.12901 8640
1.12925 8640
1.12949 8640
1.12973 8640
1.12997 8640
1.13045 8640
1.13069 8640
1.13093 8640
1.1314 8640
1.14551 8640
1.14599 8640
1.14646 8640
1.14814 8640
1.1485 8640
1.14897 8640
1.14921 8640
1.14969 8640
1.15005 8640
1.15053 8640
1.15089 8640
1.15112 8640
1.15136 8640
1.1516 8640
1.15196 8640
1.15232 8640
1.15256 8640
1.1528 8640
1.15328 8640
1.16762 8640
1.1681 8640
1.16846 8640
1.17037 8640
1.17061 8640
1.17108 8640
1.17132 8640
1.1718 8640
1.17216 8640
1.17264 8640
1.173 8640
1.17324 8640
1.17348 8640
1.17371 8640
1.17407 8640
1.17443 8640
1.17467 8640
1.17491 8640
1.17527 8640
1.18985 8640
1.19033 8640
1.19057 8640
1.19248 8640
1.19272 8640
1.1932 8640
1.19344 8640
1.19391 8640
1.19427 8640
1.19475 8640
1.19511 8640
1.19535 8640
1.19559 8640
1.19583 8640
1.19606 8640
1.19654 8640
1.19678 8640
1.19702 8640
1.19738 8640
1.2122 8640
1.21268 8640
1.21304 8640
1.21483 8640
1.21519 8640
1.21555 8640
1.2159 8640
1.21614 8640
1.21662 8640
1.21698 8640
1.21746 8640
1.21782 8640
1.21806 8640
1.2183 8640
1.21853 8640
1.21877 8640
1.21925 8640
1.21949 8640
1.21973 8640
1.22021 8640
1.23515 8640
1.23563 8640
1.23598 8640
1.23778 8640
1.23814 8640
1.23849 8640
1.23885 8640
1.23909 8640
1.23957 8640
1.23993 8640
1.24041 8640
1.24076 8640
1.241 8640
1.24124 8640
1.24148 8640
1.24184 8640
1.2422 8640
1.24244 8640
1.24268 8640
1.24316 8640
1.25845 8640
1.25893 8640
1.25917 8640
1.26108 8640
1.26132 8640
1.2618 8640
1.26204 8640
1.2624 8640
1.26276 8640
1.26312 8640
1.26359 8640
1.26395 8640
1.26419 8640
1.26443 8640
1.26467 8640
1.26503 8640
1.26539 8640
1.26563 8640
1.26586 8640
1.26622 8640
1.28188 8640
1.28236 8640
1.2826 8640
1.28451 8640
1.28475 8640
1.28523 8640
1.28547 8640
1.28582 8640
1.28618 8640
1.28654 8640
1.28702 8640
1.28738 8640
1.28762 8640
1.28786 8640
1.28809 8640
1.28833 8640
1.28881 8640
1.28905 8640
1.28929 8640
1.28965 8640
1.30543 8640
1.3059 8640
1.30626 8640
1.30805 8640
1.30841 8640
1.30877 8640
1.30913 8640
1.30937 8640
1.30985 8640
1.31009 8640
1.31056 8640
1.31092 8640
1.31128 8640
1.31152 8640
1.31176 8640
1.312 8640
1.31224 8640
1.31272 8640
1.31296 8640
1.31319 8640
1.31367 8640
1.32957 8640
1.33005 8640
1.3304 8640
1.3322 8640
1.33256 8640
1.33291 8640
1.33327 8640
1.33351 8640
1.33399 8640
1.33423 8640
1.33471 8640
1.33507 8640
1.33542 8640
1.33566 8640
1.3359 8640
1.33614 8640
1.3365 8640
1.33686 8640
1.3371 8640
1.33734 8640
1.33782 8640
1.35407 8640
1.35455 8640
1.35479 8640
1.3567 8640
1.35694 8640
1.35742 8640
1.35766 8640
1.35801 8640
1.35837 8640
1.35873 8640
1.35909 8640
1.35957 8640
1.35981 8640
1.36005 8640
1.36028 8640
1.36052 8640
1.36088 8640
1.36124 8640
1.36148 8640
1.36172 8640
1.36208 8640
1.37869 8640
1.37917 8640
1.37941 8640
1.38132 8640
1.38156 8640
1.38204 8640
1.38228 8640
1.38264 8640
1.38299 8640
1.38335 8640
1.38371 8640
1.38419 8640
1.38443 8640
1.38467 8640
1.38491 8640
1.38515 8640
1.38538 8640
1.38586 8640
1.3861 8640
1.38634 8640
1.3867 8640
1.40343 8640
1.40391 8640
1.40427 8640
1.40606 8640
1.40642 8640
1.40678 8640
1.40714 8640
1.40738 8640
1.40785 8640
1.40809 8640
1.40857 8640
1.40893 8640
1.40929 8640
1.40953 8640
1.40977 8640
1.41001 8640
1.41024 8640
1.41048 8640
1.41096 8640
1.4112 8640
1.41144 8640
1.41192 8640
1.42877 8640
1.42925 8640
1.42961 8640
1.4314 8640
1.43176 8640
1.43212 8640
1.43248 8640
1.43271 8640
1.43319 8640
1.43343 8640
1.43391 8640
1.43427 8640
1.43463 8640
1.43487 8640
1.4351 8640
1.43534 8640
1.43558 8640
1.43594 8640
1.4363 8640
1.43654 8640
1.43678 8640
1.43726 8640
1.45435 8640
1.45483 8640
1.45506 8640
1.45698 8640
1.45722 8640
1.45769 8640
1.45793 8640
1.45829 8640
1.45865 8640
1.45901 8640
1.45937 8640
1.45985 8640
1.46008 8640
1.46032 8640
1.46056 8640
1.4608 8640
1.46104 8640
1.46152 8640
1.46176 8640
1.462 8640
1.46224 8640
1.46259 8640
1.47992 8640
1.4804 8640
1.48064 8640
1.48267 8640
1.48291 8640
1.48339 8640
1.48363 8640
1.48399 8640
1.48435 8640
1.48471 8640
1.48506 8640
1.48554 8640
1.48578 8640
1.48602 8640
1.48626 8640
1.4865 8640
1.48674 8640
1.48722 8640
1.48745 8640
1.48769 8640
1.48793 8640
1.48829 8640
1.50574 8640
1.50622 8640
1.50646 8640
1.50849 8640
1.50885 8640
1.50921 8640
1.50957 8640
1.5098 8640
1.51028 8640
1.51052 8640
1.511 8640
1.51136 8640
1.51172 8640
1.51196 8640
1.51219 8640
1.51243 8640
1.51267 8640
1.51303 8640
1.51339 8640
1.51363 8640
1.51387 8640
1.51423 8640
1.51459 8640
1.53227 8640
1.53275 8640
1.53299 8640
1.53514 8640
1.5355 8640
1.53586 8640
1.53622 8640
1.53646 8640
1.53694 8640
1.53717 8640
1.53765 8640
1.53801 8640
1.53837 8640
1.53861 8640
1.53885 8640
1.53909 8640
1.53933 8640
1.53968 8640
1.54004 8640
1.54028 8640
1.54052 8640
1.54088 8640
1.54124 8640
1.55905 8640
1.55952 8640
1.55976 8640
1.56192 8640
1.56215 8640
1.56263 8640
1.56287 8640
1.56323 8640
1.56359 8640
1.56395 8640
1.56431 8640
1.56478 8640
1.56502 8640
1.56526 8640
1.5655 8640
1.56574 8640
1.56598 8640
1.56646 8640
1.5667 8640
1.56694 8640
1.56717 8640
1.56741 8640
1.56789 8640
1.58582 8640
1.5863 8640
1.58654 8640
1.58869 8640
1.58893 8640
1.58952 8640
1.58976 8640
1.59012 8640
1.59048 8640
1.59084 8640
1.5912 8640
1.59168 8640
1.59191 8640
1.59215 8640
1.59239 8640
1.59263 8640
1.59287 8640
1.59335 8640
1.59359 8640
1.59383 8640
1.59407 8640
1.59431 8640
1.59478 8640
1.61283 8640
1.61331 8640
1.61355 8640
1.6157 8640
1.61594 8640
1.61654 8640
1.61689 8640
1.61713 8640
1.61761 8640
1.61785 8640
1.61833 8640
1.61869 8640
1.61905 8640
1.61928 8640
1.61952 8640
1.61976 8640
1.62 8640
1.62036 8640
1.62072 8640
1.62096 8640
1.6212 8640
1.62144 8640
1.62191 8640
1.62227 8640
1.64056 8640
1.64104 8640
1.64128 8640
1.64343 8640
1.64367 8640
1.64426 8640
1.64462 8640
1.64486 8640
1.64534 8640
1.64558 8640
1.64606 8640
1.64654 8640
1.64689 8640
1.64713 8640
1.64737 8640
1.64761 8640
1.64785 8640
1.64821 8640
1.64857 8640
1.64881 8640
1.64905 8640
1.64928 8640
1.64976 8640
1.65012 8640
1.66841 8640
1.66889 8640
1.66912 8640
1.67128 8640
1.67152 8640
1.67211 8640
1.67247 8640
1.67271 8640
1.67319 8640
1.67343 8640
1.67391 8640
1.67438 8640
1.67462 8640
1.67486 8640
1.6751 8640
1.67534 8640
1.67558 8640
1.67606 8640
1.6763 8640
1.67653 8640
1.67677 8640
1.67701 8640
1.67749 8640
1.67797 8640
1.69649 8640
1.69685 8640
1.69709 8640
1.69936 8640
1.6996 8640
1.7002 8640
1.70056 8640
1.7008 8640
1.70128 8640
1.70151 8640
1.70199 8640
1.70247 8640
1.70271 8640
1.70295 8640
1.70319 8640
1.70343 8640
1.70367 8640
1.70414 8640
1.70438 8640
1.70462 8640
1.70486 8640
1.7051 8640
1.70546 8640
1.70594 8640
1.7247 8640
1.72506 8640
1.7253 8640
1.72745 8640
1.72769 8640
1.72829 8640
1.72865 8640
1.72888 8640
1.72936 8640
1.7296 8640
1.73008 8640
1.73056 8640
1.7308 8640
1.73104 8640
1.73128 8640
1.73151 8640
1.73175 8640
1.73211 8640
1.73247 8640
1.73271 8640
1.73295 8640
1.73319 8640
1.73355 8640
1.73402 8640
1.75303 8640
1.75351 8640
1.75374 8640
1.7559 8640
1.75625 8640
1.75649 8640
1.75709 8640
1.75745 8640
1.75769 8640
1.75817 8640
1.75841 8640
1.75888 8640
1.75936 8640
1.7596 8640
1.75984 8640
1.76008 8640
1.76032 8640
1.76056 8640
1.76092 8640
1.76127 8640
1.76151 8640
1.76175 8640
1.76199 8640
1.76247 8640
1.76295 8640
1.78195 8640
1.78243 8640
1.78267 8640
1.78494 8640
1.7853 8640
1.78554 8640
1.78613 8640
1.78649 8640
1.78673 8640
1.78721 8640
1.78745 8640
1.78793 8640
1.78841 8640
1.78864 8640
1.78888 8640
1.78912 8640
1.78936 8640
1.7896 8640
1.79008 8640
1.79032 8640
1.79056 8640
1.7908 8640
1.79104 8640
1.79151 8640
1.79199 8640
1.81123 8640
1.81159 8640
1.81183 8640
1.81422 8640
1.81446 8640
1.81482 8640
1.81542 8640
1.81566 8640
1.8159 8640
1.81637 8640
1.81661 8640
1.81709 8640
1.81757 8640
1.81781 8640
1.81805 8640
1.81829 8640
1.81852 8640
1.81876 8640
1.81924 8640
1.81948 8640
1.81972 8640
1.81996 8640
1.8202 8640
1.82056 8640
1.82103 8640
1.84064 8640
1.84099 8640
1.84123 8640
1.84362 8640
1.84386 8640
1.84422 8640
1.84482 8640
1.84506 8640
1.8453 8640
1.84578 8640
1.84601 8640
1.84649 8640
1.84697 8640
1.84721 8640
1.84745 8640
1.84769 8640
1.84793 8640
1.84817 8640
1.84852 8640
1.84888 8640
1.84912 8640
1.84936 8640
1.8496 8640
1.84996 8640
1.85044 8640
1.87016 8640
1.87064 8640
1.87087 8640
1.87315 8640
1.8735 8640
1.87374 8640
1.87434 8640
1.8747 8640
1.87494 8640
1.87518 8640
1.87566 8640
1.87589 8640
1.87637 8640
1.87685 8640
1.87709 8640
1.87733 8640
1.87757 8640
1.87781 8640
1.87805 8640
1.8784 8640
1.87876 8640
1.879 8640
1.87924 8640
1.87948 8640
1.87996 8640
1.88044 8640
1.90028 8640
1.90075 8640
1.90099 8640
1.90326 8640
1.90362 8640
1.90386 8640
1.90446 8640
1.90482 8640
1.90506 8640
1.9053 8640
1.90577 8640
1.90601 8640
1.90649 8640
1.90697 8640
1.90721 8640
1.90745 8640
1.90769 8640
1.90793 8640
1.90816 8640
1.90864 8640
1.90888 8640
1.90912 8640
1.90936 8640
1.9096 8640
1.91008 8640
1.91056 8640
1.93075 8640
1.93111 8640
1.93135 8640
1.93374 8640
1.93398 8640
1.93434 8640
1.93494 8640
1.93518 8640
1.93542 8640
1.93577 8640
1.93613 8640
1.93649 8640
1.93685 8640
1.93733 8640
1.93757 8640
1.93781 8640
1.93804 8640
1.93828 8640
1.93852 8640
1.939 8640
1.93924 8640
1.93948 8640
1.93972 8640
1.93996 8640
1.94032 8640
1.94079 8640
1.96135 8640
1.96171 8640
1.96195 8640
1.96434 8640
1.96458 8640
1.96494 8640
1.96553 8640
1.96577 8640
1.96601 8640
1.96637 8640
1.96673 8640
1.96709 8640
1.96745 8640
1.96792 8640
1.96816 8640
1.9684 8640
1.96864 8640
1.96888 8640
1.96912 8640
1.96948 8640
1.96984 8640
1.97008 8640
1.97032 8640
1.97055 8640
1.97091 8640
1.97139 8640
1.99207 8640
1.99255 8640
1.99278 8640
1.99506 8640
1.99541 8640
1.99565 8640
1.99625 8640
1.99661 8640
1.99685 8640
1.99709 8640
1.99757 8640
1.9978 8640
1.99828 8640
1.99864 8640
1.999 8640
1.99924 8640
1.99948 8640
1.99972 8640
1.99996 8640
2.0002 8640
2.00055 8640
2.00091 8640
2.00115 8640
2.00139 8640
2.00163 8640
2.00211 8640
2.00259 8640
2.02338 8640
2.02386 8640
2.0241 8640
2.02637 8640
2.02673 8640
2.02697 8640
2.02757 8640
2.02792 8640
2.02816 8640
2.0284 8640
2.02888 8640
2.02912 8640
2.0296 8640
2.02996 8640
2.03031 8640
2.03055 8640
2.03079 8640
2.03103 8640
2.03127 8640
2.03151 8640
2.03199 8640
2.03223 8640
2.03247 8640
2.0327 8640
2.03294 8640
2.03342 8640
2.0339 8640
2.05505 8640
2.05541 8640
2.05565 8640
2.05804 8640
2.05828 8640
2.05864 8640
2.05924 8640
2.05948 8640
2.05972 8640
2.06007 8640
2.06043 8640
2.06079 8640
2.06115 8640
2.06163 8640
2.06187 8640
2.06211 8640
2.06235 8640
2.06258 8640
2.06282 8640
2.06318 8640
2.06354 8640
2.06378 8640
2.06402 8640
2.06426 8640
2.0645 8640
2.06486 8640
2.06533 8640
2.08685 8640
2.08721 8640
2.08744 8640
2.08984 8640
2.09007 8640
2.09043 8640
2.09103 8640
2.09127 8640
2.09151 8640
2.09187 8640
2.09223 8640
2.09258 8640
2.09294 8640
2.09342 8640
2.09366 8640
2.0939 8640
2.09414 8640
2.09438 8640
2.09462 8640
2.09485 8640
2.09533 8640
2.09557 8640
2.09581 8640
2.09605 8640
2.09629 8640
2.09665 8640
2.09713 8640
2.11864 8640
2.11912 8640
2.11936 8640
2.12163 8640
2.12199 8640
2.12222 8640
2.12282 8640
2.12318 8640
2.12342 8640
2.12366 8640
2.12414 8640
2.12438 8640
2.12485 8640
2.12521 8640
2.12557 8640
2.12581 8640
2.12605 8640
2.12629 8640
2.12653 8640
2.12677 8640
2.12701 8640
2.12748 8640
2.12772 8640
2.12796 8640
2.1282 8640
2.12844 8640
2.12892 8640
2.1294 8640
2.15091 8640
2.15139 8640
2.15163 8640
2.1539 8640
2.15426 8640
2.1545 8640
2.15509 8640
2.15545 8640
2.15569 8640
2.15593 8640
2.15641 8640
2.15665 8640
2.15712 8640
2.15748 8640
2.15784 8640
2.15808 8640
2.15832 8640
2.15856 8640
2.1588 8640
2.15904 8640
2.15928 8640
2.15975 8640
2.15999 8640
2.16023 8640
2.16047 8640
2.16071 8640
2.16119 8640
2.16167 8640
2.17948 8640
2.17995 8640
2.18019 8640
2.18079 8640
2.18103 8640
2.18127 8640
2.18151 8640
2.18175 8640
2.18198 8640
2.18222 8640
2.18246 8640
2.1827 8640
2.18294 8640
2.18318 8640
2.18342 8640
2.18366 8640
2.1839 8640
2.18414 8640
2.18438 8640
2.18461 8640
2.18497 8640
2.18533 8640
2.18557 8640
2.18581 8640
2.18605 8640
2.18629 8640
2.18653 8640
2.18677 8640
2.19991 8640
2.20039 8640
2.20063 8640
2.20123 8640
2.20147 8640
2.20171 8640
2.20194 8640
2.20218 8640
2.20242 8640
2.20266 8640
2.2029 8640
2.20314 8640
2.20338 8640
2.20362 8640
2.20386 8640
2.2041 8640
2.20434 8640
2.20457 8640
2.20481 8640
2.20505 8640
2.20529 8640
2.20553 8640
2.20577 8640
2.20601 8640
2.20625 8640
2.20649 8640
2.20673 8640
2.20696 8640
2.21904 8640
2.21951 8640
2.21975 8640
2.22035 8640
2.22071 8640
2.22095 8640
2.22119 8640
2.22143 8640
2.22167 8640
2.2219 8640
2.22214 8640
2.22238 8640
2.22262 8640
2.22286 8640
2.2231 8640
2.22334 8640
2.22358 8640
2.22382 8640
2.22406 8640
2.2243 8640
2.22453 8640
2.22477 8640
2.22501 8640
2.22525 8640
2.22549 8640
2.22573 8640
2.22597 8640
2.22621 8640
2.22645 8640
2.23864 8640
2.23912 8640
2.23935 8640
2.23995 8640
2.24031 8640
2.24055 8640
2.24079 8640
2.24103 8640
2.24127 8640
2.24151 8640
2.24174 8640
2.24198 8640
2.24222 8640
2.24246 8640
2.2427 8640
2.24294 8640
2.24318 8640
2.24342 8640
2.24366 8640
2.2439 8640
2.24414 8640
2.24437 8640
2.24461 8640
2.24485 8640
2.24509 8640
2.24533 8640
2.24557 8640
2.24581 8640
2.24617 8640
2.25848 8640
2.25896 8640
2.25919 8640
2.25979 8640
2.26015 8640
2.26039 8640
2.26063 8640
2.26087 8640
2.26111 8640
2.26135 8640
2.26159 8640
2.26182 8640
2.26206 8640
2.2623 8640
2.26254 8640
2.26278 8640
2.26302 8640
2.26326 8640
2.2635 8640
2.26374 8640
2.26398 8640
2.26421 8640
2.26445 8640
2.26469 8640
2.26493 8640
2.26517 8640
2.26541 8640
2.26565 8640
2.26613 8640
2.27856 8640
2.27904 8640
2.27927 8640
2.27987 8640
2.28023 8640
2.28047 8640
2.28071 8640
2.28095 8640
2.28119 8640
2.28143 8640
2.28166 8640
2.2819 8640
2.28214 8640
2.28238 8640
2.28262 8640
2.28286 8640
2.2831 8640
2.28334 8640
2.28358 8640
2.28382 8640
2.28406 8640
2.28429 8640
2.28453 8640
2.28477 8640
2.28501 8640
2.28525 8640
2.28549 8640
2.28573 8640
2.28609 8640
2.29888 8640
2.29935 8640
2.29959 8640
2.30019 8640
2.30055 8640
2.30079 8640
2.30103 8640
2.30127 8640
2.3015 8640
2.30174 8640
2.30198 8640
2.30222 8640
2.30246 8640
2.3027 8640
2.30294 8640
2.30318 8640
2.30342 8640
2.30366 8640
2.3039 8640
2.30413 8640
2.30437 8640
2.30461 8640
2.30485 8640
2.30509 8640
2.30533 8640
2.30557 8640
2.30581 8640
2.30605 8640
2.30629 8640
2.30676 8640
2.31967 8640
2.32015 8640
2.32039 8640
2.32099 8640
2.32135 8640
2.32158 8640
2.32182 8640
2.32206 8640
2.3223 8640
2.32254 8640
2.32278 8640
2.32302 8640
2.32326 8640
2.3235 8640
2.32374 8640
2.32397 8640
2.32421 8640
2.32445 8640
2.32469 8640
2.32493 8640
2.32517 8640
2.32541 8640
2.32565 8640
2.32589 8640
2.32613 8640
2.32637 8640
2.3266 8640
2.32684 8640
2.3272 8640
2.32768 8640
2.34071 8640
2.34119 8640
2.34142 8640
2.34202 8640
2.34238 8640
2.34262 8640
2.34286 8640
2.3431 8640
2.34334 8640
2.34358 8640
2.34382 8640
2.34405 8640
2.34429 8640
2.34453 8640
2.34477 8640
2.34501 8640
2.34525 8640
2.34549 8640
2.34573 8640
2.34597 8640
2.34621 8640
2.34644 8640
2.34668 8640
2.34692 8640
2.34716 8640
2.3474 8640
2.34764 8640
2.34788 8640
2.34836 8640
2.34872 8640
2.3621 8640
2.36246 8640
2.36282 8640
2.3633 8640
2.36366 8640
2.36389 8640
2.36413 8640
2.36437 8640
2.36461 8640
2.36485 8640
2.36509 8640
2.36533 8640
2.36557 8640
2.36581 8640
2.36605 8640
2.36628 8640
2.36652 8640
2.36676 8640
2.367 8640
2.36724 8640
2.36748 8640
2.36772 8640
2.36796 8640
2.3682 8640
2.36844 8640
2.36868 8640
2.36891 8640
2.36915 8640
2.36951 8640
2.36987 8640
2.38362 8640
2.38397 8640
2.38433 8640
2.38481 8640
2.38517 8640
2.38541 8640
2.38565 8640
2.38589 8640
2.38613 8640
2.38636 8640
2.3866 8640
2.38684 8640
2.38708 8640
2.38732 8640
2.38756 8640
2.3878 8640
2.38804 8640
2.38828 8640
2.38852 8640
2.38875 8640
2.38899 8640
2.38923 8640
2.38947 8640
2.38971 8640
2.38995 8640
2.39019 8640
2.39043 8640
2.39067 8640
2.39091 8640
2.39138 8640
2.40525 8640
2.40573 8640
2.40597 8640
2.40644 8640
2.40692 8640
2.40716 8640
2.4074 8640
2.40764 8640
2.40788 8640
2.40812 8640
2.40836 8640
2.40859 8640
2.40883 8640
2.40907 8640
2.40931 8640
2.40955 8640
2.40979 8640
2.41003 8640
2.41027 8640
2.41051 8640
2.41075 8640
2.41099 8640
2.41122 8640
2.41146 8640
2.4117 8640
2.41194 8640
2.41218 8640
2.41242 8640
2.41266 8640
2.41314 8640
2.41338 8640
2.42736 8640
2.42796 8640
2.4282 8640
2.42867 8640
2.42915 8640
2.42939 8640
2.42963 8640
2.42987 8640
2.43011 8640
2.43035 8640
2.43059 8640
2.43083 8640
2.43106 8640
2.4313 8640
2.43154 8640
2.43178 8640
2.43202 8640
2.43226 8640
2.4325 8640
2.43274 8640
2.43298 8640
2.43322 8640
2.43346 8640
2.43369 8640
2.43393 8640
2.43417 8640
2.43441 8640
2.43465 8640
2.43501 8640
2.43537 8640
2.43561 8640
2.44995 8640
2.45043 8640
2.45079 8640
2.45126 8640
2.45162 8640
2.45186 8640
2.4521 8640
2.45234 8640
2.45258 8640
2.45282 8640
2.45306 8640
2.4533 8640
2.45353 8640
2.45377 8640
2.45401 8640
2.45425 8640
2.45449 8640
2.45473 8640
2.45497 8640
2.45521 8640
2.45545 8640
2.45569 8640
2.45592 8640
2.45616 8640
2.4564 8640
2.45664 8640
2.45688 8640
2.45712 8640
2.45736 8640
2.45784 8640
2.45808 8640
2.47266 8640
2.47314 8640
2.47349 8640
2.47397 8640
2.47433 8640
2.47457 8640
2.47481 8640
2.47505 8640
2.47529 8640
2.47553 8640
2.47577 8640
2.476 8640
2.47624 8640
2.47648 8640
2.47672 8640
2.47696 8640
2.4772 8640
2.47744 8640
2.47768 8640
2.47792 8640
2.47816 8640
2.47839 8640
2.47863 8640
2.47887 8640
2.47911 8640
2.47935 8640
2.47959 8640
2.47983 8640
2.48007 8640
2.48043 8640
2.48078 8640
2.49549 8640
2.49596 8640
2.49632 8640
2.4968 8640
2.49728 8640
2.49752 8640
2.49776 8640
2.498 8640
2.49823 8640
2.49847 8640
2.49871 8640
2.49895 8640
2.49919 8640
2.49943 8640
2.49967 8640
2.49991 8640
2.50015 8640
2.50039 8640
2.50063 8640
2.50086 8640
2.5011 8640
2.50134 8640
2.50158 8640
2.50182 8640
2.50206 8640
2.5023 8640
2.50254 8640
2.50278 8640
2.50302 8640
2.50337 8640
2.50373 8640
2.50397 8640
2.51879 8640
2.51939 8640
2.51975 8640
2.52023 8640
2.5207 8640
2.52094 8640
2.52118 8640
2.52142 8640
2.52166 8640
2.5219 8640
2.52214 8640
2.52238 8640
2.52262 8640
2.52286 8640
2.5231 8640
2.52333 8640
2.52357 8640
2.52381 8640
2.52405 8640
2.52429 8640
2.52453 8640
2.52477 8640
2.52501 8640
2.52525 8640
2.52549 8640
2.52572 8640
2.52596 8640
2.5262 8640
2.52644 8640
2.52692 8640
2.52716 8640
2.5274 8640
2.54258 8640
2.54317 8640
2.54353 8640
2.54401 8640
2.54437 8640
2.54461 8640
2.54485 8640
2.54509 8640
2.54533 8640
2.54556 8640
2.5458 8640
2.54604 8640
2.54628 8640
2.54652 8640
2.54676 8640
2.547 8640
2.54724 8640
2.54748 8640
2.54772 8640
2.54796 8640
2.54819 8640
2.54843 8640
2.54867 8640
2.54891 8640
2.54915 8640
2.54939 8640
2.54963 8640
2.54987 8640
2.55011 8640
2.55047 8640
2.55082 8640
2.55106 8640
2.56636 8640
2.56708 8640
2.56744 8640
2.56792 8640
2.56827 8640
2.56851 8640
2.56875 8640
2.56899 8640
2.56923 8640
2.56947 8640
2.56971 8640
2.56995 8640
2.57019 8640
2.57042 8640
2.57066 8640
2.5709 8640
2.57114 8640
2.57138 8640
2.57162 8640
2.57186 8640
2.5721 8640
2.57234 8640
2.57258 8640
2.57282 8640
2.57305 8640
2.57329 8640
2.57353 8640
2.57377 8640
2.57401 8640
2.57425 8640
2.57473 8640
2.57497 8640
2.59038 8640
2.5911 8640
2.59146 8640
2.59194 8640
2.59242 8640
2.59266 8640
2.59289 8640
2.59313 8640
2.59337 8640
2.59361 8640
2.59385 8640
2.59409 8640
2.59433 8640
2.59457 8640
2.59481 8640
2.59505 8640
2.59529 8640
2.59552 8640
2.59576 8640
2.596 8640
2.59624 8640
2.59648 8640
2.59672 8640
2.59696 8640
2.5972 8640
2.59744 8640
2.59768 8640
2.59791 8640
2.59815 8640
2.59839 8640
2.59887 8640
2.59911 8640
2.59935 8640
2.61489 8640
2.6156 8640
2.61608 8640
2.61656 8640
2.61704 8640
2.61728 8640
2.61752 8640
2.61775 8640
2.61799 8640
2.61823 8640
2.61847 8640
2.61871 8640
2.61895 8640
2.61919 8640
2.61943 8640
2.61967 8640
2.61991 8640
2.62015 8640
2.62038 8640
2.62062 8640
2.62086 8640
2.6211 8640
2.62134 8640
2.62158 8640
2.62182 8640
2.62206 8640
2.6223 8640
2.62254 8640
2.62277 8640
2.62313 8640
2.62349 8640
2.62373 8640
2.62397 8640
2.63975 8640
2.64046 8640
2.64094 8640
2.64142 8640
2.64178 8640
2.64202 8640
2.64226 8640
2.6425 8640
2.64273 8640
2.64297 8640
2.64321 8640
2.64345 8640
2.64369 8640
2.64393 8640
2.64417 8640
2.64441 8640
2.64465 8640
2.64489 8640
2.64512 8640
2.64536 8640
2.6456 8640
2.64584 8640
2.64608 8640
2.64632 8640
2.64656 8640
2.6468 8640
2.64704 8640
2.64728 8640
2.64752 8640
2.64775 8640
2.64823 8640
2.64847 8640
2.64871 8640
2.66473 8640
2.66544 8640
2.66592 8640
2.6664 8640
2.66688 8640
2.66712 8640
2.66736 8640
2.66759 8640
2.66783 8640
2.66807 8640
2.66831 8640
2.66855 8640
2.66879 8640
2.66903 8640
2.66927 8640
2.66951 8640
2.66975 8640
2.66999 8640
2.67022 8640
2.67046 8640
2.6707 8640
2.67094 8640
2.67118 8640
2.67142 8640
2.67166 8640
2.6719 8640
2.67214 8640
2.67238 8640
2.67261 8640
2.67285 8640
2.67321 8640
2.67369 8640
2.67393 8640
2.68983 8640
2.69054 8640
2.69102 8640
2.6915 8640
2.69198 8640
2.69234 8640
2.69257 8640
2.69281 8640
2.69305 8640
2.69329 8640
2.69353 8640
2.69377 8640
2.69401 8640
2.69425 8640
2.69449 8640
2.69473 8640
2.69496 8640
2.6952 8640
2.69544 8640
2.69568 8640
2.69592 8640
2.69616 8640
2.6964 8640
2.69664 8640
2.69688 8640
2.69712 8640
2.69736 8640
2.69759 8640
2.69783 8640
2.69807 8640
2.69831 8640
2.69867 8640
2.69903 8640
2.69927 8640
2.7154 8640
2.71612 8640
2.7166 8640
2.71708 8640
2.71755 8640
2.71791 8640
2.71815 8640
2.71839 8640
2.71863 8640
2.71887 8640
2.71911 8640
2.71935 8640
2.71959 8640
2.71982 8640
2.72006 8640
2.7203 8640
2.72054 8640
2.72078 8640
2.72102 8640
2.72126 8640
2.7215 8640
2.72174 8640
2.72198 8640
2.72222 8640
2.72245 8640
2.72269 8640
2.72293 8640
2.72317 8640
2.72341 8640
2.72365 8640
2.72389 8640
2.72437 8640
2.72461 8640
2.72496 8640
2.74122 8640
2.74194 8640
2.74241 8640
2.74289 8640
2.74337 8640
2.74373 8640
2.74397 8640
2.74421 8640
2.74445 8640
2.74469 8640
2.74492 8640
2.74516 8640
2.7454 8640
2.74564 8640
2.74588 8640
2.74612 8640
2.74636 8640
2.7466 8640
2.74684 8640
2.74708 8640
2.74731 8640
2.74755 8640
2.74779 8640
2.74803 8640
2.74827 8640
2.74851 8640
2.74875 8640
2.74899 8640
2.74923 8640
2.74947 8640
2.74982 8640
2.75018 8640
2.75042 8640
2.75066 8640
2.76727 8640
2.76799 8640
2.76847 8640
2.76895 8640
2.76943 8640
2.76978 8640
2.77002 8640
2.77026 8640
2.7705 8640
2.77074 8640
2.77098 8640
2.77122 8640
2.77146 8640
2.7717 8640
2.77194 8640
2.77217 8640
2.77241 8640
2.77265 8640
2.77289 8640
2.77313 8640
2.77337 8640
2.77361 8640
2.77385 8640
2.77409 8640
2.77433 8640
2.77457 8640
2.7748 8640
2.77504 8640
2.77528 8640
2.77552 8640
2.77576 8640
2.77624 8640
2.77648 8640
2.77672 8640
2.79357 8640
2.79429 8640
2.79476 8640
2.79524 8640
2.79572 8640
2.79608 8640
2.79632 8640
2.79656 8640
2.7968 8640
2.79703 8640
2.79727 8640
2.79751 8640
2.79775 8640
2.79799 8640
2.79823 8640
2.79847 8640
2.79871 8640
2.79895 8640
2.79919 8640
2.79943 8640
2.79966 8640
2.7999 8640
2.80014 8640
2.80038 8640
2.80062 8640
2.80086 8640
2.8011 8640
2.80134 8640
2.80158 8640
2.80182 8640
2.80205 8640
2.80229 8640
2.80277 8640
2.80301 8640
2.80325 8640
2.82034 8640
2.82106 8640
2.82154 8640
2.82201 8640
2.82249 8640
2.82285 8640
2.82309 8640
2.82333 8640
2.82357 8640
2.82381 8640
2.82405 8640
2.82429 8640
2.82452 8640
2.82476 8640
2.825 8640
2.82524 8640
2.82548 8640
2.82572 8640
2.82596 8640
2.8262 8640
2.82644 8640
2.82668 8640
2.82691 8640
2.82715 8640
2.82739 8640
2.82763 8640
2.82787 8640
2.82811 8640
2.82835 8640
2.82859 8640
2.82883 8640
2.82919 8640
2.82954 8640
2.82978 8640
2.83014 8640
2.84735 8640
2.84807 8640
2.84855 8640
2.84903 8640
2.8495 8640
2.84986 8640
2.8501 8640
2.85034 8640
2.85058 8640
2.85082 8640
2.85106 8640
2.8513 8640
2.85154 8640
2.85178 8640
2.85201 8640
2.85225 8640
2.85249 8640
2.85273 8640
2.85297 8640
2.85321 8640
2.85345 8640
2.85369 8640
2.85393 8640
2.85417 8640
2.8544 8640
2.85464 8640
2.85488 8640
2.85512 8640
2.85536 8640
2.8556 8640
2.85584 8640
2.85632 8640
2.85656 8640
2.85679 8640
2.85703 8640
2.8746 8640
2.87532 8640
2.8758 8640
2.87628 8640
2.87675 8640
2.87711 8640
2.87735 8640
2.87759 8640
2.87783 8640
2.87807 8640
2.87831 8640
2.87855 8640
2.87879 8640
2.87903 8640
2.87926 8640
2.8795 8640
2.87974 8640
2.87998 8640
2.88022 8640
2.88046 8640
2.8807 8640
2.88094 8640
2.88118 8640
2.88142 8640
2.88166 8640
2.88189 8640
2.88213 8640
2.88237 8640
2.88261 8640
2.88285 8640
2.88309 8640
2.88345 8640
2.88381 8640
2.88405 8640
2.88428 8640
2.90197 8640
2.90281 8640
2.90329 8640
2.90377 8640
2.90424 8640
2.9046 8640
2.90484 8640
2.90508 8640
2.90532 8640
2.90556 8640
2.9058 8640
2.90604 8640
2.90628 8640
2.90652 8640
2.90675 8640
2.90699 8640
2.90723 8640
2.90747 8640
2.90771 8640
2.90795 8640
2.90819 8640
2.90843 8640
2.90867 8640
2.90891 8640
2.90914 8640
2.90938 8640
2.90962 8640
2.90986 8640
2.9101 8640
2.91034 8640
2.91058 8640
2.91082 8640
2.9113 8640
2.91154 8640
2.91177 8640
2.91201 8640
2.92994 8640
2.93078 8640
2.93126 8640
2.93173 8640
2.93221 8640
2.93257 8640
2.93281 8640
2.93305 8640
2.93329 8640
2.93353 8640
2.93377 8640
2.934 8640
2.93424 8640
2.93448 8640
2.93472 8640
2.93496 8640
2.9352 8640
2.93544 8640
2.93568 8640
2.93592 8640
2.93616 8640
2.9364 8640
2.93663 8640
2.93687 8640
2.93711 8640
2.93735 8640
2.93759 8640
2.93783 8640
2.93807 8640
2.93831 8640
2.93855 8640
2.93891 8640
2.93926 8640
2.9395 8640
2.93974 8640
2.9401 8640
2.95815 8640
2.95898 8640
2.95946 8640
2.95994 8640
2.96042 8640
2.96078 8640
2.96102 8640
2.96126 8640
2.96149 8640
2.96173 8640
2.96197 8640
2.96221 8640
2.96245 8640
2.96269 8640
2.96293 8640
2.96317 8640
2.96341 8640
2.96365 8640
2.96388 8640
2.96412 8640
2.96436 8640
2.9646 8640
2.96484 8640
2.96508 8640
2.96532 8640
2.96556 8640
2.9658 8640
2.96604 8640
2.96628 8640
2.96651 8640
2.96675 8640
2.96723 8640
2.96747 8640
2.96771 8640
2.96795 8640
2.96831 8640
2.98671 8640
2.98755 8640
2.98803 8640
2.98851 8640
2.98886 8640
2.98922 8640
2.98946 8640
2.9897 8640
2.98994 8640
2.99018 8640
2.99042 8640
2.99066 8640
2.9909 8640
2.99114 8640
2.99137 8640
2.99161 8640
2.99185 8640
2.99209 8640
2.99233 8640
2.99257 8640
2.99281 8640
2.99305 8640
2.99329 8640
2.99353 8640
2.99376 8640
2.994 8640
2.99424 8640
2.99448 8640
2.99472 8640
2.99496 8640
2.9952 8640
2.99556 8640
2.99592 8640
2.99616 8640
2.99639 8640
2.99663 8640
3.0154 8640
3.01623 8640
3.01671 8640
3.01719 8640
3.01755 8640
3.01791 8640
3.01815 8640
3.01839 8640
3.01862 8640
3.01886 8640
3.0191 8640
3.01934 8640
3.01958 8640
3.01982 8640
3.02006 8640
3.0203 8640
3.02054 8640
3.02078 8640
3.02102 8640
3.02125 8640
3.02149 8640
3.02173 8640
3.02197 8640
3.02221 8640
3.02245 8640
3.02269 8640
3.02293 8640
3.02317 8640
3.02341 8640
3.02364 8640
3.02388 8640
3.02412 8640
3.0246 8640
3.02484 8640
3.02508 8640
3.02532 8640
3.0442 8640
3.04504 8640
3.04552 8640
3.046 8640
3.04635 8640
3.04683 8640
3.04707 8640
3.04731 8640
3.04755 8640
3.04779 8640
3.04803 8640
3.04827 8640
3.0485 8640
3.04874 8640
3.04898 8640
3.04922 8640
3.04946 8640
3.0497 8640
3.04994 8640
3.05018 8640
3.05042 8640
3.05066 8640
3.0509 8640
3.05113 8640
3.05137 8640
3.05161 8640
3.05185 8640
3.05209 8640
3.05233 8640
3.05257 8640
3.05281 8640
3.05305 8640
3.05352 8640
3.05376 8640
3.054 8640
3.05424 8640
3.05448 8640
3.07348 8640
3.07444 8640
3.07492 8640
3.0754 8640
3.07576 8640
3.07623 8640
3.07647 8640
3.07671 8640
3.07695 8640
3.07719 8640
3.07743 8640
3.07767 8640
3.07791 8640
3.07815 8640
3.07838 8640
3.07862 8640
3.07886 8640
3.0791 8640
3.07934 8640
3.07958 8640
3.07982 8640
3.08006 8640
3.0803 8640
3.08054 8640
3.08078 8640
3.08101 8640
3.08125 8640
3.08149 8640
3.08173 8640
3.08197 8640
3.08221 8640
3.08257 8640
3.08293 8640
3.08317 8640
3.0834 8640
3.08364 8640
3.08388 8640
3.10325 8640
3.1042 8640
3.10468 8640
3.10516 8640
3.10552 8640
3.10587 8640
3.10611 8640
3.10635 8640
3.10659 8640
3.10683 8640
3.10707 8640
3.10731 8640
3.10755 8640
3.10779 8640
3.10803 8640
3.10826 8640
3.1085 8640
3.10874 8640
3.10898 8640
3.10922 8640
3.10946 8640
3.1097 8640
3.10994 8640
3.11018 8640
3.11042 8640
3.11066 8640
3.11089 8640
3.11113 8640
3.11137 8640
3.11161 8640
3.11185 8640
3.11209 8640
3.11257 8640
3.11281 8640
3.11305 8640
3.11328 8640
3.11352 8640
3.13313 8640
3.13408 8640
3.13456 8640
3.13504 8640
3.1354 8640
3.13575 8640
3.13599 8640
3.13623 8640
3.13647 8640
3.13671 8640
3.13695 8640
3.13719 8640
3.13743 8640
3.13767 8640
3.13791 8640
3.13814 8640
3.13838 8640
3.13862 8640
3.13886 8640
3.1391 8640
3.13934 8640
3.13958 8640
3.13982 8640
3.14006 8640
3.1403 8640
3.14054 8640
3.14077 8640
3.14101 8640
3.14125 8640
3.14149 8640
3.14173 8640
3.14197 8640
3.14233 8640
3.14269 8640
3.14293 8640
3.14316 8640
3.1434 8640
3.16312 8640
3.16408 8640
3.16456 8640
3.16504 8640
3.1654 8640
3.16587 8640
3.16611 8640
3.16635 8640
3.16659 8640
3.16683 8640
3.16707 8640
3.16731 8640
3.16755 8640
3.16779 8640
3.16802 8640
3.16826 8640
3.1685 8640
3.16874 8640
3.16898 8640
3.16922 8640
3.16946 8640
3.1697 8640
3.16994 8640
3.17018 8640
3.17042 8640
3.17065 8640
3.17089 8640
3.17113 8640
3.17137 8640
3.17161 8640
3.17185 8640
3.17209 8640
3.17245 8640
3.17281 8640
3.17304 8640
3.17328 8640
3.17352 8640
3.17376 8640
3.1936 8640
3.19456 8640
3.19516 8640
3.19563 8640
3.19599 8640
3.19647 8640
3.19671 8640
3.19695 8640
3.19719 8640
3.19743 8640
3.19767 8640
3.1979 8640
3.19814 8640
3.19838 8640
3.19862 8640
3.19886 8640
3.1991 8640
3.19934 8640
3.19958 8640
3.19982 8640
3.20006 8640
3.2003 8640
3.20053 8640
3.20077 8640
3.20101 8640
3.20125 8640
3.20149 8640
3.20173 8640
3.20197 8640
3.20221 8640
3.20245 8640
3.20269 8640
3.20316 8640
3.2034 8640
3.20364 8640
3.20388 8640
3.20412 8640
3.20436 8640
3.22456 8640
3.22551 8640
3.22611 8640
3.22659 8640
3.22695 8640
3.22731 8640
3.22755 8640
3.22778 8640
3.22802 8640
3.22826 8640
3.2285 8640
3.22874 8640
3.22898 8640
3.22922 8640
3.22946 8640
3.2297 8640
3.22994 8640
3.23018 8640
3.23041 8640
3.23065 8640
3.23089 8640
3.23113 8640
3.23137 8640
3.23161 8640
3.23185 8640
3.23209 8640
3.23233 8640
3.23257 8640
3.2328 8640
3.23304 8640
3.23328 8640
3.23352 8640
3.23388 8640
3.23424 8640
3.23448 8640
3.23472 8640
3.23496 8640
3.2352 8640
3.25551 8640
3.25647 8640
3.25719 8640
3.25766 8640
3.25802 8640
3.25838 8640
3.25862 8640
3.25886 8640
3.2591 8640
3.25934 8640
3.25958 8640
3.25982 8640
3.26006 8640
3.26029 8640
3.26053 8640
3.26077 8640
3.26101 8640
3.26125 8640
3.26149 8640
3.26173 8640
3.26197 8640
3.26221 8640
3.26245 8640
3.26268 8640
3.26292 8640
3.26316 8640
3.2634 8640
3.26364 8640
3.26388 8640
3.26412 8640
3.26436 8640
3.2646 8640
3.26484 8640
3.26531 8640
3.26555 8640
3.26579 8640
3.26603 8640
3.26627 8640
3.28659 8640
3.28754 8640
3.28826 8640
3.28874 8640
3.2891 8640
3.28958 8640
3.28982 8640
3.29005 8640
3.29029 8640
3.29053 8640
3.29077 8640
3.29101 8640
3.29125 8640
3.29149 8640
3.29173 8640
3.29197 8640
3.29221 8640
3.29245 8640
3.29268 8640
3.29292 8640
3.29316 8640
3.2934 8640
3.29364 8640
3.29388 8640
3.29412 8640
3.29436 8640
3.2946 8640
3.29484 8640
3.29507 8640
3.29531 8640
3.29555 8640
3.29579 8640
3.29603 8640
3.29651 8640
3.29675 8640
3.29699 8640
3.29723 8640
3.29747 8640
3.2977 8640
3.31802 8640
3.31898 8640
3.3197 8640
3.32017 8640
3.32065 8640
3.32113 8640
3.32137 8640
3.32161 8640
3.32185 8640
3.32209 8640
3.32233 8640
3.32256 8640
3.3228 8640
3.32304 8640
3.32328 8640
3.32352 8640
3.32376 8640
3.324 8640
3.32424 8640
3.32448 8640
3.32472 8640
3.32495 8640
3.32519 8640
3.32543 8640
3.32567 8640
3.32591 8640
3.32615 8640
3.32639 8640
3.32663 8640
3.32687 8640
3.32711 8640
3.32735 8640
3.3277 8640
3.32806 8640
3.3283 8640
3.32854 8640
3.32878 8640
3.32902 8640
3.32938 8640
3.34981 8640
3.35077 8640
3.35149 8640
3.35197 8640
3.35244 8640
3.3528 8640
3.35304 8640
3.35328 8640
3.35352 8640
3.35376 8640
3.354 8640
3.35424 8640
3.35448 8640
3.35472 8640
3.35495 8640
3.35519 8640
3.35543 8640
3.35567 8640
3.35591 8640
3.35615 8640
3.35639 8640
3.35663 8640
3.35687 8640
3.35711 8640
3.35734 8640
3.35758 8640
3.35782 8640
3.35806 8640
3.3583 8640
3.35854 8640
3.35878 8640
3.35902 8640
3.3595 8640
3.35974 8640
3.35997 8640
3.36021 8640
3.36045 8640
3.36069 8640
3.36093 8640
3.38173 8640
3.38268 8640
3.3834 8640
3.38388 8640
3.38436 8640
3.38471 8640
3.38495 8640
3.38519 8640
3.38543 8640
3.38567 8640
3.38591 8640
3.38615 8640
3.38639 8640
3.38663 8640
3.38687 8640
3.38711 8640
3.38734 8640
3.38758 8640
3.38782 8640
3.38806 8640
3.3883 8640
3.38854 8640
3.38878 8640
3.38902 8640
3.38926 8640
3.3895 8640
3.38973 8640
3.38997 8640
3.39021 8640
3.39045 8640
3.39069 8640
3.39093 8640
3.39129 8640
3.39165 8640
3.39189 8640
3.39212 8640
3.39236 8640
3.3926 8640
3.39284 8640
3.41089 8640
3.41185 8640
3.41256 8640
3.41304 8640
3.41352 8640
3.41388 8640
3.41412 8640
3.41436 8640
3.41459 8640
3.41483 8640
3.41507 8640
3.41531 8640
3.41555 8640
3.41579 8640
3.41603 8640
3.41627 8640
3.41651 8640
3.41675 8640
3.41699 8640
3.41722 8640
3.41746 8640
3.4177 8640
3.41794 8640
3.41818 8640
3.41842 8640
3.41866 8640
3.4189 8640
3.41914 8640
3.41938 8640
3.41961 8640
3.41985 8640
3.42009 8640
3.42033 8640
3.42069 8640
3.42105 8640
3.42129 8640
3.42153 8640
3.42177 8640
3.422 8640
3.42224 8640
3.44005 8640
3.44101 8640
3.44173 8640
3.4422 8640
3.44268 8640
3.44304 8640
3.44328 8640
3.44352 8640
3.44376 8640
3.444 8640
3.44424 8640
3.44447 8640
3.44471 8640
3.44495 8640
3.44519 8640
3.44543 8640
3.44567 8640
3.44591 8640
3.44615 8640
3.44639 8640
3.44663 8640
3.44687 8640
3.4471 8640
3.44734 8640
3.44758 8640
3.44782 8640
3.44806 8640
3.4483 8640
3.44854 8640
3.44878 8640
3.44902 8640
3.44926 8640
3.44949 8640
3.44997 8640
3.45021 8640
3.45045 8640
3.45069 8640
3.45093 8640
3.45117 8640
3.45153 8640
3.46694 8640
3.4679 8640
3.46862 8640
3.4691 8640
3.46957 8640
3.46993 8640
3.47017 8640
3.47041 8640
3.47065 8640
3.47089 8640
3.47113 8640
3.47137 8640
3.47161 8640
3.47184 8640
3.47208 8640
3.47232 8640
3.47256 8640
3.4728 8640
3.47304 8640
3.47328 8640
3.47352 8640
3.47376 8640
3.474 8640
3.47424 8640
3.47447 8640
3.47471 8640
3.47495 8640
3.47519 8640
3.47543 8640
3.47567 8640
3.47591 8640
3.47615 8640
3.47651 8640
3.47686 8640
3.4771 8640
3.47734 8640
3.47758 8640
3.47782 8640
3.47806 8640
3.4783 8640
3.49384 8640
3.49479 8640
3.49551 8640
3.49599 8640
3.49647 8640
3.49682 8640
3.49706 8640
3.4973 8640
3.49754 8640
3.49778 8640
3.49802 8640
3.49826 8640
3.4985 8640
3.49874 8640
3.49898 8640
3.49921 8640
3.49945 8640
3.49969 8640
3.49993 8640
3.50017 8640
3.50041 8640
3.50065 8640
3.50089 8640
3.50113 8640
3.50137 8640
3.50161 8640
3.50184 8640
3.50208 8640
3.50232 8640
3.50256 8640
3.5028 8640
3.50304 8640
3.50328 8640
3.50376 8640
3.504 8640
3.50423 8640
3.50447 8640
3.50471 8640
3.50495 8640
3.50519 8640
3.52073 8640
3.52168 8640
3.52252 8640
3.523 8640
3.52348 8640
3.52384 8640
3.52408 8640
3.52431 8640
3.52455 8640
3.52479 8640
3.52503 8640
3.52527 8640
3.52551 8640
3.52575 8640
3.52599 8640
3.52623 8640
3.52647 8640
3.5267 8640
3.52694 8640
3.52718 8640
3.52742 8640
3.52766 8640
3.5279 8640
3.52814 8640
3.52838 8640
3.52862 8640
3.52886 8640
3.52909 8640
3.52933 8640
3.52957 8640
3.52981 8640
3.53005 8640
3.53029 8640
3.53065 8640
3.53101 8640
3.53125 8640
3.53149 8640
3.53172 8640
3.53196 8640
3.5322 8640
3.53244 8640
3.54822 8640
3.54917 8640
3.55001 8640
3.55049 8640
3.55097 8640
3.55133 8640
3.55156 8640
3.5518 8640
3.55204 8640
3.55228 8640
3.55252 8640
3.55276 8640
3.553 8640
3.55324 8640
3.55348 8640
3.55372 8640
3.55396 8640
3.55419 8640
3.55443 8640
3.55467 8640
3.55491 8640
3.55515 8640
3.55539 8640
3.55563 8640
3.55587 8640
3.55611 8640
3.55635 8640
3.55658 8640
3.55682 8640
3.55706 8640
3.5573 8640
3.55754 8640
3.55778 8640
3.55826 8640
3.5585 8640
3.55874 8640
3.55897 8640
3.55921 8640
3.55945 8640
3.55969 8640
3.56005 8640
3.57607 8640
3.57714 8640
3.57798 8640
3.57846 8640
3.57893 8640
3.57929 8640
3.57953 8640
3.57977 8640
3.58001 8640
3.58025 8640
3.58049 8640
3.58073 8640
3.58097 8640
3.58121 8640
3.58144 8640
3.58168 8640
3.58192 8640
3.58216 8640
3.5824 8640
3.58264 8640
3.58288 8640
3.58312 8640
3.58336 8640
3.5836 8640
3.58384 8640
3.58407 8640
3.58431 8640
3.58455 8640
3.58479 8640
3.58503 8640
3.58527 8640
3.58551 8640
3.58587 8640
3.58623 8640
3.58646 8640
3.5867 8640
3.58694 8640
3.58718 8640
3.58742 8640
3.58766 8640
3.58802 8640
3.60439 8640
3.60535 8640
3.60619 8640
3.60666 8640
3.60714 8640
3.6075 8640
3.60774 8640
3.60798 8640
3.60822 8640
3.60846 8640
3.6087 8640
3.60893 8640
3.60917 8640
3.60941 8640
3.60965 8640
3.60989 8640
3.61013 8640
3.61037 8640
3.61061 8640
3.61085 8640
3.61109 8640
3.61132 8640
3.61156 8640
3.6118 8640
3.61204 8640
3.61228 8640
3.61252 8640
3.61276 8640
3.613 8640
3.61324 8640
3.61348 8640
3.61372 8640
3.61395 8640
3.61443 8640
3.61467 8640
3.61491 8640
3.61515 8640
3.61539 8640
3.61563 8640
3.61587 8640
3.61611 8640
3.63248 8640
3.63344 8640
3.63439 8640
3.63487 8640
3.63535 8640
3.63571 8640
3.63595 8640
3.63618 8640
3.63642 8640
3.63666 8640
3.6369 8640
3.63714 8640
3.63738 8640
3.63762 8640
3.63786 8640
3.6381 8640
3.63834 8640
3.63858 8640
3.63881 8640
3.63905 8640
3.63929 8640
3.63953 8640
3.63977 8640
3.64001 8640
3.64025 8640
3.64049 8640
3.64073 8640
3.64097 8640
3.6412 8640
3.64144 8640
3.64168 8640
3.64192 8640
3.64216 8640
3.64252 8640
3.64288 8640
3.64312 8640
3.64336 8640
3.6436 8640
3.64383 8640
3.64407 8640
3.64431 8640
3.66081 8640
3.66176 8640
3.66272 8640
3.6632 8640
3.66355 8640
3.66403 8640
3.66439 8640
3.66463 8640
3.66487 8640
3.66511 8640
3.66535 8640
3.66559 8640
3.66583 8640
3.66606 8640
3.6663 8640
3.66654 8640
3.66678 8640
3.66702 8640
3.66726 8640
3.6675 8640
3.66774 8640
3.66798 8640
3.66822 8640
3.66846 8640
3.66869 8640
3.66893 8640
3.66917 8640
3.66941 8640
3.66965 8640
3.66989 8640
3.67013 8640
3.67037 8640
3.67061 8640
3.67085 8640
3.67132 8640
3.67156 8640
3.6718 8640
3.67204 8640
3.67228 8640
3.67252 8640
3.67276 8640
3.673 8640
3.68985 8640
3.69081 8640
3.69176 8640
3.69236 8640
3.69272 8640
3.6932 8640
3.69355 8640
3.69379 8640
3.69403 8640
3.69427 8640
3.69451 8640
3.69475 8640
3.69499 8640
3.69523 8640
3.69547 8640
3.69571 8640
3.69594 8640
3.69618 8640
3.69642 8640
3.69666 8640
3.6969 8640
3.69714 8640
3.69738 8640
3.69762 8640
3.69786 8640
3.6981 8640
3.69834 8640
3.69857 8640
3.69881 8640
3.69905 8640
3.69929 8640
3.69953 8640
3.69977 8640
3.70013 8640
3.70049 8640
3.70073 8640
3.70096 8640
3.7012 8640
3.70144 8640
3.70168 8640
3.70192 8640
3.70216 8640
3.71937 8640
3.72033 8640
3.72128 8640
3.72176 8640
3.72224 8640
3.72272 8640
3.72296 8640
3.7232 8640
3.72343 8640
3.72367 8640
3.72391 8640
3.72415 8640
3.72439 8640
3.72463 8640
3.72487 8640
3.72511 8640
3.72535 8640
3.72559 8640
3.72582 8640
3.72606 8640
3.7263 8640
3.72654 8640
3.72678 8640
3.72702 8640
3.72726 8640
3.7275 8640
3.72774 8640
3.72798 8640
3.72822 8640
3.72845 8640
3.72869 8640
3.72893 8640
3.72917 8640
3.72941 8640
3.72989 8640
3.73013 8640
3.73037 8640
3.73061 8640
3.73084 8640
3.73108 8640
3.73132 8640
3.73156 8640
3.74865 8640
3.74961 8640
3.75057 8640
3.75104 8640
3.75164 8640
3.75212 8640
3.75236 8640
3.7526 8640
3.75284 8640
3.75308 8640
3.75331 8640
3.75355 8640
3.75379 8640
3.75403 8640
3.75427 8640
3.75451 8640
3.75475 8640
3.75499 8640
3.75523 8640
3.75547 8640
3.7557 8640
3.75594 8640
3.75618 8640
3.75642 8640
3.75666 8640
3.7569 8640
3.75714 8640
3.75738 8640
3.75762 8640
3.75786 8640
3.7581 8640
3.75833 8640
3.75857 8640
3.75881 8640
3.75917 8640
3.75953 8640
3.75977 8640
3.76001 8640
3.76025 8640
3.76049 8640
3.76072 8640
3.76096 8640
3.77817 8640
3.77913 8640
3.78009 8640
3.78056 8640
3.78116 8640
3.78164 8640
3.782 8640
3.78224 8640
3.78248 8640
3.78272 8640
3.78296 8640
3.78319 8640
3.78343 8640
3.78367 8640
3.78391 8640
3.78415 8640
3.78439 8640
3.78463 8640
3.78487 8640
3.78511 8640
3.78535 8640
3.78558 8640
3.78582 8640
3.78606 8640
3.7863 8640
3.78654 8640
3.78678 8640
3.78702 8640
3.78726 8640
3.7875 8640
3.78774 8640
3.78798 8640
3.78821 8640
3.78845 8640
3.78881 8640
3.78917 8640
3.78941 8640
3.78965 8640
3.78989 8640
3.79013 8640
3.79037 8640
3.7906 8640
3.79084 8640
3.80841 8640
3.80937 8640
3.81033 8640
3.8108 8640
3.8114 8640
3.81188 8640
3.81236 8640
3.8126 8640
3.81284 8640
3.81307 8640
3.81331 8640
3.81355 8640
3.81379 8640
3.81403 8640
3.81427 8640
3.81451 8640
3.81475 8640
3.81499 8640
3.81523 8640
3.81546 8640
3.8157 8640
3.81594 8640
3.81618 8640
3.81642 8640
3.81666 8640
3.8169 8640
3.81714 8640
3.81738 8640
3.81762 8640
3.81786 8640
3.81809 8640
3.81833 8640
3.81857 8640
3.81881 8640
3.81929 8640
3.81953 8640
3.81977 8640
3.82001 8640
3.82025 8640
3.82048 8640
3.82072 8640
3.82096 8640
3.8212 8640
3.83913 8640
3.84009 8640
3.84104 8640
3.84152 8640
3.84212 8640
3.8426 8640
3.84295 8640
3.84319 8640
3.84343 8640
3.84367 8640
3.84391 8640
3.84415 8640
3.84439 8640
3.84463 8640
3.84487 8640
3.84511 8640
3.84534 8640
3.84558 8640
3.84582 8640
3.84606 8640
3.8463 8640
3.84654 8640
3.84678 8640
3.84702 8640
3.84726 8640
3.8475 8640
3.84774 8640
3.84797 8640
3.84821 8640
3.84845 8640
3.84869 8640
3.84893 8640
3.84917 8640
3.84941 8640
3.84977 8640
3.85013 8640
3.85036 8640
3.8506 8640
3.85084 8640
3.85108 8640
3.85132 8640
3.85156 8640
3.8518 8640
3.86961 8640
3.87056 8640
3.87152 8640
3.872 8640
3.8726 8640
3.87307 8640
3.87343 8640
3.87367 8640
3.87391 8640
3.87415 8640
3.87439 8640
3.87463 8640
3.87487 8640
3.87511 8640
3.87534 8640
3.87558 8640
3.87582 8640
3.87606 8640
3.8763 8640
3.87654 8640
3.87678 8640
3.87702 8640
3.87726 8640
3.8775 8640
3.87773 8640
3.87797 8640
3.87821 8640
3.87845 8640
3.87869 8640
3.87893 8640
3.87917 8640
3.87941 8640
3.87965 8640
3.87989 8640
3.88013 8640
3.8806 8640
3.88084 8640
3.88108 8640
3.88132 8640
3.88156 8640
3.8818 8640
3.88204 8640
3.88228 8640
3.90032 8640
3.90128 8640
3.90224 8640
3.90271 8640
3.90331 8640
3.90379 8640
3.90415 8640
3.90439 8640
3.90463 8640
3.90487 8640
3.9051 8640
3.90534 8640
3.90558 8640
3.90582 8640
3.90606 8640
3.9063 8640
3.90654 8640
3.90678 8640
3.90702 8640
3.90726 8640
3.9075 8640
3.90773 8640
3.90797 8640
3.90821 8640
3.90845 8640
3.90869 8640
3.90893 8640
3.90917 8640
3.90941 8640
3.90965 8640
3.90989 8640
3.91012 8640
3.91036 8640
3.9106 8640
3.91084 8640
3.91132 8640
3.91156 8640
3.9118 8640
3.91204 8640
3.91228 8640
3.91252 8640
3.91275 8640
3.91299 8640
3.91323 8640
3.93176 8640
3.93271 8640
3.93367 8640
3.93415 8640
3.93475 8640
3.93522 8640
3.93558 8640
3.93582 8640
3.93606 8640
3.9363 8640
3.93654 8640
3.93678 8640
3.93702 8640
3.93726 8640
3.93749 8640
3.93773 8640
3.93797 8640
3.93821 8640
3.93845 8640
3.93869 8640
3.93893 8640
3.93917 8640
3.93941 8640
3.93965 8640
3.93989 8640
3.94012 8640
3.94036 8640
3.9406 8640
3.94084 8640
3.94108 8640
3.94132 8640
3.94156 8640
3.9418 8640
3.94204 8640
3.9424 8640
3.94275 8640
3.94299 8640
3.94323 8640
3.94347 8640
3.94371 8640
3.94395 8640
3.94419 8640
3.94443 8640
3.94467 8640
3.96367 8640
3.96463 8640
3.96558 8640
3.96606 8640
3.96666 8640
3.96714 8640
3.96749 8640
3.96773 8640
3.96797 8640
3.96821 8640
3.96845 8640
3.96869 8640
3.96893 8640
3.96917 8640
3.96941 8640
3.96965 8640
3.96988 8640
3.97012 8640
3.97036 8640
3.9706 8640
3.97084 8640
3.97108 8640
3.97132 8640
3.97156 8640
3.9718 8640
3.97204 8640
3.97228 8640
3.97251 8640
3.97275 8640
3.97299 8640
3.97323 8640
3.97347 8640
3.97371 8640
3.97395 8640
3.97419 8640
3.97467 8640
3.9749 8640
3.97514 8640
3.97538 8640
3.97562 8640
3.97586 8640
3.9761 8640
3.97634 8640
3.97658 8640
3.99534 8640
3.9963 8640
3.99725 8640
3.99773 8640
3.99833 8640
3.99881 8640
3.99917 8640
3.99941 8640
3.99965 8640
3.99988 8640
4.00012 8640
4.00036 8640
4.0006 8640
4.00084 8640
4.00108 8640
4.00132 8640
4.00156 8640
4.0018 8640
4.00204 8640
4.00227 8640
4.00251 8640
4.00275 8640
4.00299 8640
4.00323 8640
4.00347 8640
4.00371 8640
4.00395 8640
4.00419 8640
4.00443 8640
4.00466 8640
4.0049 8640
4.00514 8640
4.00538 8640
4.00562 8640
4.00586 8640
4.00622 8640
4.00658 8640
4.00682 8640
4.00706 8640
4.00729 8640
4.00753 8640
4.00777 8640
4.00801 8640
4.00825 8640
4.0269 8640
4.02797 8640
4.02893 8640
4.02941 8640
4.03 8640
4.03048 8640
4.03084 8640
4.03108 8640
4.03132 8640
4.03156 8640
4.0318 8640
4.03192 8640
