0.0 0
0.0001056 1460
0.0001056 1460
0.000346797 2920
0.000695261 4380
0.000731309 5840
0.00139219 7300
0.00142824 8760
0.00146429 10220
0.00150033 11680
0.00278605 13140
0.00282209 14600
0.00285814 16060
0.00289419 17520
0.00293024 18980
0.00296628 20440
0.00300233 21900
0.00303838 23360
0.0053094 24820
0.0053094 24820
0.005418 24820
0.005418 10950
0.0107887 11144
0.0107887 11132
0.0107887 11132
0.0108368 11323
0.0108848 11511
0.0109209 11696
0.0109689 11878
0.011017 12057
0.011041 12233
0.012483 12407
0.012519 12578
0.012543 12747
0.0125671 12914
0.0125791 13079
0.0126031 13241
0.0126271 13401
0.0126392 13560
0.0142012 13717
0.0142373 13872
0.0142733 14025
0.0142974 14176
0.0143094 14326
0.0143334 14474
0.0143575 14621
0.0143815 14766
0.0143935 14910
0.0160878 15052
0.0160878 14803
0.0160878 14803
0.0161238 14946
0.0161599 15088
0.0161959 15229
0.0162079 15368
0.0162319 15506
0.016256 15643
0.01628 15779
0.016304 15914
0.0163161 16047
0.0181665 16179
0.0181665 15676
0.0181665 15676
0.0182026 15811
0.0182386 15945
0.0182747 16078
0.0182987 16210
0.0183227 16341
0.0183468 16471
0.0183708 16600
0.0183948 16728
0.0184068 16855
0.0203054 16981
0.0203054 15955
0.0203054 15955
0.0203534 16088
0.0203895 16220
0.0204255 16351
0.0204496 16481
0.0204616 16610
0.0204856 16738
0.0204976 16865
0.0205217 16991
0.0205577 17116
0.0205697 17240
0.0224803 17363
0.0224803 15390
0.0224803 15390
0.0225283 15528
0.0225764 15665
0.0226124 15801
0.0226365 15935
0.0226485 16068
0.0226725 16200
0.0226845 16331
0.0227086 16461
0.0227446 16590
0.0227566 16718
0.0246311 16845
0.0246311 14524
0.0246311 14524
0.0247152 14670
0.0247633 14815
0.0247873 14958
0.0247994 15100
0.0248234 15241
0.0248354 15380
0.0248474 15518
0.0248594 15655
0.0248955 15791
0.0249195 15925
0.0267099 16058
0.0267099 13482
0.0267099 13482
0.0268301 13640
0.0268541 13796
0.0268661 13950
0.0268901 14102
0.0269022 14253
0.0269142 14402
0.0269262 14550
0.0269502 14696
0.0269743 14841
0.0286685 14984
0.0286685 12262
0.0286685 12262
0.0288127 12435
0.0288247 12606
0.0288487 12775
0.0288608 12941
0.0288728 13105
0.0288848 13267
0.0288968 13427
0.0289088 13585
0.0289208 13741
0.0304709 13896
0.0306271 14049
0.0306391 14200
0.0306511 14350
0.0306632 14498
0.0306752 14645
0.0306872 14790
0.0306992 14934
0.0307112 15076
0.0321652 15217
0.0323454 15357
0.0323574 15495
0.0323694 15632
0.0323815 15768
0.0323935 15903
0.0324055 16037
0.0324175 16169
0.0324295 16300
0.0324535 16430
0.0340997 16559
0.0340997 13491
0.0340997 13491
0.034304 13649
0.034316 13805
0.034328 13959
0.0343401 14111
0.0343521 14262
0.0343641 14411
0.0343761 14558
0.0343881 14704
0.0344122 14848
0.0344242 14991
0.0358541 15133
0.0360583 15273
0.0360704 15412
0.0360824 15550
0.0360944 15687
0.0361064 15822
0.0361184 15956
0.0361425 16089
0.0361545 16221
0.0361665 16352
0.0375724 16482
0.0377887 16611
0.0377887 13420
0.0377887 13420
0.0378127 13578
0.0378247 13734
0.0378367 13889
0.0378487 14042
0.0378607 14193
0.0378848 14343
0.0378968 14491
0.0379088 14638
0.0379328 14783
0.039531 14927
0.0397352 15069
0.0397352 11978
0.0397352 11978
0.0397713 12155
0.0397833 12330
0.0397953 12502
0.0398194 12672
0.0398314 12840
0.0398434 13006
0.0398554 13169
0.0398674 13330
0.0412733 13489
0.0414776 13647
0.0415016 13803
0.0415256 13957
0.0415376 14109
0.0415497 14260
0.0415617 14409
0.0415737 14556
0.0415857 14702
0.0430396 14846
0.0430396 11469
0.0430396 11469
0.0432679 11654
0.043304 11836
0.043328 12016
0.04334 12193
0.0433521 12367
0.0433641 12539
0.0433761 12708
0.0433881 12875
0.0434121 13040
0.0449983 13203
0.0449983 10054
0.0449983 10054
0.0452145 10266
0.0452266 10473
0.0452386 10676
0.0452506 10875
0.0452626 11071
0.0452746 11263
0.0452987 11452
0.0467045 11638
0.0469088 11821
0.0469208 12001
0.0469328 12178
0.0469448 12353
0.0469569 12525
0.0469689 12695
0.048531 12862
0.048531 9789
0.048531 9789
0.0487593 10006
0.0487713 10219
0.0487833 10427
0.0487953 10631
0.0488073 10831
0.0488193 11027
0.0488434 11220
0.0503814 11409
0.0506097 11595
0.0506217 11778
0.0506338 11958
0.0506458 12136
0.0506698 12311
0.0506818 12484
0.0520396 12654
0.0522439 12822
0.0522679 12988
0.0522799 13152
0.052292 13314
0.052316 13474
0.052328 13632
0.05234 13788
0.0539021 13942
0.0539021 10733
0.0539021 10733
0.0541184 10931
0.0541424 11126
0.0541665 11317
0.0541785 11505
0.0542025 11690
0.0542145 11872
0.0542265 12051
0.0542386 12227
0.0557766 12401
0.0557766 9349
0.0557766 9349
0.0560049 9577
0.0560169 9799
0.056041 10016
0.056053 10228
0.056065 10436
0.056077 10640
0.056089 10840
0.0574468 11036
0.0576511 11229
0.0576631 11418
0.0576751 11604
0.0576871 11787
0.0576992 11967
0.0577232 12145
0.0592252 12320
0.0592252 9655
0.0592252 9655
0.0594655 9875
0.0594775 10090
0.0594895 10301
0.0595016 10507
0.0595136 10709
0.0595376 10908
0.0595496 11103
0.0611357 11294
0.0611357 8701
0.0611357 8701
0.06134 8945
0.061352 9183
0.061364 9415
0.0613881 9641
0.0614001 9862
0.0614121 10078
0.062866 10289
0.0630343 10496
0.0630463 10699
0.0630703 10898
0.0630823 11093
0.0630943 11285
0.0646684 11473
0.0646684 8822
0.0646684 8822
0.0647045 9063
0.0648607 9298
0.0648847 9527
0.0649088 9750
0.0649208 9968
0.0649328 10181
0.0664829 10390
0.0664829 7854
0.0664829 7854
0.0666871 8125
0.0666991 8387
0.0667232 8641
0.0667352 8887
0.0667472 9126
0.0681891 9359
0.0683934 9586
0.0684174 9808
0.0684295 10025
0.0684415 10237
0.0684655 10445
0.0700516 10649
0.0700516 8364
0.0700516 8364
0.0702679 8618
0.0702919 8865
0.0703039 9105
0.070316 9339
0.07034 9567
0.070352 9789
0.071854 10006
0.0720823 10219
0.0720943 10427
0.0721063 10631
0.0721184 10831
0.0721304 11027
0.0735242 11220
0.0737766 11409
0.0737886 11595
0.0738006 11778
0.0738126 11958
0.0738246 12136
0.0738487 12311
0.0753867 12484
0.0753867 9952
0.0753867 9952
0.0756871 10166
0.0756991 10375
0.0757111 10580
0.0757232 10781
0.0757352 10978
0.0757592 11172
0.0757712 11362
0.0771771 11549
0.0774655 11733
0.0774775 11914
0.0774895 12092
0.0775015 12268
0.0775135 12441
0.0775256 12612
0.0788834 12781
0.0792078 12947
0.0792198 13111
0.0792318 13273
0.0792439 13433
0.0792559 13591
0.0792679 13747
0.0792919 13902
0.0808059 14055
0.0808059 11251
0.0808059 11251
0.0811784 11440
0.0811904 11626
0.0812025 11809
0.0812145 11989
0.0812265 12166
0.0812385 12341
0.0812625 12513
0.0812746 12683
0.0826083 12851
0.0829448 13016
0.0829568 13179
0.0829688 13340
0.0829808 13499
0.0830049 13656
0.0830169 13812
0.0830289 13966
0.0842545 14118
0.084627 14268
0.0846511 14417
0.0846631 14564
0.0846751 14710
0.0846871 14854
0.0846991 14997
0.0847111 15139
0.0847231 15279
0.086105 15418
0.086105 12492
0.086105 12492
0.0865255 12662
0.0865616 12830
0.0865736 12996
0.0865856 13160
0.0865976 13321
0.0866097 13481
0.0866217 13639
0.0866337 13795
0.0866577 13949
0.0879194 14101
0.0883279 14252
0.08834 14401
0.088352 14549
0.088364 14695
0.088376 14840
0.088388 14983
0.0884121 15125
0.0884241 15265
0.0896016 15404
0.0900583 15542
0.0900823 15679
0.0900943 15814
0.0901063 15948
0.0901183 16081
0.0901303 16213
0.0901544 16344
0.0901664 16474
0.0901784 16603
0.0914882 16731
0.0914882 13655
0.0914882 13655
0.0919808 13811
0.0920169 13965
0.0920289 14117
0.0920409 14267
0.0920529 14416
0.0920649 14563
0.092089 14709
0.092101 14853
0.092113 14996
0.092125 15138
0.0933026 15278
0.0937712 15417
0.0937832 15555
0.0937952 15692
0.0938072 15827
0.0938313 15961
0.0938433 16094
0.0938553 16226
0.0938673 16357
0.0938914 16487
0.0949488 16616
0.0954655 16744
0.0954895 16871
0.0955015 16997
0.0955135 17122
0.0955375 17246
0.0955496 17369
0.0955616 17491
0.0955736 17612
0.0955976 17733
0.0956096 17853
0.0968353 17972
0.0968353 14657
0.0968353 14657
0.097388 14802
0.097412 14946
0.0974241 15088
0.0974361 15229
0.0974601 15368
0.0974721 15506
0.0974841 15643
0.0974962 15779
0.0975202 15914
0.0975322 16047
0.0975442 16179
0.0986136 16310
0.0991423 16440
0.0991544 16569
0.0991784 16697
0.0991904 16824
0.0992024 16950
0.0992144 17075
0.0992385 17199
0.0992505 17322
0.0992625 17445
0.0992865 17567
0.100284 17688
0.100861 17808
0.100885 17927
0.100885 14582
0.100885 14582
0.100909 14728
0.100921 14872
0.100933 15015
0.100945 15156
0.100969 15296
0.100981 15435
0.100993 15573
0.101017 15709
0.101041 15844
0.10217 15978
0.102783 16111
0.102819 16243
0.102819 12995
0.102819 12995
0.102843 13159
0.102855 13320
0.102879 13480
0.102891 13638
0.102903 13794
0.102915 13948
0.102927 14100
0.103961 14251
0.104514 14400
0.104538 14548
0.104574 14694
0.10461 14839
0.104622 14982
0.104634 15124
0.104646 15264
0.104658 15403
0.105739 15541
0.105739 12173
0.105739 12173
0.10634 12348
0.106364 12520
0.106412 12690
0.106436 12857
0.10646 13022
0.106484 13185
0.106496 13346
0.106508 13505
0.10652 13662
0.107626 13818
0.107626 10770
0.107626 10770
0.10819 10967
0.108214 11161
0.108238 11351
0.10825 11538
0.108262 11722
0.108275 11903
0.108287 12082
0.108311 12258
0.109356 12431
0.109933 12602
0.109945 12771
0.109957 12937
0.109969 13101
0.109981 13263
0.110005 13423
0.110017 13581
0.111206 13737
0.111206 10917
0.111206 10917
0.111843 11112
0.111855 11303
0.111867 11491
0.111879 11676
0.111891 11858
0.111915 12037
0.111927 12214
0.111939 12388
0.113033 12560
0.113634 12729
0.113646 12896
0.113658 13061
0.113682 13224
0.113694 13385
0.113706 13544
0.113718 13701
0.114703 13856
0.11528 14009
0.115292 14161
0.115304 14311
0.115328 14459
0.11534 14606
0.115352 14751
0.115364 14895
0.115388 15038
0.116481 15179
0.116481 12131
0.116481 12131
0.11713 12306
0.117142 12479
0.117154 12649
0.117178 12817
0.11719 12983
0.117202 13147
0.117214 13309
0.117238 13469
0.11725 13627
0.118368 13783
0.118368 10919
0.118368 10919
0.118969 11114
0.118993 11305
0.119005 11493
0.119017 11678
0.119029 11860
0.119053 12039
0.119065 12216
0.119077 12390
0.120074 12562
0.120615 12731
0.120627 12898
0.120639 13063
0.120663 13226
0.120675 13387
0.120687 13546
0.120699 13703
0.121829 13858
0.121829 11159
0.121829 11159
0.122429 11350
0.122441 11537
0.122453 11721
0.122477 11902
0.122489 12081
0.122501 12257
0.122513 12430
0.122538 12601
0.123799 12770
0.123799 10039
0.123799 10039
0.124328 10251
0.124352 10458
0.124364 10661
0.124376 10860
0.124388 11056
0.1244 11248
0.124412 11437
0.125542 11623
0.12601 11806
0.126022 11986
0.126034 12163
0.126046 12338
0.126058 12510
0.12607 12680
0.127248 12848
0.127776 13013
0.127776 10240
0.127776 10240
0.127788 10448
0.127801 10652
0.127813 10852
0.127825 11048
0.127837 11240
0.127861 11429
0.129182 11615
0.129699 11798
0.129699 9072
0.129699 9072
0.129711 9306
0.129723 9535
0.129735 9758
0.129747 9976
0.129759 10189
0.130961 10398
0.131429 10603
0.131441 10804
0.131453 11001
0.131465 11194
0.131477 11384
0.132571 11571
0.132607 11755
0.133148 11936
0.13316 12114
0.133172 12289
0.133184 12462
0.133196 12633
0.134421 12801
0.134421 10071
0.134421 10071
0.134457 10282
0.134481 10489
0.135082 10692
0.135094 10891
0.135106 11086
0.135118 11278
0.13513 11467
0.136236 11652
0.136284 11834
0.136837 12014
0.136849 12191
0.136861 12365
0.136873 12537
0.136885 12707
0.137906 12874
0.137954 13039
0.137978 13202
0.138555 13363
0.138567 13522
0.138579 13679
0.138591 13834
0.138603 13988
0.13972 14140
0.13972 11184
0.13972 11184
0.13978 11374
0.139804 11561
0.139829 11745
0.140477 11926
0.140501 12104
0.140513 12280
0.140525 12453
0.140537 12624
0.141595 12792
0.141595 9854
0.141595 9854
0.141655 10070
0.141679 10281
0.142256 10488
0.142292 10691
0.142304 10890
0.142316 11085
0.142328 11277
0.143301 11466
0.143373 11651
0.143902 11833
0.14395 12013
0.143962 12190
0.143974 12364
0.143986 12536
0.145019 12706
0.145104 12873
0.145728 13038
0.145728 10243
0.145728 10243
0.145752 10451
0.145788 10654
0.145812 10854
0.145825 11050
0.145837 11242
0.146978 11431
0.147074 11617
0.147603 11800
0.147603 9217
0.147603 9217
0.147663 9448
0.147687 9673
0.147699 9893
0.147711 10108
0.148708 10318
0.148816 10524
0.149285 10726
0.149357 10924
0.149369 11119
0.149381 11310
0.150451 11498
0.150451 9005
0.150451 9005
0.150475 9241
0.150583 9471
0.1511 9696
0.151172 9915
0.151196 10129
0.151208 10339
0.152385 10545
0.152385 8052
0.152385 8052
0.152469 8316
0.152902 8572
0.152974 8820
0.152998 9061
0.15301 9296
0.153034 9525
0.154116 9748
0.15462 9966
0.154644 10179
0.154656 10388
0.154668 10593
0.154692 10794
0.155918 10991
0.155918 8653
0.155918 8653
0.156483 8899
0.156507 9138
0.156519 9371
0.156531 9598
0.156555 9820
0.156567 10037
0.157792 10249
0.157792 7938
0.157792 7938
0.158309 8206
0.158333 8465
0.158345 8716
0.158369 8960
0.158381 9197
0.159487 9428
0.159931 9654
0.159943 9874
0.159967 10089
0.159979 10300
0.160003 10506
0.161229 10708
0.161722 10907
0.161722 8701
0.161722 8701
0.161746 8945
0.16177 9183
0.161782 9415
0.161806 9641
0.161818 9862
0.1632 10078
0.163584 10289
0.163584 8070
0.163584 8070
0.16362 8334
0.163632 8589
0.163656 8837
0.163668 9078
0.164966 9312
0.165278 9540
0.165326 9763
0.165351 9981
0.165363 10194
0.165375 10403
0.166612 10607
0.166997 10807
0.167057 11004
0.167081 11197
0.167093 11387
0.167105 11574
0.167129 11758
0.168499 11939
0.168499 9561
0.168499 9561
0.168943 9783
0.169003 10000
0.169039 10213
0.169051 10421
0.169063 10625
0.169087 10825
0.169112 11021
0.170253 11214
0.170782 11404
0.170794 11590
0.170806 11773
0.17083 11954
0.170842 12132
0.170866 12307
0.172019 12480
0.172584 12650
0.172584 9933
0.172584 9933
0.172596 10147
0.172608 10357
0.172632 10562
0.172644 10763
0.172656 10961
0.17268 11155
0.173978 11346
0.174435 11533
0.174447 11717
0.174471 11898
0.174483 12077
0.174495 12253
0.174507 12426
0.175732 12597
0.176165 12766
0.176177 12932
0.176201 13096
0.176201 10329
0.176201 10329
0.176213 10535
0.176225 10737
0.176237 10935
0.176249 11129
0.177571 11320
0.178027 11508
0.178039 11693
0.178063 11875
0.178063 9258
0.178063 9258
0.178075 9488
0.178087 9712
0.178099 9931
0.179265 10145
0.179746 10355
0.179758 10560
0.179782 10761
0.179794 10959
0.179806 11153
0.181103 11344
0.181103 8755
0.181103 8755
0.181632 8998
0.181644 9234
0.181668 9464
0.18168 9689
0.181692 9909
0.181704 10124
0.182906 10334
0.182906 7854
0.182906 7854
0.183447 8125
0.183471 8387
0.183483 8641
0.183495 8887
0.183507 9126
0.184552 9359
0.185105 9586
0.185117 9808
0.185129 10025
0.185141 10237
0.185165 10445
0.186342 10649
0.186342 8368
0.186342 8368
0.186955 8622
0.186967 8869
0.186979 9109
0.186991 9343
0.187015 9571
0.187027 9793
0.188193 10010
0.188193 7687
0.188193 7687
0.188758 7964
0.18877 8231
0.188782 8489
0.188794 8740
0.188806 8983
0.189851 9220
0.190476 9451
0.190488 9676
0.1905 9896
0.190512 10111
0.190536 10321
0.19169 10527
0.19169 8332
0.19169 8332
0.192399 8587
0.192423 8835
0.192435 9076
0.192447 9310
0.192471 9538
0.192495 9761
0.19354 9979
0.19354 7717
0.19354 7717
0.194177 7993
0.194189 8259
0.194201 8517
0.194213 8767
0.194225 9010
0.195186 9246
0.195859 9476
0.195871 9700
0.195883 9919
0.195895 10133
0.195919 10343
0.196977 10549
0.196977 8385
0.196977 8385
0.197734 8639
0.197746 8885
0.197758 9124
0.19777 9357
0.197794 9584
0.197818 9806
0.198863 10023
0.198863 7785
0.198863 7785
0.199548 8058
0.19956 8322
0.199572 8578
0.199584 8826
0.199596 9067
0.200545 9302
0.201218 9531
0.20123 9754
0.201242 9972
0.201254 10185
0.201278 10394
0.202288 10599
0.203045 10800
0.203045 8681
0.203045 8681
0.203069 8926
0.203081 9164
0.203093 9396
0.203117 9622
0.203141 9843
0.204258 10059
0.204859 10270
0.204895 10477
0.204907 10680
0.204919 10879
0.204931 11074
0.206013 11266
0.206625 11455
0.20665 11641
0.206674 11824
0.206686 12004
0.206698 12181
0.20671 12355
0.207851 12527
0.207851 10159
0.207851 10159
0.20856 10368
0.208584 10573
0.208608 10774
0.20862 10971
0.208632 11165
0.208644 11355
0.208668 11542
0.209593 11726
0.210314 11907
0.210338 12086
0.210362 12262
0.210374 12435
0.210386 12606
0.210411 12775
0.211372 12941
0.211372 10345
0.211372 10345
0.211396 10551
0.212189 10753
0.212213 10951
0.212237 11145
0.212261 11336
0.212273 11524
0.212297 11708
0.21321 11890
0.213919 12069
0.213955 12245
0.213979 12419
0.214003 12590
0.214015 12759
0.214027 12926
0.214039 13090
0.214953 13252
0.215686 13412
0.215686 10675
0.215686 10675
0.215722 10874
0.215758 11070
0.215782 11262
0.215794 11451
0.215806 11637
0.215818 11820
0.216875 12000
0.216899 12177
0.217644 12352
0.217644 9603
0.217644 9603
0.217728 9824
0.21774 10040
0.217752 10252
0.217764 10459
0.217788 10662
0.21869 10861
0.218702 11057
0.219386 11249
0.219459 11438
0.219471 11624
0.219495 11807
0.219507 11987
0.220408 12164
0.22042 12339
0.221177 12511
0.221177 9750
0.221177 9750
0.221249 9968
0.221273 10181
0.221297 10390
0.221309 10595
0.221333 10796
0.222294 10993
0.222318 11186
0.223087 11376
0.223087 8768
0.223087 8768
0.223172 9011
0.223184 9247
0.223196 9477
0.223208 9701
0.224073 9920
0.224097 10134
0.224782 10344
0.224854 10550
0.224866 10752
0.224878 10950
0.225743 11144
0.225767 11335
0.226572 11523
0.226572 8895
0.226572 8895
0.226608 9134
0.226668 9367
0.22668 9594
0.226692 9816
0.227641 10033
0.227665 10245
0.22841 10453
0.228495 10656
0.228507 10856
0.228519 11052
0.229408 11244
0.229432 11433
0.229444 11619
0.230141 11802
0.230225 11982
0.230237 12159
0.230249 12334
0.23127 12506
0.23127 9739
0.23127 9739
0.231294 9957
0.231306 10171
0.232087 10380
0.232111 10585
0.232196 10786
0.232208 10983
0.23222 11177
0.233109 11367
0.233794 11554
0.233818 11738
0.233842 11919
0.233938 12097
0.23395 12273
0.233962 12446
0.234803 12617
0.235572 12785
0.235572 9844
0.235572 9844
0.235596 10060
0.23562 10271
0.235644 10478
0.23574 10681
0.235752 10880
0.235764 11075
0.236738 11267
0.237483 11456
0.237483 8638
0.237483 8638
0.237507 8884
0.237543 9123
0.237627 9356
0.237639 9583
0.237651 9805
0.238516 10022
0.239201 10234
0.239237 10442
0.239309 10646
0.239321 10846
0.239333 11042
0.240222 11235
0.241003 11424
0.241003 8843
0.241003 8843
0.241027 9084
0.241063 9318
0.241135 9546
0.241147 9769
0.241159 9987
0.242157 10200
0.242902 10408
0.242902 7932
0.242902 7932
0.242938 8200
0.242998 8459
0.24301 8710
0.243022 8954
0.243923 9192
0.244584 9423
0.244632 9649
0.244644 9869
0.244656 10084
0.24468 10295
0.245629 10502
0.246362 10704
0.246362 8155
0.246362 8155
0.24641 8416
0.246422 8669
0.246434 8914
0.246459 9153
0.246483 9385
0.247564 9612
0.248297 9833
0.248297 7330
0.248297 7330
0.248321 7620
0.248345 7899
0.248357 8168
0.248381 8428
0.24933 8680
0.250027 8925
0.250051 9163
0.250063 9395
0.250087 9621
0.250989 9842
0.251758 10058
0.251782 10269
0.251794 10476
0.251806 10679
0.25183 10878
0.252827 11073
0.252827 8366
0.252827 8366
0.253716 8620
0.25374 8867
0.253752 9107
0.253764 9341
0.253788 9569
0.2538 9791
0.254605 10008
0.255507 10220
0.255519 10428
0.255531 10632
0.255555 10832
0.255567 11028
0.25642 11221
0.25642 8563
0.25642 8563
0.257393 8811
0.257417 9052
0.257429 9287
0.257453 9516
0.257465 9740
0.257477 9958
0.258222 10172
0.259111 10381
0.259123 10586
0.259147 10787
0.259159 10984
0.259171 11178
0.260001 11368
0.260001 8597
0.260001 8597
0.260998 8844
0.261022 9085
0.261046 9319
0.261058 9547
0.26107 9770
0.261082 9988
0.261947 10201
0.261947 7657
0.261947 7657
0.262752 7935
0.262776 8203
0.262788 8462
0.2628 8713
0.262812 8957
0.263677 9194
0.264507 9425
0.264507 7139
0.264507 7139
0.264519 7437
0.264531 7723
0.264543 7999
0.264567 8265
0.265528 8522
0.266477 8772
0.266477 6503
0.266477 6503
0.266489 6830
0.266501 7142
0.266525 7440
0.267246 7726
0.268219 8001
0.268232 8267
0.268256 8524
0.26828 8774
0.269013 9016
0.270046 9252
0.270046 6935
0.270046 6935
0.270058 7242
0.270082 7536
0.270106 7818
0.27013 8090
0.270971 8353
0.27186 8608
0.271884 8855
0.271896 9095
0.271908 9329
0.272725 9557
0.273603 9780
0.273639 9997
0.273651 10210
0.273663 10418
0.273687 10622
0.274528 10822
0.274528 8213
0.274528 8213
0.275525 8472
0.275573 8723
0.275585 8967
0.275597 9204
0.275621 9435
0.275633 9660
0.27639 9880
0.277328 10095
0.27734 10306
0.277352 10512
0.277364 10714
0.277376 10912
0.278085 11107
0.279058 11298
0.27907 11486
0.279082 11671
0.279094 11853
0.279106 12032
0.27913 12209
0.279923 12383
0.279923 9613
0.279923 9613
0.281017 9834
0.281041 10050
0.281053 10262
0.281065 10469
0.281077 10672
0.281101 10871
0.281113 11067
0.281798 11259
0.282783 11448
0.282795 11634
0.282807 11817
0.282831 11997
0.282843 12174
0.282855 12349
0.283444 12521
0.284429 12691
0.284453 12858
0.284465 13023
0.284489 13186
0.284501 13347
0.284513 13506
0.284525 13663
0.285186 13819
0.285186 10812
0.285186 10812
0.286292 11009
0.286328 11202
0.28634 11392
0.286364 11579
0.286388 11763
0.2864 11944
0.286412 12122
0.286436 12297
0.287169 12470
0.287169 9591
0.287169 9591
0.28813 9813
0.288154 10030
0.288178 10242
0.28819 10450
0.288202 10653
0.288226 10853
0.288238 11049
0.288923 11241
0.289788 11430
0.2898 11616
0.289812 11799
0.289836 11979
0.289848 12156
0.28986 12331
0.290569 12503
0.291567 12673
0.291567 10101
0.291567 10101
0.291579 10312
0.291591 10518
0.291615 10720
0.291627 10918
0.291639 11113
0.291651 11304
0.292444 11492
0.293477 11677
0.293477 9195
0.293477 9195
0.293489 9426
0.293501 9652
0.293513 9872
0.293525 10087
0.293537 10298
0.294222 10504
0.295207 10706
0.295231 10905
0.295243 11100
0.295255 11292
0.295268 11480
0.29528 11665
0.295964 11847
0.296986 12026
0.296986 9519
0.296986 9519
0.297022 9742
0.297034 9960
0.297046 10174
0.297058 10383
0.29707 10588
0.297827 10789
0.297851 10986
0.298884 11180
0.298884 8645
0.298884 8645
0.298932 8891
0.298944 9130
0.298956 9363
0.29898 9590
0.299653 9812
0.299665 10029
0.300603 10241
0.300651 10449
0.300663 10653
0.300675 10853
0.301312 11049
0.301336 11241
0.302321 11430
0.302345 11616
0.302393 11799
0.302405 11979
0.302417 12156
0.303114 12331
0.303114 9616
0.303114 9616
0.30315 9837
0.30428 10053
0.304304 10265
0.304364 10472
0.304376 10675
0.304388 10874
0.304412 11070
0.305024 11262
0.305024 8566
0.305024 8566
0.306046 8814
0.30607 9055
0.30613 9290
0.306142 9519
0.306154 9742
0.306166 9960
0.306731 10174
0.30774 10383
0.3078 10588
0.307824 10789
0.307836 10986
0.307848 11180
0.308497 11370
0.308497 8978
0.308497 8978
0.309627 9215
0.309651 9446
0.309699 9671
0.309735 9891
0.309747 10106
0.309759 10316
0.31042 10522
0.31042 8172
0.31042 8172
0.311405 8432
0.311453 8684
0.311501 8929
0.311513 9167
0.311525 9399
0.311549 9625
0.31215 9846
0.313147 10062
0.313171 10273
0.313183 10480
0.313195 10683
0.313207 10882
0.313916 11077
0.314998 11269
0.314998 9010
0.314998 9010
0.315034 9246
0.315046 9476
0.315058 9700
0.31507 9919
0.315094 10133
0.315911 10343
0.3168 10549
0.316848 10751
0.31686 10949
0.316872 11143
0.316896 11334
0.317689 11522
0.317713 11707
0.318494 11889
0.318542 12068
0.318567 12244
0.318579 12418
0.318603 12589
0.319468 12758
0.319468 10209
0.319468 10209
0.319492 10417
0.319516 10621
0.320393 10821
0.320441 11017
0.320465 11210
0.320489 11400
0.320513 11586
0.321366 11769
0.32139 11950
0.322135 12128
0.322183 12303
0.322207 12476
0.322231 12646
0.322255 12814
0.323145 12980
0.323145 10213
0.323145 10213
0.323169 10421
0.323181 10625
0.324022 10825
0.324082 11021
0.324106 11214
0.32413 11404
0.324154 11590
0.325007 11773
0.325031 11954
0.32574 12132
0.3258 12307
0.325836 12480
0.32586 12650
0.325872 12818
0.326701 12984
0.326725 13148
0.326737 13310
0.327554 13470
0.327554 10660
0.327554 10660
0.327615 10859
0.327663 11055
0.327687 11247
0.327699 11436
0.328624 11622
0.328648 11805
0.32866 11985
0.328684 12162
0.329405 12337
0.329513 12509
0.329525 12679
0.330342 12847
0.330366 13012
0.330378 13175
0.330402 13336
0.330414 13495
0.331087 13652
0.331207 13808
0.331231 13962
0.332145 14114
0.332145 11122
0.332145 11122
0.332169 11313
0.332181 11501
0.332205 11686
0.332217 11868
0.332229 12047
0.332986 12223
0.333118 12397
0.333154 12568
0.334019 12737
0.334019 9957
0.334019 9957
0.334055 10171
0.334067 10380
0.334079 10585
0.334103 10786
0.33474 10983
0.334848 11177
0.334884 11367
0.335665 11554
0.335701 11738
0.335713 11919
0.335737 12097
0.33635 12273
0.33647 12446
0.336506 12617
0.337384 12785
0.33742 12951
0.337432 13115
0.337456 13277
0.337468 13437
0.338141 13595
0.338141 10643
0.338141 10643
0.338273 10843
0.338309 11039
0.339294 11232
0.339342 11421
0.339366 11607
0.33939 11790
0.339402 11970
0.339426 12148
0.340003 12323
0.341012 12495
0.341072 12665
0.341097 12833
0.341121 12999
0.341133 13162
0.341157 13323
0.341169 13482
0.341697 13640
0.342767 13796
0.342767 10866
0.342767 10866
0.342839 11062
0.342863 11254
0.342887 11443
0.342899 11629
0.342911 11812
0.342923 11992
0.342935 12169
0.343524 12344
0.344725 12516
0.344785 12686
0.344797 12854
0.344809 13019
0.344821 13182
0.344834 13343
0.344846 13502
0.345302 13659
0.346504 13815
0.346504 10759
0.346504 10759
0.346564 10957
0.346576 11151
0.346588 11342
0.3466 11529
0.346612 11713
0.346624 11894
0.346648 12073
0.347129 12249
0.348414 12423
0.348414 9411
0.348414 9411
0.348474 9637
0.348486 9858
0.348498 10074
0.34851 10285
0.348534 10492
0.348546 10695
0.348967 10894
0.350145 11089
0.350205 11281
0.350217 11469
0.350241 11654
0.350253 11836
0.350265 12016
0.350625 12193
0.351791 12367
0.351851 12539
0.351863 12708
0.351887 12875
0.351899 13040
0.351911 13203
0.351935 13364
0.352331 13523
0.353677 13680
0.353677 10571
0.353677 10571
0.353737 10772
0.353749 10969
0.353773 11163
0.353785 11353
0.353797 11540
0.353821 11724
0.353833 11905
0.354266 12084
0.355444 12260
0.355552 12433
0.355564 12604
0.355576 12773
0.3556 12939
0.355612 13103
0.355624 13265
0.356044 13425
0.35721 13583
0.35721 10447
0.35721 10447
0.357318 10651
0.357342 10851
0.357354 11047
0.357378 11239
0.35739 11428
0.357402 11614
0.357426 11797
0.357895 11977
0.359169 12154
0.359169 9144
0.359169 9144
0.359229 9377
0.359253 9604
0.359265 9825
0.359277 10041
0.359301 10253
0.359325 10460
0.359697 10663
0.360899 10862
0.360959 11058
0.360971 11250
0.360995 11439
0.361019 11625
0.361031 11808
0.361392 11988
0.362665 12165
0.362665 9262
0.362665 9262
0.362725 9492
0.362749 9716
0.362773 9935
0.362797 10149
0.362809 10359
0.362833 10564
0.363194 10765
0.364552 10963
0.364552 8107
0.364552 8107
0.364624 8369
0.364636 8623
0.364648 8870
0.36466 9110
0.364672 9343
0.365056 9571
0.366306 9793
0.366378 10010
0.36639 10222
0.366402 10430
0.366414 10634
0.366739 10834
0.36794 11030
0.368036 11223
0.368048 11412
0.36806 11598
0.368072 11781
0.368096 11961
0.368481 12139
0.368481 9200
0.368481 9200
0.369791 9431
0.369911 9657
0.369923 9877
0.369935 10092
0.369947 10303
0.369971 10509
0.369983 10711
0.370416 10910
0.370416 8149
0.370416 8149
0.371689 8410
0.371701 8663
0.371713 8909
0.371725 9148
0.371737 9381
0.371749 9608
0.372158 9829
0.37348 10045
0.37348 7575
0.37348 7575
0.373492 7856
0.373504 8127
0.373516 8389
0.37354 8643
0.374008 8889
0.375366 9128
0.375378 9361
0.37539 9588
0.375414 9810
0.375799 10027
0.375823 10239
0.37712 10447
0.377133 10651
0.377145 10851
0.377169 11047
0.377565 11239
0.377565 8571
0.377565 8571
0.377589 8819
0.377613 9060
0.378995 9295
0.379007 9524
0.379019 9747
0.379043 9965
0.379464 10178
0.3795 10387
0.380725 10592
0.380737 10793
0.380749 10990
0.380773 11183
0.381194 11373
0.38123 11560
0.381254 11744
0.382552 11925
0.382552 9165
0.382552 9165
0.382564 9397
0.382576 9623
0.3826 9844
0.383056 10060
0.383104 10271
0.383128 10478
0.383153 10681
0.384366 10880
0.384378 11075
0.384799 11267
0.384847 11456
0.384883 11642
0.384895 11825
0.384919 12005
0.386169 12182
0.386169 9350
0.386169 9350
0.386193 9577
0.386661 9799
0.386709 10016
0.386745 10228
0.386757 10436
0.386781 10640
0.386793 10840
0.387995 11036
0.38844 11229
0.388488 11418
0.3885 11604
0.388524 11787
0.388536 11967
0.388548 12145
0.389725 12320
0.390206 12493
0.390206 9509
0.390206 9509
0.390266 9733
0.390278 9952
0.390302 10166
0.390314 10375
0.390326 10580
0.39035 10781
0.391648 10978
0.39208 11172
0.39208 8314
0.39208 8314
0.392165 8570
0.392177 8818
0.392189 9059
0.392213 9294
0.392225 9523
0.393378 9746
0.393751 9964
0.393835 10177
0.393847 10386
0.393871 10591
0.393895 10792
0.395144 10989
0.395144 8518
0.395144 8518
0.395565 8768
0.395673 9011
0.395685 9247
0.395709 9477
0.395721 9701
0.395745 9920
0.397091 10134
0.397091 7681
0.397091 7681
0.397524 7958
0.397536 8225
0.39756 8484
0.397572 8735
0.397584 8979
0.398821 9216
0.399218 9447
0.399242 9672
0.399266 9892
0.399278 10107
0.399302 10317
0.4006 10523
0.4006 8243
0.4006 8243
0.401056 8501
0.40108 8751
0.401104 8994
0.401116 9231
0.40114 9461
0.401165 9686
0.402474 9906
0.402474 7584
0.402474 7584
0.402907 7865
0.402919 8136
0.402931 8397
0.402943 8650
0.402967 8896
0.404156 9135
0.404625 9368
0.404637 9595
0.404649 9817
0.404673 10034
0.404697 10246
0.405899 10454
0.405899 8239
0.405899 8239
0.406452 8497
0.406464 8747
0.406476 8990
0.4065 9227
0.406524 9458
0.406548 9683
0.407881 9903
0.407881 7633
0.407881 7633
0.408338 7912
0.40835 8181
0.408362 8441
0.408386 8693
0.40841 8938
0.40966 9176
0.410044 9408
0.410056 9634
0.410068 9855
0.410092 10071
0.410116 10282
0.411402 10489
0.411402 8069
0.411402 8069
0.411871 8333
0.411883 8588
0.411895 8836
0.411919 9077
0.411943 9311
0.411967 9539
0.413325 9762
0.413325 7305
0.413325 7305
0.413709 7596
0.413733 7876
0.413745 8146
0.413757 8407
0.413769 8660
0.415067 8906
0.415476 9145
0.415488 9378
0.4155 9605
0.415512 9826
0.416917 10042
0.416917 7821
0.416917 7821
0.416954 8093
0.417398 8356
0.41741 8611
0.417422 8858
0.417434 9098
0.418756 9332
0.418756 7164
0.418756 7164
0.419201 7461
0.419213 7746
0.419225 8021
0.419237 8286
0.419261 8543
0.420402 8792
0.420919 9034
0.420931 9269
0.420943 9498
0.420967 9722
0.422241 9941
0.422241 7833
0.422241 7833
0.422265 8105
0.422865 8367
0.422877 8621
0.422889 8868
0.422913 9108
0.424031 9342
0.42462 9570
0.424644 9792
0.424656 10009
0.42468 10221
0.424692 10429
0.425653 10633
0.426278 10833
0.426302 11029
0.426326 11222
0.42635 11411
0.426362 11597
0.426386 11780
0.427456 11960
0.427456 9548
0.427456 9548
0.428176 9771
0.428201 9989
0.428225 10202
0.428261 10410
0.428273 10614
0.428297 10814
0.428321 11011
0.429354 11204
0.429354 8736
0.429354 8736
0.430015 8980
0.430051 9217
0.430075 9448
0.430099 9673
0.430111 9893
0.430135 10108
0.431072 10318
0.431661 10524
0.431697 10726
0.431721 10924
0.431733 11119
0.431757 11310
0.432779 11498
0.432803 11683
0.433464 11865
0.433464 9510
0.433464 9510
0.4335 9734
0.433536 9952
0.433548 10166
0.433572 10375
0.434689 10580
0.434713 10781
0.434737 10978
0.43529 11172
0.43535 11362
0.435374 11549
0.435398 11733
0.436468 11914
0.43648 12092
0.436504 12268
0.43696 12441
0.43702 12612
0.437044 12781
0.437068 12947
0.437092 13111
0.438258 13273
0.438258 10647
0.438258 10647
0.43827 10847
0.438294 11043
0.438811 11236
0.438871 11425
0.438907 11611
0.438931 11794
0.438955 11974
0.440108 12152
0.440132 12327
0.440589 12499
0.440649 12669
0.440685 12837
0.440697 13003
0.440721 13166
0.440733 13327
0.441899 13486
0.441899 10843
0.441899 10843
0.441923 11039
0.442476 11232
0.442536 11421
0.442572 11607
0.442584 11790
0.442608 11970
0.44262 12148
0.442644 12323
0.443809 12495
0.443809 9809
0.443809 9809
0.444338 10026
0.444374 10238
0.444386 10446
0.44441 10650
0.444422 10850
0.444434 11046
0.444446 11238
0.445516 11427
0.446032 11613
0.446056 11796
0.44608 11976
0.446092 12153
0.446104 12328
0.446116 12500
0.447234 12670
0.447823 12838
0.447823 10305
0.447823 10305
0.447847 10511
0.447883 10713
0.447895 10911
0.447907 11106
0.447919 11297
0.447931 11485
0.44918 11670
0.449709 11852
0.449709 9277
0.449709 9277
0.449769 9506
0.449781 9730
0.449793 9949
0.449805 10163
0.449817 10372
0.450899 10577
0.451391 10778
0.451451 10975
0.451463 11169
0.451476 11359
0.451488 11546
0.451512 11730
0.452665 11911
0.452665 9404
0.452665 9404
0.453218 9630
0.453278 9851
0.453302 10067
0.453314 10278
0.453326 10485
0.45335 10688
0.453374 10887
0.454636 11082
0.454636 8549
0.454636 8549
0.455128 8798
0.45514 9040
0.455152 9275
0.455176 9504
0.455188 9728
0.4552 9947
0.456402 10161
0.456919 10370
0.456931 10575
0.456955 10776
0.456967 10973
0.456979 11167
0.458204 11357
0.458204 8991
0.458204 8991
0.458817 9228
0.458829 9458
0.458853 9683
0.458865 9903
0.458877 10118
0.458889 10328
0.460091 10534
0.460091 8147
0.460091 8147
0.460632 8408
0.460656 8661
0.460668 8907
0.46068 9146
0.460692 9379
0.460704 9606
0.461821 9827
0.462338 10043
0.46235 10255
0.462362 10462
0.462374 10665
0.462398 10864
0.46354 11060
0.464116 11252
0.464116 9019
0.464116 9019
0.46414 9255
0.464152 9485
0.464164 9709
0.464188 9928
0.4642 10142
0.465486 10352
0.466027 10557
0.466027 8263
0.466027 8263
0.466039 8520
0.466051 8770
0.466063 9013
0.466075 9249
0.46724 9479
0.467265 9703
0.467745 9922
0.467769 10136
0.467781 10346
0.467793 10552
0.469007 10754
0.469007 8385
0.469007 8385
0.469043 8639
0.469584 8885
0.469608 9124
0.469632 9357
0.469644 9584
0.469668 9806
0.470929 10023
0.470929 7703
0.470929 7703
0.471422 7979
0.471446 8246
0.47147 8504
0.471482 8754
0.471494 8997
0.47266 9233
0.47314 9463
0.473164 9688
0.473176 9908
0.473188 10123
0.473212 10333
0.474366 10539
0.474931 10741
0.474931 8456
0.474931 8456
0.474955 8708
0.474967 8952
0.474979 9190
0.475003 9421
0.475027 9647
0.476301 9867
0.476793 10083
0.476829 10294
0.476841 10501
0.476841 8094
0.476841 8094
0.476853 8357
0.476865 8612
0.478055 8859
0.478548 9099
0.478584 9333
0.478608 9561
0.47862 9783
0.479845 10000
0.479845 7789
0.479845 7789
0.479881 8062
0.480434 8326
0.48047 8582
0.480494 8830
0.480518 9071
0.481696 9305
0.482176 9534
0.482212 9757
0.482248 9975
0.482273 10188
0.482285 10397
0.483474 10602
0.483474 8305
0.483474 8305
0.484015 8561
0.484051 8809
0.484087 9050
0.484123 9285
0.484135 9514
0.484159 9738
0.485361 9956
0.485841 10170
0.485889 10379
0.485925 10584
0.485937 10785
0.485949 10982
0.487079 11176
0.487584 11366
0.487632 11553
0.487656 11737
0.487692 11918
0.487704 12096
0.487716 12272
0.488857 12445
0.488857 9841
0.488857 9841
0.489458 10057
0.489506 10268
0.489542 10475
0.489566 10678
0.48959 10877
0.489602 11072
0.489614 11264
0.490768 11453
0.491285 11639
0.491333 11822
0.491357 12002
0.491381 12179
0.491393 12354
0.491405 12526
0.492474 12696
0.493051 12863
0.493099 13028
0.493099 10250
0.493099 10250
0.493123 10457
0.493147 10660
0.493171 10859
0.493183 11055
0.493195 11247
0.494337 11436
0.494997 11622
0.495034 11805
0.495034 9234
0.495034 9234
0.49507 9464
0.495094 9689
0.495106 9909
0.495118 10124
0.496103 10334
0.49674 10540
0.496764 10742
0.496812 10940
0.496824 11134
0.496836 11325
0.497797 11513
0.497821 11698
0.49853 11880
0.49853 9186
0.49853 9186
0.498554 9418
0.498614 9644
0.498626 9865
0.498638 10081
0.499732 10292
0.499756 10499
0.49978 10702
0.500429 10901
0.500429 8243
0.500429 8243
0.500501 8501
0.500513 8751
0.501474 8994
0.501498 9231
0.50151 9461
0.501522 9686
0.502123 9906
0.503216 10121
0.503216 7702
0.503216 7702
0.50324 7978
0.503252 8245
0.503264 8503
0.503276 8753
0.503961 8996
0.505151 9232
0.505151 6842
0.505151 6842
0.505175 7153
0.505187 7451
0.505199 7737
0.505776 8012
0.5058 8278
0.506905 8535
0.506929 8784
0.506941 9026
0.507506 9262
0.50753 9492
0.50866 9716
0.50866 7334
0.50866 7334
0.508684 7624
0.508696 7903
0.50872 8172
0.509357 8432
0.509393 8684
0.510582 8929
0.510582 6654
0.510582 6654
0.510606 6974
0.51063 7279
0.511159 7571
0.511207 7852
0.5123 8123
0.512337 8385
0.512877 8639
0.512901 8885
0.512937 9124
0.514043 9357
0.514079 9584
0.51468 9806
0.51468 7406
0.51468 7406
0.514704 7693
0.514728 7970
0.514752 8237
0.515989 8495
0.516037 8745
0.516542 8988
0.516542 6615
0.516542 6615
0.516578 6937
0.516602 7244
0.517744 7538
0.517792 7820
0.5182 8092
0.518248 8355
0.519462 8610
0.519486 8857
0.519522 9097
0.519991 9331
0.519991 7098
0.519991 7098
0.520039 7398
0.521421 7686
0.521445 7963
0.521469 8230
0.521493 8489
0.521901 8740
0.521901 6436
0.521901 6436
0.523211 6767
0.523235 7081
0.523259 7382
0.523271 7670
0.523644 7947
0.524941 8215
0.524965 8474
0.524977 8725
0.525001 8969
0.52541 9206
0.52541 7073
0.52541 7073
0.526876 7374
0.5269 7663
0.526912 7941
0.526936 8209
0.526972 8468
0.527308 8719
0.527308 6480
0.527308 6480
0.528666 6808
0.528678 7121
0.528702 7420
0.528726 7707
0.529039 7983
0.530421 8250
0.530421 6263
0.530421 6263
0.530445 6603
0.530469 6925
0.530493 7232
0.530841 7526
0.532355 7809
0.532355 5741
0.532355 5741
0.532379 6112
0.532403 6460
0.532716 6789
0.53274 7102
0.534134 7402
0.534158 7689
0.534446 7966
0.53447 8233
0.535828 8491
0.535852 8742
0.535876 8985
0.536212 9222
0.536212 6956
0.536212 6956
0.536248 7262
0.53775 7555
0.537774 7837
0.537798 8108
0.537822 8370
0.538159 8624
0.538159 6368
0.538159 6368
0.539541 6702
0.539565 7020
0.539577 7323
0.539589 7614
0.539913 7893
0.541271 8163
0.541295 8424
0.541295 6302
0.541295 6302
0.541307 6640
0.541331 6961
0.541704 7267
0.543218 7560
0.543242 7841
0.543242 5687
0.543242 5687
0.543266 6061
0.543554 6412
0.544948 6744
0.544972 7060
0.544996 7361
0.545272 7650
0.546762 7928
0.546762 5874
0.546762 5874
0.546786 6236
0.54681 6577
0.546834 6901
0.547135 7209
0.548625 7504
0.548625 5446
0.548625 5446
0.548649 5837
0.548673 6202
0.548937 6545
0.550319 6870
0.550343 7180
0.550367 7476
0.550632 7761
0.552097 8035
0.552097 6072
0.552097 6072
0.552122 6423
0.552146 6754
0.55217 7069
0.552482 7370
0.554032 7659
0.554032 5666
0.554032 5666
0.554056 6042
0.55408 6394
0.554332 6727
0.554356 7043
0.55575 7345
0.555786 7635
0.556003 7914
0.556015 8183
0.557433 8443
0.557457 8695
0.557481 8940
0.557733 9178
0.557745 9410
0.559343 9636
0.559343 7318
0.559343 7318
0.559367 7609
0.559391 7889
0.559427 8159
0.559668 8420
0.55968 8673
0.56117 8918
0.561206 9157
0.56123 9389
0.561482 9616
0.561494 9837
0.56284 10053
0.562864 10265
0.562876 10472
0.5629 10675
0.563164 10874
0.563176 11070
0.564726 11262
0.564726 8713
0.564726 8713
0.56475 8957
0.564762 9194
0.564786 9425
0.564798 9651
0.565087 9871
0.565099 10086
0.566541 10297
0.566565 10504
0.566577 10706
0.566589 10905
0.566853 11100
0.566865 11292
0.568163 11480
0.568187 11665
0.568199 11847
0.568211 12026
0.568223 12203
0.568535 12377
0.568547 12549
0.569989 12718
0.569989 9996
0.569989 9996
0.570013 10209
0.570025 10417
0.570037 10621
0.570049 10821
0.570073 11017
0.570422 11210
0.570434 11400
0.57184 11586
0.571864 11769
0.571876 11950
0.571888 12128
0.571912 12303
0.572236 12476
0.572248 12646
0.573498 12814
0.573522 12980
0.573534 13144
0.573546 13306
0.573558 13466
0.57357 13624
0.573943 13780
0.573955 13934
0.575348 14086
0.575348 11119
0.575348 11119
0.575372 11310
0.575384 11498
0.575397 11683
0.575409 11865
0.575421 12044
0.575445 12220
0.575841 12394
0.575853 12565
0.577211 12734
0.577211 9872
0.577211 9872
0.577235 10087
0.577247 10298
0.577259 10504
0.577271 10706
0.577283 10905
0.57768 11100
0.577692 11292
0.578869 11480
0.578893 11665
0.578905 11847
0.578917 12026
0.578929 12203
0.579302 12377
0.579326 12549
0.580635 12718
0.580635 9940
0.580635 9940
0.580672 10154
0.580684 10363
0.580696 10568
0.580708 10769
0.580732 10966
0.581116 11160
0.581152 11351
0.582558 11538
0.582558 8866
0.582558 8866
0.582594 9106
0.582606 9340
0.582618 9568
0.582642 9790
0.582979 10007
0.583015 10220
0.584288 10428
0.584324 10632
0.584336 10832
0.58436 11028
0.584637 11221
0.584673 11410
0.584685 11596
0.585947 11779
0.585983 11959
0.585995 12137
0.586019 12312
0.586331 12485
0.586367 12655
0.586379 12823
0.587821 12989
0.587821 10117
0.587821 10117
0.587845 10327
0.587881 10533
0.587893 10735
0.587917 10933
0.588254 11127
0.588302 11318
0.588314 11506
0.589672 11691
0.58972 11873
0.589732 12052
0.589756 12228
0.590068 12402
0.590116 12573
0.590128 12742
0.591294 12909
0.591318 13074
0.591366 13237
0.591378 13398
0.591402 13557
0.591774 13714
0.591822 13869
0.591834 14022
0.593096 14174
0.593096 11133
0.593096 11133
0.59312 11324
0.593168 11512
0.593192 11697
0.593216 11879
0.593228 12058
0.593673 12234
0.593721 12408
0.593733 12579
0.59491 12748
0.594995 12915
0.595007 13080
0.595019 13242
0.595031 13402
0.595451 13561
0.595511 13718
0.595523 13873
0.596593 14026
0.596665 14177
0.596677 14327
0.596689 14475
0.596701 14622
0.596713 14767
0.597145 14911
0.597206 15053
0.59723 15194
0.598431 15334
0.598431 12245
0.598431 12245
0.598503 12419
0.598515 12590
0.598527 12759
0.598539 12926
0.598551 13090
0.598575 13252
0.599044 13412
0.599116 13570
0.59914 13727
0.600258 13882
0.600342 14035
0.600354 14186
0.600366 14336
0.600378 14484
0.60039 14631
0.60081 14776
0.600894 14920
0.600918 15062
0.602 15203
0.602072 15343
0.602084 15481
0.602096 15618
0.602108 15754
0.60212 15889
0.602144 16023
0.602565 16156
0.602661 16287
0.602685 16417
0.603862 16546
0.603862 13345
0.603862 13345
0.603959 13504
0.603971 13661
0.603983 13817
0.603995 13971
0.604007 14123
0.604031 14273
0.604523 14422
0.604547 14569
0.604631 14715
0.604667 14859
0.605713 15002
0.605809 15144
0.605821 15284
0.605833 15423
0.605845 15561
0.60629 15697
0.606302 15832
0.606374 15966
0.606398 16099
0.606434 16231
0.607395 16362
0.607491 16492
0.607503 16621
0.607515 16749
0.607527 16876
0.607948 17002
0.60796 17127
0.608044 17251
0.608068 17374
0.608092 17496
0.608128 17617
0.60921 17737
0.60921 14271
0.60921 14271
0.609318 14420
0.60933 14567
0.609342 14713
0.609354 14857
0.609822 15000
0.609834 15142
0.609918 15282
0.609955 15421
0.609979 15559
0.610015 15696
0.610039 15831
0.61106 15965
0.61118 16098
0.611192 16230
0.611601 16361
0.611613 16491
0.611685 16620
0.611721 16748
0.611745 16875
0.611781 17001
0.611817 17126
0.612718 17250
0.612838 17373
0.61285 17495
0.612862 17616
0.613247 17737
0.613271 17857
0.613343 17976
0.613379 18094
0.613403 18211
0.613439 18328
0.613475 18444
0.614497 18559
0.614497 15198
0.614497 15198
0.614641 15338
0.614653 15476
0.614665 15613
0.614689 15749
0.615097 15884
0.615121 16018
0.615194 16151
0.61523 16282
0.615254 16412
0.61529 16541
0.615326 16669
0.616383 16796
0.616383 13468
0.616383 13468
0.616527 13626
0.616551 13782
0.616924 13936
0.61696 14088
0.61702 14239
0.617044 14388
0.617068 14536
0.617092 14682
0.617128 14827
0.617164 14970
0.618137 15112
0.618582 15253
0.618618 15392
0.618678 15530
0.618702 15667
0.618726 15803
0.618738 15937
0.61875 16070
0.618774 16202
0.61881 16333
0.61982 16463
0.620312 16592
0.620348 16720
0.62042 16847
0.620457 16973
0.620481 17098
0.620493 17222
0.620505 17345
0.620529 17467
0.620529 13943
0.620529 13943
0.620541 14095
0.620577 14246
0.621718 14395
0.622283 14543
0.622319 14689
0.622391 14834
0.622439 14977
0.622463 15119
0.622475 15259
0.622487 15398
0.622511 15536
0.622511 12306
0.622511 12306
0.623485 12479
0.624025 12649
0.624061 12817
0.624085 12983
0.624145 13147
0.624193 13309
0.624218 13469
0.62423 13627
0.624242 13783
0.624266 13937
0.625876 14089
0.625876 11205
0.625876 11205
0.6259 11395
0.625972 11582
0.625996 11766
0.626044 11947
0.626068 12125
0.62608 12300
0.626092 12473
0.626116 12643
0.627714 12811
0.62781 12977
0.62781 10081
0.62781 10081
0.627834 10292
0.62787 10499
0.627894 10702
0.627906 10901
0.627918 11096
0.627942 11288
0.629408 11476
0.629481 11661
0.629529 11843
0.629553 12022
0.629565 12199
0.629577 12373
0.629601 12545
0.631175 12714
0.631175 9928
0.631175 9928
0.631259 10142
0.631307 10352
0.631331 10557
0.631343 10758
0.631355 10956
0.631367 11150
0.631391 11341
0.633121 11528
0.633121 8954
0.633121 8954
0.633205 9192
0.63323 9423
0.633242 9649
0.633254 9869
0.633266 10084
0.63329 10295
0.634876 10502
0.63496 10704
0.634972 10903
0.634984 11098
0.634996 11290
0.63502 11478
0.635032 11663
0.636654 11845
0.636654 9051
0.636654 9051
0.636762 9286
0.636774 9515
0.636786 9739
0.636798 9957
0.636822 10171
0.636834 10380
0.638541 10585
0.638541 7914
0.638541 7914
0.638625 8183
0.638637 8443
0.638649 8695
0.638673 8940
0.638685 9178
0.638697 9410
0.640223 9636
0.640295 9857
0.640319 10073
0.640331 10284
0.640343 10491
0.640355 10694
0.642049 10893
0.642049 8249
0.642049 8249
0.642121 8507
0.642145 8757
0.642157 9000
0.642169 9236
0.642181 9466
0.642205 9691
0.643876 9910
0.643948 10125
0.64396 10335
0.643972 10541
0.643996 10743
0.644008 10941
0.645606 11135
0.645678 11326
0.64569 11514
0.645702 11699
0.645726 11881
0.64575 12060
0.645762 12236
0.647529 12410
0.647529 9514
0.647529 9514
0.647601 9738
0.647613 9956
0.647625 10170
0.647649 10379
0.647661 10584
0.647685 10785
0.647697 10982
0.649259 11176
0.649343 11366
0.649367 11553
0.649379 11737
0.649403 11918
0.649427 12096
0.649439 12272
0.651061 12445
0.651061 9577
0.651061 9577
0.651145 9799
0.651181 10016
0.651193 10228
0.651217 10436
0.651242 10640
0.651266 10840
0.651278 11036
0.65296 11229
0.65296 8452
0.65296 8452
0.653056 8704
0.653068 8948
0.65308 9186
0.653104 9418
0.653128 9644
0.65314 9865
0.654642 10081
0.654726 10292
0.654738 10499
0.654762 10702
0.654774 10901
0.654786 11096
0.656396 11288
0.656396 8504
0.656396 8504
0.65648 8754
0.656505 8997
0.656529 9233
0.656541 9463
0.656553 9688
0.656565 9908
0.658367 10123
0.658367 7464
0.658367 7464
0.658439 7749
0.658463 8024
0.658475 8289
0.658487 8546
0.658499 8795
0.660133 9037
0.660193 9272
0.660205 9501
0.660217 9725
0.660229 9944
0.660254 10158
0.661912 10367
0.661912 7670
0.661912 7670
0.661996 7947
0.662008 8215
0.66202 8474
0.662032 8725
0.662056 8969
0.663786 9206
0.663786 6651
0.663786 6651
0.663858 6971
0.66387 7276
0.663882 7568
0.663906 7849
0.66393 8120
0.665468 8382
0.665553 8636
0.665577 8882
0.665589 9121
0.665613 9354
0.667211 9581
0.667295 9803
0.667295 7355
0.667295 7355
0.667319 7644
0.667331 7922
0.667355 8191
0.667367 8451
0.669193 8703
0.669278 8947
0.669278 6546
0.669278 6546
0.669302 6871
0.669326 7181
0.669338 7477
0.670972 7762
0.67108 8036
0.671116 8301
0.671128 8557
0.671152 8806
0.67269 9048
0.67281 9283
0.67281 6889
0.67281 6889
0.672846 7198
0.672858 7494
0.672882 7778
0.672918 8052
0.674601 8316
0.674709 8572
0.674709 6173
0.674709 6173
0.674745 6518
0.674769 6845
0.674793 7156
0.676331 7453
0.676463 7739
0.676511 8014
0.676535 8279
0.678157 8536
0.678157 6311
0.678157 6311
0.678181 6648
0.678326 6968
0.678374 7273
0.678398 7566
0.679996 7847
0.680128 8118
0.680176 8380
0.6802 8634
0.680224 8880
0.681702 9120
0.681846 9353
0.681906 9580
0.68193 9802
0.681954 10019
0.681978 10231
0.683541 10439
0.683541 7973
0.683541 7973
0.683697 8240
0.683757 8498
0.683781 8748
0.683817 8991
0.683853 9228
0.683877 9458
0.685391 9683
0.685547 9903
0.685583 10118
0.685607 10328
0.685631 10534
0.685655 10736
0.687157 10934
0.687157 8277
0.687157 8277
0.687326 8534
0.687362 8783
0.687386 9025
0.68741 9261
0.687422 9491
0.687446 9715
0.688996 9934
0.689176 10148
0.6892 10358
0.689212 10563
0.689224 10764
0.689236 10962
0.690702 11156
0.690894 11347
0.690918 11534
0.69093 11718
0.690942 11899
0.690954 12078
0.690978 12254
0.692649 12427
0.692649 9654
0.692649 9654
0.692853 9874
0.692877 10089
0.692889 10300
0.692901 10506
0.692913 10708
0.692937 10907
0.692949 11102
0.694439 11294
0.694631 11482
0.694643 11667
0.694655 11849
0.694679 12028
0.694703 12205
0.694715 12379
0.696109 12551
0.696326 12720
0.696338 12887
0.69635 13052
0.696374 13215
0.696386 13376
0.69641 13535
0.696434 13692
0.698008 13847
0.698008 10954
0.698008 10954
0.698248 11148
0.69826 11339
0.698272 11526
0.698296 11710
0.698308 11892
0.698332 12071
0.698344 12247
0.698368 12421
0.69981 12592
0.700038 12761
0.70005 12928
0.700063 13092
0.700075 13254
0.700087 13414
0.700099 13572
0.700123 13729
0.70148 13884
0.701733 14037
0.701745 14188
0.701757 14338
0.701769 14486
0.701781 14633
0.701793 14778
0.701817 14922
0.701829 15064
0.703331 15205
0.703331 12169
0.703331 12169
0.703619 12344
0.703631 12516
0.703643 12686
0.703655 12854
0.703667 13019
0.703679 13182
0.703703 13343
0.703715 13502
0.703727 13659
0.705121 13815
0.70541 13969
0.705422 14121
0.705434 14271
0.705446 14420
0.705458 14567
0.70547 14713
0.705482 14857
0.705494 15000
0.706803 15142
0.707128 15282
0.70714 15421
0.707152 15559
0.707164 15696
0.707176 15831
0.707188 15965
0.7072 16098
0.707212 16230
0.707236 16361
0.708666 16491
0.708666 13219
0.708666 13219
0.709038 13380
0.70905 13539
0.709062 13696
0.709075 13851
0.709087 14004
0.709099 14156
0.709111 14306
0.709123 14455
0.709147 14602
0.709159 14747
0.710456 14891
0.710817 15034
0.710829 15175
0.710841 15315
0.710853 15454
0.710865 15591
0.710877 15727
0.710889 15862
0.710901 15996
0.710913 16129
0.712163 16261
0.712523 16392
0.712547 16522
0.712559 16651
0.712571 16779
0.712583 16906
0.712595 17032
0.712607 17157
0.712619 17281
0.712631 17404
0.712655 17526
0.714037 17647
0.714037 14405
0.714037 14405
0.714434 14552
0.714458 14698
0.71447 14843
0.714482 14986
0.714494 15128
0.714506 15268
0.714518 15407
0.71453 15545
0.714542 15682
0.714566 15817
0.71459 15951
0.715815 16084
0.716236 16216
0.716248 16347
0.71626 16477
0.716272 16606
0.716284 16734
0.716296 16861
0.716308 16987
0.71632 17112
0.716332 17236
0.717486 17359
0.71751 17481
0.717894 17602
0.717906 17723
0.717918 17843
0.71793 17962
0.717942 18080
0.717954 18197
0.717966 18314
0.717978 18430
0.71799 18545
0.719348 18659
0.719348 15181
0.719348 15181
0.719372 15321
0.719781 15460
0.719793 15597
0.719805 15733
0.719817 15868
0.719829 16002
0.719841 16135
0.719853 16267
0.719865 16398
0.719877 16527
0.719901 16655
0.721199 16782
0.721199 13611
0.721199 13611
0.721607 13767
0.721619 13921
0.721631 14074
0.721643 14225
0.721655 14374
0.721667 14522
0.721679 14668
0.721691 14813
0.721715 14956
0.721727 15098
0.722869 15239
0.723241 15378
0.723253 15516
0.723265 15653
0.723277 15789
0.723289 15924
0.723301 16057
0.723325 16189
0.723338 16320
0.72335 16450
0.724635 16579
0.724635 13593
0.724635 13593
0.725056 13749
0.725068 13904
0.72508 14057
0.725092 14208
0.725104 14358
0.725116 14506
0.72514 14652
0.725152 14797
0.725164 14941
0.725188 15083
0.726522 15224
0.726522 12178
0.726522 12178
0.726894 12353
0.726906 12525
0.726918 12695
0.72693 12862
0.726954 13027
0.726966 13190
0.726978 13351
0.727002 13510
0.727014 13667
0.728216 13822
0.728552 13976
0.728564 14128
0.728588 14278
0.728601 14427
0.728613 14574
0.728637 14720
0.728649 14864
0.728661 15007
0.730006 15149
0.730006 12268
0.730006 12268
0.730367 12441
0.730391 12612
0.730415 12781
0.730427 12947
0.730439 13111
0.730463 13273
0.730475 13433
0.730487 13591
0.730511 13747
0.731917 13902
0.731917 11152
0.731917 11152
0.732253 11343
0.732265 11530
0.732277 11714
0.732289 11895
0.732301 12074
0.732313 12250
0.732325 12424
0.732337 12595
0.733623 12764
0.733912 12931
0.733924 13095
0.733936 13257
0.733948 13417
0.73396 13575
0.733972 13732
0.733984 13887
0.735341 14040
0.735666 14191
0.735666 11439
0.735666 11439
0.735678 11625
0.73569 11808
0.735702 11988
0.735714 12165
0.735726 12340
0.735738 12512
0.735762 12682
0.7373 12850
0.737661 13015
0.737661 10293
0.737661 10293
0.737673 10500
0.737685 10703
0.737697 10902
0.737709 11097
0.737721 11289
0.737745 11477
0.73909 11662
0.739439 11844
0.739451 12023
0.739463 12200
0.739475 12374
0.739487 12546
0.739511 12715
0.740845 12882
0.740845 10003
0.740845 10003
0.741241 10216
0.741253 10424
0.741265 10628
0.741277 10828
0.741289 11024
0.741313 11217
0.741325 11407
0.742791 11593
0.742791 8957
0.742791 8957
0.743128 9194
0.74314 9425
0.743152 9651
0.743164 9871
0.743188 10086
0.7432 10297
0.744522 10504
0.744834 10706
0.744846 10905
0.744858 11100
0.744882 11292
0.744894 11480
0.744906 11665
0.746264 11847
0.746625 12026
0.746625 9149
0.746625 9149
0.746637 9381
0.746649 9608
0.746673 9829
0.746685 10045
0.746697 10257
0.748223 10464
0.748247 10667
0.748547 10866
0.748547 8146
0.748547 8146
0.748571 8407
0.748583 8660
0.748595 8906
0.748607 9145
0.749977 9378
0.750001 9605
0.750253 9826
0.750277 10042
0.750289 10254
0.750313 10461
0.751695 10664
0.751719 10863
0.75202 11059
0.75202 8312
0.75202 8312
0.752044 8568
0.752068 8816
0.752092 9057
0.752104 9292
0.753654 9521
0.753678 9744
0.753942 9962
0.753942 7331
0.753942 7331
0.753966 7621
0.75399 7900
0.754002 8169
0.755396 8429
0.75542 8681
0.755661 8926
0.755697 9164
0.755709 9396
0.757187 9622
0.757187 7106
0.757187 7106
0.757211 7405
0.757475 7692
0.757499 7969
0.757523 8236
0.757547 8494
0.759061 8744
0.759313 8987
0.759325 9224
0.759349 9455
0.759361 9680
0.760755 9900
0.760984 10115
0.760996 10325
0.76102 10531
0.761032 10733
0.761044 10931
0.762594 11126
0.762594 8497
0.762594 8497
0.76287 8747
0.762882 8990
0.762906 9227
0.762918 9458
0.76293 9683
0.762942 9903
0.764408 10118
0.764661 10328
0.764685 10534
0.764697 10736
0.764709 10934
0.764721 11128
0.766126 11319
0.766379 11507
0.766403 11692
0.766415 11874
0.766427 12053
0.766439 12229
0.766451 12403
0.768061 12574
0.768061 9707
0.768061 9707
0.768337 9926
0.768361 10140
0.768373 10350
0.768385 10555
0.768398 10756
0.76841 10954
0.768434 11148
0.769815 11339
0.770104 11526
0.770116 11710
0.770128 11892
0.77014 12071
0.770164 12247
0.770176 12421
0.771498 12592
0.77181 12761
0.771822 12928
0.771834 13092
0.771846 13254
0.77187 13414
0.771894 13572
0.771906 13729
0.773396 13884
0.773396 10929
0.773396 10929
0.773733 11124
0.773745 11315
0.773757 11503
0.773769 11688
0.773793 11870
0.773805 12049
0.773829 12225
0.773853 12399
0.775163 12570
0.775499 12739
0.775511 12906
0.775535 13071
0.775547 13234
0.775559 13395
0.775583 13554
0.775619 13711
0.776833 13866
0.777205 14019
0.777217 14171
0.777229 14321
0.777241 14469
0.777253 14616
0.777277 14761
0.777289 14905
0.777325 15048
0.778707 15189
0.778707 12033
0.778707 12033
0.779116 12210
0.779128 12384
0.77914 12556
0.779152 12725
0.779164 12892
0.779188 13057
0.7792 13220
0.779212 13381
0.779248 13540
0.780486 13697
0.780918 13852
0.78093 14005
0.780942 14157
0.780966 14307
0.780978 14455
0.78099 14602
0.781002 14747
0.781026 14891
0.782216 15034
0.78266 15175
0.782673 15315
0.782685 15454
0.782709 15591
0.782721 15727
0.782733 15862
0.782745 15996
0.782769 16129
0.782793 16261
0.784114 16392
0.784114 13209
0.784114 13209
0.784595 13370
0.784607 13529
0.784619 13686
0.784643 13841
0.784655 13995
0.784667 14147
0.784679 14297
0.784703 14446
0.784727 14593
0.784751 14739
0.785905 14883
0.785905 11760
0.785905 11760
0.786397 11941
0.786409 12119
0.786422 12294
0.786434 12467
0.786446 12637
0.78647 12805
0.786494 12971
0.786518 13135
0.786542 13297
0.787587 13457
0.788056 13615
0.788068 13771
0.78808 13925
0.788092 14078
0.788104 14229
0.788128 14378
0.788164 14526
0.788188 14672
0.789365 14817
0.789365 11994
0.789365 11994
0.789894 12171
0.789906 12346
0.789918 12518
0.78993 12688
0.789942 12856
0.789966 13021
0.790002 13184
0.790038 13345
0.790062 13504
0.79124 13661
0.79124 10794
0.79124 10794
0.791781 10991
0.791793 11184
0.791805 11374
0.791829 11561
0.791853 11745
0.791877 11926
0.791901 12104
0.791925 12280
0.79297 12453
0.793451 12624
0.793475 12792
0.793487 12958
0.793511 13122
0.793523 13284
0.793547 13444
0.793571 13602
0.794749 13758
0.794749 10755
0.794749 10755
0.795289 10953
0.795313 11147
0.795325 11338
0.795349 11526
0.795361 11710
0.795385 11892
0.795397 12071
0.795421 12247
0.796611 12421
0.796611 9602
0.796611 9602
0.797116 9823
0.797128 10040
0.79714 10252
0.797152 10459
0.797164 10662
0.797176 10861
0.7972 11057
0.798305 11249
0.79881 11438
0.798822 11624
0.798834 11807
0.798846 11987
0.79887 12164
0.798882 12339
0.800156 12511
0.800156 9885
0.800156 9885
0.800672 10100
0.800684 10311
0.800697 10517
0.800709 10719
0.800733 10917
0.800745 11112
0.800757 11303
0.80197 11491
0.80197 8871
0.80197 8871
0.802475 9111
0.802487 9344
0.802499 9572
0.802511 9794
0.802523 10011
0.802535 10223
0.803676 10431
0.804205 10635
0.804217 10835
0.804229 11031
0.804241 11224
0.804253 11413
0.804277 11599
0.805563 11782
0.805563 9306
0.805563 9306
0.806128 9535
0.806152 9758
0.806164 9976
0.806176 10189
0.806188 10398
0.806212 10603
0.807365 10804
0.80787 11001
0.807882 11194
0.807894 11384
0.807906 11571
0.80793 11755
0.807942 11936
0.809012 12114
0.80954 12289
0.809564 12462
0.809576 12633
0.809588 12801
0.8096 12967
0.809612 13131
0.809624 13293
0.810826 13453
0.810826 10845
0.810826 10845
0.811415 11041
0.811439 11234
0.811463 11423
0.811475 11609
0.811487 11792
0.811499 11972
0.811511 12150
0.811535 12325
0.812664 12497
0.813205 12667
0.813229 12835
0.813241 13001
0.813253 13164
0.813265 13325
0.813289 13484
0.813301 13642
0.814383 13798
0.81496 13952
0.81496 11128
0.81496 11128
0.814984 11319
0.815008 11507
0.81502 11692
0.815032 11874
0.815056 12053
0.815068 12229
0.81508 12403
0.816269 12574
0.81687 12743
0.81687 9927
0.81687 9927
0.816906 10141
0.816918 10351
0.816942 10556
0.816954 10757
0.816966 10955
0.816978 11149
0.818072 11340
0.8186 11527
0.818636 11711
0.81866 11893
0.818672 12072
0.818684 12248
0.818696 12422
0.819694 12593
0.820259 12762
0.820295 12929
0.820319 13093
0.820331 13255
0.820343 13415
0.820355 13573
0.820367 13730
0.821496 13885
0.821496 10975
0.821496 10975
0.822145 11169
0.822193 11359
0.822217 11546
0.822229 11730
0.822241 11911
0.822253 12089
0.822265 12265
0.822289 12438
0.823347 12609
0.823347 9836
0.823347 9836
0.82402 10052
0.824032 10264
0.824044 10471
0.824056 10674
0.824068 10873
0.824092 11069
0.824104 11261
0.825077 11450
0.825678 11636
0.82569 11819
0.825702 11999
0.825714 12176
0.825738 12351
0.82575 12523
0.826807 12693
0.827492 12860
0.827492 10328
0.827492 10328
0.827504 10534
0.827516 10736
0.827528 10934
0.827552 11128
0.827564 11319
0.827576 11507
0.828778 11692
0.829403 11874
0.829403 9311
0.829403 9311
0.829415 9539
0.829427 9762
0.829451 9980
0.829463 10193
0.829475 10402
0.83052 10606
0.830544 10806
0.831109 11003
0.831133 11196
0.831145 11386
0.831157 11573
0.831181 11757
0.832226 11938
0.832251 12116
0.832899 12291
0.832899 9631
0.832899 9631
0.832923 9852
0.832935 10068
0.832947 10279
0.832971 10486
0.832996 10689
0.834161 10888
0.834185 11083
0.834822 11275
0.834822 8635
0.834822 8635
0.834846 8881
0.83487 9121
0.834882 9354
0.834894 9581
0.835915 9803
0.835939 10020
0.83654 10232
0.836576 10440
0.836588 10644
0.8366 10844
0.837646 11040
0.83767 11233
0.838343 11422
0.838343 8793
0.838343 8793
0.838367 9035
0.838391 9270
0.838415 9499
0.838427 9723
0.839604 9942
0.839628 10156
0.840193 10365
0.840193 7912
0.840193 7912
0.840229 8181
0.840241 8441
0.840253 8693
0.841359 8938
0.841371 9176
0.841911 9408
0.841947 9634
0.841959 9855
0.843149 10071
0.843149 7740
0.843149 7740
0.843161 8015
0.843185 8280
0.843774 8537
0.84381 8786
0.843822 9028
0.845036 9264
0.845036 6927
0.845036 6927
0.84506 7234
0.845576 7528
0.845636 7811
0.845648 8083
0.84566 8346
0.84673 8601
0.847234 8848
0.847295 9088
0.847307 9322
0.847319 9550
0.848484 9773
0.848484 7549
0.848484 7549
0.849073 7831
0.849097 8103
0.849145 8366
0.849157 8620
0.849169 8867
0.850431 9107
0.850431 6936
0.850431 6936
0.850959 7243
0.85102 7537
0.851032 7819
0.851044 8091
0.851056 8354
0.852173 8609
0.85269 8856
0.852702 9096
0.852714 9330
0.852726 9558
0.853855 9781
0.854456 9998
0.854456 7525
0.854456 7525
0.854468 7808
0.85448 8081
0.854492 8344
0.854516 8599
0.855754 8846
0.856379 9086
0.856379 6752
0.856379 6752
0.856391 7067
0.856403 7368
0.856427 7657
0.857556 7935
0.857568 8203
0.858121 8462
0.858133 8713
0.858157 8957
0.859238 9194
0.85925 9425
0.859863 9651
0.859863 7230
0.859863 7230
0.859875 7524
0.859899 7807
0.859935 8080
0.861113 8343
0.861125 8598
0.861786 8845
0.861786 6489
0.861786 6489
0.86181 6817
0.861822 7129
0.862915 7428
0.862939 7714
0.863528 7990
0.863552 8256
0.864538 8514
0.864562 8764
0.864574 9007
0.86521 9243
0.865234 9473
0.866352 9698
0.866352 7303
0.866352 7303
0.866376 7594
0.866388 7874
0.866412 8144
0.867121 8405
0.867145 8658
0.868238 8904
0.868238 6536
0.868238 6536
0.868274 6862
0.868299 7172
0.868923 7469
0.868947 7754
0.869897 8028
0.869945 8293
0.870521 8550
0.870558 8799
0.87057 9041
0.871627 9276
0.871675 9505
0.872324 9729
0.872324 7388
0.872324 7388
0.872372 7676
0.872384 7953
0.872408 8221
0.873574 8480
0.873634 8731
0.874246 8975
0.874246 6670
0.874246 6670
0.87427 6989
0.874282 7293
0.87534 7585
0.875388 7866
0.875965 8136
0.875989 8397
0.87707 8650
0.877094 8896
0.87713 9135
0.877755 9368
0.877755 7119
0.877755 7119
0.877779 7418
0.878981 7705
0.879005 7981
0.879029 8248
0.879053 8506
0.879678 8756
0.879678 6512
0.879678 6512
0.880747 6839
0.880771 7150
0.880795 7448
0.880819 7734
0.881408 8009
0.882393 8275
0.882417 8532
0.882441 8781
0.882453 9023
0.883066 9259
0.884196 9489
0.884196 7420
0.884196 7420
0.88422 7707
0.884244 7983
0.884256 8250
0.88428 8508
0.884941 8758
0.886082 9001
0.886082 6879
0.886082 6879
0.886106 7188
0.886118 7484
0.886142 7768
0.886755 8042
0.887788 8307
0.887813 8563
0.887825 8811
0.887837 9052
0.888461 9287
0.889615 9516
0.889615 7313
0.889615 7313
0.889639 7604
0.889651 7884
0.889663 8154
0.889687 8415
0.89036 8668
0.891453 8913
0.891477 9152
0.891489 9384
0.891501 9611
0.89209 9832
0.893184 10048
0.893208 10260
0.89322 10467
0.893232 10670
0.893244 10869
0.893917 11065
0.893917 8570
0.893917 8570
0.89513 8818
0.895154 9059
0.895166 9294
0.895178 9523
0.89519 9746
0.895214 9964
0.895791 10177
0.895791 7813
0.895791 7813
0.896885 8085
0.896897 8348
0.896909 8603
0.896921 8850
0.896945 9090
0.897461 9324
0.898627 9552
0.898639 9775
0.898651 9993
0.898675 10206
0.898687 10414
0.898687 8127
0.898687 8127
0.899276 8389
0.900586 8643
0.900598 8889
0.90061 9128
0.900634 9361
0.900646 9588
0.900646 7314
0.900646 7314
0.902292 7605
0.902316 7885
0.902328 8155
0.902352 8416
0.902364 8669
0.902376 8914
0.903986 9153
0.90401 9385
0.904034 9612
0.904058 9833
0.90407 10049
0.904094 10261
0.905873 10468
0.905873 8300
0.905873 8300
0.905897 8556
0.905933 8805
0.905957 9047
0.905981 9282
0.906005 9511
0.906029 9735
0.907639 9953
0.907687 10167
0.907723 10376
0.907747 10581
0.907771 10782
0.907795 10979
0.909309 11173
0.909357 11363
0.909393 11550
0.909417 11734
0.909429 11915
0.909453 12093
0.909477 12269
0.911172 12442
0.911172 9977
0.911172 9977
0.911232 10190
0.911268 10399
0.911292 10603
0.911304 10804
0.911328 11001
0.91134 11194
0.911364 11384
0.913034 11571
0.913034 9163
0.913034 9163
0.913118 9395
0.913142 9621
0.913154 9842
0.913178 10058
0.91319 10269
0.913214 10476
0.914692 10679
0.914788 10878
0.9148 11073
0.914824 11265
0.914849 11454
0.914873 11640
0.914885 11823
0.916447 12003
0.916447 9584
0.916447 9584
0.916555 9806
0.916567 10023
0.916591 10235
0.916615 10443
0.916651 10647
0.916663 10847
0.916687 11043
0.918333 11236
0.918333 8762
0.918333 8762
0.918441 9005
0.918465 9241
0.918477 9471
0.918513 9696
0.918525 9915
0.918549 10129
0.920039 10339
0.920136 10545
0.920148 10747
0.920184 10945
0.920196 11139
0.92022 11330
0.921866 11518
0.921866 8977
0.921866 8977
0.92189 9214
0.921974 9445
0.921986 9670
0.922022 9890
0.922034 10105
0.922058 10315
0.923728 10521
0.923812 10723
0.923812 8259
0.923812 8259
0.923824 8517
0.923848 8767
0.923861 9010
0.923885 9246
0.923897 9476
0.925447 9700
0.925507 9919
0.925531 10133
0.925543 10343
0.925567 10549
0.925579 10751
0.927165 10949
0.927225 11143
0.927225 8566
0.927225 8566
0.927261 8814
0.927273 9055
0.927297 9290
0.927309 9519
0.927321 9742
0.929075 9960
0.929124 10174
0.929124 7757
0.929124 7757
0.929148 8031
0.929172 8296
0.929184 8552
0.929196 8801
0.930806 9043
0.930854 9278
0.93089 9507
0.930902 9731
0.930914 9950
0.930938 10164
0.932524 10373
0.932572 10578
0.93262 10779
0.932632 10976
0.932644 11170
0.932668 11360
0.934435 11547
0.934435 8999
0.934435 8999
0.934459 9235
0.934495 9465
0.934543 9690
0.934567 9909
0.934579 10124
0.934603 10334
0.936189 10540
0.936249 10742
0.936285 10940
0.936321 11134
0.936333 11325
0.936357 11513
0.936381 11698
0.938003 11880
0.938003 9154
0.938003 9154
0.938075 9386
0.938099 9613
0.938136 9834
0.938148 10050
0.938172 10262
0.938208 10469
0.938232 10672
0.939842 10871
0.93995 11067
0.939962 11259
0.939986 11448
0.939998 11634
0.940022 11817
0.940046 11997
0.941512 12174
0.941608 12349
0.94162 12521
0.941644 12691
0.941656 12858
0.94168 13023
0.941704 13186
0.941716 13347
0.943374 13506
0.943374 10629
0.943374 10629
0.943495 10829
0.943507 11025
0.943531 11218
0.943543 11408
0.943567 11594
0.943591 11777
0.943603 11957
0.943627 12135
0.945177 12310
0.945309 12483
0.945321 12653
0.945345 12821
0.945369 12987
0.945381 13151
0.945393 13313
0.945405 13473
0.946895 13631
0.947027 13787
0.947039 13941
0.947063 14093
0.947087 14244
0.947099 14393
0.947111 14541
0.947123 14687
0.947148 14832
0.94883 14975
0.94883 11916
0.94883 11916
0.948974 12094
0.948986 12270
0.94901 12443
0.949034 12614
0.949046 12782
0.949058 12948
0.94907 13112
0.949094 13274
0.949106 13434
0.95056 13592
0.950728 13748
0.950752 13903
0.950764 14056
0.950776 14207
0.950788 14357
0.950812 14505
0.950824 14651
0.950848 14796
0.952338 14940
0.952338 11820
0.952338 11820
0.952531 12000
0.952555 12177
0.952567 12352
0.952579 12524
0.952591 12694
0.952615 12861
0.952627 13026
0.952651 13189
0.952663 13350
0.954165 13509
0.954357 13666
0.954369 13821
0.954381 13975
0.954405 14127
0.954417 14277
0.954441 14426
0.954453 14573
0.954465 14719
0.955919 14863
0.956111 15006
0.956123 15148
0.956135 15288
0.95616 15427
0.956172 15565
0.956196 15701
0.956208 15836
0.95622 15970
0.956244 16103
0.957854 16235
0.957854 12847
0.957854 12847
0.958082 13012
0.958094 13175
0.958106 13336
0.95813 13495
0.958142 13652
0.958166 13808
0.958178 13962
0.95819 14114
0.958214 14265
0.958238 14414
0.959632 14561
0.95986 14707
0.959884 14851
0.959896 14994
0.959921 15136
0.959933 15276
0.959945 15415
0.959969 15553
0.959993 15690
0.961278 15825
0.961543 15959
0.961567 16092
0.961579 16224
0.961591 16355
0.961615 16485
0.961627 16614
0.961639 16742
0.961663 16869
0.961699 16995
0.963153 17120
0.963153 13839
0.963153 13839
0.963453 13993
0.963477 14145
0.963489 14295
0.963501 14444
0.963525 14591
0.963537 14737
0.963549 14881
0.963561 15024
0.963585 15165
0.963621 15305
0.964967 15444
0.965244 15582
0.965256 15718
0.96528 15853
0.965304 15987
0.965316 16120
0.965328 16252
0.96534 16383
0.965352 16513
0.965388 16642
0.966613 16770
0.96695 16897
0.966962 17023
0.966986 17148
0.96701 17272
0.967034 17395
0.967046 17517
0.967058 17638
0.96707 17758
0.967094 17878
0.967118 17997
0.9685 18115
0.9685 14689
0.9685 14689
0.968884 14834
0.968896 14977
0.968921 15119
0.968945 15259
0.968969 15398
0.968981 15536
0.968993 15673
0.969005 15809
0.969029 15943
0.969041 16076
0.969065 16208
0.97023 16339
0.970663 16469
0.970687 16598
0.970711 16726
0.970723 16853
0.970735 16979
0.970747 17104
0.970759 17228
0.970771 17351
0.970795 17473
0.970807 17594
0.972069 17715
0.972069 14090
0.972069 14090
0.972561 14241
0.972585 14390
0.972609 14538
0.972621 14684
0.972633 14829
0.972645 14972
0.972657 15114
0.97267 15255
0.972694 15394
0.972718 15532
0.972742 15669
0.973823 15805
0.974328 15939
0.97434 16072
0.974352 16204
0.974364 16335
0.974376 16465
0.974388 16594
0.9744 16722
0.974424 16849
0.974448 16975
0.975613 17100
0.975613 13667
0.975613 13667
0.976154 13822
0.976166 13976
0.976178 14128
0.97619 14278
0.976202 14427
0.976214 14574
0.976226 14720
0.97625 14864
0.976274 15007
0.976298 15149
0.977464 15289
0.97792 15428
0.977933 15566
0.977945 15702
0.977957 15837
0.977969 15971
0.977981 16104
0.977993 16236
0.978017 16367
0.978041 16497
0.979158 16626
0.979639 16754
0.979651 16881
0.979663 17007
0.979675 17132
0.979687 17256
0.979699 17379
0.979711 17501
0.979735 17622
0.979759 17742
0.979783 17862
0.979783 14358
0.979783 14358
0.981033 14506
0.981573 14652
0.981585 14797
0.981597 14941
0.981609 15083
0.981621 15224
0.981633 15364
0.981645 15502
0.981669 15639
0.981694 15775
0.981706 15910
0.98173 16043
0.98173 12692
0.98173 12692
0.983316 12859
0.983328 13024
0.98334 13187
0.983352 13348
0.983364 13507
0.983376 13664
0.9834 13820
0.983424 13974
0.983436 14126
0.98346 14276
0.985034 14425
0.985046 14572
0.985058 14718
0.98507 14862
0.985094 15005
0.985118 15147
0.985142 15287
0.985154 15426
0.985178 15564
0.986957 15700
0.986957 12697
0.986957 12697
0.986981 12864
0.986993 13029
0.987005 13192
0.987029 13353
0.987041 13512
0.987065 13669
0.987089 13824
0.987113 13978
0.987137 14130
0.988699 14280
0.988723 14429
0.988747 14576
0.988759 14722
0.988771 14866
0.988795 15009
0.988831 15151
0.988855 15291
0.988879 15430
0.990297 15568
0.990321 15704
0.990345 15839
0.990357 15973
0.990369 16106
0.990393 16238
0.990405 16369
0.990441 16499
0.990465 16628
0.990489 16756
0.992087 16883
0.992087 13758
0.992087 13758
0.992111 13912
0.992135 14065
0.992147 14216
0.992159 14365
0.992183 14513
0.992208 14659
0.99222 14804
0.992256 14947
0.99228 15089
0.992304 15230
0.994022 15369
0.994022 12318
0.994022 12318
0.994058 12491
0.99407 12661
0.994094 12829
0.994106 12995
0.994118 13159
0.994142 13320
0.994166 13480
0.99419 13638
0.994214 13794
0.995764 13948
0.995812 14100
0.995824 14251
0.995836 14400
0.995848 14548
0.99586 14694
0.995872 14839
0.995896 14982
0.995932 15124
0.99741 15264
0.997471 15403
0.997483 15541
0.997495 15678
0.997507 15813
0.997519 15947
0.997531 16080
0.997555 16212
0.997567 16343
0.997603 16473
0.999285 16602
0.999285 13310
0.999285 13310
0.999357 13470
0.999369 13628
0.999381 13784
0.999393 13938
0.999405 14090
0.999417 14241
0.999441 14390
0.999453 14538
0.999465 14684
0.999501 14829
1.00104 14972
1.0011 15114
1.00111 15255
1.00112 15394
1.00114 15532
1.00115 15669
1.00116 15805
1.00117 15939
1.00118 16072
1.00121 16204
1.00275 16335
1.00282 16465
1.00283 16594
1.00284 16722
1.00285 16849
1.00287 16975
1.00288 17100
1.00289 17224
1.0029 17347
1.00293 17469
1.00294 17591
1.00464 17712
1.00464 14332
1.00464 14332
1.00473 14480
1.00474 14627
1.00475 14772
1.00476 14916
1.00478 15058
1.00479 15199
1.0048 15339
1.00481 15477
1.00484 15614
1.00485 15750
1.00487 15885
1.00643 16019
1.00653 16152
1.00654 16283
1.00655 16413
1.00657 16542
1.00658 16670
1.00659 16797
1.0066 16923
1.00661 17048
1.00663 17173
1.00803 17297
1.00814 17420
1.00815 17542
1.00816 17663
1.00818 17783
1.00819 17902
1.0082 18021
1.00821 18139
1.00822 18256
1.00824 18372
1.00826 18488
1.00986 18603
1.00986 15017
1.00986 15017
1.00997 15158
1.00999 15298
1.01 15437
1.01002 15575
1.01003 15711
1.01004 15846
1.01005 15980
1.01006 16113
1.01008 16245
1.0101 16376
1.01012 16506
1.01171 16635
1.01182 16763
1.01183 16890
1.01184 17016
1.01185 17141
1.01187 17265
1.01188 17388
1.01189 17510
1.01191 17631
1.01193 17751
1.01194 17871
1.01339 17990
1.0135 18108
1.01352 18225
1.01354 18341
1.01355 18457
1.01356 18572
1.01357 18686
1.01358 18800
1.01361 18913
1.01362 19025
1.01363 19137
1.01366 19248
1.01528 19358
1.01528 15822
1.01528 15822
1.0154 15956
1.01543 16089
1.01545 16221
1.01546 16352
1.01547 16482
1.01548 16611
1.01549 16739
1.01552 16866
1.01553 16992
1.01554 17117
1.01557 17241
1.01558 17364
1.01709 17486
1.01722 17607
1.01724 17728
1.01725 17848
1.01726 17967
1.01727 18085
1.0173 18202
1.01731 18319
1.01732 18435
1.01734 18550
1.01736 18664
1.01873 18778
1.01885 18891
1.01887 19003
1.01888 19115
1.0189 19226
1.01891 19336
1.01893 19446
1.01894 19555
1.01896 19664
1.01897 19772
1.01899 19879
1.019 19986
1.02057 20092
1.02057 16444
1.02057 16444
1.0207 16573
1.02073 16701
1.02075 16828
1.02076 16954
1.02077 17079
1.02079 17203
1.02081 17326
1.02082 17449
1.02083 17571
1.02084 17692
1.02087 17812
1.02088 17931
1.02233 18049
1.02249 18167
1.0225 18284
1.02251 18400
1.02252 18515
1.02254 18630
1.02255 18744
1.02256 18857
1.02257 18970
1.0226 19082
1.02261 19193
1.02262 19304
1.02418 19414
1.02418 15633
1.02418 15633
1.02435 15769
1.02437 15904
1.02439 16038
1.0244 16170
1.02441 16301
1.02442 16431
1.02443 16560
1.02445 16688
1.02447 16815
1.02448 16941
1.02449 17066
1.02452 17190
1.02598 17314
1.02616 17437
1.02618 17559
1.02619 17680
1.0262 17800
1.02621 17919
1.02622 18037
1.02624 18155
1.02625 18272
1.02626 18388
1.02628 18503
1.02758 18618
1.02776 18732
1.02777 18845
1.02779 18958
1.0278 19070
1.02781 19181
1.02782 19292
1.02783 19402
1.02785 19511
1.02786 19620
1.02787 19728
1.02788 19836
1.02936 19943
1.02936 16263
1.02936 16263
1.02955 16394
1.02958 16524
1.02959 16653
1.0296 16781
1.02961 16908
1.02963 17034
1.02964 17159
1.02965 17283
1.02966 17406
1.02967 17528
1.02969 17649
1.02971 17769
1.03128 17888
1.03128 14281
1.03128 14281
1.03146 14430
1.03148 14577
1.03149 14723
1.0315 14867
1.03151 15010
1.03152 15152
1.03154 15292
1.03155 15431
1.03156 15569
1.03158 15705
1.0316 15840
1.03304 15974
1.03319 16107
1.03321 16239
1.03322 16370
1.03323 16500
1.03324 16629
1.03325 16757
1.03327 16884
1.03329 17010
1.0333 17135
1.03485 17259
1.03485 14049
1.03485 14049
1.03503 14200
1.03506 14350
1.03507 14498
1.03508 14645
1.03509 14790
1.0351 14934
1.03512 15076
1.03514 15217
1.03515 15357
1.03516 15495
1.03669 15632
1.03686 15768
1.03687 15903
1.03688 16037
1.0369 16169
1.03691 16300
1.03693 16430
1.03694 16559
1.03696 16687
1.03697 16814
1.03836 16940
1.03853 17065
1.03854 17189
1.03855 17313
1.03857 17436
1.03858 17558
1.0386 17679
1.03861 17799
1.03863 17918
1.03864 18036
1.03865 18154
1.04014 18271
1.04014 15034
1.04014 15034
1.04033 15175
1.04034 15315
1.04036 15454
1.04037 15591
1.04038 15727
1.0404 15862
1.04042 15996
1.04043 16129
1.04044 16261
1.04045 16392
1.04046 16522
1.04205 16651
1.04205 13365
1.04205 13365
1.04222 13524
1.04223 13681
1.04224 13836
1.04227 13990
1.04228 14142
1.04229 14292
1.0423 14441
1.04231 14588
1.04233 14734
1.04234 14878
1.04378 15021
1.04392 15162
1.04395 15302
1.04396 15441
1.04397 15579
1.04398 15715
1.044 15850
1.04401 15984
1.04402 16117
1.04403 16249
1.04551 16380
1.04565 16510
1.04568 16639
1.0457 16767
1.0457 13613
1.0457 13613
1.04571 13769
1.04573 13923
1.04574 14076
1.04575 14227
1.04576 14376
1.04577 14524
1.0458 14670
1.04747 14815
1.04763 14958
1.04765 15100
1.04767 15241
1.04767 12146
1.04767 12146
1.04769 12321
1.0477 12494
1.04771 12664
1.04772 12832
1.04775 12998
1.04776 13161
1.04927 13322
1.04943 13482
1.04945 13640
1.04948 13796
1.04949 13950
1.0495 14102
1.04952 14253
1.04954 14402
1.04955 14550
1.05101 14696
1.05116 14841
1.05118 14984
1.05121 15126
1.05122 15266
1.05123 15405
1.05125 15543
1.05127 15680
1.05128 15815
1.05294 15949
1.05294 12791
1.05294 12791
1.05297 12957
1.05312 13121
1.05314 13283
1.05316 13443
1.05318 13601
1.05319 13757
1.05321 13911
1.05322 14064
1.05324 14215
1.05471 14364
1.05471 11321
1.05471 11321
1.05492 11509
1.05494 11694
1.05496 11876
1.05497 12055
1.05498 12231
1.055 12405
1.05502 12576
1.05503 12745
1.05651 12912
1.05667 13077
1.05669 13240
1.0567 13400
1.05671 13559
1.05673 13716
1.05675 13871
1.05676 14024
1.05831 14175
1.05831 11536
1.05831 11536
1.0585 11720
1.05851 11901
1.05852 12080
1.05854 12256
1.05856 12429
1.05857 12600
1.05858 12769
1.0586 12935
1.06011 13099
1.06027 13261
1.06028 13421
1.06029 13579
1.06031 13735
1.06033 13890
1.06034 14043
1.06035 14194
1.06192 14344
1.06192 11501
1.06192 11501
1.0621 11686
1.06212 11868
1.06213 12047
1.06215 12223
1.06216 12397
1.06218 12568
1.06219 12737
1.0622 12904
1.06375 13069
1.06392 13232
1.06393 13393
1.06396 13552
1.06397 13709
1.06398 13864
1.06399 14017
1.064 14169
1.06546 14319
1.06563 14467
1.06564 14614
1.06566 14759
1.06567 14903
1.06569 15046
1.0657 15187
1.06571 15327
1.06572 15466
1.06731 15603
1.06731 12526
1.06731 12526
1.06751 12696
1.06752 12863
1.06755 13028
1.06756 13191
1.06757 13352
1.06758 13511
1.0676 13668
1.06761 13823
1.06762 13977
1.06901 14129
1.06922 14279
1.06923 14428
1.06924 14575
1.06925 14721
1.06927 14865
1.06928 15008
1.06929 15150
1.06931 15290
1.07088 15429
1.07088 12414
1.07088 12414
1.07109 12585
1.0711 12754
1.07112 12921
1.07113 13085
1.07114 13247
1.07115 13407
1.07116 13565
1.07119 13722
1.0712 13877
1.07271 14030
1.07292 14181
1.07293 14331
1.07294 14479
1.07296 14626
1.07297 14771
1.07298 14915
1.07299 15057
1.073 15198
1.07437 15338
1.07455 15476
1.07457 15613
1.07458 15749
1.07459 15884
1.0746 16018
1.07461 16151
1.07463 16282
1.07464 16412
1.07465 16541
1.07612 16669
1.07632 16796
1.07632 13569
1.07632 13569
1.07633 13726
1.07634 13881
1.07636 14034
1.07637 14185
1.07638 14335
1.07639 14483
1.0764 14630
1.07642 14775
1.07644 14919
1.0781 15061
1.07828 15202
1.07828 12199
1.07828 12199
1.07829 12373
1.0783 12545
1.07831 12714
1.07833 12881
1.07834 13046
1.07835 13209
1.07837 13370
1.07839 13529
1.07989 13686
1.08004 13841
1.08006 13995
1.08007 14147
1.08008 14297
1.08009 14446
1.08012 14593
1.08013 14739
1.08014 14883
1.08165 15026
1.08165 11767
1.08165 11767
1.08183 11948
1.08185 12126
1.08186 12301
1.08187 12474
1.08188 12644
1.08191 12812
1.08192 12978
1.08193 13142
1.08196 13304
1.08358 13464
1.08358 10305
1.08358 10305
1.08372 10511
1.08373 10713
1.08375 10911
1.08377 11106
1.08378 11297
1.08379 11485
1.08381 11670
1.08382 11852
1.08533 12031
1.08545 12208
1.08548 12382
1.08549 12554
1.0855 12723
1.08551 12890
1.08552 13055
1.08555 13218
1.08709 13379
1.08709 10326
1.08709 10326
1.08723 10532
1.08725 10734
1.08727 10932
1.08728 11126
1.08729 11317
1.0873 11505
1.08731 11690
1.08734 11872
1.08903 12051
1.08903 9056
1.08903 9056
1.08915 9291
1.08916 9520
1.08918 9743
1.08919 9961
1.0892 10174
1.08921 10383
1.08922 10588
1.09081 10789
1.09091 10986
1.09092 11180
1.09093 11370
1.09094 11557
1.09096 11741
1.09098 11922
1.09265 12100
1.09265 9457
1.09265 9457
1.09277 9682
1.09278 9902
1.09279 10117
1.09281 10327
1.09282 10533
1.09284 10735
1.09285 10933
1.09444 11127
1.09456 11318
1.09457 11506
1.09458 11691
1.09461 11873
1.09462 12052
1.09463 12228
1.09625 12402
1.09625 9603
1.09625 9603
1.0964 9824
1.09642 10040
1.09643 10252
1.09646 10459
1.09647 10662
1.09648 10861
1.09649 11057
1.09812 11249
1.09827 11438
1.0983 11624
1.09831 11807
1.09832 11987
1.09833 12164
1.09834 12339
1.09981 12511
1.09997 12681
1.09999 12849
1.1 13014
1.10002 13177
1.10003 13338
1.10004 13497
1.10006 13654
1.10163 13810
1.10163 10863
1.10163 10863
1.10181 11059
1.10183 11251
1.10184 11440
1.10185 11626
1.10187 11809
1.10188 11989
1.1019 12166
1.10191 12341
1.10345 12513
1.10364 12683
1.10366 12851
1.10367 13016
1.10368 13179
1.1037 13340
1.10372 13499
1.10373 13656
1.1051 13812
1.10533 13966
1.10535 14118
1.10536 14268
1.10537 14417
1.1054 14564
1.10541 14710
1.10542 14854
1.10543 14997
1.10686 15139
1.10686 12084
1.10686 12084
1.10713 12260
1.10716 12433
1.10719 12604
1.1072 12773
1.10722 12939
1.10724 13103
1.10725 13265
1.10726 13425
1.10728 13583
1.10876 13739
1.10876 10710
1.10876 10710
1.109 10909
1.10902 11104
1.10904 11295
1.10905 11483
1.10906 11668
1.10908 11850
1.1091 12029
1.10911 12206
1.11048 12380
1.11072 12552
1.11073 12721
1.11075 12888
1.11076 13053
1.11078 13216
1.11079 13377
1.11081 13536
1.11232 13693
1.11232 10990
1.11232 10990
1.11261 11183
1.11262 11373
1.11263 11560
1.11264 11744
1.11267 11925
1.11268 12103
1.11269 12279
1.11272 12452
1.11413 12623
1.11441 12791
1.11442 12957
1.11445 13121
1.11446 13283
1.11447 13443
1.11448 13601
1.11451 13757
1.11585 13911
1.11615 14064
1.11616 14215
1.11619 14364
1.1162 14512
1.11621 14658
1.11622 14803
1.11624 14946
1.11625 15088
1.11777 15229
1.11777 12347
1.11777 12347
1.11812 12519
1.11814 12689
1.11816 12856
1.11817 13021
1.11818 13184
1.1182 13345
1.11821 13504
1.11822 13661
1.11824 13817
1.11957 13971
1.1199 14123
1.11991 14273
1.11993 14422
1.11994 14569
1.11995 14715
1.11996 14859
1.11997 15002
1.11999 15144
1.12134 15284
1.12134 12235
1.12134 12235
1.1217 12409
1.12172 12580
1.12173 12749
1.12174 12916
1.12175 13081
1.12176 13243
1.12178 13403
1.12179 13562
1.12181 13719
1.12319 13874
1.12353 14027
1.12354 14178
1.12355 14328
1.12357 14476
1.12358 14623
1.12359 14768
1.1236 14912
1.12361 15054
1.1249 15195
1.12525 15335
1.12526 15474
1.12527 15611
1.12528 15747
1.1253 15882
1.12531 16016
1.12532 16149
1.12533 16280
1.12536 16410
1.12675 16539
1.12675 13259
1.12675 13259
1.12715 13419
1.12716 13577
1.12717 13734
1.12718 13889
1.1272 14042
1.12721 14193
1.12722 14343
1.12723 14491
1.12726 14638
1.12727 14783
1.12858 14927
1.12889 15069
1.1289 15210
1.12891 15350
1.12893 15488
1.12894 15625
1.12895 15761
1.12896 15896
1.12897 16030
1.12899 16162
1.13031 16293
1.13061 16423
1.13062 16552
1.13063 16680
1.13064 16807
1.13066 16933
1.13067 17058
1.13068 17182
1.13069 17306
1.1307 17429
1.13073 17551
1.13219 17672
1.13219 14427
1.13219 14427
1.13253 14574
1.13254 14720
1.13255 14864
1.13257 15007
1.13258 15149
1.13259 15289
1.1326 15428
1.13261 15566
1.13263 15702
1.13265 15837
1.13267 15971
1.13406 16104
1.13434 16236
1.13436 16367
1.13437 16497
1.13438 16626
1.13439 16754
1.1344 16881
1.13442 17007
1.13443 17132
1.13444 17256
1.1357 17379
1.13573 17501
1.13599 17622
1.13602 17742
1.13603 17862
1.13604 17981
1.13605 18099
1.13606 18216
1.13608 18333
1.13609 18449
1.1361 18564
1.1375 18678
1.1375 15198
1.1375 15198
1.13753 15338
1.13782 15476
1.13784 15613
1.13787 15749
1.13788 15884
1.13789 16018
1.1379 16151
1.13791 16282
1.13793 16412
1.13794 16541
1.13795 16669
1.13936 16796
1.13963 16922
1.13966 17047
1.13967 17172
1.13968 17296
1.13969 17419
1.1397 17541
1.13972 17662
1.13973 17782
1.13974 17901
1.13975 18020
1.14106 18138
1.14134 18255
1.14136 18371
1.14137 18487
1.14139 18602
1.1414 18716
1.14141 18829
1.14142 18942
1.14143 19054
1.14145 19165
1.14146 19276
1.14148 19386
1.14289 19495
1.14289 16045
1.14289 16045
1.14319 16177
1.14321 16308
1.14322 16438
1.14324 16567
1.14325 16695
1.14326 16822
1.14327 16948
1.14328 17073
1.1433 17197
1.14331 17320
1.14333 17443
1.14334 17565
1.14471 17686
1.14471 14199
1.14471 14199
1.14505 14349
1.14506 14497
1.14508 14644
1.14509 14789
1.1451 14933
1.14511 15075
1.14512 15216
1.14514 15356
1.14515 15494
1.14516 15631
1.14517 15767
1.14641 15902
1.14673 16036
1.14675 16168
1.14676 16299
1.14677 16429
1.14678 16558
1.14679 16686
1.14681 16813
1.14682 16939
1.14683 17064
1.14808 17188
1.14844 17312
1.14846 17435
1.14848 17557
1.14849 17678
1.1485 17798
1.14851 17917
1.14852 18035
1.14854 18153
1.14855 18270
1.14857 18386
1.14999 18501
1.14999 15393
1.14999 15393
1.15039 15531
1.15042 15668
1.15043 15804
1.15045 15938
1.15046 16071
1.15047 16203
1.15048 16334
1.15049 16464
1.15051 16593
1.15053 16721
1.15054 16848
1.15179 16974
1.1522 17099
1.15221 17223
1.15222 17346
1.15224 17468
1.15225 17590
1.15226 17711
1.15227 17831
1.15228 17950
1.1523 18068
1.15231 18185
1.15344 18302
1.15381 18418
1.15383 18533
1.15385 18648
1.15386 18762
1.15387 18875
1.15388 18987
1.15389 19099
1.15391 19210
1.15392 19320
1.15393 19430
1.15394 19539
1.15522 19648
1.15522 16407
1.15522 16407
1.15564 16536
1.15567 16664
1.15569 16791
1.1557 16917
1.15571 17043
1.15572 17168
1.15573 17292
1.15575 17415
1.15576 17537
1.15577 17658
1.15578 17778
1.15581 17897
1.15707 18016
1.15707 14667
1.15707 14667
1.15749 14812
1.1575 14955
1.15751 15097
1.15752 15238
1.15754 15377
1.15755 15515
1.15756 15652
1.15757 15788
1.15758 15923
1.15761 16056
1.15762 16188
1.15883 16319
1.15922 16449
1.15923 16578
1.15924 16706
1.15925 16833
1.15927 16959
1.15928 17084
1.15929 17208
1.15931 17331
1.15933 17453
1.15935 17575
1.1605 17696
1.16095 17816
1.16097 17935
1.16098 18053
1.161 18171
1.16101 18288
1.16101 15251
1.16101 15251
1.16102 15390
1.16103 15528
1.16106 15665
1.16107 15801
1.16109 15935
1.16112 16068
1.16241 16200
1.16292 16331
1.16294 16461
1.16295 16590
1.16297 16718
1.16298 16845
1.16298 13761
1.16298 13761
1.163 13915
1.16301 14068
1.16303 14219
1.16304 14368
1.16306 14516
1.16422 14662
1.1647 14807
1.16473 14950
1.16475 15092
1.16476 15233
1.16477 15372
1.16479 15510
1.16481 15647
1.16482 15783
1.1659 15918
1.16592 16051
1.16642 16183
1.16646 16314
1.16648 16444
1.16649 16573
1.1665 16701
1.16652 16828
1.16654 16954
1.16655 17079
1.16776 17203
1.16776 14183
1.16776 14183
1.16779 14333
1.16833 14481
1.16835 14628
1.16839 14773
1.16841 14917
1.16842 15059
1.16843 15200
1.16846 15340
1.16847 15478
1.16848 15615
1.16959 15751
1.1701 15886
1.17013 16020
1.17015 16153
1.17019 16284
1.1702 16414
1.17021 16543
1.17024 16671
1.17025 16798
1.17026 16924
1.17132 17049
1.1718 17174
1.17182 17298
1.17186 17421
1.17188 17543
1.17191 17664
1.17192 17784
1.17193 17903
1.17195 18022
1.17197 18140
1.17198 18257
1.17317 18373
1.17317 15251
1.17317 15251
1.17372 15390
1.17375 15528
1.17378 15665
1.17382 15801
1.17384 15935
1.17385 16068
1.17387 16200
1.17388 16331
1.1739 16461
1.17391 16590
1.17393 16718
1.17504 16845
1.17504 13635
1.17504 13635
1.17557 13791
1.17561 13945
1.17563 14097
1.17564 14248
1.17566 14397
1.17567 14545
1.17569 14691
1.1757 14836
1.17572 14979
1.17573 15121
1.17674 15261
1.17725 15400
1.17727 15538
1.17728 15675
1.17729 15810
1.17731 15944
1.17733 16077
1.17734 16209
1.17735 16340
1.17737 16470
1.17847 16599
1.17904 16727
1.17904 13877
1.17904 13877
1.17907 14030
1.17908 14181
1.17909 14331
1.17912 14479
1.17913 14626
1.17914 14771
1.17915 14915
1.17918 15057
1.17919 15198
1.18043 15338
1.18097 15476
1.18097 12665
1.18097 12665
1.18099 12833
1.18101 12999
1.18103 13162
1.18104 13323
1.18105 13482
1.18108 13640
1.18109 13796
1.1811 13950
1.18217 14102
1.18267 14253
1.18272 14402
1.18273 14550
1.18275 14696
1.18277 14841
1.18278 14984
1.18279 15126
1.18281 15266
1.18398 15405
1.18398 12374
1.18398 12374
1.18451 12546
1.18457 12715
1.18458 12882
1.1846 13047
1.18462 13210
1.18463 13371
1.18464 13530
1.18466 13687
1.18467 13842
1.18583 13995
1.18583 10984
1.18583 10984
1.18639 11178
1.1864 11368
1.18642 11555
1.18643 11739
1.18645 11920
1.18646 12098
1.18647 12274
1.18648 12447
1.18754 12618
1.18804 12786
1.18806 12952
1.18807 13116
1.18808 13278
1.18809 13438
1.1881 13596
1.18813 13752
1.18926 13907
1.18983 14060
1.18983 11401
1.18983 11401
1.18985 11587
1.18986 11770
1.18987 11951
1.18988 12129
1.18989 12304
1.18992 12477
1.18993 12647
1.1912 12815
1.19175 12981
1.19175 10375
1.19175 10375
1.19176 10580
1.19177 10781
1.19178 10978
1.19179 11172
1.19181 11362
1.19182 11549
1.19299 11733
1.19345 11914
1.19346 12092
1.19348 12268
1.19349 12441
1.1935 12612
1.19351 12781
1.19462 12947
1.19464 13111
1.19518 13273
1.19519 13433
1.19521 13591
1.19522 13747
1.19523 13902
1.19524 14055
1.19648 14206
1.19648 11258
1.19648 11258
1.1965 11447
1.19713 11633
1.19714 11816
1.19715 11996
1.19716 12173
1.19718 12348
1.19719 12520
1.19721 12690
1.19828 12857
1.19886 13022
1.19887 13185
1.19888 13346
1.19889 13505
1.19891 13662
1.19893 13818
1.19894 13972
