0.0 0
0.0001056 4294967295
0.000346797 4294967295
0.000695261 4294967295
0.000731309 4294967295
0.00139219 4294967295
0.00142824 4294967295
0.00146429 4294967295
0.00150033 4294967295
0.00278605 4294967295
0.00282209 4294967295
0.00285814 4294967295
0.00289419 4294967295
0.00293024 4294967295
0.00296628 4294967295
0.00300233 4294967295
0.00303838 4294967295
0.0053094 4294967295
0.0053094 24820
0.005418 10950
0.005418 10950
0.0107887 10950
0.0107887 10950
0.0107887 11132
0.0108368 11132
0.0108848 11132
0.0109209 11132
0.0109689 11132
0.011017 11132
0.011041 11132
0.012483 11132
0.012519 11132
0.012543 11132
0.0125671 11132
0.0125791 11132
0.0126031 11132
0.0126271 11132
0.0126392 11132
0.0142012 11132
0.0142373 11132
0.0142733 11132
0.0142974 11132
0.0143094 11132
0.0143334 11132
0.0143575 11132
0.0143815 11132
0.0143935 11132
0.0160878 11132
0.0160878 11132
0.0160878 14803
0.0161238 14803
0.0161599 14803
0.0161959 14803
0.0162079 14803
0.0162319 14803
0.016256 14803
0.01628 14803
0.016304 14803
0.0163161 14803
0.0181665 14803
0.0181665 14803
0.0181665 15676
0.0182026 15676
0.0182386 15676
0.0182747 15676
0.0182987 15676
0.0183227 15676
0.0183468 15676
0.0183708 15676
0.0183948 15676
0.0184068 15676
0.0203054 15676
0.0203054 15676
0.0203054 15955
0.0203534 15955
0.0203895 15955
0.0204255 15955
0.0204496 15955
0.0204616 15955
0.0204856 15955
0.0204976 15955
0.0205217 15955
0.0205577 15955
0.0205697 15955
0.0224803 15955
0.0224803 15955
0.0224803 15390
0.0225283 15390
0.0225764 15390
0.0226124 15390
0.0226365 15390
0.0226485 15390
0.0226725 15390
0.0226845 15390
0.0227086 15390
0.0227446 15390
0.0227566 15390
0.0246311 15390
0.0246311 15390
0.0246311 14524
0.0247152 14524
0.0247633 14524
0.0247873 14524
0.0247994 14524
0.0248234 14524
0.0248354 14524
0.0248474 14524
0.0248594 14524
0.0248955 14524
0.0249195 14524
0.0267099 14524
0.0267099 14524
0.0267099 13482
0.0268301 13482
0.0268541 13482
0.0268661 13482
0.0268901 13482
0.0269022 13482
0.0269142 13482
0.0269262 13482
0.0269502 13482
0.0269743 13482
0.0286685 13482
0.0286685 13482
0.0286685 12262
0.0288127 12262
0.0288247 12262
0.0288487 12262
0.0288608 12262
0.0288728 12262
0.0288848 12262
0.0288968 12262
0.0289088 12262
0.0289208 12262
0.0304709 12262
0.0306271 12262
0.0306391 12262
0.0306511 12262
0.0306632 12262
0.0306752 12262
0.0306872 12262
0.0306992 12262
0.0307112 12262
0.0321652 12262
0.0323454 12262
0.0323574 12262
0.0323694 12262
0.0323815 12262
0.0323935 12262
0.0324055 12262
0.0324175 12262
0.0324295 12262
0.0324535 12262
0.0340997 12262
0.0340997 12262
0.0340997 13491
0.034304 13491
0.034316 13491
0.034328 13491
0.0343401 13491
0.0343521 13491
0.0343641 13491
0.0343761 13491
0.0343881 13491
0.0344122 13491
0.0344242 13491
0.0358541 13491
0.0360583 13491
0.0360704 13491
0.0360824 13491
0.0360944 13491
0.0361064 13491
0.0361184 13491
0.0361425 13491
0.0361545 13491
0.0361665 13491
0.0375724 13491
0.0377887 13491
0.0377887 13491
0.0377887 13420
0.0378127 13420
0.0378247 13420
0.0378367 13420
0.0378487 13420
0.0378607 13420
0.0378848 13420
0.0378968 13420
0.0379088 13420
0.0379328 13420
0.039531 13420
0.0397352 13420
0.0397352 13420
0.0397352 11978
0.0397713 11978
0.0397833 11978
0.0397953 11978
0.0398194 11978
0.0398314 11978
0.0398434 11978
0.0398554 11978
0.0398674 11978
0.0412733 11978
0.0414776 11978
0.0415016 11978
0.0415256 11978
0.0415376 11978
0.0415497 11978
0.0415617 11978
0.0415737 11978
0.0415857 11978
0.0430396 11978
0.0430396 11978
0.0430396 11469
0.0432679 11469
0.043304 11469
0.043328 11469
0.04334 11469
0.0433521 11469
0.0433641 11469
0.0433761 11469
0.0433881 11469
0.0434121 11469
0.0449983 11469
0.0449983 11469
0.0449983 10054
0.0452145 10054
0.0452266 10054
0.0452386 10054
0.0452506 10054
0.0452626 10054
0.0452746 10054
0.0452987 10054
0.0467045 10054
0.0469088 10054
0.0469208 10054
0.0469328 10054
0.0469448 10054
0.0469569 10054
0.0469689 10054
0.048531 10054
0.048531 10054
0.048531 9789
0.0487593 9789
0.0487713 9789
0.0487833 9789
0.0487953 9789
0.0488073 9789
0.0488193 9789
0.0488434 9789
0.0503814 9789
0.0506097 9789
0.0506217 9789
0.0506338 9789
0.0506458 9789
0.0506698 9789
0.0506818 9789
0.0520396 9789
0.0522439 9789
0.0522679 9789
0.0522799 9789
0.052292 9789
0.052316 9789
0.052328 9789
0.05234 9789
0.0539021 9789
0.0539021 9789
0.0539021 10733
0.0541184 10733
0.0541424 10733
0.0541665 10733
0.0541785 10733
0.0542025 10733
0.0542145 10733
0.0542265 10733
0.0542386 10733
0.0557766 10733
0.0557766 10733
0.0557766 9349
0.0560049 9349
0.0560169 9349
0.056041 9349
0.056053 9349
0.056065 9349
0.056077 9349
0.056089 9349
0.0574468 9349
0.0576511 9349
0.0576631 9349
0.0576751 9349
0.0576871 9349
0.0576992 9349
0.0577232 9349
0.0592252 9349
0.0592252 9349
0.0592252 9655
0.0594655 9655
0.0594775 9655
0.0594895 9655
0.0595016 9655
0.0595136 9655
0.0595376 9655
0.0595496 9655
0.0611357 9655
0.0611357 9655
0.0611357 8701
0.06134 8701
0.061352 8701
0.061364 8701
0.0613881 8701
0.0614001 8701
0.0614121 8701
0.062866 8701
0.0630343 8701
0.0630463 8701
0.0630703 8701
0.0630823 8701
0.0630943 8701
0.0646684 8701
0.0646684 8701
0.0646684 8822
0.0647045 8822
0.0648607 8822
0.0648847 8822
0.0649088 8822
0.0649208 8822
0.0649328 8822
0.0664829 8822
0.0664829 8822
0.0664829 7854
0.0666871 7854
0.0666991 7854
0.0667232 7854
0.0667352 7854
0.0667472 7854
0.0681891 7854
0.0683934 7854
0.0684174 7854
0.0684295 7854
0.0684415 7854
0.0684655 7854
0.0700516 7854
0.0700516 7854
0.0700516 8364
0.0702679 8364
0.0702919 8364
0.0703039 8364
0.070316 8364
0.07034 8364
0.070352 8364
0.071854 8364
0.0720823 8364
0.0720943 8364
0.0721063 8364
0.0721184 8364
0.0721304 8364
0.0735242 8364
0.0737766 8364
0.0737886 8364
0.0738006 8364
0.0738126 8364
0.0738246 8364
0.0738487 8364
0.0753867 8364
0.0753867 8364
0.0753867 9952
0.0756871 9952
0.0756991 9952
0.0757111 9952
0.0757232 9952
0.0757352 9952
0.0757592 9952
0.0757712 9952
0.0771771 9952
0.0774655 9952
0.0774775 9952
0.0774895 9952
0.0775015 9952
0.0775135 9952
0.0775256 9952
0.0788834 9952
0.0792078 9952
0.0792198 9952
0.0792318 9952
0.0792439 9952
0.0792559 9952
0.0792679 9952
0.0792919 9952
0.0808059 9952
0.0808059 9952
0.0808059 11251
0.0811784 11251
0.0811904 11251
0.0812025 11251
0.0812145 11251
0.0812265 11251
0.0812385 11251
0.0812625 11251
0.0812746 11251
0.0826083 11251
0.0829448 11251
0.0829568 11251
0.0829688 11251
0.0829808 11251
0.0830049 11251
0.0830169 11251
0.0830289 11251
0.0842545 11251
0.084627 11251
0.0846511 11251
0.0846631 11251
0.0846751 11251
0.0846871 11251
0.0846991 11251
0.0847111 11251
0.0847231 11251
0.086105 11251
0.086105 11251
0.086105 12492
0.0865255 12492
0.0865616 12492
0.0865736 12492
0.0865856 12492
0.0865976 12492
0.0866097 12492
0.0866217 12492
0.0866337 12492
0.0866577 12492
0.0879194 12492
0.0883279 12492
0.08834 12492
0.088352 12492
0.088364 12492
0.088376 12492
0.088388 12492
0.0884121 12492
0.0884241 12492
0.0896016 12492
0.0900583 12492
0.0900823 12492
0.0900943 12492
0.0901063 12492
0.0901183 12492
0.0901303 12492
0.0901544 12492
0.0901664 12492
0.0901784 12492
0.0914882 12492
0.0914882 12492
0.0914882 13655
0.0919808 13655
0.0920169 13655
0.0920289 13655
0.0920409 13655
0.0920529 13655
0.0920649 13655
0.092089 13655
0.092101 13655
0.092113 13655
0.092125 13655
0.0933026 13655
0.0937712 13655
0.0937832 13655
0.0937952 13655
0.0938072 13655
0.0938313 13655
0.0938433 13655
0.0938553 13655
0.0938673 13655
0.0938914 13655
0.0949488 13655
0.0954655 13655
0.0954895 13655
0.0955015 13655
0.0955135 13655
0.0955375 13655
0.0955496 13655
0.0955616 13655
0.0955736 13655
0.0955976 13655
0.0956096 13655
0.0968353 13655
0.0968353 13655
0.0968353 14657
0.097388 14657
0.097412 14657
0.0974241 14657
0.0974361 14657
0.0974601 14657
0.0974721 14657
0.0974841 14657
0.0974962 14657
0.0975202 14657
0.0975322 14657
0.0975442 14657
0.0986136 14657
0.0991423 14657
0.0991544 14657
0.0991784 14657
0.0991904 14657
0.0992024 14657
0.0992144 14657
0.0992385 14657
0.0992505 14657
0.0992625 14657
0.0992865 14657
0.100284 14657
0.100861 14657
0.100885 14657
0.100885 14657
0.100885 14582
0.100909 14582
0.100921 14582
0.100933 14582
0.100945 14582
0.100969 14582
0.100981 14582
0.100993 14582
0.101017 14582
0.101041 14582
0.10217 14582
0.102783 14582
0.102819 14582
0.102819 14582
0.102819 12995
0.102843 12995
0.102855 12995
0.102879 12995
0.102891 12995
0.102903 12995
0.102915 12995
0.102927 12995
0.103961 12995
0.104514 12995
0.104538 12995
0.104574 12995
0.10461 12995
0.104622 12995
0.104634 12995
0.104646 12995
0.104658 12995
0.105739 12995
0.105739 12995
0.105739 12173
0.10634 12173
0.106364 12173
0.106412 12173
0.106436 12173
0.10646 12173
0.106484 12173
0.106496 12173
0.106508 12173
0.10652 12173
0.107626 12173
0.107626 12173
0.107626 10770
0.10819 10770
0.108214 10770
0.108238 10770
0.10825 10770
0.108262 10770
0.108275 10770
0.108287 10770
0.108311 10770
0.109356 10770
0.109933 10770
0.109945 10770
0.109957 10770
0.109969 10770
0.109981 10770
0.110005 10770
0.110017 10770
0.111206 10770
0.111206 10770
0.111206 10917
0.111843 10917
0.111855 10917
0.111867 10917
0.111879 10917
0.111891 10917
0.111915 10917
0.111927 10917
0.111939 10917
0.113033 10917
0.113634 10917
0.113646 10917
0.113658 10917
0.113682 10917
0.113694 10917
0.113706 10917
0.113718 10917
0.114703 10917
0.11528 10917
0.115292 10917
0.115304 10917
0.115328 10917
0.11534 10917
0.115352 10917
0.115364 10917
0.115388 10917
0.116481 10917
0.116481 10917
0.116481 12131
0.11713 12131
0.117142 12131
0.117154 12131
0.117178 12131
0.11719 12131
0.117202 12131
0.117214 12131
0.117238 12131
0.11725 12131
0.118368 12131
0.118368 12131
0.118368 10919
0.118969 10919
0.118993 10919
0.119005 10919
0.119017 10919
0.119029 10919
0.119053 10919
0.119065 10919
0.119077 10919
0.120074 10919
0.120615 10919
0.120627 10919
0.120639 10919
0.120663 10919
0.120675 10919
0.120687 10919
0.120699 10919
0.121829 10919
0.121829 10919
0.121829 11159
0.122429 11159
0.122441 11159
0.122453 11159
0.122477 11159
0.122489 11159
0.122501 11159
0.122513 11159
0.122538 11159
0.123799 11159
0.123799 11159
0.123799 10039
0.124328 10039
0.124352 10039
0.124364 10039
0.124376 10039
0.124388 10039
0.1244 10039
0.124412 10039
0.125542 10039
0.12601 10039
0.126022 10039
0.126034 10039
0.126046 10039
0.126058 10039
0.12607 10039
0.127248 10039
0.127776 10039
0.127776 10039
0.127776 10240
0.127788 10240
0.127801 10240
0.127813 10240
0.127825 10240
0.127837 10240
0.127861 10240
0.129182 10240
0.129699 10240
0.129699 10240
0.129699 9072
0.129711 9072
0.129723 9072
0.129735 9072
0.129747 9072
0.129759 9072
0.130961 9072
0.131429 9072
0.131441 9072
0.131453 9072
0.131465 9072
0.131477 9072
0.132571 9072
0.132607 9072
0.133148 9072
0.13316 9072
0.133172 9072
0.133184 9072
0.133196 9072
0.134421 9072
0.134421 9072
0.134421 10071
0.134457 10071
0.134481 10071
0.135082 10071
0.135094 10071
0.135106 10071
0.135118 10071
0.13513 10071
0.136236 10071
0.136284 10071
0.136837 10071
0.136849 10071
0.136861 10071
0.136873 10071
0.136885 10071
0.137906 10071
0.137954 10071
0.137978 10071
0.138555 10071
0.138567 10071
0.138579 10071
0.138591 10071
0.138603 10071
0.13972 10071
0.13972 10071
0.13972 11184
0.13978 11184
0.139804 11184
0.139829 11184
0.140477 11184
0.140501 11184
0.140513 11184
0.140525 11184
0.140537 11184
0.141595 11184
0.141595 11184
0.141595 9854
0.141655 9854
0.141679 9854
0.142256 9854
0.142292 9854
0.142304 9854
0.142316 9854
0.142328 9854
0.143301 9854
0.143373 9854
0.143902 9854
0.14395 9854
0.143962 9854
0.143974 9854
0.143986 9854
0.145019 9854
0.145104 9854
0.145728 9854
0.145728 9854
0.145728 10243
0.145752 10243
0.145788 10243
0.145812 10243
0.145825 10243
0.145837 10243
0.146978 10243
0.147074 10243
0.147603 10243
0.147603 10243
0.147603 9217
0.147663 9217
0.147687 9217
0.147699 9217
0.147711 9217
0.148708 9217
0.148816 9217
0.149285 9217
0.149357 9217
0.149369 9217
0.149381 9217
0.150451 9217
0.150451 9217
0.150451 9005
0.150475 9005
0.150583 9005
0.1511 9005
0.151172 9005
0.151196 9005
0.151208 9005
0.152385 9005
0.152385 9005
0.152385 8052
0.152469 8052
0.152902 8052
0.152974 8052
0.152998 8052
0.15301 8052
0.153034 8052
0.154116 8052
0.15462 8052
0.154644 8052
0.154656 8052
0.154668 8052
0.154692 8052
0.155918 8052
0.155918 8052
0.155918 8653
0.156483 8653
0.156507 8653
0.156519 8653
0.156531 8653
0.156555 8653
0.156567 8653
0.157792 8653
0.157792 8653
0.157792 7938
0.158309 7938
0.158333 7938
0.158345 7938
0.158369 7938
0.158381 7938
0.159487 7938
0.159931 7938
0.159943 7938
0.159967 7938
0.159979 7938
0.160003 7938
0.161229 7938
0.161722 7938
0.161722 7938
0.161722 8701
0.161746 8701
0.16177 8701
0.161782 8701
0.161806 8701
0.161818 8701
0.1632 8701
0.163584 8701
0.163584 8701
0.163584 8070
0.16362 8070
0.163632 8070
0.163656 8070
0.163668 8070
0.164966 8070
0.165278 8070
0.165326 8070
0.165351 8070
0.165363 8070
0.165375 8070
0.166612 8070
0.166997 8070
0.167057 8070
0.167081 8070
0.167093 8070
0.167105 8070
0.167129 8070
0.168499 8070
0.168499 8070
0.168499 9561
0.168943 9561
0.169003 9561
0.169039 9561
0.169051 9561
0.169063 9561
0.169087 9561
0.169112 9561
0.170253 9561
0.170782 9561
0.170794 9561
0.170806 9561
0.17083 9561
0.170842 9561
0.170866 9561
0.172019 9561
0.172584 9561
0.172584 9561
0.172584 9933
0.172596 9933
0.172608 9933
0.172632 9933
0.172644 9933
0.172656 9933
0.17268 9933
0.173978 9933
0.174435 9933
0.174447 9933
0.174471 9933
0.174483 9933
0.174495 9933
0.174507 9933
0.175732 9933
0.176165 9933
0.176177 9933
0.176201 9933
0.176201 9933
0.176201 10329
0.176213 10329
0.176225 10329
0.176237 10329
0.176249 10329
0.177571 10329
0.178027 10329
0.178039 10329
0.178063 10329
0.178063 10329
0.178063 9258
0.178075 9258
0.178087 9258
0.178099 9258
0.179265 9258
0.179746 9258
0.179758 9258
0.179782 9258
0.179794 9258
0.179806 9258
0.181103 9258
0.181103 9258
0.181103 8755
0.181632 8755
0.181644 8755
0.181668 8755
0.18168 8755
0.181692 8755
0.181704 8755
0.182906 8755
0.182906 8755
0.182906 7854
0.183447 7854
0.183471 7854
0.183483 7854
0.183495 7854
0.183507 7854
0.184552 7854
0.185105 7854
0.185117 7854
0.185129 7854
0.185141 7854
0.185165 7854
0.186342 7854
0.186342 7854
0.186342 8368
0.186955 8368
0.186967 8368
0.186979 8368
0.186991 8368
0.187015 8368
0.187027 8368
0.188193 8368
0.188193 8368
0.188193 7687
0.188758 7687
0.18877 7687
0.188782 7687
0.188794 7687
0.188806 7687
0.189851 7687
0.190476 7687
0.190488 7687
0.1905 7687
0.190512 7687
0.190536 7687
0.19169 7687
0.19169 7687
0.19169 8332
0.192399 8332
0.192423 8332
0.192435 8332
0.192447 8332
0.192471 8332
0.192495 8332
0.19354 8332
0.19354 8332
0.19354 7717
0.194177 7717
0.194189 7717
0.194201 7717
0.194213 7717
0.194225 7717
0.195186 7717
0.195859 7717
0.195871 7717
0.195883 7717
0.195895 7717
0.195919 7717
0.196977 7717
0.196977 7717
0.196977 8385
0.197734 8385
0.197746 8385
0.197758 8385
0.19777 8385
0.197794 8385
0.197818 8385
0.198863 8385
0.198863 8385
0.198863 7785
0.199548 7785
0.19956 7785
0.199572 7785
0.199584 7785
0.199596 7785
0.200545 7785
0.201218 7785
0.20123 7785
0.201242 7785
0.201254 7785
0.201278 7785
0.202288 7785
0.203045 7785
0.203045 7785
0.203045 8681
0.203069 8681
0.203081 8681
0.203093 8681
0.203117 8681
0.203141 8681
0.204258 8681
0.204859 8681
0.204895 8681
0.204907 8681
0.204919 8681
0.204931 8681
0.206013 8681
0.206625 8681
0.20665 8681
0.206674 8681
0.206686 8681
0.206698 8681
0.20671 8681
0.207851 8681
0.207851 8681
0.207851 10159
0.20856 10159
0.208584 10159
0.208608 10159
0.20862 10159
0.208632 10159
0.208644 10159
0.208668 10159
0.209593 10159
0.210314 10159
0.210338 10159
0.210362 10159
0.210374 10159
0.210386 10159
0.210411 10159
0.211372 10159
0.211372 10159
0.211372 10345
0.211396 10345
0.212189 10345
0.212213 10345
0.212237 10345
0.212261 10345
0.212273 10345
0.212297 10345
0.21321 10345
0.213919 10345
0.213955 10345
0.213979 10345
0.214003 10345
0.214015 10345
0.214027 10345
0.214039 10345
0.214953 10345
0.215686 10345
0.215686 10345
0.215686 10675
0.215722 10675
0.215758 10675
0.215782 10675
0.215794 10675
0.215806 10675
0.215818 10675
0.216875 10675
0.216899 10675
0.217644 10675
0.217644 10675
0.217644 9603
0.217728 9603
0.21774 9603
0.217752 9603
0.217764 9603
0.217788 9603
0.21869 9603
0.218702 9603
0.219386 9603
0.219459 9603
0.219471 9603
0.219495 9603
0.219507 9603
0.220408 9603
0.22042 9603
0.221177 9603
0.221177 9603
0.221177 9750
0.221249 9750
0.221273 9750
0.221297 9750
0.221309 9750
0.221333 9750
0.222294 9750
0.222318 9750
0.223087 9750
0.223087 9750
0.223087 8768
0.223172 8768
0.223184 8768
0.223196 8768
0.223208 8768
0.224073 8768
0.224097 8768
0.224782 8768
0.224854 8768
0.224866 8768
0.224878 8768
0.225743 8768
0.225767 8768
0.226572 8768
0.226572 8768
0.226572 8895
0.226608 8895
0.226668 8895
0.22668 8895
0.226692 8895
0.227641 8895
0.227665 8895
0.22841 8895
0.228495 8895
0.228507 8895
0.228519 8895
0.229408 8895
0.229432 8895
0.229444 8895
0.230141 8895
0.230225 8895
0.230237 8895
0.230249 8895
0.23127 8895
0.23127 8895
0.23127 9739
0.231294 9739
0.231306 9739
0.232087 9739
0.232111 9739
0.232196 9739
0.232208 9739
0.23222 9739
0.233109 9739
0.233794 9739
0.233818 9739
0.233842 9739
0.233938 9739
0.23395 9739
0.233962 9739
0.234803 9739
0.235572 9739
0.235572 9739
0.235572 9844
0.235596 9844
0.23562 9844
0.235644 9844
0.23574 9844
0.235752 9844
0.235764 9844
0.236738 9844
0.237483 9844
0.237483 9844
0.237483 8638
0.237507 8638
0.237543 8638
0.237627 8638
0.237639 8638
0.237651 8638
0.238516 8638
0.239201 8638
0.239237 8638
0.239309 8638
0.239321 8638
0.239333 8638
0.240222 8638
0.241003 8638
0.241003 8638
0.241003 8843
0.241027 8843
0.241063 8843
0.241135 8843
0.241147 8843
0.241159 8843
0.242157 8843
0.242902 8843
0.242902 8843
0.242902 7932
0.242938 7932
0.242998 7932
0.24301 7932
0.243022 7932
0.243923 7932
0.244584 7932
0.244632 7932
0.244644 7932
0.244656 7932
0.24468 7932
0.245629 7932
0.246362 7932
0.246362 7932
0.246362 8155
0.24641 8155
0.246422 8155
0.246434 8155
0.246459 8155
0.246483 8155
0.247564 8155
0.248297 8155
0.248297 8155
0.248297 7330
0.248321 7330
0.248345 7330
0.248357 7330
0.248381 7330
0.24933 7330
0.250027 7330
0.250051 7330
0.250063 7330
0.250087 7330
0.250989 7330
0.251758 7330
0.251782 7330
0.251794 7330
0.251806 7330
0.25183 7330
0.252827 7330
0.252827 7330
0.252827 8366
0.253716 8366
0.25374 8366
0.253752 8366
0.253764 8366
0.253788 8366
0.2538 8366
0.254605 8366
0.255507 8366
0.255519 8366
0.255531 8366
0.255555 8366
0.255567 8366
0.25642 8366
0.25642 8366
0.25642 8563
0.257393 8563
0.257417 8563
0.257429 8563
0.257453 8563
0.257465 8563
0.257477 8563
0.258222 8563
0.259111 8563
0.259123 8563
0.259147 8563
0.259159 8563
0.259171 8563
0.260001 8563
0.260001 8563
0.260001 8597
0.260998 8597
0.261022 8597
0.261046 8597
0.261058 8597
0.26107 8597
0.261082 8597
0.261947 8597
0.261947 8597
0.261947 7657
0.262752 7657
0.262776 7657
0.262788 7657
0.2628 7657
0.262812 7657
0.263677 7657
0.264507 7657
0.264507 7657
0.264507 7139
0.264519 7139
0.264531 7139
0.264543 7139
0.264567 7139
0.265528 7139
0.266477 7139
0.266477 7139
0.266477 6503
0.266489 6503
0.266501 6503
0.266525 6503
0.267246 6503
0.268219 6503
0.268232 6503
0.268256 6503
0.26828 6503
0.269013 6503
0.270046 6503
0.270046 6503
0.270046 6935
0.270058 6935
0.270082 6935
0.270106 6935
0.27013 6935
0.270971 6935
0.27186 6935
0.271884 6935
0.271896 6935
0.271908 6935
0.272725 6935
0.273603 6935
0.273639 6935
0.273651 6935
0.273663 6935
0.273687 6935
0.274528 6935
0.274528 6935
0.274528 8213
0.275525 8213
0.275573 8213
0.275585 8213
0.275597 8213
0.275621 8213
0.275633 8213
0.27639 8213
0.277328 8213
0.27734 8213
0.277352 8213
0.277364 8213
0.277376 8213
0.278085 8213
0.279058 8213
0.27907 8213
0.279082 8213
0.279094 8213
0.279106 8213
0.27913 8213
0.279923 8213
0.279923 8213
0.279923 9613
0.281017 9613
0.281041 9613
0.281053 9613
0.281065 9613
0.281077 9613
0.281101 9613
0.281113 9613
0.281798 9613
0.282783 9613
0.282795 9613
0.282807 9613
0.282831 9613
0.282843 9613
0.282855 9613
0.283444 9613
0.284429 9613
0.284453 9613
0.284465 9613
0.284489 9613
0.284501 9613
0.284513 9613
0.284525 9613
0.285186 9613
0.285186 9613
0.285186 10812
0.286292 10812
0.286328 10812
0.28634 10812
0.286364 10812
0.286388 10812
0.2864 10812
0.286412 10812
0.286436 10812
0.287169 10812
0.287169 10812
0.287169 9591
0.28813 9591
0.288154 9591
0.288178 9591
0.28819 9591
0.288202 9591
0.288226 9591
0.288238 9591
0.288923 9591
0.289788 9591
0.2898 9591
0.289812 9591
0.289836 9591
0.289848 9591
0.28986 9591
0.290569 9591
0.291567 9591
0.291567 9591
0.291567 10101
0.291579 10101
0.291591 10101
0.291615 10101
0.291627 10101
0.291639 10101
0.291651 10101
0.292444 10101
0.293477 10101
0.293477 10101
0.293477 9195
0.293489 9195
0.293501 9195
0.293513 9195
0.293525 9195
0.293537 9195
0.294222 9195
0.295207 9195
0.295231 9195
0.295243 9195
0.295255 9195
0.295268 9195
0.29528 9195
0.295964 9195
0.296986 9195
0.296986 9195
0.296986 9519
0.297022 9519
0.297034 9519
0.297046 9519
0.297058 9519
0.29707 9519
0.297827 9519
0.297851 9519
0.298884 9519
0.298884 9519
0.298884 8645
0.298932 8645
0.298944 8645
0.298956 8645
0.29898 8645
0.299653 8645
0.299665 8645
0.300603 8645
0.300651 8645
0.300663 8645
0.300675 8645
0.301312 8645
0.301336 8645
0.302321 8645
0.302345 8645
0.302393 8645
0.302405 8645
0.302417 8645
0.303114 8645
0.303114 8645
0.303114 9616
0.30315 9616
0.30428 9616
0.304304 9616
0.304364 9616
0.304376 9616
0.304388 9616
0.304412 9616
0.305024 9616
0.305024 9616
0.305024 8566
0.306046 8566
0.30607 8566
0.30613 8566
0.306142 8566
0.306154 8566
0.306166 8566
0.306731 8566
0.30774 8566
0.3078 8566
0.307824 8566
0.307836 8566
0.307848 8566
0.308497 8566
0.308497 8566
0.308497 8978
0.309627 8978
0.309651 8978
0.309699 8978
0.309735 8978
0.309747 8978
0.309759 8978
0.31042 8978
0.31042 8978
0.31042 8172
0.311405 8172
0.311453 8172
0.311501 8172
0.311513 8172
0.311525 8172
0.311549 8172
0.31215 8172
0.313147 8172
0.313171 8172
0.313183 8172
0.313195 8172
0.313207 8172
0.313916 8172
0.314998 8172
0.314998 8172
0.314998 9010
0.315034 9010
0.315046 9010
0.315058 9010
0.31507 9010
0.315094 9010
0.315911 9010
0.3168 9010
0.316848 9010
0.31686 9010
0.316872 9010
0.316896 9010
0.317689 9010
0.317713 9010
0.318494 9010
0.318542 9010
0.318567 9010
0.318579 9010
0.318603 9010
0.319468 9010
0.319468 9010
0.319468 10209
0.319492 10209
0.319516 10209
0.320393 10209
0.320441 10209
0.320465 10209
0.320489 10209
0.320513 10209
0.321366 10209
0.32139 10209
0.322135 10209
0.322183 10209
0.322207 10209
0.322231 10209
0.322255 10209
0.323145 10209
0.323145 10209
0.323145 10213
0.323169 10213
0.323181 10213
0.324022 10213
0.324082 10213
0.324106 10213
0.32413 10213
0.324154 10213
0.325007 10213
0.325031 10213
0.32574 10213
0.3258 10213
0.325836 10213
0.32586 10213
0.325872 10213
0.326701 10213
0.326725 10213
0.326737 10213
0.327554 10213
0.327554 10213
0.327554 10660
0.327615 10660
0.327663 10660
0.327687 10660
0.327699 10660
0.328624 10660
0.328648 10660
0.32866 10660
0.328684 10660
0.329405 10660
0.329513 10660
0.329525 10660
0.330342 10660
0.330366 10660
0.330378 10660
0.330402 10660
0.330414 10660
0.331087 10660
0.331207 10660
0.331231 10660
0.332145 10660
0.332145 10660
0.332145 11122
0.332169 11122
0.332181 11122
0.332205 11122
0.332217 11122
0.332229 11122
0.332986 11122
0.333118 11122
0.333154 11122
0.334019 11122
0.334019 11122
0.334019 9957
0.334055 9957
0.334067 9957
0.334079 9957
0.334103 9957
0.33474 9957
0.334848 9957
0.334884 9957
0.335665 9957
0.335701 9957
0.335713 9957
0.335737 9957
0.33635 9957
0.33647 9957
0.336506 9957
0.337384 9957
0.33742 9957
0.337432 9957
0.337456 9957
0.337468 9957
0.338141 9957
0.338141 9957
0.338141 10643
0.338273 10643
0.338309 10643
0.339294 10643
0.339342 10643
0.339366 10643
0.33939 10643
0.339402 10643
0.339426 10643
0.340003 10643
0.341012 10643
0.341072 10643
0.341097 10643
0.341121 10643
0.341133 10643
0.341157 10643
0.341169 10643
0.341697 10643
0.342767 10643
0.342767 10643
0.342767 10866
0.342839 10866
0.342863 10866
0.342887 10866
0.342899 10866
0.342911 10866
0.342923 10866
0.342935 10866
0.343524 10866
0.344725 10866
0.344785 10866
0.344797 10866
0.344809 10866
0.344821 10866
0.344834 10866
0.344846 10866
0.345302 10866
0.346504 10866
0.346504 10866
0.346504 10759
0.346564 10759
0.346576 10759
0.346588 10759
0.3466 10759
0.346612 10759
0.346624 10759
0.346648 10759
0.347129 10759
0.348414 10759
0.348414 10759
0.348414 9411
0.348474 9411
0.348486 9411
0.348498 9411
0.34851 9411
0.348534 9411
0.348546 9411
0.348967 9411
0.350145 9411
0.350205 9411
0.350217 9411
0.350241 9411
0.350253 9411
0.350265 9411
0.350625 9411
0.351791 9411
0.351851 9411
0.351863 9411
0.351887 9411
0.351899 9411
0.351911 9411
0.351935 9411
0.352331 9411
0.353677 9411
0.353677 9411
0.353677 10571
0.353737 10571
0.353749 10571
0.353773 10571
0.353785 10571
0.353797 10571
0.353821 10571
0.353833 10571
0.354266 10571
0.355444 10571
0.355552 10571
0.355564 10571
0.355576 10571
0.3556 10571
0.355612 10571
0.355624 10571
0.356044 10571
0.35721 10571
0.35721 10571
0.35721 10447
0.357318 10447
0.357342 10447
0.357354 10447
0.357378 10447
0.35739 10447
0.357402 10447
0.357426 10447
0.357895 10447
0.359169 10447
0.359169 10447
0.359169 9144
0.359229 9144
0.359253 9144
0.359265 9144
0.359277 9144
0.359301 9144
0.359325 9144
0.359697 9144
0.360899 9144
0.360959 9144
0.360971 9144
0.360995 9144
0.361019 9144
0.361031 9144
0.361392 9144
0.362665 9144
0.362665 9144
0.362665 9262
0.362725 9262
0.362749 9262
0.362773 9262
0.362797 9262
0.362809 9262
0.362833 9262
0.363194 9262
0.364552 9262
0.364552 9262
0.364552 8107
0.364624 8107
0.364636 8107
0.364648 8107
0.36466 8107
0.364672 8107
0.365056 8107
0.366306 8107
0.366378 8107
0.36639 8107
0.366402 8107
0.366414 8107
0.366739 8107
0.36794 8107
0.368036 8107
0.368048 8107
0.36806 8107
0.368072 8107
0.368096 8107
0.368481 8107
0.368481 8107
0.368481 9200
0.369791 9200
0.369911 9200
0.369923 9200
0.369935 9200
0.369947 9200
0.369971 9200
0.369983 9200
0.370416 9200
0.370416 9200
0.370416 8149
0.371689 8149
0.371701 8149
0.371713 8149
0.371725 8149
0.371737 8149
0.371749 8149
0.372158 8149
0.37348 8149
0.37348 8149
0.37348 7575
0.373492 7575
0.373504 7575
0.373516 7575
0.37354 7575
0.374008 7575
0.375366 7575
0.375378 7575
0.37539 7575
0.375414 7575
0.375799 7575
0.375823 7575
0.37712 7575
0.377133 7575
0.377145 7575
0.377169 7575
0.377565 7575
0.377565 7575
0.377565 8571
0.377589 8571
0.377613 8571
0.378995 8571
0.379007 8571
0.379019 8571
0.379043 8571
0.379464 8571
0.3795 8571
0.380725 8571
0.380737 8571
0.380749 8571
0.380773 8571
0.381194 8571
0.38123 8571
0.381254 8571
0.382552 8571
0.382552 8571
0.382552 9165
0.382564 9165
0.382576 9165
0.3826 9165
0.383056 9165
0.383104 9165
0.383128 9165
0.383153 9165
0.384366 9165
0.384378 9165
0.384799 9165
0.384847 9165
0.384883 9165
0.384895 9165
0.384919 9165
0.386169 9165
0.386169 9165
0.386169 9350
0.386193 9350
0.386661 9350
0.386709 9350
0.386745 9350
0.386757 9350
0.386781 9350
0.386793 9350
0.387995 9350
0.38844 9350
0.388488 9350
0.3885 9350
0.388524 9350
0.388536 9350
0.388548 9350
0.389725 9350
0.390206 9350
0.390206 9350
0.390206 9509
0.390266 9509
0.390278 9509
0.390302 9509
0.390314 9509
0.390326 9509
0.39035 9509
0.391648 9509
0.39208 9509
0.39208 9509
0.39208 8314
0.392165 8314
0.392177 8314
0.392189 8314
0.392213 8314
0.392225 8314
0.393378 8314
0.393751 8314
0.393835 8314
0.393847 8314
0.393871 8314
0.393895 8314
0.395144 8314
0.395144 8314
0.395144 8518
0.395565 8518
0.395673 8518
0.395685 8518
0.395709 8518
0.395721 8518
0.395745 8518
0.397091 8518
0.397091 8518
0.397091 7681
0.397524 7681
0.397536 7681
0.39756 7681
0.397572 7681
0.397584 7681
0.398821 7681
0.399218 7681
0.399242 7681
0.399266 7681
0.399278 7681
0.399302 7681
0.4006 7681
0.4006 7681
0.4006 8243
0.401056 8243
0.40108 8243
0.401104 8243
0.401116 8243
0.40114 8243
0.401165 8243
0.402474 8243
0.402474 8243
0.402474 7584
0.402907 7584
0.402919 7584
0.402931 7584
0.402943 7584
0.402967 7584
0.404156 7584
0.404625 7584
0.404637 7584
0.404649 7584
0.404673 7584
0.404697 7584
0.405899 7584
0.405899 7584
0.405899 8239
0.406452 8239
0.406464 8239
0.406476 8239
0.4065 8239
0.406524 8239
0.406548 8239
0.407881 8239
0.407881 8239
0.407881 7633
0.408338 7633
0.40835 7633
0.408362 7633
0.408386 7633
0.40841 7633
0.40966 7633
0.410044 7633
0.410056 7633
0.410068 7633
0.410092 7633
0.410116 7633
0.411402 7633
0.411402 7633
0.411402 8069
0.411871 8069
0.411883 8069
0.411895 8069
0.411919 8069
0.411943 8069
0.411967 8069
0.413325 8069
0.413325 8069
0.413325 7305
0.413709 7305
0.413733 7305
0.413745 7305
0.413757 7305
0.413769 7305
0.415067 7305
0.415476 7305
0.415488 7305
0.4155 7305
0.415512 7305
0.416917 7305
0.416917 7305
0.416917 7821
0.416954 7821
0.417398 7821
0.41741 7821
0.417422 7821
0.417434 7821
0.418756 7821
0.418756 7821
0.418756 7164
0.419201 7164
0.419213 7164
0.419225 7164
0.419237 7164
0.419261 7164
0.420402 7164
0.420919 7164
0.420931 7164
0.420943 7164
0.420967 7164
0.422241 7164
0.422241 7164
0.422241 7833
0.422265 7833
0.422865 7833
0.422877 7833
0.422889 7833
0.422913 7833
0.424031 7833
0.42462 7833
0.424644 7833
0.424656 7833
0.42468 7833
0.424692 7833
0.425653 7833
0.426278 7833
0.426302 7833
0.426326 7833
0.42635 7833
0.426362 7833
0.426386 7833
0.427456 7833
0.427456 7833
0.427456 9548
0.428176 9548
0.428201 9548
0.428225 9548
0.428261 9548
0.428273 9548
0.428297 9548
0.428321 9548
0.429354 9548
0.429354 9548
0.429354 8736
0.430015 8736
0.430051 8736
0.430075 8736
0.430099 8736
0.430111 8736
0.430135 8736
0.431072 8736
0.431661 8736
0.431697 8736
0.431721 8736
0.431733 8736
0.431757 8736
0.432779 8736
0.432803 8736
0.433464 8736
0.433464 8736
0.433464 9510
0.4335 9510
0.433536 9510
0.433548 9510
0.433572 9510
0.434689 9510
0.434713 9510
0.434737 9510
0.43529 9510
0.43535 9510
0.435374 9510
0.435398 9510
0.436468 9510
0.43648 9510
0.436504 9510
0.43696 9510
0.43702 9510
0.437044 9510
0.437068 9510
0.437092 9510
0.438258 9510
0.438258 9510
0.438258 10647
0.43827 10647
0.438294 10647
0.438811 10647
0.438871 10647
0.438907 10647
0.438931 10647
0.438955 10647
0.440108 10647
0.440132 10647
0.440589 10647
0.440649 10647
0.440685 10647
0.440697 10647
0.440721 10647
0.440733 10647
0.441899 10647
0.441899 10647
0.441899 10843
0.441923 10843
0.442476 10843
0.442536 10843
0.442572 10843
0.442584 10843
0.442608 10843
0.44262 10843
0.442644 10843
0.443809 10843
0.443809 10843
0.443809 9809
0.444338 9809
0.444374 9809
0.444386 9809
0.44441 9809
0.444422 9809
0.444434 9809
0.444446 9809
0.445516 9809
0.446032 9809
0.446056 9809
0.44608 9809
0.446092 9809
0.446104 9809
0.446116 9809
0.447234 9809
0.447823 9809
0.447823 9809
0.447823 10305
0.447847 10305
0.447883 10305
0.447895 10305
0.447907 10305
0.447919 10305
0.447931 10305
0.44918 10305
0.449709 10305
0.449709 10305
0.449709 9277
0.449769 9277
0.449781 9277
0.449793 9277
0.449805 9277
0.449817 9277
0.450899 9277
0.451391 9277
0.451451 9277
0.451463 9277
0.451476 9277
0.451488 9277
0.451512 9277
0.452665 9277
0.452665 9277
0.452665 9404
0.453218 9404
0.453278 9404
0.453302 9404
0.453314 9404
0.453326 9404
0.45335 9404
0.453374 9404
0.454636 9404
0.454636 9404
0.454636 8549
0.455128 8549
0.45514 8549
0.455152 8549
0.455176 8549
0.455188 8549
0.4552 8549
0.456402 8549
0.456919 8549
0.456931 8549
0.456955 8549
0.456967 8549
0.456979 8549
0.458204 8549
0.458204 8549
0.458204 8991
0.458817 8991
0.458829 8991
0.458853 8991
0.458865 8991
0.458877 8991
0.458889 8991
0.460091 8991
0.460091 8991
0.460091 8147
0.460632 8147
0.460656 8147
0.460668 8147
0.46068 8147
0.460692 8147
0.460704 8147
0.461821 8147
0.462338 8147
0.46235 8147
0.462362 8147
0.462374 8147
0.462398 8147
0.46354 8147
0.464116 8147
0.464116 8147
0.464116 9019
0.46414 9019
0.464152 9019
0.464164 9019
0.464188 9019
0.4642 9019
0.465486 9019
0.466027 9019
0.466027 9019
0.466027 8263
0.466039 8263
0.466051 8263
0.466063 8263
0.466075 8263
0.46724 8263
0.467265 8263
0.467745 8263
0.467769 8263
0.467781 8263
0.467793 8263
0.469007 8263
0.469007 8263
0.469007 8385
0.469043 8385
0.469584 8385
0.469608 8385
0.469632 8385
0.469644 8385
0.469668 8385
0.470929 8385
0.470929 8385
0.470929 7703
0.471422 7703
0.471446 7703
0.47147 7703
0.471482 7703
0.471494 7703
0.47266 7703
0.47314 7703
0.473164 7703
0.473176 7703
0.473188 7703
0.473212 7703
0.474366 7703
0.474931 7703
0.474931 7703
0.474931 8456
0.474955 8456
0.474967 8456
0.474979 8456
0.475003 8456
0.475027 8456
0.476301 8456
0.476793 8456
0.476829 8456
0.476841 8456
0.476841 8456
0.476841 8094
0.476853 8094
0.476865 8094
0.478055 8094
0.478548 8094
0.478584 8094
0.478608 8094
0.47862 8094
0.479845 8094
0.479845 8094
0.479845 7789
0.479881 7789
0.480434 7789
0.48047 7789
0.480494 7789
0.480518 7789
0.481696 7789
0.482176 7789
0.482212 7789
0.482248 7789
0.482273 7789
0.482285 7789
0.483474 7789
0.483474 7789
0.483474 8305
0.484015 8305
0.484051 8305
0.484087 8305
0.484123 8305
0.484135 8305
0.484159 8305
0.485361 8305
0.485841 8305
0.485889 8305
0.485925 8305
0.485937 8305
0.485949 8305
0.487079 8305
0.487584 8305
0.487632 8305
0.487656 8305
0.487692 8305
0.487704 8305
0.487716 8305
0.488857 8305
0.488857 8305
0.488857 9841
0.489458 9841
0.489506 9841
0.489542 9841
0.489566 9841
0.48959 9841
0.489602 9841
0.489614 9841
0.490768 9841
0.491285 9841
0.491333 9841
0.491357 9841
0.491381 9841
0.491393 9841
0.491405 9841
0.492474 9841
0.493051 9841
0.493099 9841
0.493099 9841
0.493099 10250
0.493123 10250
0.493147 10250
0.493171 10250
0.493183 10250
0.493195 10250
0.494337 10250
0.494997 10250
0.495034 10250
0.495034 10250
0.495034 9234
0.49507 9234
0.495094 9234
0.495106 9234
0.495118 9234
0.496103 9234
0.49674 9234
0.496764 9234
0.496812 9234
0.496824 9234
0.496836 9234
0.497797 9234
0.497821 9234
0.49853 9234
0.49853 9234
0.49853 9186
0.498554 9186
0.498614 9186
0.498626 9186
0.498638 9186
0.499732 9186
0.499756 9186
0.49978 9186
0.500429 9186
0.500429 9186
0.500429 8243
0.500501 8243
0.500513 8243
0.501474 8243
0.501498 8243
0.50151 8243
0.501522 8243
0.502123 8243
0.503216 8243
0.503216 8243
0.503216 7702
0.50324 7702
0.503252 7702
0.503264 7702
0.503276 7702
0.503961 7702
0.505151 7702
0.505151 7702
0.505151 6842
0.505175 6842
0.505187 6842
0.505199 6842
0.505776 6842
0.5058 6842
0.506905 6842
0.506929 6842
0.506941 6842
0.507506 6842
0.50753 6842
0.50866 6842
0.50866 6842
0.50866 7334
0.508684 7334
0.508696 7334
0.50872 7334
0.509357 7334
0.509393 7334
0.510582 7334
0.510582 7334
0.510582 6654
0.510606 6654
0.51063 6654
0.511159 6654
0.511207 6654
0.5123 6654
0.512337 6654
0.512877 6654
0.512901 6654
0.512937 6654
0.514043 6654
0.514079 6654
0.51468 6654
0.51468 6654
0.51468 7406
0.514704 7406
0.514728 7406
0.514752 7406
0.515989 7406
0.516037 7406
0.516542 7406
0.516542 7406
0.516542 6615
0.516578 6615
0.516602 6615
0.517744 6615
0.517792 6615
0.5182 6615
0.518248 6615
0.519462 6615
0.519486 6615
0.519522 6615
0.519991 6615
0.519991 6615
0.519991 7098
0.520039 7098
0.521421 7098
0.521445 7098
0.521469 7098
0.521493 7098
0.521901 7098
0.521901 7098
0.521901 6436
0.523211 6436
0.523235 6436
0.523259 6436
0.523271 6436
0.523644 6436
0.524941 6436
0.524965 6436
0.524977 6436
0.525001 6436
0.52541 6436
0.52541 6436
0.52541 7073
0.526876 7073
0.5269 7073
0.526912 7073
0.526936 7073
0.526972 7073
0.527308 7073
0.527308 7073
0.527308 6480
0.528666 6480
0.528678 6480
0.528702 6480
0.528726 6480
0.529039 6480
0.530421 6480
0.530421 6480
0.530421 6263
0.530445 6263
0.530469 6263
0.530493 6263
0.530841 6263
0.532355 6263
0.532355 6263
0.532355 5741
0.532379 5741
0.532403 5741
0.532716 5741
0.53274 5741
0.534134 5741
0.534158 5741
0.534446 5741
0.53447 5741
0.535828 5741
0.535852 5741
0.535876 5741
0.536212 5741
0.536212 5741
0.536212 6956
0.536248 6956
0.53775 6956
0.537774 6956
0.537798 6956
0.537822 6956
0.538159 6956
0.538159 6956
0.538159 6368
0.539541 6368
0.539565 6368
0.539577 6368
0.539589 6368
0.539913 6368
0.541271 6368
0.541295 6368
0.541295 6368
0.541295 6302
0.541307 6302
0.541331 6302
0.541704 6302
0.543218 6302
0.543242 6302
0.543242 6302
0.543242 5687
0.543266 5687
0.543554 5687
0.544948 5687
0.544972 5687
0.544996 5687
0.545272 5687
0.546762 5687
0.546762 5687
0.546762 5874
0.546786 5874
0.54681 5874
0.546834 5874
0.547135 5874
0.548625 5874
0.548625 5874
0.548625 5446
0.548649 5446
0.548673 5446
0.548937 5446
0.550319 5446
0.550343 5446
0.550367 5446
0.550632 5446
0.552097 5446
0.552097 5446
0.552097 6072
0.552122 6072
0.552146 6072
0.55217 6072
0.552482 6072
0.554032 6072
0.554032 6072
0.554032 5666
0.554056 5666
0.55408 5666
0.554332 5666
0.554356 5666
0.55575 5666
0.555786 5666
0.556003 5666
0.556015 5666
0.557433 5666
0.557457 5666
0.557481 5666
0.557733 5666
0.557745 5666
0.559343 5666
0.559343 5666
0.559343 7318
0.559367 7318
0.559391 7318
0.559427 7318
0.559668 7318
0.55968 7318
0.56117 7318
0.561206 7318
0.56123 7318
0.561482 7318
0.561494 7318
0.56284 7318
0.562864 7318
0.562876 7318
0.5629 7318
0.563164 7318
0.563176 7318
0.564726 7318
0.564726 7318
0.564726 8713
0.56475 8713
0.564762 8713
0.564786 8713
0.564798 8713
0.565087 8713
0.565099 8713
0.566541 8713
0.566565 8713
0.566577 8713
0.566589 8713
0.566853 8713
0.566865 8713
0.568163 8713
0.568187 8713
0.568199 8713
0.568211 8713
0.568223 8713
0.568535 8713
0.568547 8713
0.569989 8713
0.569989 8713
0.569989 9996
0.570013 9996
0.570025 9996
0.570037 9996
0.570049 9996
0.570073 9996
0.570422 9996
0.570434 9996
0.57184 9996
0.571864 9996
0.571876 9996
0.571888 9996
0.571912 9996
0.572236 9996
0.572248 9996
0.573498 9996
0.573522 9996
0.573534 9996
0.573546 9996
0.573558 9996
0.57357 9996
0.573943 9996
0.573955 9996
0.575348 9996
0.575348 9996
0.575348 11119
0.575372 11119
0.575384 11119
0.575397 11119
0.575409 11119
0.575421 11119
0.575445 11119
0.575841 11119
0.575853 11119
0.577211 11119
0.577211 11119
0.577211 9872
0.577235 9872
0.577247 9872
0.577259 9872
0.577271 9872
0.577283 9872
0.57768 9872
0.577692 9872
0.578869 9872
0.578893 9872
0.578905 9872
0.578917 9872
0.578929 9872
0.579302 9872
0.579326 9872
0.580635 9872
0.580635 9872
0.580635 9940
0.580672 9940
0.580684 9940
0.580696 9940
0.580708 9940
0.580732 9940
0.581116 9940
0.581152 9940
0.582558 9940
0.582558 9940
0.582558 8866
0.582594 8866
0.582606 8866
0.582618 8866
0.582642 8866
0.582979 8866
0.583015 8866
0.584288 8866
0.584324 8866
0.584336 8866
0.58436 8866
0.584637 8866
0.584673 8866
0.584685 8866
0.585947 8866
0.585983 8866
0.585995 8866
0.586019 8866
0.586331 8866
0.586367 8866
0.586379 8866
0.587821 8866
0.587821 8866
0.587821 10117
0.587845 10117
0.587881 10117
0.587893 10117
0.587917 10117
0.588254 10117
0.588302 10117
0.588314 10117
0.589672 10117
0.58972 10117
0.589732 10117
0.589756 10117
0.590068 10117
0.590116 10117
0.590128 10117
0.591294 10117
0.591318 10117
0.591366 10117
0.591378 10117
0.591402 10117
0.591774 10117
0.591822 10117
0.591834 10117
0.593096 10117
0.593096 10117
0.593096 11133
0.59312 11133
0.593168 11133
0.593192 11133
0.593216 11133
0.593228 11133
0.593673 11133
0.593721 11133
0.593733 11133
0.59491 11133
0.594995 11133
0.595007 11133
0.595019 11133
0.595031 11133
0.595451 11133
0.595511 11133
0.595523 11133
0.596593 11133
0.596665 11133
0.596677 11133
0.596689 11133
0.596701 11133
0.596713 11133
0.597145 11133
0.597206 11133
0.59723 11133
0.598431 11133
0.598431 11133
0.598431 12245
0.598503 12245
0.598515 12245
0.598527 12245
0.598539 12245
0.598551 12245
0.598575 12245
0.599044 12245
0.599116 12245
0.59914 12245
0.600258 12245
0.600342 12245
0.600354 12245
0.600366 12245
0.600378 12245
0.60039 12245
0.60081 12245
0.600894 12245
0.600918 12245
0.602 12245
0.602072 12245
0.602084 12245
0.602096 12245
0.602108 12245
0.60212 12245
0.602144 12245
0.602565 12245
0.602661 12245
0.602685 12245
0.603862 12245
0.603862 12245
0.603862 13345
0.603959 13345
0.603971 13345
0.603983 13345
0.603995 13345
0.604007 13345
0.604031 13345
0.604523 13345
0.604547 13345
0.604631 13345
0.604667 13345
0.605713 13345
0.605809 13345
0.605821 13345
0.605833 13345
0.605845 13345
0.60629 13345
0.606302 13345
0.606374 13345
0.606398 13345
0.606434 13345
0.607395 13345
0.607491 13345
0.607503 13345
0.607515 13345
0.607527 13345
0.607948 13345
0.60796 13345
0.608044 13345
0.608068 13345
0.608092 13345
0.608128 13345
0.60921 13345
0.60921 13345
0.60921 14271
0.609318 14271
0.60933 14271
0.609342 14271
0.609354 14271
0.609822 14271
0.609834 14271
0.609918 14271
0.609955 14271
0.609979 14271
0.610015 14271
0.610039 14271
0.61106 14271
0.61118 14271
0.611192 14271
0.611601 14271
0.611613 14271
0.611685 14271
0.611721 14271
0.611745 14271
0.611781 14271
0.611817 14271
0.612718 14271
0.612838 14271
0.61285 14271
0.612862 14271
0.613247 14271
0.613271 14271
0.613343 14271
0.613379 14271
0.613403 14271
0.613439 14271
0.613475 14271
0.614497 14271
0.614497 14271
0.614497 15198
0.614641 15198
0.614653 15198
0.614665 15198
0.614689 15198
0.615097 15198
0.615121 15198
0.615194 15198
0.61523 15198
0.615254 15198
0.61529 15198
0.615326 15198
0.616383 15198
0.616383 15198
0.616383 13468
0.616527 13468
0.616551 13468
0.616924 13468
0.61696 13468
0.61702 13468
0.617044 13468
0.617068 13468
0.617092 13468
0.617128 13468
0.617164 13468
0.618137 13468
0.618582 13468
0.618618 13468
0.618678 13468
0.618702 13468
0.618726 13468
0.618738 13468
0.61875 13468
0.618774 13468
0.61881 13468
0.61982 13468
0.620312 13468
0.620348 13468
0.62042 13468
0.620457 13468
0.620481 13468
0.620493 13468
0.620505 13468
0.620529 13468
0.620529 13468
0.620529 13943
0.620541 13943
0.620577 13943
0.621718 13943
0.622283 13943
0.622319 13943
0.622391 13943
0.622439 13943
0.622463 13943
0.622475 13943
0.622487 13943
0.622511 13943
0.622511 13943
0.622511 12306
0.623485 12306
0.624025 12306
0.624061 12306
0.624085 12306
0.624145 12306
0.624193 12306
0.624218 12306
0.62423 12306
0.624242 12306
0.624266 12306
0.625876 12306
0.625876 12306
0.625876 11205
0.6259 11205
0.625972 11205
0.625996 11205
0.626044 11205
0.626068 11205
0.62608 11205
0.626092 11205
0.626116 11205
0.627714 11205
0.62781 11205
0.62781 11205
0.62781 10081
0.627834 10081
0.62787 10081
0.627894 10081
0.627906 10081
0.627918 10081
0.627942 10081
0.629408 10081
0.629481 10081
0.629529 10081
0.629553 10081
0.629565 10081
0.629577 10081
0.629601 10081
0.631175 10081
0.631175 10081
0.631175 9928
0.631259 9928
0.631307 9928
0.631331 9928
0.631343 9928
0.631355 9928
0.631367 9928
0.631391 9928
0.633121 9928
0.633121 9928
0.633121 8954
0.633205 8954
0.63323 8954
0.633242 8954
0.633254 8954
0.633266 8954
0.63329 8954
0.634876 8954
0.63496 8954
0.634972 8954
0.634984 8954
0.634996 8954
0.63502 8954
0.635032 8954
0.636654 8954
0.636654 8954
0.636654 9051
0.636762 9051
0.636774 9051
0.636786 9051
0.636798 9051
0.636822 9051
0.636834 9051
0.638541 9051
0.638541 9051
0.638541 7914
0.638625 7914
0.638637 7914
0.638649 7914
0.638673 7914
0.638685 7914
0.638697 7914
0.640223 7914
0.640295 7914
0.640319 7914
0.640331 7914
0.640343 7914
0.640355 7914
0.642049 7914
0.642049 7914
0.642049 8249
0.642121 8249
0.642145 8249
0.642157 8249
0.642169 8249
0.642181 8249
0.642205 8249
0.643876 8249
0.643948 8249
0.64396 8249
0.643972 8249
0.643996 8249
0.644008 8249
0.645606 8249
0.645678 8249
0.64569 8249
0.645702 8249
0.645726 8249
0.64575 8249
0.645762 8249
0.647529 8249
0.647529 8249
0.647529 9514
0.647601 9514
0.647613 9514
0.647625 9514
0.647649 9514
0.647661 9514
0.647685 9514
0.647697 9514
0.649259 9514
0.649343 9514
0.649367 9514
0.649379 9514
0.649403 9514
0.649427 9514
0.649439 9514
0.651061 9514
0.651061 9514
0.651061 9577
0.651145 9577
0.651181 9577
0.651193 9577
0.651217 9577
0.651242 9577
0.651266 9577
0.651278 9577
0.65296 9577
0.65296 9577
0.65296 8452
0.653056 8452
0.653068 8452
0.65308 8452
0.653104 8452
0.653128 8452
0.65314 8452
0.654642 8452
0.654726 8452
0.654738 8452
0.654762 8452
0.654774 8452
0.654786 8452
0.656396 8452
0.656396 8452
0.656396 8504
0.65648 8504
0.656505 8504
0.656529 8504
0.656541 8504
0.656553 8504
0.656565 8504
0.658367 8504
0.658367 8504
0.658367 7464
0.658439 7464
0.658463 7464
0.658475 7464
0.658487 7464
0.658499 7464
0.660133 7464
0.660193 7464
0.660205 7464
0.660217 7464
0.660229 7464
0.660254 7464
0.661912 7464
0.661912 7464
0.661912 7670
0.661996 7670
0.662008 7670
0.66202 7670
0.662032 7670
0.662056 7670
0.663786 7670
0.663786 7670
0.663786 6651
0.663858 6651
0.66387 6651
0.663882 6651
0.663906 6651
0.66393 6651
0.665468 6651
0.665553 6651
0.665577 6651
0.665589 6651
0.665613 6651
0.667211 6651
0.667295 6651
0.667295 6651
0.667295 7355
0.667319 7355
0.667331 7355
0.667355 7355
0.667367 7355
0.669193 7355
0.669278 7355
0.669278 7355
0.669278 6546
0.669302 6546
0.669326 6546
0.669338 6546
0.670972 6546
0.67108 6546
0.671116 6546
0.671128 6546
0.671152 6546
0.67269 6546
0.67281 6546
0.67281 6546
0.67281 6889
0.672846 6889
0.672858 6889
0.672882 6889
0.672918 6889
0.674601 6889
0.674709 6889
0.674709 6889
0.674709 6173
0.674745 6173
0.674769 6173
0.674793 6173
0.676331 6173
0.676463 6173
0.676511 6173
0.676535 6173
0.678157 6173
0.678157 6173
0.678157 6311
0.678181 6311
0.678326 6311
0.678374 6311
0.678398 6311
0.679996 6311
0.680128 6311
0.680176 6311
0.6802 6311
0.680224 6311
0.681702 6311
0.681846 6311
0.681906 6311
0.68193 6311
0.681954 6311
0.681978 6311
0.683541 6311
0.683541 6311
0.683541 7973
0.683697 7973
0.683757 7973
0.683781 7973
0.683817 7973
0.683853 7973
0.683877 7973
0.685391 7973
0.685547 7973
0.685583 7973
0.685607 7973
0.685631 7973
0.685655 7973
0.687157 7973
0.687157 7973
0.687157 8277
0.687326 8277
0.687362 8277
0.687386 8277
0.68741 8277
0.687422 8277
0.687446 8277
0.688996 8277
0.689176 8277
0.6892 8277
0.689212 8277
0.689224 8277
0.689236 8277
0.690702 8277
0.690894 8277
0.690918 8277
0.69093 8277
0.690942 8277
0.690954 8277
0.690978 8277
0.692649 8277
0.692649 8277
0.692649 9654
0.692853 9654
0.692877 9654
0.692889 9654
0.692901 9654
0.692913 9654
0.692937 9654
0.692949 9654
0.694439 9654
0.694631 9654
0.694643 9654
0.694655 9654
0.694679 9654
0.694703 9654
0.694715 9654
0.696109 9654
0.696326 9654
0.696338 9654
0.69635 9654
0.696374 9654
0.696386 9654
0.69641 9654
0.696434 9654
0.698008 9654
0.698008 9654
0.698008 10954
0.698248 10954
0.69826 10954
0.698272 10954
0.698296 10954
0.698308 10954
0.698332 10954
0.698344 10954
0.698368 10954
0.69981 10954
0.700038 10954
0.70005 10954
0.700063 10954
0.700075 10954
0.700087 10954
0.700099 10954
0.700123 10954
0.70148 10954
0.701733 10954
0.701745 10954
0.701757 10954
0.701769 10954
0.701781 10954
0.701793 10954
0.701817 10954
0.701829 10954
0.703331 10954
0.703331 10954
0.703331 12169
0.703619 12169
0.703631 12169
0.703643 12169
0.703655 12169
0.703667 12169
0.703679 12169
0.703703 12169
0.703715 12169
0.703727 12169
0.705121 12169
0.70541 12169
0.705422 12169
0.705434 12169
0.705446 12169
0.705458 12169
0.70547 12169
0.705482 12169
0.705494 12169
0.706803 12169
0.707128 12169
0.70714 12169
0.707152 12169
0.707164 12169
0.707176 12169
0.707188 12169
0.7072 12169
0.707212 12169
0.707236 12169
0.708666 12169
0.708666 12169
0.708666 13219
0.709038 13219
0.70905 13219
0.709062 13219
0.709075 13219
0.709087 13219
0.709099 13219
0.709111 13219
0.709123 13219
0.709147 13219
0.709159 13219
0.710456 13219
0.710817 13219
0.710829 13219
0.710841 13219
0.710853 13219
0.710865 13219
0.710877 13219
0.710889 13219
0.710901 13219
0.710913 13219
0.712163 13219
0.712523 13219
0.712547 13219
0.712559 13219
0.712571 13219
0.712583 13219
0.712595 13219
0.712607 13219
0.712619 13219
0.712631 13219
0.712655 13219
0.714037 13219
0.714037 13219
0.714037 14405
0.714434 14405
0.714458 14405
0.71447 14405
0.714482 14405
0.714494 14405
0.714506 14405
0.714518 14405
0.71453 14405
0.714542 14405
0.714566 14405
0.71459 14405
0.715815 14405
0.716236 14405
0.716248 14405
0.71626 14405
0.716272 14405
0.716284 14405
0.716296 14405
0.716308 14405
0.71632 14405
0.716332 14405
0.717486 14405
0.71751 14405
0.717894 14405
0.717906 14405
0.717918 14405
0.71793 14405
0.717942 14405
0.717954 14405
0.717966 14405
0.717978 14405
0.71799 14405
0.719348 14405
0.719348 14405
0.719348 15181
0.719372 15181
0.719781 15181
0.719793 15181
0.719805 15181
0.719817 15181
0.719829 15181
0.719841 15181
0.719853 15181
0.719865 15181
0.719877 15181
0.719901 15181
0.721199 15181
0.721199 15181
0.721199 13611
0.721607 13611
0.721619 13611
0.721631 13611
0.721643 13611
0.721655 13611
0.721667 13611
0.721679 13611
0.721691 13611
0.721715 13611
0.721727 13611
0.722869 13611
0.723241 13611
0.723253 13611
0.723265 13611
0.723277 13611
0.723289 13611
0.723301 13611
0.723325 13611
0.723338 13611
0.72335 13611
0.724635 13611
0.724635 13611
0.724635 13593
0.725056 13593
0.725068 13593
0.72508 13593
0.725092 13593
0.725104 13593
0.725116 13593
0.72514 13593
0.725152 13593
0.725164 13593
0.725188 13593
0.726522 13593
0.726522 13593
0.726522 12178
0.726894 12178
0.726906 12178
0.726918 12178
0.72693 12178
0.726954 12178
0.726966 12178
0.726978 12178
0.727002 12178
0.727014 12178
0.728216 12178
0.728552 12178
0.728564 12178
0.728588 12178
0.728601 12178
0.728613 12178
0.728637 12178
0.728649 12178
0.728661 12178
0.730006 12178
0.730006 12178
0.730006 12268
0.730367 12268
0.730391 12268
0.730415 12268
0.730427 12268
0.730439 12268
0.730463 12268
0.730475 12268
0.730487 12268
0.730511 12268
0.731917 12268
0.731917 12268
0.731917 11152
0.732253 11152
0.732265 11152
0.732277 11152
0.732289 11152
0.732301 11152
0.732313 11152
0.732325 11152
0.732337 11152
0.733623 11152
0.733912 11152
0.733924 11152
0.733936 11152
0.733948 11152
0.73396 11152
0.733972 11152
0.733984 11152
0.735341 11152
0.735666 11152
0.735666 11152
0.735666 11439
0.735678 11439
0.73569 11439
0.735702 11439
0.735714 11439
0.735726 11439
0.735738 11439
0.735762 11439
0.7373 11439
0.737661 11439
0.737661 11439
0.737661 10293
0.737673 10293
0.737685 10293
0.737697 10293
0.737709 10293
0.737721 10293
0.737745 10293
0.73909 10293
0.739439 10293
0.739451 10293
0.739463 10293
0.739475 10293
0.739487 10293
0.739511 10293
0.740845 10293
0.740845 10293
0.740845 10003
0.741241 10003
0.741253 10003
0.741265 10003
0.741277 10003
0.741289 10003
0.741313 10003
0.741325 10003
0.742791 10003
0.742791 10003
0.742791 8957
0.743128 8957
0.74314 8957
0.743152 8957
0.743164 8957
0.743188 8957
0.7432 8957
0.744522 8957
0.744834 8957
0.744846 8957
0.744858 8957
0.744882 8957
0.744894 8957
0.744906 8957
0.746264 8957
0.746625 8957
0.746625 8957
0.746625 9149
0.746637 9149
0.746649 9149
0.746673 9149
0.746685 9149
0.746697 9149
0.748223 9149
0.748247 9149
0.748547 9149
0.748547 9149
0.748547 8146
0.748571 8146
0.748583 8146
0.748595 8146
0.748607 8146
0.749977 8146
0.750001 8146
0.750253 8146
0.750277 8146
0.750289 8146
0.750313 8146
0.751695 8146
0.751719 8146
0.75202 8146
0.75202 8146
0.75202 8312
0.752044 8312
0.752068 8312
0.752092 8312
0.752104 8312
0.753654 8312
0.753678 8312
0.753942 8312
0.753942 8312
0.753942 7331
0.753966 7331
0.75399 7331
0.754002 7331
0.755396 7331
0.75542 7331
0.755661 7331
0.755697 7331
0.755709 7331
0.757187 7331
0.757187 7331
0.757187 7106
0.757211 7106
0.757475 7106
0.757499 7106
0.757523 7106
0.757547 7106
0.759061 7106
0.759313 7106
0.759325 7106
0.759349 7106
0.759361 7106
0.760755 7106
0.760984 7106
0.760996 7106
0.76102 7106
0.761032 7106
0.761044 7106
0.762594 7106
0.762594 7106
0.762594 8497
0.76287 8497
0.762882 8497
0.762906 8497
0.762918 8497
0.76293 8497
0.762942 8497
0.764408 8497
0.764661 8497
0.764685 8497
0.764697 8497
0.764709 8497
0.764721 8497
0.766126 8497
0.766379 8497
0.766403 8497
0.766415 8497
0.766427 8497
0.766439 8497
0.766451 8497
0.768061 8497
0.768061 8497
0.768061 9707
0.768337 9707
0.768361 9707
0.768373 9707
0.768385 9707
0.768398 9707
0.76841 9707
0.768434 9707
0.769815 9707
0.770104 9707
0.770116 9707
0.770128 9707
0.77014 9707
0.770164 9707
0.770176 9707
0.771498 9707
0.77181 9707
0.771822 9707
0.771834 9707
0.771846 9707
0.77187 9707
0.771894 9707
0.771906 9707
0.773396 9707
0.773396 9707
0.773396 10929
0.773733 10929
0.773745 10929
0.773757 10929
0.773769 10929
0.773793 10929
0.773805 10929
0.773829 10929
0.773853 10929
0.775163 10929
0.775499 10929
0.775511 10929
0.775535 10929
0.775547 10929
0.775559 10929
0.775583 10929
0.775619 10929
0.776833 10929
0.777205 10929
0.777217 10929
0.777229 10929
0.777241 10929
0.777253 10929
0.777277 10929
0.777289 10929
0.777325 10929
0.778707 10929
0.778707 10929
0.778707 12033
0.779116 12033
0.779128 12033
0.77914 12033
0.779152 12033
0.779164 12033
0.779188 12033
0.7792 12033
0.779212 12033
0.779248 12033
0.780486 12033
0.780918 12033
0.78093 12033
0.780942 12033
0.780966 12033
0.780978 12033
0.78099 12033
0.781002 12033
0.781026 12033
0.782216 12033
0.78266 12033
0.782673 12033
0.782685 12033
0.782709 12033
0.782721 12033
0.782733 12033
0.782745 12033
0.782769 12033
0.782793 12033
0.784114 12033
0.784114 12033
0.784114 13209
0.784595 13209
0.784607 13209
0.784619 13209
0.784643 13209
0.784655 13209
0.784667 13209
0.784679 13209
0.784703 13209
0.784727 13209
0.784751 13209
0.785905 13209
0.785905 13209
0.785905 11760
0.786397 11760
0.786409 11760
0.786422 11760
0.786434 11760
0.786446 11760
0.78647 11760
0.786494 11760
0.786518 11760
0.786542 11760
0.787587 11760
0.788056 11760
0.788068 11760
0.78808 11760
0.788092 11760
0.788104 11760
0.788128 11760
0.788164 11760
0.788188 11760
0.789365 11760
0.789365 11760
0.789365 11994
0.789894 11994
0.789906 11994
0.789918 11994
0.78993 11994
0.789942 11994
0.789966 11994
0.790002 11994
0.790038 11994
0.790062 11994
0.79124 11994
0.79124 11994
0.79124 10794
0.791781 10794
0.791793 10794
0.791805 10794
0.791829 10794
0.791853 10794
0.791877 10794
0.791901 10794
0.791925 10794
0.79297 10794
0.793451 10794
0.793475 10794
0.793487 10794
0.793511 10794
0.793523 10794
0.793547 10794
0.793571 10794
0.794749 10794
0.794749 10794
0.794749 10755
0.795289 10755
0.795313 10755
0.795325 10755
0.795349 10755
0.795361 10755
0.795385 10755
0.795397 10755
0.795421 10755
0.796611 10755
0.796611 10755
0.796611 9602
0.797116 9602
0.797128 9602
0.79714 9602
0.797152 9602
0.797164 9602
0.797176 9602
0.7972 9602
0.798305 9602
0.79881 9602
0.798822 9602
0.798834 9602
0.798846 9602
0.79887 9602
0.798882 9602
0.800156 9602
0.800156 9602
0.800156 9885
0.800672 9885
0.800684 9885
0.800697 9885
0.800709 9885
0.800733 9885
0.800745 9885
0.800757 9885
0.80197 9885
0.80197 9885
0.80197 8871
0.802475 8871
0.802487 8871
0.802499 8871
0.802511 8871
0.802523 8871
0.802535 8871
0.803676 8871
0.804205 8871
0.804217 8871
0.804229 8871
0.804241 8871
0.804253 8871
0.804277 8871
0.805563 8871
0.805563 8871
0.805563 9306
0.806128 9306
0.806152 9306
0.806164 9306
0.806176 9306
0.806188 9306
0.806212 9306
0.807365 9306
0.80787 9306
0.807882 9306
0.807894 9306
0.807906 9306
0.80793 9306
0.807942 9306
0.809012 9306
0.80954 9306
0.809564 9306
0.809576 9306
0.809588 9306
0.8096 9306
0.809612 9306
0.809624 9306
0.810826 9306
0.810826 9306
0.810826 10845
0.811415 10845
0.811439 10845
0.811463 10845
0.811475 10845
0.811487 10845
0.811499 10845
0.811511 10845
0.811535 10845
0.812664 10845
0.813205 10845
0.813229 10845
0.813241 10845
0.813253 10845
0.813265 10845
0.813289 10845
0.813301 10845
0.814383 10845
0.81496 10845
0.81496 10845
0.81496 11128
0.814984 11128
0.815008 11128
0.81502 11128
0.815032 11128
0.815056 11128
0.815068 11128
0.81508 11128
0.816269 11128
0.81687 11128
0.81687 11128
0.81687 9927
0.816906 9927
0.816918 9927
0.816942 9927
0.816954 9927
0.816966 9927
0.816978 9927
0.818072 9927
0.8186 9927
0.818636 9927
0.81866 9927
0.818672 9927
0.818684 9927
0.818696 9927
0.819694 9927
0.820259 9927
0.820295 9927
0.820319 9927
0.820331 9927
0.820343 9927
0.820355 9927
0.820367 9927
0.821496 9927
0.821496 9927
0.821496 10975
0.822145 10975
0.822193 10975
0.822217 10975
0.822229 10975
0.822241 10975
0.822253 10975
0.822265 10975
0.822289 10975
0.823347 10975
0.823347 10975
0.823347 9836
0.82402 9836
0.824032 9836
0.824044 9836
0.824056 9836
0.824068 9836
0.824092 9836
0.824104 9836
0.825077 9836
0.825678 9836
0.82569 9836
0.825702 9836
0.825714 9836
0.825738 9836
0.82575 9836
0.826807 9836
0.827492 9836
0.827492 9836
0.827492 10328
0.827504 10328
0.827516 10328
0.827528 10328
0.827552 10328
0.827564 10328
0.827576 10328
0.828778 10328
0.829403 10328
0.829403 10328
0.829403 9311
0.829415 9311
0.829427 9311
0.829451 9311
0.829463 9311
0.829475 9311
0.83052 9311
0.830544 9311
0.831109 9311
0.831133 9311
0.831145 9311
0.831157 9311
0.831181 9311
0.832226 9311
0.832251 9311
0.832899 9311
0.832899 9311
0.832899 9631
0.832923 9631
0.832935 9631
0.832947 9631
0.832971 9631
0.832996 9631
0.834161 9631
0.834185 9631
0.834822 9631
0.834822 9631
0.834822 8635
0.834846 8635
0.83487 8635
0.834882 8635
0.834894 8635
0.835915 8635
0.835939 8635
0.83654 8635
0.836576 8635
0.836588 8635
0.8366 8635
0.837646 8635
0.83767 8635
0.838343 8635
0.838343 8635
0.838343 8793
0.838367 8793
0.838391 8793
0.838415 8793
0.838427 8793
0.839604 8793
0.839628 8793
0.840193 8793
0.840193 8793
0.840193 7912
0.840229 7912
0.840241 7912
0.840253 7912
0.841359 7912
0.841371 7912
0.841911 7912
0.841947 7912
0.841959 7912
0.843149 7912
0.843149 7912
0.843149 7740
0.843161 7740
0.843185 7740
0.843774 7740
0.84381 7740
0.843822 7740
0.845036 7740
0.845036 7740
0.845036 6927
0.84506 6927
0.845576 6927
0.845636 6927
0.845648 6927
0.84566 6927
0.84673 6927
0.847234 6927
0.847295 6927
0.847307 6927
0.847319 6927
0.848484 6927
0.848484 6927
0.848484 7549
0.849073 7549
0.849097 7549
0.849145 7549
0.849157 7549
0.849169 7549
0.850431 7549
0.850431 7549
0.850431 6936
0.850959 6936
0.85102 6936
0.851032 6936
0.851044 6936
0.851056 6936
0.852173 6936
0.85269 6936
0.852702 6936
0.852714 6936
0.852726 6936
0.853855 6936
0.854456 6936
0.854456 6936
0.854456 7525
0.854468 7525
0.85448 7525
0.854492 7525
0.854516 7525
0.855754 7525
0.856379 7525
0.856379 7525
0.856379 6752
0.856391 6752
0.856403 6752
0.856427 6752
0.857556 6752
0.857568 6752
0.858121 6752
0.858133 6752
0.858157 6752
0.859238 6752
0.85925 6752
0.859863 6752
0.859863 6752
0.859863 7230
0.859875 7230
0.859899 7230
0.859935 7230
0.861113 7230
0.861125 7230
0.861786 7230
0.861786 7230
0.861786 6489
0.86181 6489
0.861822 6489
0.862915 6489
0.862939 6489
0.863528 6489
0.863552 6489
0.864538 6489
0.864562 6489
0.864574 6489
0.86521 6489
0.865234 6489
0.866352 6489
0.866352 6489
0.866352 7303
0.866376 7303
0.866388 7303
0.866412 7303
0.867121 7303
0.867145 7303
0.868238 7303
0.868238 7303
0.868238 6536
0.868274 6536
0.868299 6536
0.868923 6536
0.868947 6536
0.869897 6536
0.869945 6536
0.870521 6536
0.870558 6536
0.87057 6536
0.871627 6536
0.871675 6536
0.872324 6536
0.872324 6536
0.872324 7388
0.872372 7388
0.872384 7388
0.872408 7388
0.873574 7388
0.873634 7388
0.874246 7388
0.874246 7388
0.874246 6670
0.87427 6670
0.874282 6670
0.87534 6670
0.875388 6670
0.875965 6670
0.875989 6670
0.87707 6670
0.877094 6670
0.87713 6670
0.877755 6670
0.877755 6670
0.877755 7119
0.877779 7119
0.878981 7119
0.879005 7119
0.879029 7119
0.879053 7119
0.879678 7119
0.879678 7119
0.879678 6512
0.880747 6512
0.880771 6512
0.880795 6512
0.880819 6512
0.881408 6512
0.882393 6512
0.882417 6512
0.882441 6512
0.882453 6512
0.883066 6512
0.884196 6512
0.884196 6512
0.884196 7420
0.88422 7420
0.884244 7420
0.884256 7420
0.88428 7420
0.884941 7420
0.886082 7420
0.886082 7420
0.886082 6879
0.886106 6879
0.886118 6879
0.886142 6879
0.886755 6879
0.887788 6879
0.887813 6879
0.887825 6879
0.887837 6879
0.888461 6879
0.889615 6879
0.889615 6879
0.889615 7313
0.889639 7313
0.889651 7313
0.889663 7313
0.889687 7313
0.89036 7313
0.891453 7313
0.891477 7313
0.891489 7313
0.891501 7313
0.89209 7313
0.893184 7313
0.893208 7313
0.89322 7313
0.893232 7313
0.893244 7313
0.893917 7313
0.893917 7313
0.893917 8570
0.89513 8570
0.895154 8570
0.895166 8570
0.895178 8570
0.89519 8570
0.895214 8570
0.895791 8570
0.895791 8570
0.895791 7813
0.896885 7813
0.896897 7813
0.896909 7813
0.896921 7813
0.896945 7813
0.897461 7813
0.898627 7813
0.898639 7813
0.898651 7813
0.898675 7813
0.898687 7813
0.898687 7813
0.898687 8127
0.899276 8127
0.900586 8127
0.900598 8127
0.90061 8127
0.900634 8127
0.900646 8127
0.900646 8127
0.900646 7314
0.902292 7314
0.902316 7314
0.902328 7314
0.902352 7314
0.902364 7314
0.902376 7314
0.903986 7314
0.90401 7314
0.904034 7314
0.904058 7314
0.90407 7314
0.904094 7314
0.905873 7314
0.905873 7314
0.905873 8300
0.905897 8300
0.905933 8300
0.905957 8300
0.905981 8300
0.906005 8300
0.906029 8300
0.907639 8300
0.907687 8300
0.907723 8300
0.907747 8300
0.907771 8300
0.907795 8300
0.909309 8300
0.909357 8300
0.909393 8300
0.909417 8300
0.909429 8300
0.909453 8300
0.909477 8300
0.911172 8300
0.911172 8300
0.911172 9977
0.911232 9977
0.911268 9977
0.911292 9977
0.911304 9977
0.911328 9977
0.91134 9977
0.911364 9977
0.913034 9977
0.913034 9977
0.913034 9163
0.913118 9163
0.913142 9163
0.913154 9163
0.913178 9163
0.91319 9163
0.913214 9163
0.914692 9163
0.914788 9163
0.9148 9163
0.914824 9163
0.914849 9163
0.914873 9163
0.914885 9163
0.916447 9163
0.916447 9163
0.916447 9584
0.916555 9584
0.916567 9584
0.916591 9584
0.916615 9584
0.916651 9584
0.916663 9584
0.916687 9584
0.918333 9584
0.918333 9584
0.918333 8762
0.918441 8762
0.918465 8762
0.918477 8762
0.918513 8762
0.918525 8762
0.918549 8762
0.920039 8762
0.920136 8762
0.920148 8762
0.920184 8762
0.920196 8762
0.92022 8762
0.921866 8762
0.921866 8762
0.921866 8977
0.92189 8977
0.921974 8977
0.921986 8977
0.922022 8977
0.922034 8977
0.922058 8977
0.923728 8977
0.923812 8977
0.923812 8977
0.923812 8259
0.923824 8259
0.923848 8259
0.923861 8259
0.923885 8259
0.923897 8259
0.925447 8259
0.925507 8259
0.925531 8259
0.925543 8259
0.925567 8259
0.925579 8259
0.927165 8259
0.927225 8259
0.927225 8259
0.927225 8566
0.927261 8566
0.927273 8566
0.927297 8566
0.927309 8566
0.927321 8566
0.929075 8566
0.929124 8566
0.929124 8566
0.929124 7757
0.929148 7757
0.929172 7757
0.929184 7757
0.929196 7757
0.930806 7757
0.930854 7757
0.93089 7757
0.930902 7757
0.930914 7757
0.930938 7757
0.932524 7757
0.932572 7757
0.93262 7757
0.932632 7757
0.932644 7757
0.932668 7757
0.934435 7757
0.934435 7757
0.934435 8999
0.934459 8999
0.934495 8999
0.934543 8999
0.934567 8999
0.934579 8999
0.934603 8999
0.936189 8999
0.936249 8999
0.936285 8999
0.936321 8999
0.936333 8999
0.936357 8999
0.936381 8999
0.938003 8999
0.938003 8999
0.938003 9154
0.938075 9154
0.938099 9154
0.938136 9154
0.938148 9154
0.938172 9154
0.938208 9154
0.938232 9154
0.939842 9154
0.93995 9154
0.939962 9154
0.939986 9154
0.939998 9154
0.940022 9154
0.940046 9154
0.941512 9154
0.941608 9154
0.94162 9154
0.941644 9154
0.941656 9154
0.94168 9154
0.941704 9154
0.941716 9154
0.943374 9154
0.943374 9154
0.943374 10629
0.943495 10629
0.943507 10629
0.943531 10629
0.943543 10629
0.943567 10629
0.943591 10629
0.943603 10629
0.943627 10629
0.945177 10629
0.945309 10629
0.945321 10629
0.945345 10629
0.945369 10629
0.945381 10629
0.945393 10629
0.945405 10629
0.946895 10629
0.947027 10629
0.947039 10629
0.947063 10629
0.947087 10629
0.947099 10629
0.947111 10629
0.947123 10629
0.947148 10629
0.94883 10629
0.94883 10629
0.94883 11916
0.948974 11916
0.948986 11916
0.94901 11916
0.949034 11916
0.949046 11916
0.949058 11916
0.94907 11916
0.949094 11916
0.949106 11916
0.95056 11916
0.950728 11916
0.950752 11916
0.950764 11916
0.950776 11916
0.950788 11916
0.950812 11916
0.950824 11916
0.950848 11916
0.952338 11916
0.952338 11916
0.952338 11820
0.952531 11820
0.952555 11820
0.952567 11820
0.952579 11820
0.952591 11820
0.952615 11820
0.952627 11820
0.952651 11820
0.952663 11820
0.954165 11820
0.954357 11820
0.954369 11820
0.954381 11820
0.954405 11820
0.954417 11820
0.954441 11820
0.954453 11820
0.954465 11820
0.955919 11820
0.956111 11820
0.956123 11820
0.956135 11820
0.95616 11820
0.956172 11820
0.956196 11820
0.956208 11820
0.95622 11820
0.956244 11820
0.957854 11820
0.957854 11820
0.957854 12847
0.958082 12847
0.958094 12847
0.958106 12847
0.95813 12847
0.958142 12847
0.958166 12847
0.958178 12847
0.95819 12847
0.958214 12847
0.958238 12847
0.959632 12847
0.95986 12847
0.959884 12847
0.959896 12847
0.959921 12847
0.959933 12847
0.959945 12847
0.959969 12847
0.959993 12847
0.961278 12847
0.961543 12847
0.961567 12847
0.961579 12847
0.961591 12847
0.961615 12847
0.961627 12847
0.961639 12847
0.961663 12847
0.961699 12847
0.963153 12847
0.963153 12847
0.963153 13839
0.963453 13839
0.963477 13839
0.963489 13839
0.963501 13839
0.963525 13839
0.963537 13839
0.963549 13839
0.963561 13839
0.963585 13839
0.963621 13839
0.964967 13839
0.965244 13839
0.965256 13839
0.96528 13839
0.965304 13839
0.965316 13839
0.965328 13839
0.96534 13839
0.965352 13839
0.965388 13839
0.966613 13839
0.96695 13839
0.966962 13839
0.966986 13839
0.96701 13839
0.967034 13839
0.967046 13839
0.967058 13839
0.96707 13839
0.967094 13839
0.967118 13839
0.9685 13839
0.9685 13839
0.9685 14689
0.968884 14689
0.968896 14689
0.968921 14689
0.968945 14689
0.968969 14689
0.968981 14689
0.968993 14689
0.969005 14689
0.969029 14689
0.969041 14689
0.969065 14689
0.97023 14689
0.970663 14689
0.970687 14689
0.970711 14689
0.970723 14689
0.970735 14689
0.970747 14689
0.970759 14689
0.970771 14689
0.970795 14689
0.970807 14689
0.972069 14689
0.972069 14689
0.972069 14090
0.972561 14090
0.972585 14090
0.972609 14090
0.972621 14090
0.972633 14090
0.972645 14090
0.972657 14090
0.97267 14090
0.972694 14090
0.972718 14090
0.972742 14090
0.973823 14090
0.974328 14090
0.97434 14090
0.974352 14090
0.974364 14090
0.974376 14090
0.974388 14090
0.9744 14090
0.974424 14090
0.974448 14090
0.975613 14090
0.975613 14090
0.975613 13667
0.976154 13667
0.976166 13667
0.976178 13667
0.97619 13667
0.976202 13667
0.976214 13667
0.976226 13667
0.97625 13667
0.976274 13667
0.976298 13667
0.977464 13667
0.97792 13667
0.977933 13667
0.977945 13667
0.977957 13667
0.977969 13667
0.977981 13667
0.977993 13667
0.978017 13667
0.978041 13667
0.979158 13667
0.979639 13667
0.979651 13667
0.979663 13667
0.979675 13667
0.979687 13667
0.979699 13667
0.979711 13667
0.979735 13667
0.979759 13667
0.979783 13667
0.979783 13667
0.979783 14358
0.981033 14358
0.981573 14358
0.981585 14358
0.981597 14358
0.981609 14358
0.981621 14358
0.981633 14358
0.981645 14358
0.981669 14358
0.981694 14358
0.981706 14358
0.98173 14358
0.98173 14358
0.98173 12692
0.983316 12692
0.983328 12692
0.98334 12692
0.983352 12692
0.983364 12692
0.983376 12692
0.9834 12692
0.983424 12692
0.983436 12692
0.98346 12692
0.985034 12692
0.985046 12692
0.985058 12692
0.98507 12692
0.985094 12692
0.985118 12692
0.985142 12692
0.985154 12692
0.985178 12692
0.986957 12692
0.986957 12692
0.986957 12697
0.986981 12697
0.986993 12697
0.987005 12697
0.987029 12697
0.987041 12697
0.987065 12697
0.987089 12697
0.987113 12697
0.987137 12697
0.988699 12697
0.988723 12697
0.988747 12697
0.988759 12697
0.988771 12697
0.988795 12697
0.988831 12697
0.988855 12697
0.988879 12697
0.990297 12697
0.990321 12697
0.990345 12697
0.990357 12697
0.990369 12697
0.990393 12697
0.990405 12697
0.990441 12697
0.990465 12697
0.990489 12697
0.992087 12697
0.992087 12697
0.992087 13758
0.992111 13758
0.992135 13758
0.992147 13758
0.992159 13758
0.992183 13758
0.992208 13758
0.99222 13758
0.992256 13758
0.99228 13758
0.992304 13758
0.994022 13758
0.994022 13758
0.994022 12318
0.994058 12318
0.99407 12318
0.994094 12318
0.994106 12318
0.994118 12318
0.994142 12318
0.994166 12318
0.99419 12318
0.994214 12318
0.995764 12318
0.995812 12318
0.995824 12318
0.995836 12318
0.995848 12318
0.99586 12318
0.995872 12318
0.995896 12318
0.995932 12318
0.99741 12318
0.997471 12318
0.997483 12318
0.997495 12318
0.997507 12318
0.997519 12318
0.997531 12318
0.997555 12318
0.997567 12318
0.997603 12318
0.999285 12318
0.999285 12318
0.999285 13310
0.999357 13310
0.999369 13310
0.999381 13310
0.999393 13310
0.999405 13310
0.999417 13310
0.999441 13310
0.999453 13310
0.999465 13310
0.999501 13310
1.00104 13310
1.0011 13310
1.00111 13310
1.00112 13310
1.00114 13310
1.00115 13310
1.00116 13310
1.00117 13310
1.00118 13310
1.00121 13310
1.00275 13310
1.00282 13310
1.00283 13310
1.00284 13310
1.00285 13310
1.00287 13310
1.00288 13310
1.00289 13310
1.0029 13310
1.00293 13310
1.00294 13310
1.00464 13310
1.00464 13310
1.00464 14332
1.00473 14332
1.00474 14332
1.00475 14332
1.00476 14332
1.00478 14332
1.00479 14332
1.0048 14332
1.00481 14332
1.00484 14332
1.00485 14332
1.00487 14332
1.00643 14332
1.00653 14332
1.00654 14332
1.00655 14332
1.00657 14332
1.00658 14332
1.00659 14332
1.0066 14332
1.00661 14332
1.00663 14332
1.00803 14332
1.00814 14332
1.00815 14332
1.00816 14332
1.00818 14332
1.00819 14332
1.0082 14332
1.00821 14332
1.00822 14332
1.00824 14332
1.00826 14332
1.00986 14332
1.00986 14332
1.00986 15017
1.00997 15017
1.00999 15017
1.01 15017
1.01002 15017
1.01003 15017
1.01004 15017
1.01005 15017
1.01006 15017
1.01008 15017
1.0101 15017
1.01012 15017
1.01171 15017
1.01182 15017
1.01183 15017
1.01184 15017
1.01185 15017
1.01187 15017
1.01188 15017
1.01189 15017
1.01191 15017
1.01193 15017
1.01194 15017
1.01339 15017
1.0135 15017
1.01352 15017
1.01354 15017
1.01355 15017
1.01356 15017
1.01357 15017
1.01358 15017
1.01361 15017
1.01362 15017
1.01363 15017
1.01366 15017
1.01528 15017
1.01528 15017
1.01528 15822
1.0154 15822
1.01543 15822
1.01545 15822
1.01546 15822
1.01547 15822
1.01548 15822
1.01549 15822
1.01552 15822
1.01553 15822
1.01554 15822
1.01557 15822
1.01558 15822
1.01709 15822
1.01722 15822
1.01724 15822
1.01725 15822
1.01726 15822
1.01727 15822
1.0173 15822
1.01731 15822
1.01732 15822
1.01734 15822
1.01736 15822
1.01873 15822
1.01885 15822
1.01887 15822
1.01888 15822
1.0189 15822
1.01891 15822
1.01893 15822
1.01894 15822
1.01896 15822
1.01897 15822
1.01899 15822
1.019 15822
1.02057 15822
1.02057 15822
1.02057 16444
1.0207 16444
1.02073 16444
1.02075 16444
1.02076 16444
1.02077 16444
1.02079 16444
1.02081 16444
1.02082 16444
1.02083 16444
1.02084 16444
1.02087 16444
1.02088 16444
1.02233 16444
1.02249 16444
1.0225 16444
1.02251 16444
1.02252 16444
1.02254 16444
1.02255 16444
1.02256 16444
1.02257 16444
1.0226 16444
1.02261 16444
1.02262 16444
1.02418 16444
1.02418 16444
1.02418 15633
1.02435 15633
1.02437 15633
1.02439 15633
1.0244 15633
1.02441 15633
1.02442 15633
1.02443 15633
1.02445 15633
1.02447 15633
1.02448 15633
1.02449 15633
1.02452 15633
1.02598 15633
1.02616 15633
1.02618 15633
1.02619 15633
1.0262 15633
1.02621 15633
1.02622 15633
1.02624 15633
1.02625 15633
1.02626 15633
1.02628 15633
1.02758 15633
1.02776 15633
1.02777 15633
1.02779 15633
1.0278 15633
1.02781 15633
1.02782 15633
1.02783 15633
1.02785 15633
1.02786 15633
1.02787 15633
1.02788 15633
1.02936 15633
1.02936 15633
1.02936 16263
1.02955 16263
1.02958 16263
1.02959 16263
1.0296 16263
1.02961 16263
1.02963 16263
1.02964 16263
1.02965 16263
1.02966 16263
1.02967 16263
1.02969 16263
1.02971 16263
1.03128 16263
1.03128 16263
1.03128 14281
1.03146 14281
1.03148 14281
1.03149 14281
1.0315 14281
1.03151 14281
1.03152 14281
1.03154 14281
1.03155 14281
1.03156 14281
1.03158 14281
1.0316 14281
1.03304 14281
1.03319 14281
1.03321 14281
1.03322 14281
1.03323 14281
1.03324 14281
1.03325 14281
1.03327 14281
1.03329 14281
1.0333 14281
1.03485 14281
1.03485 14281
1.03485 14049
1.03503 14049
1.03506 14049
1.03507 14049
1.03508 14049
1.03509 14049
1.0351 14049
1.03512 14049
1.03514 14049
1.03515 14049
1.03516 14049
1.03669 14049
1.03686 14049
1.03687 14049
1.03688 14049
1.0369 14049
1.03691 14049
1.03693 14049
1.03694 14049
1.03696 14049
1.03697 14049
1.03836 14049
1.03853 14049
1.03854 14049
1.03855 14049
1.03857 14049
1.03858 14049
1.0386 14049
1.03861 14049
1.03863 14049
1.03864 14049
1.03865 14049
1.04014 14049
1.04014 14049
1.04014 15034
1.04033 15034
1.04034 15034
1.04036 15034
1.04037 15034
1.04038 15034
1.0404 15034
1.04042 15034
1.04043 15034
1.04044 15034
1.04045 15034
1.04046 15034
1.04205 15034
1.04205 15034
1.04205 13365
1.04222 13365
1.04223 13365
1.04224 13365
1.04227 13365
1.04228 13365
1.04229 13365
1.0423 13365
1.04231 13365
1.04233 13365
1.04234 13365
1.04378 13365
1.04392 13365
1.04395 13365
1.04396 13365
1.04397 13365
1.04398 13365
1.044 13365
1.04401 13365
1.04402 13365
1.04403 13365
1.04551 13365
1.04565 13365
1.04568 13365
1.0457 13365
1.0457 13365
1.0457 13613
1.04571 13613
1.04573 13613
1.04574 13613
1.04575 13613
1.04576 13613
1.04577 13613
1.0458 13613
1.04747 13613
1.04763 13613
1.04765 13613
1.04767 13613
1.04767 13613
1.04767 12146
1.04769 12146
1.0477 12146
1.04771 12146
1.04772 12146
1.04775 12146
1.04776 12146
1.04927 12146
1.04943 12146
1.04945 12146
1.04948 12146
1.04949 12146
1.0495 12146
1.04952 12146
1.04954 12146
1.04955 12146
1.05101 12146
1.05116 12146
1.05118 12146
1.05121 12146
1.05122 12146
1.05123 12146
1.05125 12146
1.05127 12146
1.05128 12146
1.05294 12146
1.05294 12146
1.05294 12791
1.05297 12791
1.05312 12791
1.05314 12791
1.05316 12791
1.05318 12791
1.05319 12791
1.05321 12791
1.05322 12791
1.05324 12791
1.05471 12791
1.05471 12791
1.05471 11321
1.05492 11321
1.05494 11321
1.05496 11321
1.05497 11321
1.05498 11321
1.055 11321
1.05502 11321
1.05503 11321
1.05651 11321
1.05667 11321
1.05669 11321
1.0567 11321
1.05671 11321
1.05673 11321
1.05675 11321
1.05676 11321
1.05831 11321
1.05831 11321
1.05831 11536
1.0585 11536
1.05851 11536
1.05852 11536
1.05854 11536
1.05856 11536
1.05857 11536
1.05858 11536
1.0586 11536
1.06011 11536
1.06027 11536
1.06028 11536
1.06029 11536
1.06031 11536
1.06033 11536
1.06034 11536
1.06035 11536
1.06192 11536
1.06192 11536
1.06192 11501
1.0621 11501
1.06212 11501
1.06213 11501
1.06215 11501
1.06216 11501
1.06218 11501
1.06219 11501
1.0622 11501
1.06375 11501
1.06392 11501
1.06393 11501
1.06396 11501
1.06397 11501
1.06398 11501
1.06399 11501
1.064 11501
1.06546 11501
1.06563 11501
1.06564 11501
1.06566 11501
1.06567 11501
1.06569 11501
1.0657 11501
1.06571 11501
1.06572 11501
1.06731 11501
1.06731 11501
1.06731 12526
1.06751 12526
1.06752 12526
1.06755 12526
1.06756 12526
1.06757 12526
1.06758 12526
1.0676 12526
1.06761 12526
1.06762 12526
1.06901 12526
1.06922 12526
1.06923 12526
1.06924 12526
1.06925 12526
1.06927 12526
1.06928 12526
1.06929 12526
1.06931 12526
1.07088 12526
1.07088 12526
1.07088 12414
1.07109 12414
1.0711 12414
1.07112 12414
1.07113 12414
1.07114 12414
1.07115 12414
1.07116 12414
1.07119 12414
1.0712 12414
1.07271 12414
1.07292 12414
1.07293 12414
1.07294 12414
1.07296 12414
1.07297 12414
1.07298 12414
1.07299 12414
1.073 12414
1.07437 12414
1.07455 12414
1.07457 12414
1.07458 12414
1.07459 12414
1.0746 12414
1.07461 12414
1.07463 12414
1.07464 12414
1.07465 12414
1.07612 12414
1.07632 12414
1.07632 12414
1.07632 13569
1.07633 13569
1.07634 13569
1.07636 13569
1.07637 13569
1.07638 13569
1.07639 13569
1.0764 13569
1.07642 13569
1.07644 13569
1.0781 13569
1.07828 13569
1.07828 13569
1.07828 12199
1.07829 12199
1.0783 12199
1.07831 12199
1.07833 12199
1.07834 12199
1.07835 12199
1.07837 12199
1.07839 12199
1.07989 12199
1.08004 12199
1.08006 12199
1.08007 12199
1.08008 12199
1.08009 12199
1.08012 12199
1.08013 12199
1.08014 12199
1.08165 12199
1.08165 12199
1.08165 11767
1.08183 11767
1.08185 11767
1.08186 11767
1.08187 11767
1.08188 11767
1.08191 11767
1.08192 11767
1.08193 11767
1.08196 11767
1.08358 11767
1.08358 11767
1.08358 10305
1.08372 10305
1.08373 10305
1.08375 10305
1.08377 10305
1.08378 10305
1.08379 10305
1.08381 10305
1.08382 10305
1.08533 10305
1.08545 10305
1.08548 10305
1.08549 10305
1.0855 10305
1.08551 10305
1.08552 10305
1.08555 10305
1.08709 10305
1.08709 10305
1.08709 10326
1.08723 10326
1.08725 10326
1.08727 10326
1.08728 10326
1.08729 10326
1.0873 10326
1.08731 10326
1.08734 10326
1.08903 10326
1.08903 10326
1.08903 9056
1.08915 9056
1.08916 9056
1.08918 9056
1.08919 9056
1.0892 9056
1.08921 9056
1.08922 9056
1.09081 9056
1.09091 9056
1.09092 9056
1.09093 9056
1.09094 9056
1.09096 9056
1.09098 9056
1.09265 9056
1.09265 9056
1.09265 9457
1.09277 9457
1.09278 9457
1.09279 9457
1.09281 9457
1.09282 9457
1.09284 9457
1.09285 9457
1.09444 9457
1.09456 9457
1.09457 9457
1.09458 9457
1.09461 9457
1.09462 9457
1.09463 9457
1.09625 9457
1.09625 9457
1.09625 9603
1.0964 9603
1.09642 9603
1.09643 9603
1.09646 9603
1.09647 9603
1.09648 9603
1.09649 9603
1.09812 9603
1.09827 9603
1.0983 9603
1.09831 9603
1.09832 9603
1.09833 9603
1.09834 9603
1.09981 9603
1.09997 9603
1.09999 9603
1.1 9603
1.10002 9603
1.10003 9603
1.10004 9603
1.10006 9603
1.10163 9603
1.10163 9603
1.10163 10863
1.10181 10863
1.10183 10863
1.10184 10863
1.10185 10863
1.10187 10863
1.10188 10863
1.1019 10863
1.10191 10863
1.10345 10863
1.10364 10863
1.10366 10863
1.10367 10863
1.10368 10863
1.1037 10863
1.10372 10863
1.10373 10863
1.1051 10863
1.10533 10863
1.10535 10863
1.10536 10863
1.10537 10863
1.1054 10863
1.10541 10863
1.10542 10863
1.10543 10863
1.10686 10863
1.10686 10863
1.10686 12084
1.10713 12084
1.10716 12084
1.10719 12084
1.1072 12084
1.10722 12084
1.10724 12084
1.10725 12084
1.10726 12084
1.10728 12084
1.10876 12084
1.10876 12084
1.10876 10710
1.109 10710
1.10902 10710
1.10904 10710
1.10905 10710
1.10906 10710
1.10908 10710
1.1091 10710
1.10911 10710
1.11048 10710
1.11072 10710
1.11073 10710
1.11075 10710
1.11076 10710
1.11078 10710
1.11079 10710
1.11081 10710
1.11232 10710
1.11232 10710
1.11232 10990
1.11261 10990
1.11262 10990
1.11263 10990
1.11264 10990
1.11267 10990
1.11268 10990
1.11269 10990
1.11272 10990
1.11413 10990
1.11441 10990
1.11442 10990
1.11445 10990
1.11446 10990
1.11447 10990
1.11448 10990
1.11451 10990
1.11585 10990
1.11615 10990
1.11616 10990
1.11619 10990
1.1162 10990
1.11621 10990
1.11622 10990
1.11624 10990
1.11625 10990
1.11777 10990
1.11777 10990
1.11777 12347
1.11812 12347
1.11814 12347
1.11816 12347
1.11817 12347
1.11818 12347
1.1182 12347
1.11821 12347
1.11822 12347
1.11824 12347
1.11957 12347
1.1199 12347
1.11991 12347
1.11993 12347
1.11994 12347
1.11995 12347
1.11996 12347
1.11997 12347
1.11999 12347
1.12134 12347
1.12134 12347
1.12134 12235
1.1217 12235
1.12172 12235
1.12173 12235
1.12174 12235
1.12175 12235
1.12176 12235
1.12178 12235
1.12179 12235
1.12181 12235
1.12319 12235
1.12353 12235
1.12354 12235
1.12355 12235
1.12357 12235
1.12358 12235
1.12359 12235
1.1236 12235
1.12361 12235
1.1249 12235
1.12525 12235
1.12526 12235
1.12527 12235
1.12528 12235
1.1253 12235
1.12531 12235
1.12532 12235
1.12533 12235
1.12536 12235
1.12675 12235
1.12675 12235
1.12675 13259
1.12715 13259
1.12716 13259
1.12717 13259
1.12718 13259
1.1272 13259
1.12721 13259
1.12722 13259
1.12723 13259
1.12726 13259
1.12727 13259
1.12858 13259
1.12889 13259
1.1289 13259
1.12891 13259
1.12893 13259
1.12894 13259
1.12895 13259
1.12896 13259
1.12897 13259
1.12899 13259
1.13031 13259
1.13061 13259
1.13062 13259
1.13063 13259
1.13064 13259
1.13066 13259
1.13067 13259
1.13068 13259
1.13069 13259
1.1307 13259
1.13073 13259
1.13219 13259
1.13219 13259
1.13219 14427
1.13253 14427
1.13254 14427
1.13255 14427
1.13257 14427
1.13258 14427
1.13259 14427
1.1326 14427
1.13261 14427
1.13263 14427
1.13265 14427
1.13267 14427
1.13406 14427
1.13434 14427
1.13436 14427
1.13437 14427
1.13438 14427
1.13439 14427
1.1344 14427
1.13442 14427
1.13443 14427
1.13444 14427
1.1357 14427
1.13573 14427
1.13599 14427
1.13602 14427
1.13603 14427
1.13604 14427
1.13605 14427
1.13606 14427
1.13608 14427
1.13609 14427
1.1361 14427
1.1375 14427
1.1375 14427
1.1375 15198
1.13753 15198
1.13782 15198
1.13784 15198
1.13787 15198
1.13788 15198
1.13789 15198
1.1379 15198
1.13791 15198
1.13793 15198
1.13794 15198
1.13795 15198
1.13936 15198
1.13963 15198
1.13966 15198
1.13967 15198
1.13968 15198
1.13969 15198
1.1397 15198
1.13972 15198
1.13973 15198
1.13974 15198
1.13975 15198
1.14106 15198
1.14134 15198
1.14136 15198
1.14137 15198
1.14139 15198
1.1414 15198
1.14141 15198
1.14142 15198
1.14143 15198
1.14145 15198
1.14146 15198
1.14148 15198
1.14289 15198
1.14289 15198
1.14289 16045
1.14319 16045
1.14321 16045
1.14322 16045
1.14324 16045
1.14325 16045
1.14326 16045
1.14327 16045
1.14328 16045
1.1433 16045
1.14331 16045
1.14333 16045
1.14334 16045
1.14471 16045
1.14471 16045
1.14471 14199
1.14505 14199
1.14506 14199
1.14508 14199
1.14509 14199
1.1451 14199
1.14511 14199
1.14512 14199
1.14514 14199
1.14515 14199
1.14516 14199
1.14517 14199
1.14641 14199
1.14673 14199
1.14675 14199
1.14676 14199
1.14677 14199
1.14678 14199
1.14679 14199
1.14681 14199
1.14682 14199
1.14683 14199
1.14808 14199
1.14844 14199
1.14846 14199
1.14848 14199
1.14849 14199
1.1485 14199
1.14851 14199
1.14852 14199
1.14854 14199
1.14855 14199
1.14857 14199
1.14999 14199
1.14999 14199
1.14999 15393
1.15039 15393
1.15042 15393
1.15043 15393
1.15045 15393
1.15046 15393
1.15047 15393
1.15048 15393
1.15049 15393
1.15051 15393
1.15053 15393
1.15054 15393
1.15179 15393
1.1522 15393
1.15221 15393
1.15222 15393
1.15224 15393
1.15225 15393
1.15226 15393
1.15227 15393
1.15228 15393
1.1523 15393
1.15231 15393
1.15344 15393
1.15381 15393
1.15383 15393
1.15385 15393
1.15386 15393
1.15387 15393
1.15388 15393
1.15389 15393
1.15391 15393
1.15392 15393
1.15393 15393
1.15394 15393
1.15522 15393
1.15522 15393
1.15522 16407
1.15564 16407
1.15567 16407
1.15569 16407
1.1557 16407
1.15571 16407
1.15572 16407
1.15573 16407
1.15575 16407
1.15576 16407
1.15577 16407
1.15578 16407
1.15581 16407
1.15707 16407
1.15707 16407
1.15707 14667
1.15749 14667
1.1575 14667
1.15751 14667
1.15752 14667
1.15754 14667
1.15755 14667
1.15756 14667
1.15757 14667
1.15758 14667
1.15761 14667
1.15762 14667
1.15883 14667
1.15922 14667
1.15923 14667
1.15924 14667
1.15925 14667
1.15927 14667
1.15928 14667
1.15929 14667
1.15931 14667
1.15933 14667
1.15935 14667
1.1605 14667
1.16095 14667
1.16097 14667
1.16098 14667
1.161 14667
1.16101 14667
1.16101 14667
1.16101 15251
1.16102 15251
1.16103 15251
1.16106 15251
1.16107 15251
1.16109 15251
1.16112 15251
1.16241 15251
1.16292 15251
1.16294 15251
1.16295 15251
1.16297 15251
1.16298 15251
1.16298 15251
1.16298 13761
1.163 13761
1.16301 13761
1.16303 13761
1.16304 13761
1.16306 13761
1.16422 13761
1.1647 13761
1.16473 13761
1.16475 13761
1.16476 13761
1.16477 13761
1.16479 13761
1.16481 13761
1.16482 13761
1.1659 13761
1.16592 13761
1.16642 13761
1.16646 13761
1.16648 13761
1.16649 13761
1.1665 13761
1.16652 13761
1.16654 13761
1.16655 13761
1.16776 13761
1.16776 13761
1.16776 14183
1.16779 14183
1.16833 14183
1.16835 14183
1.16839 14183
1.16841 14183
1.16842 14183
1.16843 14183
1.16846 14183
1.16847 14183
1.16848 14183
1.16959 14183
1.1701 14183
1.17013 14183
1.17015 14183
1.17019 14183
1.1702 14183
1.17021 14183
1.17024 14183
1.17025 14183
1.17026 14183
1.17132 14183
1.1718 14183
1.17182 14183
1.17186 14183
1.17188 14183
1.17191 14183
1.17192 14183
1.17193 14183
1.17195 14183
1.17197 14183
1.17198 14183
1.17317 14183
1.17317 14183
1.17317 15251
1.17372 15251
1.17375 15251
1.17378 15251
1.17382 15251
1.17384 15251
1.17385 15251
1.17387 15251
1.17388 15251
1.1739 15251
1.17391 15251
1.17393 15251
1.17504 15251
1.17504 15251
1.17504 13635
1.17557 13635
1.17561 13635
1.17563 13635
1.17564 13635
1.17566 13635
1.17567 13635
1.17569 13635
1.1757 13635
1.17572 13635
1.17573 13635
1.17674 13635
1.17725 13635
1.17727 13635
1.17728 13635
1.17729 13635
1.17731 13635
1.17733 13635
1.17734 13635
1.17735 13635
1.17737 13635
1.17847 13635
1.17904 13635
1.17904 13635
1.17904 13877
1.17907 13877
1.17908 13877
1.17909 13877
1.17912 13877
1.17913 13877
1.17914 13877
1.17915 13877
1.17918 13877
1.17919 13877
1.18043 13877
1.18097 13877
1.18097 13877
1.18097 12665
1.18099 12665
1.18101 12665
1.18103 12665
1.18104 12665
1.18105 12665
1.18108 12665
1.18109 12665
1.1811 12665
1.18217 12665
1.18267 12665
1.18272 12665
1.18273 12665
1.18275 12665
1.18277 12665
1.18278 12665
1.18279 12665
1.18281 12665
1.18398 12665
1.18398 12665
1.18398 12374
1.18451 12374
1.18457 12374
1.18458 12374
1.1846 12374
1.18462 12374
1.18463 12374
1.18464 12374
1.18466 12374
1.18467 12374
1.18583 12374
1.18583 12374
1.18583 10984
1.18639 10984
1.1864 10984
1.18642 10984
1.18643 10984
1.18645 10984
1.18646 10984
1.18647 10984
1.18648 10984
1.18754 10984
1.18804 10984
1.18806 10984
1.18807 10984
1.18808 10984
1.18809 10984
1.1881 10984
1.18813 10984
1.18926 10984
1.18983 10984
1.18983 10984
1.18983 11401
1.18985 11401
1.18986 11401
1.18987 11401
1.18988 11401
1.18989 11401
1.18992 11401
1.18993 11401
1.1912 11401
1.19175 11401
1.19175 11401
1.19175 10375
1.19176 10375
1.19177 10375
1.19178 10375
1.19179 10375
1.19181 10375
1.19182 10375
1.19299 10375
1.19345 10375
1.19346 10375
1.19348 10375
1.19349 10375
1.1935 10375
1.19351 10375
1.19462 10375
1.19464 10375
1.19518 10375
1.19519 10375
1.19521 10375
1.19522 10375
1.19523 10375
1.19524 10375
1.19648 10375
1.19648 10375
1.19648 11258
1.1965 11258
1.19713 11258
1.19714 11258
1.19715 11258
1.19716 11258
1.19718 11258
1.19719 11258
1.19721 11258
1.19828 11258
1.19886 11258
1.19887 11258
1.19888 11258
1.19889 11258
1.19891 11258
1.19893 11258
1.19894 11258
