0.0 0
4.56e-05 4.56e-05
0.000226797 6.2549e-05
0.000707437 0.00011481
0.000719453 0.00016204
0.0016567 0.000260443
0.00168073 0.000349549
0.00169275 0.000427517
0.00171678 0.000498743
0.00355523 0.000673716
0.00357926 0.000829821
0.00360329 0.000966413
0.00362732 0.00108894
0.00363934 0.00119614
0.00366337 0.00129295
0.0036874 0.00137766
0.00371144 0.00145479
0.00601851 0.00158085
0.00603053 0.00169265
0.00604254 0.00178898
0.00606657 0.00187327
0.0060906 0.00194702
0.00610262 0.00201155
0.0102361 0.00202293
0.0102602 0.00202989
0.0102722 0.00203297
0.0118343 0.00198312
0.0118703 0.0019395
0.0118943 0.00190134
0.0119063 0.00186794
0.0133122 0.00181919
0.0133603 0.00177804
0.0133843 0.00174203
0.0133963 0.00171203
0.0134083 0.00168577
0.0149945 0.00168533
0.0150545 0.00168645
0.0150786 0.00168742
0.0150906 0.00168828
0.0151026 0.00168902
0.0151146 0.00169118
0.0169411 0.00172311
0.0170131 0.00175254
0.0170372 0.0017783
0.0170492 0.00180084
0.0170612 0.00182056
0.0170732 0.00183782
0.0170852 0.00185442
0.0190318 0.00188396
0.019128 0.00190981
0.01914 0.00193243
0.019152 0.00195373
0.019164 0.00197236
0.019176 0.00198867
0.019188 0.00200293
0.0213269 0.00203945
0.021423 0.0020699
0.021435 0.00209804
0.0214471 0.00212267
0.0214591 0.00214422
0.0214711 0.00216307
0.0214831 0.00217957
0.023634 0.00219551
0.0237301 0.00220795
0.0237421 0.00222034
0.0237541 0.00223118
0.0237661 0.00224067
0.0237782 0.00224897
0.0237902 0.00225623
0.0260612 0.0022776
0.0261573 0.00229481
0.0261693 0.00230986
0.0261814 0.00232303
0.0261934 0.00233605
0.0262054 0.00234745
0.0262174 0.00235742
0.0283923 0.00235413
0.0284764 0.00234825
0.0284884 0.0023431
0.0285004 0.0023386
0.0285125 0.00233466
0.0285245 0.00233121
0.0305792 0.00231317
0.0306633 0.00229589
0.0306753 0.00228076
0.0306874 0.00226903
0.0306994 0.00225876
0.0307114 0.00224978
0.0325739 0.00221789
0.032646 0.00218698
0.032658 0.00215994
0.03267 0.00213627
0.032682 0.00211557
0.0344363 0.00208393
0.0345084 0.00205475
0.0345205 0.00202921
0.0345325 0.00200837
0.0345445 0.00199013
0.0361667 0.00195765
0.0362267 0.00192623
0.0362387 0.00189873
0.0362508 0.00187468
0.0377407 0.0018371
0.0377528 0.00180573
0.0378249 0.00177978
0.0378369 0.00175707
0.0378489 0.0017372
0.0396513 0.00175887
0.0396633 0.00177783
0.0396753 0.00179592
0.0397594 0.00181325
0.0397715 0.00182842
0.0397835 0.00184169
0.041658 0.00186231
0.04167 0.00187885
0.0417421 0.00189182
0.0417541 0.00190318
0.0417661 0.00191311
0.0433883 0.00189026
0.0434604 0.00186876
0.0434724 0.00184995
0.0434844 0.00183499
0.0434964 0.00182191
0.0451426 0.00181346
0.0452267 0.00180757
0.0452387 0.00180242
0.0452507 0.00179791
0.0452628 0.00179397
0.0452748 0.00179202
0.0471853 0.00182335
0.0472574 0.00184777
0.0472694 0.00186913
0.0472815 0.00188783
0.0472935 0.00190418
0.0489757 0.00188996
0.0490358 0.00187451
0.0490478 0.00186099
0.0490598 0.00184916
0.0490718 0.00184031
0.0506219 0.00181604
0.05067 0.00179181
0.050682 0.0017706
0.050694 0.00175205
0.0523762 0.00175233
0.0524363 0.00175408
0.0524483 0.00175712
0.0524603 0.00175977
0.0524724 0.0017621
0.054443 0.00180018
0.0544911 0.0018305
0.0545031 0.00185702
0.0545151 0.00188024
0.0562454 0.00187051
0.0562814 0.00185899
0.0562935 0.00185041
0.0563055 0.00184291
0.0578796 0.00181682
0.0579156 0.00179248
0.0579276 0.00177119
0.0595137 0.00175406
0.0595258 0.00174058
0.0595738 0.00173028
0.0595858 0.00172127
0.0614603 0.00174944
0.0614723 0.00177408
0.0614844 0.00179715
0.0615565 0.00182033
0.0615685 0.00184062
0.0633709 0.00184936
0.0633829 0.00185551
0.063443 0.00185938
0.063455 0.00186277
0.0650771 0.00184321
0.0651372 0.00182459
0.0651492 0.0018098
0.0651613 0.00179686
0.0667233 0.00177802
0.0667954 0.00176305
0.0668075 0.00174994
0.0668195 0.00173998
0.0668315 0.00173126
0.068706 0.00176268
0.0687901 0.00179168
0.0688021 0.00181705
0.0688141 0.00183925
0.0688261 0.00185867
0.0688382 0.00187717
0.0705805 0.00187684
0.0706526 0.00187204
0.0706646 0.00186934
0.0706766 0.00186698
0.0706886 0.00186492
0.0722507 0.00184058
0.0723228 0.00181778
0.0723348 0.00179784
0.0723468 0.00178038
0.074005 0.00177713
0.0740171 0.00177578
0.0741132 0.0017776
0.0741252 0.0017792
0.0741372 0.0017806
0.0760958 0.00181937
0.0761679 0.00184879
0.0761799 0.00187453
0.0761919 0.00189706
0.076204 0.00191827
0.0779823 0.0019143
0.0780424 0.00190782
0.0780544 0.00190215
0.0780664 0.00189719
0.0795805 0.00185981
0.0796285 0.00182409
0.0796405 0.00179284
0.0796526 0.001767
0.0813468 0.00176692
0.0814069 0.00176835
0.0814189 0.0017696
0.0814309 0.0017707
0.0814429 0.00177316
0.0834015 0.00180835
0.0834616 0.00183765
0.0834736 0.00186328
0.0834857 0.00188571
0.0851679 0.00187079
0.085228 0.00185623
0.08524 0.0018435
0.085252 0.00183385
0.0868261 0.0018119
0.0868742 0.00178968
0.0868862 0.00177024
0.0884843 0.00175624
0.0884963 0.00174548
0.0885564 0.00173758
0.0885684 0.00173066
0.0904429 0.00175915
0.0904549 0.00178408
0.090515 0.0018059
0.090527 0.00182649
0.0905391 0.00184451
0.0923174 0.00184825
0.0923655 0.00184853
0.0923775 0.00184877
0.0923895 0.00184898
0.0939155 0.00181763
0.0939756 0.00179019
0.0939876 0.00176618
0.0939997 0.00174667
0.0956459 0.00174463
0.0957179 0.00174434
0.09573 0.00174409
0.095742 0.00174386
0.095754 0.00174517
0.0976886 0.00178237
0.0977727 0.00181641
0.0977847 0.0018462
0.0977967 0.00187227
0.0978087 0.00189508
0.0978207 0.00191654
0.099479 0.00190077
0.0995511 0.00188246
0.0995631 0.00186795
0.0995751 0.00185525
0.0995871 0.00184414
0.101101 0.00181639
0.101161 0.00178911
0.101173 0.00176523
0.101185 0.00174434
0.102711 0.00172757
0.102723 0.00171439
0.102783 0.00170286
0.102795 0.00169278
0.102807 0.00168395
0.104634 0.00171377
0.104646 0.00173987
0.104658 0.00176421
0.104718 0.0017855
0.10473 0.00180414
0.104742 0.00182044
0.10658 0.00183621
0.106592 0.0018485
0.106653 0.00185926
0.106665 0.00186868
0.106677 0.00187691
0.108311 0.00185859
0.108383 0.00184255
0.108395 0.00182852
0.108407 0.00181624
0.108419 0.001807
0.109873 0.00177639
0.109933 0.00174809
0.109945 0.00172334
0.109957 0.00170168
0.109969 0.00168273
0.109981 0.00166765
0.111747 0.0016935
0.111819 0.00171763
0.111831 0.00173874
0.111843 0.00175721
0.111855 0.00177337
0.111867 0.00178751
0.113742 0.00181341
0.113814 0.00183456
0.113826 0.00185307
0.113838 0.00186927
0.11385 0.00188344
0.113862 0.00189734
0.115496 0.00187946
0.115556 0.00186082
0.115568 0.0018445
0.11558 0.00183023
0.115592 0.00181774
0.117046 0.00178428
0.117106 0.0017535
0.117118 0.00172657
0.11713 0.001703
0.117142 0.00168388
0.118909 0.00170621
0.118993 0.00172874
0.119005 0.00174847
0.119017 0.00176572
0.119029 0.00178082
0.120891 0.00180605
0.120952 0.00182361
0.120964 0.00183899
0.120976 0.00185394
0.120988 0.00186702
0.122658 0.00185444
0.122718 0.00184192
0.12273 0.00183097
0.122742 0.00182139
0.124208 0.00178748
0.124268 0.0017563
0.12428 0.00173052
0.124292 0.00170796
0.126022 0.00172127
0.126106 0.00173591
0.126118 0.00174873
0.12613 0.00176145
0.126142 0.00177257
0.128077 0.00180784
0.128137 0.0018342
0.128149 0.00185726
0.128161 0.00187744
0.129867 0.00186656
0.129928 0.00185553
0.12994 0.00184739
0.129952 0.00184026
0.131478 0.0018115
0.131526 0.00178332
0.131538 0.00175867
0.133292 0.00176564
0.133304 0.00177324
0.133352 0.00177989
0.133364 0.0017857
0.135287 0.00181182
0.135347 0.00183468
0.135359 0.00185467
0.135371 0.00187367
0.137065 0.00186176
0.137113 0.00184833
0.137125 0.00183658
0.138699 0.00181128
0.138747 0.00178914
0.138759 0.00176977
0.14055 0.00177986
0.140622 0.00179169
0.140634 0.00180204
0.140646 0.0018126
0.142496 0.00182935
0.142544 0.00183949
0.142556 0.00184837
0.144287 0.00184113
0.144335 0.00183478
0.144347 0.00182923
0.145897 0.00180185
0.145945 0.00177638
0.145957 0.0017556
0.147639 0.00175394
0.147711 0.00175549
0.147723 0.00175685
0.147735 0.00175954
0.149706 0.00179794
0.149766 0.00183004
0.149778 0.00185662
0.15152 0.00185135
0.15158 0.00184673
0.151592 0.00184269
0.153142 0.00181512
0.15319 0.0017895
0.154837 0.00177759
0.154849 0.00176868
0.154897 0.00176088
0.156879 0.00179611
0.156891 0.00182693
0.156903 0.00185541
0.156951 0.00188032
0.158742 0.00187809
0.158754 0.00187464
0.158802 0.00187162
0.158814 0.00187047
0.160376 0.00184094
0.160436 0.00181509
0.160448 0.00179248
0.162046 0.00177719
0.162058 0.00176532
0.16213 0.00175644
0.162142 0.00174867
0.164041 0.00177941
0.164053 0.00180632
0.164065 0.00183136
0.164149 0.00185478
0.164161 0.00187527
0.165915 0.00187517
0.165927 0.00187358
0.166 0.00187069
0.166012 0.00186816
0.167574 0.00184192
0.167646 0.00181745
0.167658 0.00179755
0.16767 0.00178013
0.169352 0.00177991
0.169436 0.00178122
0.169448 0.00178236
0.16946 0.00178336
0.169472 0.00178574
0.171419 0.00182087
0.171491 0.0018486
0.171503 0.00187287
0.171515 0.0018941
0.173197 0.00187963
0.173257 0.00186397
0.173269 0.00185026
0.173281 0.00183978
0.174771 0.00180656
0.174831 0.001776
0.174843 0.00174926
0.176634 0.00176341
0.176646 0.0017773
0.176718 0.00179095
0.17673 0.0018029
0.17858 0.00182086
0.17864 0.00183357
0.178652 0.00184469
0.178664 0.00185593
0.180311 0.00184023
0.180371 0.00182498
0.180383 0.00181164
0.181909 0.00178495
0.181921 0.0017631
0.181993 0.00174548
0.182005 0.00173007
0.183831 0.00175413
0.183843 0.00177518
0.183855 0.00179511
0.183927 0.00181254
0.183939 0.00182779
0.185694 0.00183213
0.185706 0.00183442
0.185778 0.00183643
0.18579 0.00183818
0.187352 0.00181568
0.187412 0.00179299
0.187424 0.00177464
0.187436 0.00175859
0.189046 0.00175054
0.189118 0.00174501
0.18913 0.00174017
0.189142 0.00173593
0.189154 0.00173372
0.191017 0.00176333
0.191101 0.00179075
0.191113 0.00181473
0.191125 0.00183572
0.191137 0.00185409
0.191149 0.00187166
0.192903 0.00187351
0.192975 0.00187063
0.192987 0.00186961
0.192999 0.00186872
0.193012 0.00186794
0.19461 0.00184773
0.194682 0.00182855
0.194694 0.00181176
0.194706 0.00179707
0.196364 0.00179173
0.196376 0.00178856
0.19646 0.00178728
0.196472 0.00178617
0.196484 0.00178519
0.198395 0.00181588
0.198467 0.00183973
0.198479 0.0018606
0.198491 0.00187886
0.198503 0.00189633
0.200185 0.00188309
0.200245 0.0018685
0.200257 0.00185573
0.200269 0.00184456
0.201795 0.00181525
0.201855 0.00178811
0.201867 0.00176436
0.201879 0.00174509
0.203526 0.00174324
0.203598 0.00174312
0.20361 0.00174302
0.203622 0.00174293
0.203634 0.00174436
0.205568 0.00178165
0.20564 0.00181429
0.205652 0.00184284
0.205664 0.00186783
0.205676 0.00188969
0.207443 0.00188779
0.207515 0.00188462
0.207527 0.00188185
0.207539 0.00188094
0.207551 0.00188013
0.209017 0.00184187
0.209089 0.0018069
0.209101 0.0017763
0.209113 0.00174952
0.210723 0.00174411
0.210795 0.00173938
0.210807 0.00173675
0.210819 0.00173444
0.210831 0.00173242
0.21279 0.00177421
0.212862 0.00181078
0.212874 0.00184277
0.212886 0.00187227
0.212898 0.00189808
0.21291 0.00192067
0.214616 0.00190889
0.214676 0.00189558
0.214688 0.00188393
0.2147 0.00187374
0.214712 0.00186482
0.216299 0.001842
0.216371 0.00182203
0.216383 0.00180455
0.216395 0.00178926
0.216407 0.00177739
0.217969 0.00176399
0.218053 0.00175377
0.218065 0.00174483
0.218077 0.00173701
0.218089 0.00173016
0.218101 0.00172567
0.219951 0.00175779
0.220048 0.0017874
0.22006 0.00181331
0.220072 0.00183598
0.220084 0.00185581
0.220096 0.00187316
0.221802 0.00187033
0.221886 0.00186484
0.221898 0.00186004
0.22191 0.00185584
0.221922 0.00185366
0.221934 0.00185176
0.223496 0.00183207
0.223568 0.00181184
0.22358 0.00179414
0.223592 0.00177865
0.223604 0.00176509
0.22519 0.00175624
0.225286 0.0017515
0.225298 0.00174734
0.225311 0.00174521
0.225323 0.00174335
0.225335 0.00174172
0.227209 0.00177634
0.227329 0.00180964
0.227341 0.00183877
0.227353 0.00186426
0.227365 0.00188807
0.227377 0.00190891
0.227389 0.00192713
0.229084 0.00192055
0.22918 0.00191029
0.229192 0.00190131
0.229204 0.00189345
0.229216 0.00188657
0.229228 0.00188056
0.230766 0.00185577
0.230838 0.00182957
0.23085 0.00180665
0.230862 0.00178659
0.230874 0.00176904
0.232376 0.00174918
0.232388 0.0017333
0.23246 0.00171941
0.232472 0.00170725
0.232484 0.00169661
0.232496 0.00168731
0.234226 0.0017077
0.234238 0.00172555
0.23425 0.00174266
0.234335 0.00175914
0.234347 0.00177356
0.234359 0.00178618
0.234371 0.00179722
0.236209 0.00182039
0.236221 0.00183917
0.236305 0.0018556
0.236317 0.00186998
0.236329 0.00188256
0.236341 0.00189357
0.237987 0.00187917
0.238072 0.00186507
0.238084 0.00185273
0.238096 0.00184193
0.238108 0.00183248
0.239525 0.00179568
0.239598 0.00176047
0.23961 0.00172966
0.239622 0.00170421
0.239634 0.00168193
0.241316 0.00169549
0.2414 0.00170885
0.241412 0.00172055
0.241424 0.00173078
0.241436 0.00173973
0.241448 0.00174906
0.243383 0.00178878
0.243455 0.00182052
0.243467 0.00184829
0.243479 0.0018726
0.243491 0.00189386
0.245161 0.00187942
0.245221 0.00186379
0.245233 0.00185011
0.245245 0.00183813
0.246723 0.00180363
0.246783 0.00177193
0.246795 0.0017457
0.246807 0.00172275
0.248586 0.00174021
0.248658 0.001757
0.24867 0.00177168
0.248682 0.00178604
0.248694 0.0017986
0.250568 0.0018216
0.250628 0.00183873
0.25064 0.00185371
0.250652 0.00186682
0.25231 0.00185126
0.252371 0.00183614
0.252383 0.00182441
0.252395 0.00181415
0.253981 0.00179616
0.254053 0.00178192
0.254065 0.00176946
0.254077 0.00175856
0.254089 0.00175052
0.255963 0.00177953
0.256047 0.00180642
0.256059 0.00182995
0.256071 0.00185054
0.256083 0.00186855
0.256096 0.00188582
0.257874 0.00188891
0.257946 0.00188711
0.257958 0.00188703
0.25797 0.00188697
0.257982 0.00188691
0.259472 0.00185081
0.259532 0.00181622
0.259544 0.00178596
0.259556 0.00175947
0.261202 0.00175583
0.261214 0.00175414
0.261274 0.00175266
0.261286 0.00175137
0.261298 0.00175023
0.263257 0.0017883
0.263269 0.0018216
0.263281 0.00185224
0.263353 0.00188056
0.263365 0.00190533
0.263377 0.00192701
0.265047 0.00190993
0.265059 0.00189349
0.26512 0.0018776
0.265132 0.00186369
0.265144 0.00185152
0.266718 0.00182886
0.26679 0.00180903
0.266802 0.00179168
0.266814 0.0017765
0.266826 0.00176471
0.268616 0.00178144
0.2687 0.00179758
0.268712 0.0018117
0.268724 0.00182405
0.268736 0.00183486
0.268748 0.00184583
0.270527 0.00185392
0.270599 0.00185649
0.270611 0.00186024
0.270623 0.00186352
0.270635 0.0018664
0.272257 0.00184939
0.272317 0.0018315
0.272329 0.00181584
0.272341 0.00180215
0.273759 0.00176463
0.273771 0.0017333
0.273831 0.00170589
0.273843 0.0016819
0.273855 0.00166092
0.275622 0.00168611
0.275634 0.00170816
0.275646 0.00172895
0.275706 0.00174714
0.275718 0.00176306
0.27573 0.00177699
0.277592 0.0018012
0.277604 0.00182087
0.277664 0.00183809
0.277676 0.00185315
0.277688 0.00186633
0.279334 0.00185083
0.279407 0.00183727
0.279419 0.0018254
0.279431 0.00181501
0.279443 0.00180743
0.280909 0.00177826
0.280969 0.00175124
0.280981 0.00172759
0.280993 0.0017069
0.281005 0.0016888
0.281017 0.00167446
0.282783 0.00169947
0.282855 0.00172285
0.282867 0.0017433
0.282879 0.00176121
0.282891 0.00177687
0.282903 0.00179057
0.28473 0.00181007
0.284802 0.00182564
0.284814 0.00183925
0.284826 0.00185117
0.284838 0.0018631
0.28485 0.00187353
0.286544 0.00186614
0.286604 0.00185667
0.286616 0.00184839
0.286628 0.00184114
0.28664 0.00183479
0.288106 0.0018007
0.288166 0.00176937
0.288178 0.00174196
0.28819 0.00171797
0.288202 0.00169848
0.289897 0.00170997
0.289969 0.00172152
0.289981 0.00173163
0.289993 0.00174048
0.290005 0.00174822
0.291963 0.00178803
0.292023 0.00181987
0.292035 0.00184772
0.292047 0.0018736
0.292059 0.00189624
0.293718 0.0018785
0.293778 0.00186148
0.29379 0.00184658
0.293802 0.00183355
0.295304 0.00180262
0.295352 0.00177255
0.295364 0.00174624
0.295376 0.00172472
0.297202 0.00174645
0.29725 0.00176546
0.297262 0.00178209
0.297274 0.00179664
0.297286 0.00181088
0.299173 0.00183085
0.299233 0.00184832
0.299245 0.00186361
0.299257 0.00187698
0.300927 0.00186165
0.300987 0.00184674
0.300999 0.00183519
0.301011 0.00182508
0.302453 0.0017877
0.302501 0.00175198
0.302513 0.00172074
0.302525 0.0016949
0.304244 0.00170683
0.304304 0.00171878
0.304316 0.00172923
0.304328 0.00173838
0.306274 0.00177492
0.306334 0.00180689
0.306346 0.00183487
0.306358 0.00185935
0.308065 0.00185072
0.308125 0.00184168
0.308137 0.00183377
0.308149 0.00182834
0.309783 0.00181459
0.309831 0.00179954
0.309843 0.00178638
0.311441 0.00177036
0.311453 0.00175784
0.311513 0.00174839
0.311525 0.00174012
0.313424 0.00177044
0.313436 0.00179696
0.313448 0.00182167
0.31352 0.0018448
0.313532 0.00186503
0.315322 0.00186922
0.315334 0.00187138
0.315394 0.00187177
0.315406 0.00187211
0.315418 0.00187391
0.316993 0.00184845
0.317053 0.00182467
0.317065 0.00180386
0.317077 0.00178565
0.318543 0.0017562
0.318615 0.00173194
0.318627 0.00171221
0.318639 0.00169494
0.318651 0.00167984
0.320453 0.00170867
0.320537 0.00173541
0.320549 0.0017588
0.320561 0.00178077
0.320573 0.0018
0.320585 0.00181682
0.322424 0.00183605
0.322496 0.00184986
0.322508 0.00186195
0.32252 0.00187253
0.322532 0.00188179
0.324178 0.00186586
0.32425 0.00185042
0.324262 0.0018369
0.324274 0.00182508
0.324286 0.00181624
0.325716 0.00178146
0.325788 0.00174953
0.3258 0.0017216
0.325812 0.00169715
0.327471 0.0017043
0.327543 0.00171055
0.327555 0.00171753
0.327567 0.00172363
0.327579 0.00172897
0.329525 0.00176969
0.329573 0.00180081
0.329585 0.00182805
0.329597 0.00185188
0.329609 0.00187423
0.331328 0.00186525
0.331364 0.00185439
0.331376 0.00184489
0.331388 0.00183657
0.332974 0.00181277
0.33301 0.00179045
0.333022 0.00177242
0.333034 0.00175664
0.334872 0.00177437
0.334908 0.00178989
0.33492 0.00180347
0.334932 0.00181535
0.334944 0.00182725
0.336759 0.00183466
0.336795 0.00183964
0.336807 0.00184399
0.336819 0.00184781
0.338453 0.00182861
0.338489 0.00181032
0.338501 0.00179431
0.338513 0.0017818
0.340063 0.00176034
0.340099 0.00174157
0.340111 0.00172514
0.340123 0.00171076
0.340135 0.00169969
0.341962 0.00172454
0.34201 0.00174779
0.342022 0.00176814
0.342034 0.00178594
0.342046 0.00180151
0.342058 0.00181664
0.343993 0.0018434
0.344041 0.00186381
0.344053 0.00188317
0.344065 0.00190011
0.344077 0.00191493
0.345747 0.00189485
0.345807 0.00187729
0.345819 0.00186192
0.345831 0.00184847
0.347309 0.00181267
0.347369 0.00177985
0.347381 0.00175262
0.347393 0.00172881
0.349159 0.00174401
0.349232 0.00175882
0.349244 0.00177178
0.349256 0.00178312
0.349268 0.00179454
0.351142 0.00181805
0.351202 0.00183562
0.351214 0.00185099
0.351226 0.00186444
0.352896 0.00185068
0.352956 0.00183713
0.352968 0.00182528
0.352981 0.00181641
0.354495 0.00178913
0.354543 0.00176225
0.354555 0.00173873
0.356333 0.00175119
0.356345 0.0017636
0.356393 0.00177446
0.356405 0.00178396
0.358304 0.00180729
0.358364 0.00182771
0.358376 0.00184557
0.358388 0.0018627
0.360082 0.00185216
0.360142 0.00184143
0.360154 0.00183205
0.361692 0.00180431
0.36174 0.00177854
0.361752 0.00175598
0.363458 0.00175728
0.363507 0.00175841
0.363519 0.00176091
0.363531 0.00176309
0.365465 0.00179354
0.365501 0.00181717
0.365513 0.00183786
0.365525 0.00185746
0.367268 0.00185057
0.367304 0.00184305
0.367316 0.00183647
0.368902 0.00181118
0.368938 0.00178905
0.36895 0.00176969
0.370608 0.00176176
0.370668 0.00175783
0.37068 0.00175439
0.370692 0.00175288
0.372615 0.0017846
0.372699 0.00181537
0.372711 0.00184228
0.372723 0.00186584
0.372735 0.00188795
0.374441 0.00188026
0.374525 0.00187203
0.374537 0.00186482
0.374549 0.00185852
0.376063 0.00182898
0.376147 0.00180162
0.376159 0.00177769
0.376171 0.00175825
0.377745 0.00174874
0.37783 0.00174043
0.377842 0.00173316
0.377854 0.00172679
0.377866 0.00172273
0.379752 0.00175822
0.379848 0.00179078
0.37986 0.00181927
0.379872 0.00184419
0.379884 0.001866
0.379896 0.00188659
0.381651 0.00188808
0.381723 0.00188338
0.381735 0.00188077
0.381747 0.00187848
0.381759 0.00187648
0.383333 0.0018522
0.383405 0.00182945
0.383417 0.00180955
0.383429 0.00179213
0.385039 0.0017814
0.385051 0.00177351
0.385123 0.00176661
0.385135 0.00176057
0.385147 0.00175528
0.387058 0.00178821
0.38707 0.00181702
0.387082 0.00184373
0.387154 0.0018671
0.387166 0.00188755
0.387178 0.00190544
0.38892 0.00190007
0.388932 0.00189387
0.389016 0.00188995
0.389029 0.00188651
0.389041 0.00188351
0.390603 0.00185835
0.390675 0.00183333
0.390687 0.00181144
0.390699 0.00179229
0.390711 0.00177703
0.392201 0.00175466
0.392285 0.0017366
0.392297 0.00172079
0.392309 0.00170696
0.392321 0.00169486
0.392333 0.00168577
0.394135 0.00171687
0.394243 0.00174709
0.394255 0.00177353
0.394267 0.00179666
0.39428 0.0018169
0.394292 0.00183462
0.394304 0.00185162
0.396082 0.00186349
0.396166 0.00186787
0.396178 0.0018717
0.39619 0.00187656
0.396202 0.0018808
0.396214 0.00188452
0.397788 0.00186224
0.39786 0.00183974
0.397872 0.00182005
0.397884 0.00180282
0.397896 0.00178775
0.39941 0.00176705
0.399482 0.00174894
0.399494 0.00173459
0.399506 0.00172204
0.399518 0.00171106
0.39953 0.00170145
0.401369 0.00173359
0.401453 0.00176322
0.401465 0.00178915
0.401477 0.00181333
0.401489 0.00183449
0.401501 0.00185301
0.401513 0.00186922
0.403292 0.00187588
0.403376 0.00187871
0.403388 0.00188269
0.4034 0.00188617
0.403412 0.00188922
0.403424 0.00189188
0.405022 0.00187169
0.405094 0.00185101
0.405106 0.00183292
0.405118 0.00181708
0.40513 0.00180323
0.406548 0.00176858
0.40656 0.00173976
0.406644 0.00171605
0.406656 0.0016953
0.406668 0.00167715
0.40668 0.00166126
0.40841 0.00168641
0.408422 0.00170842
0.408434 0.00172918
0.408518 0.00174734
0.40853 0.00176324
0.408542 0.00177714
0.408555 0.00178931
0.410393 0.00181348
0.410405 0.00183312
0.410477 0.00184881
0.410489 0.00186253
0.410501 0.00187454
0.410513 0.00188505
0.412123 0.00186571
0.412207 0.00184878
0.412219 0.00183397
0.412231 0.00182101
0.412243 0.00180967
0.412255 0.00180125
0.413745 0.00177886
0.41383 0.00175928
0.413842 0.00174214
0.413854 0.00172714
0.413866 0.00171402
0.413878 0.00170253
0.415668 0.00173004
0.41568 0.0017556
0.415776 0.00177948
0.415788 0.00180037
0.4158 0.00181864
0.415812 0.00183464
0.415824 0.00184863
0.417579 0.00185637
0.417663 0.00186014
0.417675 0.00186343
0.417687 0.00186632
0.417699 0.00186884
0.417711 0.00187105
0.419333 0.00185646
0.419417 0.00184219
0.419429 0.00182971
0.419441 0.00181878
0.419453 0.00181073
0.419465 0.00180368
0.420883 0.00177198
0.420955 0.00173973
0.420967 0.00171302
0.420979 0.00168964
0.420991 0.00166919
0.422649 0.00168134
0.422733 0.00169346
0.422745 0.00170408
0.422757 0.00171486
0.422769 0.0017243
0.422781 0.00173256
0.424728 0.00177584
0.4248 0.0018107
0.424812 0.0018412
0.424824 0.0018679
0.424836 0.00189125
0.426506 0.00187714
0.426579 0.00186329
0.426591 0.00185117
0.426603 0.00184207
0.426615 0.00183411
0.428177 0.00181362
0.428237 0.00179269
0.428249 0.00177438
0.428261 0.00175836
0.429979 0.00176386
0.429991 0.00177018
0.430063 0.00177721
0.430075 0.00178336
0.430087 0.00178875
0.431986 0.00181599
0.432058 0.00183832
0.43207 0.00185786
0.432082 0.00187496
0.432094 0.00189142
0.4338 0.0018818
0.43386 0.00187037
0.433872 0.00186037
0.433884 0.00185162
0.43535 0.00181393
0.43541 0.00177944
0.435422 0.00174927
0.435434 0.00172437
0.437141 0.00173262
0.437213 0.00174134
0.437225 0.00174897
0.437237 0.00175565
0.437249 0.001763
0.439183 0.00179796
0.439243 0.00182555
0.439255 0.00184969
0.439267 0.00187082
0.440938 0.00185626
0.440998 0.00184201
0.44101 0.00182955
0.441022 0.00182015
0.44256 0.0017954
0.442608 0.00177074
0.44262 0.00174916
0.444362 0.00175582
0.444374 0.00176314
0.444434 0.00177105
0.444446 0.00177797
0.446405 0.00181107
0.446465 0.00183852
0.446477 0.00186254
0.446489 0.00188507
0.448231 0.00187774
0.448279 0.00186832
0.448291 0.00186008
0.449854 0.00183034
0.449902 0.00180432
0.449914 0.00178155
0.451656 0.00178415
0.451716 0.00178794
0.451728 0.00179275
0.45174 0.00179696
0.453711 0.00182918
0.453759 0.00185437
0.453771 0.00187641
0.455489 0.00186415
0.455537 0.00185343
0.455549 0.00184405
0.457099 0.00181481
0.457147 0.00178772
0.457159 0.00176552
0.458902 0.00177013
0.458962 0.00177567
0.458974 0.00178051
0.458986 0.00178625
0.46098 0.00182282
0.461028 0.00185181
0.46104 0.00187717
0.462771 0.00186632
0.462819 0.00185683
0.462831 0.00184852
0.464405 0.00182173
0.464453 0.00179678
0.464465 0.00177646
0.466147 0.00177219
0.466207 0.00176996
0.466219 0.001768
0.466231 0.0017678
0.468226 0.00180667
0.468286 0.00184068
0.468298 0.00186894
0.470016 0.00185912
0.470076 0.00185053
0.470088 0.00184301
0.471687 0.00182141
0.471735 0.00180101
0.473405 0.00179067
0.473417 0.00178312
0.473465 0.00177652
0.475424 0.00180679
0.475436 0.00183328
0.475448 0.00185795
0.475508 0.00188105
0.477286 0.00187873
0.477298 0.0018752
0.477346 0.0018706
0.477358 0.00186808
0.47898 0.00184635
0.47904 0.00182734
0.479052 0.0018107
0.480578 0.00178413
0.48059 0.00176238
0.480675 0.00174636
0.480687 0.00173233
0.482513 0.00175761
0.482525 0.00177973
0.482633 0.00180209
0.482645 0.00182316
0.482657 0.00184159
0.484412 0.00184871
0.484496 0.00185043
0.484508 0.00185194
0.48452 0.00185325
0.486142 0.00183789
0.486214 0.00182143
0.486226 0.00180854
0.486238 0.00179726
0.487656 0.00176185
0.487728 0.00173087
0.48774 0.00170376
0.487752 0.00168005
0.487764 0.00166079
0.48953 0.0016875
0.489602 0.00171088
0.489614 0.00173133
0.489626 0.00174923
0.489638 0.00176488
0.48965 0.00178009
0.491525 0.00180691
0.491609 0.00182887
0.491621 0.00184959
0.491633 0.00186773
0.491645 0.00188359
0.493291 0.00186894
0.493363 0.00185311
0.493375 0.00183926
0.493387 0.00182714
0.493399 0.00181804
0.494829 0.00178304
0.494889 0.00174941
0.494901 0.00171999
0.494914 0.00169424
0.496632 0.00170776
0.496692 0.00171959
0.496704 0.00173144
0.496716 0.00174181
0.496728 0.00175089
0.498662 0.00178586
0.498735 0.00181647
0.498747 0.00184325
0.498759 0.00186668
0.498771 0.00188868
0.500453 0.0018764
0.500513 0.00186264
0.500525 0.0018506
0.500537 0.00184007
0.502099 0.00181584
0.502159 0.00179313
0.502171 0.00177476
0.502183 0.00175869
0.503853 0.00175814
0.503926 0.00175917
0.503938 0.00176007
0.50395 0.00176085
0.503962 0.00176304
0.505884 0.0017965
0.505944 0.00182277
0.505956 0.00184576
0.505968 0.00186587
0.507674 0.00185643
0.507735 0.00184667
0.507747 0.00183814
0.507759 0.00183217
0.509309 0.00180742
0.509357 0.00178276
0.509369 0.00176118
0.511003 0.00175282
0.511015 0.001747
0.511075 0.00174341
0.511087 0.00174027
0.512986 0.00177056
0.512998 0.00179707
0.51301 0.00182177
0.513082 0.00184488
0.513094 0.0018651
0.514836 0.00186327
0.514848 0.00186017
0.514908 0.00185595
0.51492 0.00185226
0.51647 0.001825
0.51653 0.00179964
0.516542 0.00177896
0.516554 0.00176086
0.518128 0.00174803
0.518201 0.0017383
0.518213 0.00172979
0.518225 0.00172235
0.518237 0.00171733
0.520135 0.0017535
0.520219 0.00178665
0.520231 0.00181565
0.520243 0.00184103
0.520255 0.00186324
0.520267 0.00188417
0.521986 0.00187996
0.522058 0.00187177
0.52207 0.0018661
0.522082 0.00186114
0.522094 0.0018568
0.523656 0.00183348
0.523716 0.00181007
0.523728 0.00178958
0.52374 0.00177166
0.52541 0.00176949
0.525422 0.0017691
0.525494 0.00177026
0.525506 0.00177127
0.525518 0.00177216
0.527453 0.00180598
0.527489 0.00182956
0.527501 0.0018502
0.527513 0.00186825
0.527525 0.00188556
0.529243 0.00187366
0.529279 0.00186175
0.529291 0.00185132
0.529303 0.0018422
0.530841 0.00181169
0.530877 0.0017835
0.530889 0.00175882
0.530901 0.00173874
0.532668 0.0017497
0.532704 0.00175929
0.532716 0.00176768
0.532728 0.00177502
0.53274 0.00178295
0.534662 0.00180941
0.53471 0.00183257
0.534723 0.00185283
0.534735 0.00187056
0.536381 0.00185152
0.536429 0.00183337
0.536441 0.00181748
0.536453 0.00180508
0.538063 0.00178973
0.538111 0.00177629
0.538123 0.00176453
0.538135 0.00175424
0.538147 0.00174675
0.540046 0.00177623
0.540094 0.00180203
0.540106 0.00182461
0.540118 0.00184436
0.54013 0.00186165
0.54186 0.00185574
0.541908 0.00184907
0.54192 0.00184324
0.541932 0.00183964
0.541944 0.00183648
0.54347 0.00180819
0.54353 0.00178343
0.543542 0.00176177
0.543554 0.00174282
0.545116 0.00173074
0.545128 0.00172167
0.545212 0.00171674
0.545224 0.00171243
0.545237 0.00170866
0.547111 0.00174441
0.547123 0.00177569
0.547219 0.00180456
0.547231 0.00183133
0.547243 0.00185475
0.547255 0.00187524
0.548973 0.00187364
0.549046 0.00186774
0.549058 0.00186258
0.54907 0.00185806
0.549082 0.0018541
0.55062 0.00182811
0.550692 0.00180387
0.550704 0.00178266
0.550716 0.0017641
0.550728 0.00174936
0.552302 0.00174097
0.552374 0.00173363
0.552386 0.0017272
0.552398 0.00172158
0.55241 0.00171667
0.552422 0.00171386
0.554285 0.00174746
0.554357 0.00177686
0.554369 0.00180258
0.554381 0.00182509
0.554393 0.00184478
0.554405 0.00186201
0.556123 0.00185907
0.556207 0.00185649
0.556219 0.00185423
0.556231 0.00185226
0.556243 0.00185053
0.556255 0.00185052
0.557793 0.00182798
0.557865 0.00180376
0.557877 0.00178406
0.557889 0.00176683
0.557901 0.00175175
0.559475 0.00174306
0.55956 0.00173696
0.559572 0.00173162
0.559584 0.00172845
0.559596 0.00172568
0.559608 0.00172325
0.56147 0.00175718
0.561566 0.00178836
0.561578 0.00181565
0.56159 0.00183953
0.561602 0.00186192
0.561614 0.00188152
0.561626 0.00189866
0.563297 0.00188963
0.563381 0.00187723
0.563393 0.00186787
0.563405 0.00185969
0.563417 0.00185253
0.563429 0.00184626
0.564955 0.00182275
0.565027 0.00179918
0.565039 0.00177856
0.565051 0.00176051
0.565063 0.00174471
0.566673 0.00174141
0.566757 0.00174002
0.566769 0.00174031
0.566781 0.00174056
0.566793 0.00174078
0.566805 0.00174097
0.568644 0.00176968
0.56874 0.0017963
0.568752 0.00181959
0.568764 0.00184147
0.568776 0.00186062
0.568788 0.00187737
0.5688 0.00189203
0.570458 0.00188233
0.570542 0.00187084
0.570554 0.00186078
0.570566 0.00185198
0.570578 0.00184428
0.57059 0.00183754
0.572092 0.00181212
0.572164 0.00178687
0.572176 0.00176478
0.572188 0.00174545
0.5722 0.00172854
0.573811 0.00172726
0.573823 0.00172764
0.573895 0.00172797
0.573907 0.00172826
0.573919 0.00172852
0.573931 0.00172874
0.575793 0.00176048
0.575805 0.00178825
0.575817 0.00181405
0.575889 0.00183662
0.575901 0.00185638
0.575913 0.00187366
0.575925 0.00188879
0.57762 0.00188099
0.577632 0.00187267
0.577704 0.00186539
0.577716 0.00185901
0.577728 0.00185344
0.57774 0.00184856
0.579302 0.00182777
0.579386 0.00180958
0.579398 0.00179366
0.57941 0.00177973
0.579422 0.00176754
0.579434 0.00175838
0.581056 0.00175788
0.581152 0.00175894
0.581164 0.00175986
0.581176 0.00176067
0.581188 0.00176138
0.5812 0.001762
0.583027 0.00178808
0.583111 0.00180789
0.583123 0.00182523
0.583135 0.0018404
0.583147 0.00185367
0.583159 0.00186679
0.584817 0.00185724
0.584889 0.00184438
0.584901 0.00183462
0.584913 0.00182609
0.584925 0.00181862
0.586415 0.00179106
0.586475 0.00176394
0.586487 0.00174021
0.586499 0.00171944
0.58829 0.00173882
0.588302 0.00175728
0.588362 0.00177344
0.588374 0.00178757
0.588386 0.00179994
0.590272 0.00182278
0.590333 0.00184126
0.590345 0.00185743
0.590357 0.00187158
0.590369 0.00188546
0.591943 0.00185855
0.592003 0.00183351
0.592015 0.0018116
0.592027 0.00179242
0.593625 0.00177865
0.593697 0.0017681
0.593709 0.00176037
0.593721 0.00175361
0.593733 0.00174769
0.595644 0.00178156
0.595728 0.00181271
0.59574 0.00183996
0.595752 0.0018638
0.595764 0.00188616
0.595776 0.00190573
0.597482 0.00189732
0.597554 0.00188696
0.597566 0.00187789
0.597578 0.00186995
0.59759 0.00186301
0.599128 0.00183591
0.5992 0.00181069
0.599212 0.00178863
0.599224 0.00176932
0.600678 0.00174191
0.60069 0.00171943
0.600774 0.00170126
0.600786 0.00168537
0.600798 0.00167146
0.602565 0.00169834
0.602577 0.00172186
0.602589 0.00174394
0.602685 0.00176477
0.602697 0.00178299
0.602709 0.00179893
0.604523 0.00181889
0.604535 0.00183486
0.604632 0.00184882
0.604644 0.00186104
0.604656 0.00187174
0.606242 0.00185256
0.606314 0.00183126
0.606326 0.00181264
0.606338 0.00179634
0.60635 0.00178358
0.607864 0.0017634
0.607948 0.00174725
0.60796 0.00173311
0.607972 0.00172075
0.607984 0.00170992
0.607996 0.00170196
0.609798 0.00173103
0.609895 0.00175798
0.609907 0.00178155
0.609919 0.00180218
0.609931 0.00182023
0.609943 0.00183603
0.611685 0.00184234
0.611769 0.00184485
0.611781 0.00184706
0.611793 0.00184898
0.611805 0.00185217
0.611817 0.00185496
0.613367 0.00183337
0.613439 0.00181148
0.613451 0.00179232
0.613463 0.00177555
0.613475 0.00176088
0.615037 0.00174955
0.615122 0.00174114
0.615134 0.00173377
0.615146 0.00172883
0.615158 0.00172451
0.61517 0.00172073
0.617008 0.00175196
0.617104 0.0017808
0.617116 0.00180603
0.617128 0.00182811
0.61714 0.00184892
0.617152 0.00186714
0.617164 0.00188308
0.618895 0.00188351
0.618979 0.00187938
0.618991 0.00187726
0.619003 0.00187542
0.619015 0.0018738
0.619027 0.00187238
0.620589 0.00185012
0.620661 0.00182763
0.620673 0.00180795
0.620685 0.00179074
0.620697 0.00177567
0.622355 0.00177451
0.622367 0.00177499
0.622451 0.00177691
0.622463 0.0017786
0.622475 0.00178007
0.622487 0.00178136
0.62435 0.00180802
0.62441 0.00182684
0.624422 0.00184331
0.624434 0.00185772
0.624446 0.00187033
0.62614 0.00186034
0.626176 0.00184709
0.626188 0.00183549
0.6262 0.00182685
0.626212 0.00181929
0.627762 0.00179465
0.627798 0.00177158
0.62781 0.0017514
0.627822 0.00173375
0.629589 0.00174533
0.629637 0.00175697
0.629649 0.00176866
0.629661 0.00177888
0.629673 0.00178783
0.631487 0.00180167
0.631535 0.00181227
0.631547 0.00182155
0.631559 0.00182967
0.633218 0.00181725
0.633278 0.00180638
0.63329 0.00179837
0.633302 0.00179137
0.634744 0.0017582
0.634816 0.00173068
0.634828 0.0017066
0.63484 0.00168703
0.634852 0.00166991
0.636618 0.00169548
0.636702 0.00171936
0.636714 0.00174026
0.636726 0.00175854
0.636738 0.00177453
0.63675 0.00179003
0.638565 0.0018096
0.638637 0.00182222
0.638649 0.00183476
0.638661 0.00184574
0.638673 0.00185534
0.640319 0.00184271
0.640391 0.00183016
0.640403 0.00181918
0.640415 0.00180957
0.641857 0.00177563
0.641917 0.00174293
0.641929 0.00171582
0.641941 0.00169209
0.643684 0.00170889
0.643756 0.00172508
0.643768 0.00173925
0.64378 0.00175315
0.643792 0.00176532
0.645678 0.00179398
0.64575 0.00181756
0.645762 0.0018382
0.645774 0.00185625
0.647469 0.00184802
0.647529 0.00183781
0.647541 0.00183038
0.647553 0.00182388
0.649079 0.00179716
0.649139 0.00177228
0.649151 0.00175051
0.649163 0.00173296
0.650929 0.00174765
0.651001 0.00176201
0.651013 0.00177456
0.651025 0.00178555
0.652888 0.00180718
0.652948 0.00182311
0.65296 0.00183854
0.652972 0.00185205
0.654618 0.00183683
0.654678 0.00182201
0.65469 0.00180905
0.654702 0.0017992
0.65618 0.00176956
0.656252 0.00174513
0.656264 0.00172375
0.656276 0.00170504
0.656288 0.00169017
0.658103 0.00171922
0.658187 0.00174614
0.658199 0.0017697
0.658211 0.00179031
0.658223 0.00180834
0.660049 0.00182562
0.660121 0.00183774
0.660134 0.00184834
0.660146 0.00185912
0.660158 0.00186855
0.66178 0.00185127
0.661852 0.00183465
0.661864 0.0018201
0.661876 0.00180737
0.663306 0.00177221
0.663318 0.00174294
0.663402 0.00171883
0.663414 0.00169773
0.663426 0.00167927
0.66512 0.00169616
0.665132 0.00171095
0.665216 0.00172388
0.665228 0.0017367
0.66524 0.00174791
0.665252 0.00175773
0.667127 0.00178885
0.667211 0.00181457
0.667223 0.00183708
0.667235 0.00185678
0.667247 0.00187401
0.668905 0.00186206
0.668977 0.00184859
0.668989 0.00183681
0.669001 0.0018265
0.669013 0.00181898
0.670575 0.00180039
0.670635 0.00178111
0.670648 0.00176425
0.67066 0.00174949
0.672342 0.0017516
0.672402 0.00175344
0.672414 0.00175656
0.672426 0.00175928
0.672438 0.00176167
0.674384 0.0017968
0.674421 0.00182303
0.674433 0.00184599
0.674445 0.00186607
0.676187 0.00185811
0.676223 0.00184965
0.676235 0.00184374
0.676247 0.00183857
0.677869 0.00181903
0.677905 0.00180043
0.677917 0.00178415
0.677929 0.00177141
0.679491 0.00175276
0.679527 0.00173643
0.679539 0.00172215
0.679551 0.00170965
0.68139 0.00173326
0.681402 0.00175542
0.68145 0.00177631
0.681462 0.00179459
0.681474 0.00181059
0.683384 0.00183359
0.683421 0.00185072
0.683433 0.00186571
0.683445 0.00187882
0.683457 0.0018918
0.685139 0.00187462
0.685175 0.00185808
0.685187 0.00184361
0.685199 0.00183095
0.686689 0.00179584
0.686737 0.00176511
0.686749 0.00173823
0.686761 0.00171621
0.688539 0.00173299
0.688587 0.00174768
0.688599 0.00176052
0.688611 0.00177177
0.688623 0.00178311
0.69051 0.00180654
0.690558 0.00182555
0.69057 0.00184218
0.690582 0.00185674
0.692228 0.00183943
0.692288 0.00182429
0.6923 0.00181254
0.692312 0.00180226
0.693754 0.00176773
0.693826 0.00173902
0.693838 0.0017139
0.69385 0.00169342
0.693862 0.0016755
0.695617 0.00169887
0.695689 0.00171932
0.695701 0.00173721
0.695713 0.00175287
0.695725 0.00176657
0.695737 0.00178006
0.697659 0.00181289
0.697732 0.00184012
0.697744 0.00186394
0.697756 0.00188479
0.697768 0.00190303
0.699414 0.00188444
0.699474 0.00186517
0.699486 0.00184831
0.699498 0.00183356
0.69951 0.00182216
0.701 0.00179265
0.70106 0.00176533
0.701072 0.00174143
0.701084 0.00172051
0.702874 0.00173976
0.702959 0.0017596
0.702971 0.00177847
0.702983 0.00179498
0.702995 0.00180942
0.704893 0.00183558
0.704953 0.00185396
0.704965 0.00187005
0.704977 0.00188412
0.704989 0.00189794
0.706671 0.00188299
0.706732 0.00186841
0.706744 0.00185565
0.706756 0.00184449
0.708306 0.0018182
0.708366 0.00179369
0.708378 0.00177375
0.70839 0.00175631
0.710144 0.00176657
0.710228 0.00177856
0.71024 0.00178905
0.710252 0.00179823
0.710264 0.00180776
0.712151 0.00183262
0.712211 0.00184987
0.712223 0.00186497
0.712235 0.00187817
0.713917 0.0018642
0.713977 0.00185046
0.713989 0.00183995
0.714001 0.00183075
0.715599 0.00181219
0.715647 0.00179294
0.715659 0.0017761
0.717462 0.00178689
0.717474 0.00179784
0.717522 0.00180742
0.717534 0.00181581
0.71936 0.00182615
0.71942 0.00183519
0.719432 0.00184311
0.719444 0.00185154
0.721151 0.00184389
0.721199 0.0018342
0.721211 0.00182572
0.722761 0.00179877
0.722809 0.00177519
0.722821 0.00175456
0.724539 0.00175754
0.724599 0.00176164
0.724611 0.00176523
0.724623 0.00176988
0.726534 0.00179798
0.726582 0.00181956
0.726594 0.00183844
0.728288 0.00182793
0.728336 0.00181873
0.728348 0.00181068
0.72991 0.00178711
0.729958 0.00176499
0.72997 0.00174714
0.731665 0.00174804
0.731737 0.00175183
0.731749 0.00175515
0.731761 0.00175955
0.733659 0.00178894
0.733707 0.00181014
0.733719 0.0018287
0.73545 0.00182391
0.735498 0.00181972
0.73551 0.00181605
0.737072 0.00179182
0.73712 0.00176911
0.737132 0.00175074
0.738838 0.00175269
0.738898 0.0017559
0.73891 0.00175871
0.740821 0.0017867
0.740869 0.00180969
0.740881 0.0018298
0.742623 0.00182638
0.742671 0.00182188
0.742683 0.00181944
0.744233 0.00179328
0.744282 0.00176889
0.744294 0.00174904
0.74588 0.00173619
0.745928 0.00172494
0.74594 0.00171509
0.747874 0.00175004
0.747886 0.00178212
0.747934 0.00181019
0.747946 0.00183475
0.749785 0.00184422
0.749845 0.00185251
0.749857 0.00185976
0.749869 0.00186761
0.751455 0.00184294
0.751503 0.00181834
0.751515 0.00179682
0.753029 0.00176898
0.753041 0.00174612
0.753089 0.00172612
0.753101 0.00170862
0.75494 0.00173386
0.754952 0.00175595
0.754964 0.00177677
0.755012 0.00179499
0.755024 0.00181094
0.75691 0.0018309
0.756922 0.00184686
0.75697 0.00186083
0.756982 0.00187305
0.758641 0.00185521
0.758701 0.00183959
0.758713 0.00182744
0.758725 0.00181679
0.760323 0.00179998
0.760407 0.00178826
0.760419 0.00177801
0.760431 0.00176904
0.760443 0.0017627
0.762306 0.00179019
0.762414 0.00181725
0.762426 0.00184093
0.762438 0.00186165
0.76245 0.00187977
0.762462 0.00189714
0.764096 0.00188379
0.76418 0.00186611
0.764192 0.00185214
0.764204 0.00183991
0.764216 0.00182921
0.765766 0.00180934
0.765826 0.00178744
0.765838 0.00176829
0.76585 0.00175152
0.767617 0.00176389
0.767629 0.00177621
0.767689 0.00178699
0.767701 0.00179643
0.767713 0.00180469
0.769563 0.00182242
0.769635 0.00183794
0.769647 0.00185152
0.769659 0.00186491
0.769671 0.00187662
0.77133 0.00186284
0.77139 0.00184777
0.771402 0.00183459
0.771414 0.00182306
0.77288 0.00178893
0.77294 0.00175757
0.772952 0.00173163
0.772964 0.00170894
0.774718 0.00172513
0.77479 0.00174079
0.774802 0.0017545
0.774814 0.001768
0.774826 0.00177981
0.776725 0.00180817
0.776785 0.00182997
0.776797 0.00184906
0.776809 0.00186575
0.778503 0.00185483
0.778563 0.00184527
0.778575 0.00183691
0.778587 0.00182959
0.780065 0.00179615
0.780113 0.00176389
0.780125 0.00173566
0.780137 0.00171246
0.781796 0.00171469
0.781844 0.00171664
0.781856 0.00171835
0.781868 0.00171984
0.78188 0.00172265
0.783838 0.00176266
0.783898 0.00179917
0.78391 0.00183111
0.783922 0.00185907
0.783934 0.00188352
0.783946 0.00190643
0.785665 0.00189643
0.785725 0.00188617
0.785737 0.0018772
0.785749 0.00186936
0.785761 0.00186249
0.787287 0.00183245
0.787347 0.00180466
0.787359 0.00178034
0.787371 0.00175907
0.787383 0.00174195
0.789077 0.00174801
0.789149 0.00175481
0.789161 0.00176076
0.789173 0.00176596
0.789185 0.00177051
0.789197 0.001776
0.791156 0.00181385
0.791216 0.00184246
0.791228 0.00186899
0.79124 0.00189221
0.791252 0.00191252
0.792946 0.00189726
0.793006 0.0018824
0.793018 0.00186939
0.79303 0.00185801
0.794544 0.00182553
0.794593 0.0017941
0.794605 0.0017681
0.794617 0.00174535
0.796347 0.00175248
0.796395 0.00175872
0.796407 0.00176418
0.796419 0.00176896
0.796431 0.00177464
0.798426 0.00181266
0.798486 0.00184592
0.798498 0.00187502
0.79851 0.00190049
0.800216 0.00188673
0.800264 0.00187168
0.800276 0.00185851
0.800288 0.00184849
0.801862 0.00182321
0.80191 0.00179958
0.801922 0.0017789
0.803701 0.00178634
0.803713 0.00179436
0.803785 0.00180438
0.803797 0.00181314
0.805671 0.00183283
0.805719 0.00184554
0.805731 0.00185667
0.805743 0.00186791
0.807414 0.00185221
0.807462 0.00183697
0.807474 0.00182364
0.809072 0.00180296
0.809084 0.00178637
0.809156 0.00177485
0.809168 0.00176478
0.811066 0.00179351
0.811078 0.00181865
0.811175 0.00184366
0.811187 0.00186704
0.811199 0.0018875
0.812929 0.00188437
0.813001 0.00187713
0.813013 0.00187079
0.813025 0.00186524
0.814539 0.00183336
0.814599 0.00180245
0.814611 0.00177691
0.814623 0.00175456
0.816342 0.00176054
0.816414 0.00176727
0.816426 0.00177317
0.816438 0.00177832
0.81645 0.00178433
0.818372 0.00181513
0.818432 0.00183907
0.818444 0.00186002
0.818456 0.00187835
0.820151 0.00186585
0.820211 0.00185342
0.820223 0.00184253
0.820235 0.00183451
0.821677 0.00179595
0.821725 0.00175921
0.821737 0.00172706
0.823323 0.00171695
0.823335 0.0017096
0.823395 0.00170468
0.823407 0.00170037
0.825329 0.00173866
0.825341 0.00177216
0.825354 0.00180298
0.825426 0.00183144
0.825438 0.00185635
0.827192 0.00185711
0.827204 0.00185628
0.827264 0.00185405
0.827276 0.0018521
0.828802 0.00182186
0.828862 0.00179389
0.828874 0.00176942
0.828886 0.00174951
0.830604 0.00175612
0.830677 0.00176341
0.830689 0.00176978
0.830701 0.00177536
0.830713 0.00178174
0.832647 0.00181437
0.832707 0.00183991
0.832719 0.00186225
0.832731 0.00188181
0.834414 0.00186737
0.834474 0.00185324
0.834486 0.00184088
0.834498 0.00183156
0.835988 0.00179938
0.836036 0.00176822
0.836048 0.00174095
0.83767 0.00173361
0.837682 0.00172869
0.837742 0.00172589
0.837754 0.00172343
0.839701 0.00176184
0.839713 0.00179545
0.839725 0.00182636
0.839797 0.0018549
0.839809 0.00187988
0.841539 0.0018747
0.841551 0.00186867
0.841611 0.00186189
0.841623 0.00185595
0.843245 0.00183724
0.843305 0.00181937
0.843317 0.00180523
0.843329 0.00179286
0.844855 0.00177002
0.844928 0.00175154
0.84494 0.00173536
0.844952 0.00172121
0.844964 0.00171033
0.846802 0.00173987
0.846886 0.00176721
0.846898 0.00179113
0.84691 0.00181207
0.846922 0.00183038
0.846934 0.00184791
0.848689 0.00185274
0.848761 0.00185245
0.848773 0.00185371
0.848785 0.0018548
0.848797 0.00185576
0.850335 0.00182956
0.850395 0.00180364
0.850407 0.00178095
0.850419 0.0017611
0.852029 0.00175275
0.852041 0.00174694
0.852113 0.00174336
0.852125 0.00174022
0.852137 0.00173748
0.85406 0.00177413
0.854072 0.0018062
0.854084 0.00183577
0.854168 0.00186314
0.85418 0.00188709
0.854192 0.00190804
0.85591 0.00190084
0.855922 0.00189304
0.855994 0.00188472
0.856006 0.00187743
0.856018 0.00187106
0.85764 0.00185346
0.857713 0.00183657
0.857725 0.00182178
0.857737 0.00180884
0.857749 0.00179903
0.859215 0.00177091
0.859299 0.00174781
0.859311 0.0017276
0.859323 0.00170991
0.859335 0.00169443
0.859347 0.0016824
0.861089 0.00170641
0.861173 0.00172742
0.861185 0.0017458
0.861197 0.00176189
0.861209 0.00177596
0.861221 0.00178828
0.861233 0.00180056
0.862988 0.00181281
0.863072 0.00182052
0.863084 0.00182726
0.863096 0.00183467
0.863108 0.00184115
0.86312 0.00184682
0.864694 0.00182925
0.864766 0.00181087
0.864778 0.00179479
0.86479 0.00178072
0.864802 0.00176841
0.866244 0.00174112
0.866328 0.00171874
0.86634 0.00170066
0.866352 0.00168484
0.866364 0.00167099
0.866376 0.00165888
0.868142 0.00168884
0.868239 0.00171655
0.868251 0.0017408
0.868263 0.00176352
0.868275 0.0017834
0.868287 0.00180079
0.868299 0.00181601
0.870173 0.00184285
0.870257 0.00186333
0.870269 0.00188124
0.870281 0.00189692
0.870293 0.00191064
0.870305 0.00192264
0.871891 0.0018971
0.871964 0.00187174
0.871976 0.00184956
0.871988 0.00183014
0.872 0.00181316
0.873478 0.00178478
0.87349 0.00176144
0.873574 0.00174253
0.873586 0.00172598
0.873598 0.0017115
0.87361 0.00169883
0.875388 0.0017253
0.8754 0.00174845
0.875412 0.00177021
0.875508 0.00179076
0.87552 0.00180874
0.875532 0.00182447
0.875544 0.00183823
0.877335 0.00185177
0.877347 0.00186212
0.877431 0.00186968
0.877443 0.00187629
0.877455 0.00188207
0.877467 0.00188713
0.879101 0.00187203
0.879173 0.00185582
0.879185 0.00184163
0.879197 0.00182922
0.879209 0.00181836
0.879221 0.00181035
0.880651 0.00177782
0.880735 0.00174785
0.880747 0.00172312
0.880759 0.00170149
0.880771 0.00168256
0.882502 0.00170355
0.88261 0.00172492
0.882622 0.00174361
0.882634 0.00176147
0.882646 0.0017771
0.882658 0.00179078
0.884508 0.00181777
0.884592 0.00183687
0.884604 0.00185359
0.884616 0.00186822
0.884628 0.00188102
0.886251 0.00186368
0.886323 0.00184551
0.886335 0.0018296
0.886347 0.00181719
0.886359 0.00180633
0.887897 0.00178631
0.887957 0.00176729
0.887969 0.00175066
0.887981 0.00173609
0.887993 0.00172486
0.888005 0.00171502
0.889747 0.00173195
0.889831 0.00174977
0.889843 0.00176536
0.889855 0.001779
0.889867 0.00179094
0.889879 0.00180138
0.889891 0.00181202
0.89167 0.00182584
0.891742 0.00183342
0.891754 0.00184006
0.891766 0.00184737
0.891778 0.00185376
0.89179 0.00185936
0.893376 0.00184022
0.893436 0.00182047
0.893448 0.00180319
0.89346 0.00178807
0.893472 0.00177484
0.89507 0.00176477
0.89513 0.00175596
0.895142 0.00174974
0.895154 0.00174431
0.895166 0.00173956
0.895178 0.00173539
0.897065 0.0017678
0.897137 0.00179766
0.897149 0.00182379
0.897161 0.00184815
0.897173 0.00186946
0.897185 0.00188812
0.897197 0.00190444
0.898915 0.00189769
0.898988 0.00189029
0.899 0.0018838
0.899012 0.00187813
0.899024 0.00187317
0.899036 0.00186883
0.900622 0.00184851
0.900694 0.00182923
0.900706 0.00181236
0.900718 0.00179759
0.90073 0.00178468
0.900742 0.00177488
0.902268 0.00175879
0.902352 0.00174622
0.902364 0.00173522
0.902376 0.00172559
0.902388 0.00171717
0.9024 0.0017098
0.904251 0.0017439
0.904263 0.00177524
0.904359 0.00180417
0.904371 0.00182949
0.904383 0.00185163
0.904395 0.00187101
0.904407 0.00188797
0.906209 0.0018968
0.906293 0.00190152
0.906305 0.00190565
0.906317 0.00190927
0.906329 0.00191243
0.906341 0.0019152
0.907891 0.00188608
0.907964 0.00185759
0.907976 0.00183267
0.907988 0.00181086
0.908 0.00179178
0.908012 0.00177659
0.909526 0.00175878
0.90961 0.00174471
0.909622 0.00173239
0.909634 0.00172162
0.909646 0.00171219
0.909658 0.00170394
0.90967 0.00169822
0.911472 0.00172927
0.911568 0.00175793
0.91158 0.00178302
0.911592 0.00180497
0.911604 0.00182417
0.911616 0.00184098
0.911628 0.00185568
0.913359 0.00185953
0.913443 0.0018599
0.913455 0.00186022
0.913467 0.00186051
0.913479 0.00186075
0.913491 0.00186097
0.913503 0.00186266
0.915089 0.00184611
0.915161 0.00182713
0.915173 0.00181052
0.915185 0.00179749
0.915197 0.00178609
0.915209 0.00177611
0.916615 0.00174485
0.916687 0.0017175
0.916699 0.00169356
0.916711 0.00167262
0.916723 0.0016558
0.916735 0.00164108
0.916747 0.0016282
0.918453 0.00165448
0.918526 0.00167748
0.918538 0.0016976
0.91855 0.0017152
0.918562 0.00173061
0.918574 0.00174409
0.918586 0.00175738
0.918598 0.00176902
0.920484 0.00180173
0.920556 0.00182735
0.920568 0.00184976
0.92058 0.00186937
0.920592 0.00188804
0.920604 0.00190437
0.920616 0.00191866
0.922239 0.00189812
0.922323 0.00187864
0.922335 0.0018631
0.922347 0.00184951
0.922359 0.00183761
0.922371 0.0018272
0.923861 0.00180157
0.923933 0.00177614
0.923945 0.00175389
0.923957 0.00173442
0.923969 0.00171738
0.925699 0.00173251
0.925783 0.00174726
0.925795 0.00176166
0.925807 0.00177426
0.925819 0.00178529
0.925831 0.00179494
0.927706 0.0018214
0.927778 0.00184156
0.92779 0.00185919
0.927802 0.00187462
0.927814 0.00188813
0.927826 0.00190144
0.929472 0.00188455
0.929544 0.00186828
0.929556 0.00185403
0.929568 0.00184157
0.92958 0.00183066
0.93101 0.00179409
0.93107 0.00175908
0.931082 0.00172844
0.931094 0.00170164
0.931106 0.00167969
0.932753 0.00168752
0.932837 0.00169737
0.932849 0.00170599
0.932861 0.00171354
0.932873 0.00172014
0.934819 0.00176346
0.934831 0.00180288
0.934915 0.00183736
0.934927 0.00186453
0.934939 0.00188981
0.936634 0.00188039
0.936646 0.00187214
0.936718 0.00186342
0.93673 0.00185429
0.938328 0.00183429
0.93834 0.00181678
0.938352 0.00180297
0.938412 0.00178938
0.94025 0.00180603
0.940263 0.00182059
0.940275 0.00183334
0.940335 0.00184449
0.942161 0.00185275
0.942173 0.00185847
0.942185 0.00186498
0.942257 0.00187217
0.943927 0.00185895
0.943939 0.00184587
0.943999 0.00183293
0.944012 0.0018231
0.945441 0.00178447
0.945501 0.00174916
0.945514 0.00171826
0.94722 0.00172577
0.947232 0.00173385
0.947304 0.00174242
0.947316 0.00174991
0.949287 0.00178952
0.949347 0.00182117
0.949359 0.00184886
0.949371 0.0018746
0.951077 0.00186407
0.951137 0.00185336
0.951149 0.00184398
0.952675 0.00181325
0.952723 0.00178486
0.952735 0.00176001
0.954453 0.00176231
0.954501 0.00176431
0.954513 0.00176757
0.954526 0.00177042
0.95652 0.00180746
0.95658 0.00183987
0.956592 0.00186823
0.958311 0.0018585
0.958359 0.00184848
0.958371 0.00183972
0.959969 0.00181703
0.960017 0.00179568
0.960029 0.00177849
0.961735 0.00177697
0.961807 0.00177865
0.961819 0.00178012
0.961831 0.0017829
0.963766 0.00181388
0.963814 0.00183647
0.963826 0.00185624
0.965592 0.00185252
0.96564 0.00184926
0.965652 0.0018464
0.967262 0.00182438
0.967311 0.00180361
0.967323 0.00178693
0.968945 0.00177385
0.969005 0.0017639
0.969017 0.00175519
0.969029 0.00174908
0.970963 0.00178278
0.971023 0.00181227
0.971035 0.00183807
0.971048 0.00186064
0.97279 0.00185637
0.97285 0.00185112
0.972862 0.00184804
0.972874 0.00184534
0.974436 0.00182044
0.974496 0.00179716
0.974508 0.00177679
0.976058 0.00175746
0.97607 0.00174205
0.97613 0.00172856
0.976142 0.00171676
0.977969 0.00174099
0.977981 0.00176218
0.977993 0.00178223
0.978053 0.00179977
0.978065 0.00181512
0.979891 0.00182855
0.979903 0.00183879
0.979975 0.00184926
0.979987 0.00185843
0.98161 0.00184091
0.98167 0.00182258
0.981682 0.00180804
0.981694 0.00179532
0.98322 0.00177217
0.983304 0.00175492
0.983316 0.00173983
0.983328 0.00172812
0.98334 0.00171788
0.98519 0.00174947
0.985298 0.00178012
0.98531 0.00180694
0.985323 0.0018304
0.985335 0.00185093
0.985347 0.0018704
0.987077 0.00187241
0.987161 0.00186967
0.987173 0.00186727
0.987185 0.00186517
0.987197 0.00186333
0.988735 0.00183769
0.988807 0.00181225
0.988819 0.00178999
0.988831 0.00177051
0.988843 0.00175497
0.990537 0.0017609
0.99061 0.00176609
0.990622 0.00177063
0.990634 0.0017746
0.990646 0.00177807
0.992532 0.00180514
0.992604 0.00182733
0.992616 0.00184674
0.992628 0.00186523
0.99264 0.00188141
0.994262 0.00186252
0.994322 0.00184299
0.994335 0.0018259
0.994347 0.00181095
0.995824 0.00177984
0.995837 0.00175412
0.995909 0.00173312
0.995921 0.00171474
0.995933 0.00169866
0.997723 0.00172364
0.997735 0.00174551
0.997831 0.00176764
0.997843 0.0017885
0.997855 0.00180676
0.997867 0.00182274
0.999706 0.00184272
0.99979 0.00185721
0.999802 0.00186988
0.999814 0.00188097
0.999826 0.00189068
1.00141 0.00186763
1.00148 0.00184445
1.0015 0.00182418
1.00151 0.00180643
1.00152 0.00179241
1.00308 0.00177714
1.00317 0.00176527
1.00318 0.00175489
1.00319 0.00174581
1.0032 0.00173786
1.00321 0.00173241
1.0051 0.0017682
1.00518 0.00179951
1.0052 0.0018269
1.00521 0.00185088
1.00522 0.00187185
1.00523 0.00189021
1.00693 0.00188223
1.00701 0.00187376
1.00702 0.00186634
1.00704 0.00185985
1.00705 0.00185567
1.00706 0.00185202
1.00863 0.0018338
1.00871 0.00181485
1.00872 0.00179828
1.00873 0.00178377
1.00874 0.00177108
1.0104 0.00177049
1.01048 0.00177147
1.0105 0.00177233
1.01051 0.00177459
1.01052 0.00177656
1.01053 0.00177829
1.01239 0.00180534
1.01247 0.001826
1.01248 0.00184407
1.01249 0.00185989
1.0125 0.00187373
1.01414 0.00185731
1.01421 0.00184143
1.01422 0.00182754
1.01423 0.00181539
1.01425 0.00180625
1.01576 0.00178324
1.01582 0.0017616
1.01583 0.00174267
1.01584 0.0017261
1.01586 0.00171161
1.01587 0.00170043
1.01768 0.00172819
1.01775 0.00175399
1.01777 0.00177656
1.01778 0.00179631
1.01779 0.0018136
1.0178 0.00182872
1.0195 0.00182693
1.01957 0.00182386
1.01958 0.00182118
1.01959 0.00181883
1.0196 0.00181678
1.01962 0.00181648
1.02119 0.0018012
1.02125 0.00178333
1.02126 0.00176919
1.02127 0.00175682
1.02129 0.00174599
1.02273 0.00172
1.02279 0.00169726
1.0228 0.00167735
1.02281 0.00166144
1.02282 0.00164752
1.02284 0.00163534
1.02459 0.00166373
1.02466 0.00169008
1.02467 0.00171313
1.02469 0.0017333
1.0247 0.00175095
1.02471 0.00176789
1.02472 0.00178272
1.02659 0.00180921
1.02666 0.00182939
1.02667 0.00184854
1.02668 0.00186531
1.02669 0.00187997
1.02671 0.0018928
1.02833 0.00187399
1.0284 0.00185603
1.02841 0.00184031
1.02842 0.00182656
1.02844 0.00181453
1.02995 0.00179048
1.03005 0.00177245
1.03006 0.00175817
1.03007 0.00174567
1.03008 0.00173474
1.03009 0.00172517
1.03187 0.00174984
1.03199 0.00177444
1.032 0.00179596
1.03202 0.00181629
1.03203 0.00183408
1.03204 0.00184964
1.03205 0.00186326
1.0338 0.00187068
1.03389 0.00187115
1.0339 0.00187307
1.03392 0.00187475
1.03393 0.00187622
1.03394 0.00187751
1.03548 0.0018531
1.03555 0.00182723
1.03556 0.0018046
1.03557 0.0017848
1.03559 0.00176747
1.0372 0.00176133
1.03721 0.00175745
1.0373 0.00175706
1.03732 0.00175672
1.03733 0.00175642
1.03734 0.00175616
1.03926 0.00179498
1.03927 0.00182895
1.03939 0.00186168
1.03941 0.00188882
1.03942 0.00191256
1.04106 0.00189879
1.04108 0.00188674
1.04109 0.0018777
1.04121 0.00186979
1.04272 0.00184334
1.04273 0.0018217
1.04275 0.00180277
1.04276 0.0017862
1.04287 0.0017702
1.0446 0.00178173
1.04461 0.00179183
1.04462 0.00180066
1.04473 0.00180839
1.04474 0.00181665
1.04648 0.00182538
1.0465 0.00183152
1.0466 0.00183689
1.04662 0.00184159
1.04825 0.00183219
1.04835 0.00182095
1.04836 0.00181263
1.04837 0.00180534
1.04979 0.00177193
1.04988 0.00174119
1.0499 0.00171429
1.05161 0.00172831
1.05163 0.00174208
1.05171 0.00175262
1.05172 0.00176185
1.05359 0.00178794
1.05368 0.00181078
1.05369 0.00183226
1.05371 0.00185106
1.05536 0.00184197
1.05544 0.00182951
1.05545 0.00181861
1.05546 0.00181058
1.05695 0.00178252
1.05701 0.00175497
1.05702 0.00173085
1.0587 0.00173379
1.05872 0.00173786
1.0588 0.00174442
1.05881 0.00175017
1.06076 0.00178824
1.06082 0.00181704
1.06083 0.00184375
1.06084 0.00186712
1.06255 0.00185753
1.06261 0.00184763
1.06262 0.00183897
1.06263 0.0018329
1.06415 0.00180355
1.0642 0.00177487
1.06421 0.00174977
1.06588 0.00174734
1.06589 0.00174671
1.06594 0.00174616
1.06595 0.00174568
1.06794 0.00178581
1.06796 0.00182093
1.06797 0.00185316
1.06802 0.00188136
1.06803 0.00190604
1.06978 0.00189759
1.06979 0.00188869
1.06984 0.00188091
1.06986 0.0018741
1.07138 0.0018396
1.07144 0.00180942
1.07145 0.00178451
1.07147 0.00176271
1.07314 0.00176166
1.07321 0.00176225
1.07322 0.00176276
1.07323 0.00176471
1.07324 0.00176642
1.07523 0.00180696
1.07529 0.00183944
1.0753 0.00186785
1.07531 0.00189271
1.07702 0.00187992
1.07708 0.00186723
1.07709 0.00185762
1.0771 0.00184921
1.0787 0.00182834
1.07875 0.00180708
1.07876 0.00178847
1.08045 0.0017842
1.08047 0.00178197
1.08054 0.00178302
1.08055 0.00178394
1.08251 0.00181779
1.08257 0.0018444
1.08258 0.00186769
1.08259 0.00188957
1.08432 0.00188017
1.08437 0.00186895
1.08438 0.00185913
1.08591 0.001825
1.08596 0.00179514
1.08597 0.00176901
1.08766 0.00176717
1.08772 0.00176707
1.08773 0.00176698
1.08775 0.00176841
1.08971 0.00180269
1.08975 0.00182969
1.08977 0.00185332
1.09148 0.00184395
1.09153 0.00183575
1.09154 0.00182858
1.09312 0.00180428
1.09317 0.00178151
1.09318 0.00176309
1.09484 0.00175749
1.0949 0.00175409
1.09491 0.00175112
1.09492 0.00175002
1.09684 0.0017821
1.0969 0.00181017
1.09692 0.00183473
1.09693 0.00185623
1.09862 0.00184649
1.09868 0.00183647
1.09869 0.00182921
1.09871 0.00182285
1.10026 0.00179927
1.10032 0.00177713
1.10033 0.00175776
1.10034 0.00174231
1.10205 0.00174832
1.10211 0.00175358
1.10212 0.00175818
1.10213 0.0017622
1.104 0.00178675
1.10406 0.00180673
1.10408 0.00182572
1.10409 0.00184233
1.10575 0.00182983
1.10579 0.00181588
1.10581 0.00180368
1.1073 0.00177198
1.10731 0.00174574
1.10737 0.00172429
1.10738 0.00170551
1.10918 0.00172814
1.1092 0.00174793
1.10921 0.00176676
1.10928 0.00178473
1.10929 0.00180046
1.11111 0.00181572
1.11112 0.00182757
1.11118 0.00183644
1.11119 0.0018442
1.11279 0.00182395
1.11285 0.00180474
1.11286 0.00178942
1.11287 0.00177603
1.11448 0.0017658
1.11455 0.00175836
1.11457 0.00175185
1.11458 0.00174765
1.11459 0.00174398
1.11644 0.00177081
1.11653 0.00179579
1.11654 0.00181764
1.11655 0.00183676
1.11656 0.00185349
1.11657 0.00186964
1.11832 0.00187024
1.11839 0.00186627
1.1184 0.00186429
1.11841 0.00186257
1.11842 0.00186105
1.11999 0.0018372
1.12005 0.00181332
1.12006 0.00179243
1.12007 0.00177415
1.1216 0.00175365
1.12161 0.00173721
1.12168 0.00172433
1.12169 0.00171306
1.1217 0.0017032
1.12353 0.00173212
1.12354 0.00175743
1.12355 0.00178107
1.12364 0.00180326
1.12365 0.00182268
1.12366 0.00183967
1.12545 0.00185003
1.12547 0.0018576
1.12554 0.00186271
1.12555 0.00186719
1.12556 0.00187111
1.12714 0.0018475
1.12721 0.00182534
1.12722 0.00180595
1.12723 0.00178898
1.12724 0.00177564
1.12891 0.00177598
1.129 0.00177778
1.12901 0.00177935
1.12902 0.00178073
1.12903 0.00178194
1.12905 0.0017845
1.13096 0.00181677
1.13103 0.00184051
1.13104 0.00186278
1.13105 0.00188227
1.13106 0.00189932
1.13275 0.0018857
1.13281 0.00187079
1.13282 0.00185773
1.13283 0.00184631
1.13426 0.00180477
1.13432 0.00176692
1.13433 0.00173531
1.13434 0.00170765
1.13605 0.00171799
1.13612 0.00172854
1.13614 0.00173777
1.13615 0.00174735
1.13616 0.00175574
1.13811 0.00179311
1.13817 0.00182281
1.13818 0.00184879
1.13819 0.00187153
1.13988 0.00185989
1.13994 0.00184819
1.13996 0.00183947
1.13997 0.00183183
1.14151 0.00180562
1.14155 0.00177968
1.14157 0.00175699
1.14312 0.00173863
1.14313 0.00172407
1.14319 0.00171284
1.1432 0.001703
1.14509 0.00173645
1.1451 0.00176573
1.14511 0.00179284
1.14518 0.00181807
1.1452 0.00184014
1.14702 0.00185194
1.14703 0.00186077
1.14709 0.00186699
1.14711 0.00187243
1.14872 0.00185016
1.14878 0.00182917
1.14879 0.00181231
1.1488 0.00179755
1.15036 0.00177863
1.15043 0.00176358
1.15045 0.00175041
1.15046 0.00174038
1.15047 0.00173161
1.15234 0.00176299
1.15243 0.00179195
1.15244 0.00181729
1.15245 0.00183946
1.15247 0.00185886
1.15248 0.00187733
1.15423 0.00187848
1.1543 0.00187498
1.15432 0.00187342
1.15433 0.00187205
1.15434 0.00187085
1.15591 0.00184728
1.15597 0.00182364
1.15599 0.00180296
1.156 0.00178487
1.1576 0.00177204
1.15761 0.00176231
1.15768 0.00175531
1.15769 0.00174918
1.1577 0.00174381
1.15961 0.00177817
1.15963 0.00180824
1.15964 0.00183604
1.15972 0.00186188
1.15973 0.00188448
1.15975 0.00190426
1.16147 0.00189754
1.16148 0.00189015
1.16155 0.00188219
1.16156 0.00187522
1.16157 0.00186912
1.16316 0.00184726
1.16323 0.00182663
1.16324 0.00180858
1.16326 0.00179279
1.16327 0.00178047
1.16475 0.00175618
1.16483 0.00173642
1.16484 0.00171913
1.16485 0.00170401
1.16487 0.00169077
1.16488 0.00168069
1.16667 0.00171093
1.16675 0.00173738
1.16676 0.00176053
1.16678 0.00178078
1.16679 0.0017985
1.1668 0.00181401
1.16859 0.00182758
1.16867 0.00183795
1.16869 0.00184702
1.1687 0.00185496
1.16871 0.00186341
1.16872 0.0018708
1.17027 0.00184723
1.17034 0.0018236
1.17036 0.00180293
1.17037 0.00178484
1.17038 0.00176901
1.17186 0.00174615
1.17194 0.00172764
1.17196 0.00171145
1.17197 0.00169879
1.17198 0.00168771
1.17199 0.00167801
1.17377 0.00170708
1.17387 0.00173401
1.17388 0.00175758
1.17389 0.0017782
1.1739 0.00179775
1.17391 0.00181485
1.17393 0.00182982
1.17578 0.00185192
1.17586 0.00186676
1.17587 0.00188124
1.17588 0.00189392
1.1759 0.00190501
1.17591 0.00191471
1.17753 0.00189467
1.1776 0.00187412
1.17761 0.00185614
1.17763 0.00184041
1.17764 0.00182665
1.17908 0.00179207
1.17916 0.00176182
1.17918 0.00173535
1.17919 0.00171369
1.1792 0.00169474
1.18094 0.00171571
1.18105 0.00173706
1.18106 0.00175574
1.18108 0.00177209
1.18109 0.00178639
1.1811 0.0018004
1.1829 0.00182018
1.18299 0.00183298
1.183 0.00184417
1.18301 0.00185397
1.18302 0.00186254
1.18464 0.00184752
1.18472 0.00183136
1.18473 0.00181723
1.18474 0.00180636
1.18475 0.00179685
1.18625 0.00177351
1.18635 0.0017561
1.18636 0.00174086
1.18637 0.00172752
1.18639 0.00171585
1.1864 0.00170714
1.18815 0.00173107
1.18827 0.001755
1.18828 0.00177595
1.1883 0.00179427
1.18831 0.00181031
1.18832 0.00182434
1.18833 0.00183812
1.19009 0.00185017
1.19018 0.00185472
1.1902 0.00185869
1.19021 0.00186367
1.19022 0.00186803
1.19023 0.00187184
1.19184 0.00185715
1.19191 0.00183979
1.19193 0.0018246
1.19194 0.00181131
1.19195 0.00179969
1.1934 0.00176998
1.19348 0.00174249
1.19349 0.00171844
1.1935 0.00169739
1.19351 0.00168048
1.19527 0.00170323
1.19535 0.00172464
1.19536 0.00174337
1.19537 0.00175976
1.19539 0.0017741
1.1954 0.00178815
1.19724 0.00181096
1.19731 0.00182791
1.19732 0.00184275
1.19733 0.00185573
1.19734 0.00186709
1.19899 0.00185299
1.19906 0.00183916
1.19908 0.00182705
1.19909 0.00181646
1.1991 0.00180869
