0.0 0
4.56e-05 4294967295
0.000226797 4294967295
0.000707437 4294967295
0.000719453 4294967295
0.0016567 4294967295
0.00168073 4294967295
0.00169275 4294967295
0.00171678 4294967295
0.00355523 4294967295
0.00355523 13140
0.00357926 13140
0.00360329 13140
0.00362732 13140
0.00363934 13140
0.00366337 13140
0.0036874 13140
0.00371144 13140
0.00601851 13140
0.00601851 13140
0.00601851 14158
0.00603053 14158
0.00604254 14158
0.00606657 14158
0.0060906 14158
0.00610262 14158
0.00803739 5840
0.00803739 5840
0.0102361 5840
0.0102361 5840
0.0102361 5744
0.0102602 5744
0.0102722 5744
0.0118343 5744
0.0118703 5744
0.0118943 5744
0.0119063 5744
0.0133122 5744
0.0133603 5744
0.0133843 5744
0.0133963 5744
0.0134083 5744
0.0149945 5744
0.0150545 5744
0.0150786 5744
0.0150906 5744
0.0151026 5744
0.0151146 5744
0.0169411 5744
0.0169411 5744
0.0169411 9710
0.0170131 9710
0.0170372 9710
0.0170492 9710
0.0170612 9710
0.0170732 9710
0.0170852 9710
0.0190318 9710
0.0190318 9710
0.0190318 9987
0.019128 9987
0.01914 9987
0.019152 9987
0.019164 9987
0.019176 9987
0.019188 9987
0.0213269 9987
0.0213269 9987
0.0213269 9921
0.021423 9921
0.021435 9921
0.0214471 9921
0.0214591 9921
0.0214711 9921
0.0214831 9921
0.023634 9921
0.023634 9921
0.023634 9363
0.0237301 9363
0.0237421 9363
0.0237541 9363
0.0237661 9363
0.0237782 9363
0.0237902 9363
0.0260612 9363
0.0260612 9363
0.0260612 8743
0.0261573 8743
0.0261693 8743
0.0261814 8743
0.0261934 8743
0.0262054 8743
0.0262174 8743
0.0283923 8743
0.0283923 8743
0.0283923 8120
0.0284764 8120
0.0284884 8120
0.0285004 8120
0.0285125 8120
0.0285245 8120
0.0305792 8120
0.0305792 8120
0.0305792 7364
0.0306633 7364
0.0306753 7364
0.0306874 7364
0.0306994 7364
0.0307114 7364
0.0325739 7364
0.0325739 7364
0.0325739 6591
0.032646 6591
0.032658 6591
0.03267 6591
0.032682 6591
0.0344363 6591
0.0344363 6591
0.0344363 5823
0.0345084 5823
0.0345205 5823
0.0345325 5823
0.0345445 5823
0.0361667 5823
0.0362267 5823
0.0362387 5823
0.0362508 5823
0.0377407 5823
0.0377528 5823
0.0378249 5823
0.0378369 5823
0.0378489 5823
0.0396513 5823
0.0396513 5823
0.0396513 7217
0.0396633 7217
0.0396753 7217
0.0397594 7217
0.0397715 7217
0.0397835 7217
0.041658 7217
0.041658 7217
0.041658 6422
0.04167 6422
0.0417421 6422
0.0417541 6422
0.0417661 6422
0.0433883 6422
0.0434604 6422
0.0434724 6422
0.0434844 6422
0.0434964 6422
0.0451426 6422
0.0451426 6422
0.0451426 6711
0.0452267 6711
0.0452387 6711
0.0452507 6711
0.0452628 6711
0.0452748 6711
0.0471853 6711
0.0471853 6711
0.0471853 6031
0.0472574 6031
0.0472694 6031
0.0472815 6031
0.0472935 6031
0.0489757 6031
0.0489757 6031
0.0489757 5354
0.0490358 5354
0.0490478 5354
0.0490598 5354
0.0490718 5354
0.0506219 5354
0.05067 5354
0.050682 5354
0.050694 5354
0.0523762 5354
0.0523762 5354
0.0523762 5810
0.0524363 5810
0.0524483 5810
0.0524603 5810
0.0524724 5810
0.054443 5810
0.054443 5810
0.054443 5160
0.0544911 5160
0.0545031 5160
0.0545151 5160
0.0562454 5160
0.0562454 5160
0.0562454 4448
0.0562814 4448
0.0562935 4448
0.0563055 4448
0.0578796 4448
0.0579156 4448
0.0579276 4448
0.0595137 4448
0.0595258 4448
0.0595738 4448
0.0595858 4448
0.0614603 4448
0.0614603 4448
0.0614603 5837
0.0614723 5837
0.0614844 5837
0.0615565 5837
0.0615685 5837
0.0633709 5837
0.0633709 5837
0.0633709 5196
0.0633829 5196
0.063443 5196
0.063455 5196
0.0650771 5196
0.0651372 5196
0.0651492 5196
0.0651613 5196
0.0667233 5196
0.0667954 5196
0.0668075 5196
0.0668195 5196
0.0668315 5196
0.068706 5196
0.068706 5196
0.068706 6627
0.0687901 6627
0.0688021 6627
0.0688141 6627
0.0688261 6627
0.0688382 6627
0.0705805 6627
0.0705805 6627
0.0705805 5897
0.0706526 5897
0.0706646 5897
0.0706766 5897
0.0706886 5897
0.0722507 5897
0.0723228 5897
0.0723348 5897
0.0723468 5897
0.074005 5897
0.074005 5897
0.074005 6116
0.0740171 6116
0.0741132 6116
0.0741252 6116
0.0741372 6116
0.0760958 6116
0.0760958 6116
0.0760958 5332
0.0761679 5332
0.0761799 5332
0.0761919 5332
0.076204 5332
0.0779823 5332
0.0779823 5332
0.0779823 4832
0.0780424 4832
0.0780544 4832
0.0780664 4832
0.0795805 4832
0.0796285 4832
0.0796405 4832
0.0796526 4832
0.0813468 4832
0.0813468 4832
0.0813468 5313
0.0814069 5313
0.0814189 5313
0.0814309 5313
0.0814429 5313
0.0834015 5313
0.0834015 5313
0.0834015 4755
0.0834616 4755
0.0834736 4755
0.0834857 4755
0.0851679 4755
0.0851679 4755
0.0851679 4193
0.085228 4193
0.08524 4193
0.085252 4193
0.0868261 4193
0.0868742 4193
0.0868862 4193
0.0884843 4193
0.0884963 4193
0.0885564 4193
0.0885684 4193
0.0904429 4193
0.0904429 4193
0.0904429 5631
0.0904549 5631
0.090515 5631
0.090527 5631
0.0905391 5631
0.0923174 5631
0.0923174 5631
0.0923174 4977
0.0923655 4977
0.0923775 4977
0.0923895 4977
0.0939155 4977
0.0939756 4977
0.0939876 4977
0.0939997 4977
0.0956459 4977
0.0957179 4977
0.09573 4977
0.095742 4977
0.095754 4977
0.0976886 4977
0.0976886 4977
0.0976886 6560
0.0977727 6560
0.0977847 6560
0.0977967 6560
0.0978087 6560
0.0978207 6560
0.099479 6560
0.099479 6560
0.099479 5815
0.0995511 5815
0.0995631 5815
0.0995751 5815
0.0995871 5815
0.101101 5815
0.101161 5815
0.101173 5815
0.101185 5815
0.102711 5815
0.102723 5815
0.102783 5815
0.102795 5815
0.102807 5815
0.104634 5815
0.104634 5815
0.104634 7048
0.104646 7048
0.104658 7048
0.104718 7048
0.10473 7048
0.104742 7048
0.10658 7048
0.10658 7048
0.10658 6173
0.106592 6173
0.106653 6173
0.106665 6173
0.106677 6173
0.108311 6173
0.108383 6173
0.108395 6173
0.108407 6173
0.108419 6173
0.109873 6173
0.109933 6173
0.109945 6173
0.109957 6173
0.109969 6173
0.109981 6173
0.111747 6173
0.111747 6173
0.111747 7704
0.111819 7704
0.111831 7704
0.111843 7704
0.111855 7704
0.111867 7704
0.113742 7704
0.113742 7704
0.113742 6726
0.113814 6726
0.113826 6726
0.113838 6726
0.11385 6726
0.113862 6726
0.115496 6726
0.115496 6726
0.115496 6028
0.115556 6028
0.115568 6028
0.11558 6028
0.115592 6028
0.117046 6028
0.117106 6028
0.117118 6028
0.11713 6028
0.117142 6028
0.118909 6028
0.118909 6028
0.118909 6642
0.118993 6642
0.119005 6642
0.119017 6642
0.119029 6642
0.120891 6642
0.120891 6642
0.120891 5911
0.120952 5911
0.120964 5911
0.120976 5911
0.120988 5911
0.122658 5911
0.122658 5911
0.122658 5280
0.122718 5280
0.12273 5280
0.122742 5280
0.124208 5280
0.124268 5280
0.12428 5280
0.124292 5280
0.126022 5280
0.126022 5280
0.126022 5610
0.126106 5610
0.126118 5610
0.12613 5610
0.126142 5610
0.128077 5610
0.128077 5610
0.128077 5056
0.128137 5056
0.128149 5056
0.128161 5056
0.129867 5056
0.129867 5056
0.129867 4471
0.129928 4471
0.12994 4471
0.129952 4471
0.131478 4471
0.131526 4471
0.131538 4471
0.133292 4471
0.133292 4471
0.133292 4951
0.133304 4951
0.133352 4951
0.133364 4951
0.135287 4951
0.135287 4951
0.135287 4355
0.135347 4355
0.135359 4355
0.135371 4355
0.137065 4355
0.137065 4355
0.137065 4002
0.137113 4002
0.137125 4002
0.138699 4002
0.138747 4002
0.138759 4002
0.14055 4002
0.14055 4002
0.14055 4427
0.140622 4427
0.140634 4427
0.140646 4427
0.142496 4427
0.142496 4427
0.142496 4012
0.142544 4012
0.142556 4012
0.144287 4012
0.144287 4012
0.144287 3515
0.144335 3515
0.144347 3515
0.145897 3515
0.145945 3515
0.145957 3515
0.147639 3515
0.147711 3515
0.147711 3515
0.147711 4436
0.147723 4436
0.147735 4436
0.149706 4436
0.149766 4436
0.149766 4436
0.149766 4044
0.149778 4044
0.15152 4044
0.15158 4044
0.15158 4044
0.15158 3503
0.151592 3503
0.153142 3503
0.15319 3503
0.154837 3503
0.154849 3503
0.154897 3503
0.156879 3503
0.156879 3503
0.156879 4581
0.156891 4581
0.156903 4581
0.156951 4581
0.158742 4581
0.158742 4581
0.158742 4245
0.158754 4245
0.158802 4245
0.158814 4245
0.160376 4245
0.160436 4245
0.160448 4245
0.162046 4245
0.162058 4245
0.16213 4245
0.162142 4245
0.164041 4245
0.164041 4245
0.164041 5786
0.164053 5786
0.164065 5786
0.164149 5786
0.164161 5786
0.165915 5786
0.165915 5786
0.165915 5150
0.165927 5150
0.166 5150
0.166012 5150
0.167574 5150
0.167646 5150
0.167658 5150
0.16767 5150
0.169352 5150
0.169352 5150
0.169352 5492
0.169436 5492
0.169448 5492
0.16946 5492
0.169472 5492
0.171419 5492
0.171419 5492
0.171419 4948
0.171491 4948
0.171503 4948
0.171515 4948
0.173197 4948
0.173197 4948
0.173197 4375
0.173257 4375
0.173269 4375
0.173281 4375
0.174771 4375
0.174831 4375
0.174843 4375
0.176634 4375
0.176634 4375
0.176634 4841
0.176646 4841
0.176718 4841
0.17673 4841
0.17858 4841
0.17858 4841
0.17858 4245
0.17864 4245
0.178652 4245
0.178664 4245
0.180311 4245
0.180371 4245
0.180383 4245
0.181909 4245
0.181921 4245
0.181993 4245
0.182005 4245
0.183831 4245
0.183831 4245
0.183831 5723
0.183843 5723
0.183855 5723
0.183927 5723
0.183939 5723
0.185694 5723
0.185694 5723
0.185694 5099
0.185706 5099
0.185778 5099
0.18579 5099
0.187352 5099
0.187412 5099
0.187424 5099
0.187436 5099
0.189046 5099
0.189118 5099
0.18913 5099
0.189142 5099
0.189154 5099
0.191017 5099
0.191017 5099
0.191017 6554
0.191101 6554
0.191113 6554
0.191125 6554
0.191137 6554
0.191149 6554
0.192903 6554
0.192903 6554
0.192903 5890
0.192975 5890
0.192987 5890
0.192999 5890
0.193012 5890
0.19461 5890
0.194682 5890
0.194694 5890
0.194706 5890
0.196364 5890
0.196364 5890
0.196364 6144
0.196376 6144
0.19646 6144
0.196472 6144
0.196484 6144
0.198395 6144
0.198395 6144
0.198395 5371
0.198467 5371
0.198479 5371
0.198491 5371
0.198503 5371
0.200185 5371
0.200185 5371
0.200185 4872
0.200245 4872
0.200257 4872
0.200269 4872
0.201795 4872
0.201855 4872
0.201867 4872
0.201879 4872
0.203526 4872
0.203598 4872
0.20361 4872
0.203622 4872
0.203634 4872
0.205568 4872
0.205568 4872
0.205568 6424
0.20564 6424
0.205652 6424
0.205664 6424
0.205676 6424
0.207443 6424
0.207443 6424
0.207443 5595
0.207515 5595
0.207527 5595
0.207539 5595
0.207551 5595
0.209017 5595
0.209089 5595
0.209101 5595
0.209113 5595
0.210723 5595
0.210795 5595
0.210807 5595
0.210819 5595
0.210831 5595
0.21279 5595
0.21279 5595
0.21279 6998
0.212862 6998
0.212874 6998
0.212886 6998
0.212898 6998
0.21291 6998
0.214616 6998
0.214616 6998
0.214616 6200
0.214676 6200
0.214688 6200
0.2147 6200
0.214712 6200
0.216299 6200
0.216371 6200
0.216383 6200
0.216395 6200
0.216407 6200
0.217969 6200
0.218053 6200
0.218065 6200
0.218077 6200
0.218089 6200
0.218101 6200
0.219951 6200
0.219951 6200
0.219951 7768
0.220048 7768
0.22006 7768
0.220072 7768
0.220084 7768
0.220096 7768
0.221802 7768
0.221802 7768
0.221802 6809
0.221886 6809
0.221898 6809
0.22191 6809
0.221922 6809
0.221934 6809
0.223496 6809
0.223568 6809
0.22358 6809
0.223592 6809
0.223604 6809
0.22519 6809
0.225286 6809
0.225298 6809
0.225311 6809
0.225323 6809
0.225335 6809
0.227209 6809
0.227209 6809
0.227209 8262
0.227329 8262
0.227341 8262
0.227353 8262
0.227365 8262
0.227377 8262
0.227389 8262
0.229084 8262
0.229084 8262
0.229084 7333
0.22918 7333
0.229192 7333
0.229204 7333
0.229216 7333
0.229228 7333
0.230766 7333
0.230838 7333
0.23085 7333
0.230862 7333
0.230874 7333
0.232376 7333
0.232388 7333
0.23246 7333
0.232472 7333
0.232484 7333
0.232496 7333
0.234226 7333
0.234226 7333
0.234226 8454
0.234238 8454
0.23425 8454
0.234335 8454
0.234347 8454
0.234359 8454
0.234371 8454
0.236209 8454
0.236209 8454
0.236209 7406
0.236221 7406
0.236305 7406
0.236317 7406
0.236329 7406
0.236341 7406
0.237987 7406
0.237987 7406
0.237987 6470
0.238072 6470
0.238084 6470
0.238096 6470
0.238108 6470
0.239525 6470
0.239598 6470
0.23961 6470
0.239622 6470
0.239634 6470
0.241316 6470
0.241316 6470
0.241316 6683
0.2414 6683
0.241412 6683
0.241424 6683
0.241436 6683
0.241448 6683
0.243383 6683
0.243383 6683
0.243383 5970
0.243455 5970
0.243467 5970
0.243479 5970
0.243491 5970
0.245161 5970
0.245161 5970
0.245161 5282
0.245221 5282
0.245233 5282
0.245245 5282
0.246723 5282
0.246783 5282
0.246795 5282
0.246807 5282
0.248586 5282
0.248586 5282
0.248586 5575
0.248658 5575
0.24867 5575
0.248682 5575
0.248694 5575
0.250568 5575
0.250568 5575
0.250568 5025
0.250628 5025
0.25064 5025
0.250652 5025
0.25231 5025
0.252371 5025
0.252383 5025
0.252395 5025
0.253981 5025
0.254053 5025
0.254065 5025
0.254077 5025
0.254089 5025
0.255963 5025
0.255963 5025
0.255963 6488
0.256047 6488
0.256059 6488
0.256071 6488
0.256083 6488
0.256096 6488
0.257874 6488
0.257874 6488
0.257874 5823
0.257946 5823
0.257958 5823
0.25797 5823
0.257982 5823
0.259472 5823
0.259532 5823
0.259544 5823
0.259556 5823
0.261202 5823
0.261214 5823
0.261274 5823
0.261286 5823
0.261298 5823
0.263257 5823
0.263257 5823
0.263257 7098
0.263269 7098
0.263281 7098
0.263353 7098
0.263365 7098
0.263377 7098
0.265047 7098
0.265047 7098
0.265047 6237
0.265059 6237
0.26512 6237
0.265132 6237
0.265144 6237
0.266718 6237
0.26679 6237
0.266802 6237
0.266814 6237
0.266826 6237
0.268616 6237
0.268616 6237
0.268616 6522
0.2687 6522
0.268712 6522
0.268724 6522
0.268736 6522
0.268748 6522
0.270527 6522
0.270527 6522
0.270527 5855
0.270599 5855
0.270611 5855
0.270623 5855
0.270635 5855
0.272257 5855
0.272317 5855
0.272329 5855
0.272341 5855
0.273759 5855
0.273771 5855
0.273831 5855
0.273843 5855
0.273855 5855
0.275622 5855
0.275622 5855
0.275622 7125
0.275634 7125
0.275646 7125
0.275706 7125
0.275718 7125
0.27573 7125
0.277592 7125
0.277592 7125
0.277592 6263
0.277604 6263
0.277664 6263
0.277676 6263
0.277688 6263
0.279334 6263
0.279407 6263
0.279419 6263
0.279431 6263
0.279443 6263
0.280909 6263
0.280969 6263
0.280981 6263
0.280993 6263
0.281005 6263
0.281017 6263
0.282783 6263
0.282783 6263
0.282783 7784
0.282855 7784
0.282867 7784
0.282879 7784
0.282891 7784
0.282903 7784
0.28473 7784
0.28473 7784
0.28473 6811
0.284802 6811
0.284814 6811
0.284826 6811
0.284838 6811
0.28485 6811
0.286544 6811
0.286544 6811
0.286544 6107
0.286604 6107
0.286616 6107
0.286628 6107
0.28664 6107
0.288106 6107
0.288166 6107
0.288178 6107
0.28819 6107
0.288202 6107
0.289897 6107
0.289897 6107
0.289897 6472
0.289969 6472
0.289981 6472
0.289993 6472
0.290005 6472
0.291963 6472
0.291963 6472
0.291963 5636
0.292023 5636
0.292035 5636
0.292047 5636
0.292059 5636
0.293718 5636
0.293718 5636
0.293718 4991
0.293778 4991
0.29379 4991
0.293802 4991
0.295304 4991
0.295352 4991
0.295364 4991
0.295376 4991
0.297202 4991
0.297202 4991
0.297202 5629
0.29725 5629
0.297262 5629
0.297274 5629
0.297286 5629
0.299173 5629
0.299173 5629
0.299173 5217
0.299233 5217
0.299245 5217
0.299257 5217
0.300927 5217
0.300927 5217
0.300927 4599
0.300987 4599
0.300999 4599
0.301011 4599
0.302453 4599
0.302501 4599
0.302513 4599
0.302525 4599
0.304244 4599
0.304244 4599
0.304244 5490
0.304304 5490
0.304316 5490
0.304328 5490
0.306274 5490
0.306274 5490
0.306274 4953
0.306334 4953
0.306346 4953
0.306358 4953
0.308065 4953
0.308065 4953
0.308065 4486
0.308125 4486
0.308137 4486
0.308149 4486
0.309783 4486
0.309831 4486
0.309843 4486
0.311441 4486
0.311453 4486
0.311513 4486
0.311525 4486
0.313424 4486
0.313424 4486
0.313424 5993
0.313436 5993
0.313448 5993
0.31352 5993
0.313532 5993
0.315322 5993
0.315322 5993
0.315322 5401
0.315334 5401
0.315394 5401
0.315406 5401
0.315418 5401
0.316993 5401
0.317053 5401
0.317065 5401
0.317077 5401
0.318543 5401
0.318615 5401
0.318627 5401
0.318639 5401
0.318651 5401
0.320453 5401
0.320453 5401
0.320453 6949
0.320537 6949
0.320549 6949
0.320561 6949
0.320573 6949
0.320585 6949
0.322424 6949
0.322424 6949
0.322424 6244
0.322496 6244
0.322508 6244
0.32252 6244
0.322532 6244
0.324178 6244
0.324178 6244
0.324178 5434
0.32425 5434
0.324262 5434
0.324274 5434
0.324286 5434
0.325716 5434
0.325788 5434
0.3258 5434
0.325812 5434
0.327471 5434
0.327471 5434
0.327471 6086
0.327543 6086
0.327555 6086
0.327567 6086
0.327579 6086
0.329525 6086
0.329525 6086
0.329525 5468
0.329573 5468
0.329585 5468
0.329597 5468
0.329609 5468
0.331328 5468
0.331328 5468
0.331328 5033
0.331364 5033
0.331376 5033
0.331388 5033
0.332974 5033
0.33301 5033
0.333022 5033
0.333034 5033
0.334872 5033
0.334872 5033
0.334872 5517
0.334908 5517
0.33492 5517
0.334932 5517
0.334944 5517
0.336759 5517
0.336759 5517
0.336759 4954
0.336795 4954
0.336807 4954
0.336819 4954
0.338453 4954
0.338489 4954
0.338501 4954
0.338513 4954
0.340063 4954
0.340099 4954
0.340111 4954
0.340123 4954
0.340135 4954
0.341962 4954
0.341962 4954
0.341962 6585
0.34201 6585
0.342022 6585
0.342034 6585
0.342046 6585
0.342058 6585
0.343993 6585
0.343993 6585
0.343993 5855
0.344041 5855
0.344053 5855
0.344065 5855
0.344077 5855
0.345747 5855
0.345747 5855
0.345747 5169
0.345807 5169
0.345819 5169
0.345831 5169
0.347309 5169
0.347369 5169
0.347381 5169
0.347393 5169
0.349159 5169
0.349159 5169
0.349159 5518
0.349232 5518
0.349244 5518
0.349256 5518
0.349268 5518
0.351142 5518
0.351142 5518
0.351142 4905
0.351202 4905
0.351214 4905
0.351226 4905
0.352896 4905
0.352896 4905
0.352896 4306
0.352956 4306
0.352968 4306
0.352981 4306
0.354495 4306
0.354543 4306
0.354555 4306
0.356333 4306
0.356333 4306
0.356333 5005
0.356345 5005
0.356393 5005
0.356405 5005
0.358304 5005
0.358304 5005
0.358304 4482
0.358364 4482
0.358376 4482
0.358388 4482
0.360082 4482
0.360082 4482
0.360082 4148
0.360142 4148
0.360154 4148
0.361692 4148
0.36174 4148
0.361752 4148
0.363458 4148
0.363458 4148
0.363458 4564
0.363507 4564
0.363519 4564
0.363531 4564
0.365465 4564
0.365465 4564
0.365465 4139
0.365501 4139
0.365513 4139
0.365525 4139
0.367268 4139
0.367268 4139
0.367268 3880
0.367304 3880
0.367316 3880
0.368902 3880
0.368938 3880
0.36895 3880
0.370608 3880
0.370668 3880
0.37068 3880
0.370692 3880
0.372615 3880
0.372615 3880
0.372615 5411
0.372699 5411
0.372711 5411
0.372723 5411
0.372735 5411
0.374441 5411
0.374441 5411
0.374441 4943
0.374525 4943
0.374537 4943
0.374549 4943
0.376063 4943
0.376147 4943
0.376159 4943
0.376171 4943
0.377745 4943
0.37783 4943
0.377842 4943
0.377854 4943
0.377866 4943
0.379752 4943
0.379752 4943
0.379752 6499
0.379848 6499
0.37986 6499
0.379872 6499
0.379884 6499
0.379896 6499
0.381651 6499
0.381651 6499
0.381651 5863
0.381723 5863
0.381735 5863
0.381747 5863
0.381759 5863
0.383333 5863
0.383405 5863
0.383417 5863
0.383429 5863
0.385039 5863
0.385051 5863
0.385123 5863
0.385135 5863
0.385147 5863
0.387058 5863
0.387058 5863
0.387058 7149
0.38707 7149
0.387082 7149
0.387154 7149
0.387166 7149
0.387178 7149
0.38892 7149
0.38892 7149
0.38892 6292
0.388932 6292
0.389016 6292
0.389029 6292
0.389041 6292
0.390603 6292
0.390675 6292
0.390687 6292
0.390699 6292
0.390711 6292
0.392201 6292
0.392285 6292
0.392297 6292
0.392309 6292
0.392321 6292
0.392333 6292
0.394135 6292
0.394135 6292
0.394135 7813
0.394243 7813
0.394255 7813
0.394267 7813
0.39428 7813
0.394292 7813
0.394304 7813
0.396082 7813
0.396082 7813
0.396082 7007
0.396166 7007
0.396178 7007
0.39619 7007
0.396202 7007
0.396214 7007
0.397788 7007
0.39786 7007
0.397872 7007
0.397884 7007
0.397896 7007
0.39941 7007
0.399482 7007
0.399494 7007
0.399506 7007
0.399518 7007
0.39953 7007
0.401369 7007
0.401369 7007
0.401369 8249
0.401453 8249
0.401465 8249
0.401477 8249
0.401489 8249
0.401501 8249
0.401513 8249
0.403292 8249
0.403292 8249
0.403292 7269
0.403376 7269
0.403388 7269
0.4034 7269
0.403412 7269
0.403424 7269
0.405022 7269
0.405094 7269
0.405106 7269
0.405118 7269
0.40513 7269
0.406548 7269
0.40656 7269
0.406644 7269
0.406656 7269
0.406668 7269
0.40668 7269
0.40841 7269
0.40841 7269
0.40841 8455
0.408422 8455
0.408434 8455
0.408518 8455
0.40853 8455
0.408542 8455
0.408555 8455
0.410393 8455
0.410393 8455
0.410393 7537
0.410405 7537
0.410477 7537
0.410489 7537
0.410501 7537
0.410513 7537
0.412123 7537
0.412207 7537
0.412219 7537
0.412231 7537
0.412243 7537
0.412255 7537
0.413745 7537
0.41383 7537
0.413842 7537
0.413854 7537
0.413866 7537
0.413878 7537
0.415668 7537
0.415668 7537
0.415668 8775
0.41568 8775
0.415776 8775
0.415788 8775
0.4158 8775
0.415812 8775
0.415824 8775
0.417579 8775
0.417579 8775
0.417579 7725
0.417663 7725
0.417675 7725
0.417687 7725
0.417699 7725
0.417711 7725
0.419333 7725
0.419333 7725
0.419333 6629
0.419417 6629
0.419429 6629
0.419441 6629
0.419453 6629
0.419465 6629
0.420883 6629
0.420955 6629
0.420967 6629
0.420979 6629
0.420991 6629
0.422649 6629
0.422649 6629
0.422649 7185
0.422733 7185
0.422745 7185
0.422757 7185
0.422769 7185
0.422781 7185
0.424728 7185
0.424728 7185
0.424728 6531
0.4248 6531
0.424812 6531
0.424824 6531
0.424836 6531
0.426506 6531
0.426506 6531
0.426506 5714
0.426579 5714
0.426591 5714
0.426603 5714
0.426615 5714
0.428177 5714
0.428237 5714
0.428249 5714
0.428261 5714
0.429979 5714
0.429979 5714
0.429979 6082
0.429991 6082
0.430063 6082
0.430075 6082
0.430087 6082
0.431986 6082
0.431986 6082
0.431986 5357
0.432058 5357
0.43207 5357
0.432082 5357
0.432094 5357
0.4338 5357
0.4338 5357
0.4338 4882
0.43386 4882
0.433872 4882
0.433884 4882
0.43535 4882
0.43541 4882
0.435422 4882
0.435434 4882
0.437141 4882
0.437141 4882
0.437141 5365
0.437213 5365
0.437225 5365
0.437237 5365
0.437249 5365
0.439183 5365
0.439183 5365
0.439183 4807
0.439243 4807
0.439255 4807
0.439267 4807
0.440938 4807
0.440938 4807
0.440938 4241
0.440998 4241
0.44101 4241
0.441022 4241
0.44256 4241
0.442608 4241
0.44262 4241
0.444362 4241
0.444362 4241
0.444362 4962
0.444374 4962
0.444434 4962
0.444446 4962
0.446405 4962
0.446405 4962
0.446405 4447
0.446465 4447
0.446477 4447
0.446489 4447
0.448231 4447
0.448231 4447
0.448231 4120
0.448279 4120
0.448291 4120
0.449854 4120
0.449902 4120
0.449914 4120
0.451656 4120
0.451656 4120
0.451656 4543
0.451716 4543
0.451728 4543
0.45174 4543
0.453711 4543
0.453711 4543
0.453711 4121
0.453759 4121
0.453771 4121
0.455489 4121
0.455489 4121
0.455489 3612
0.455537 3612
0.455549 3612
0.457099 3612
0.457147 3612
0.457159 3612
0.458902 3612
0.458902 3612
0.458902 4253
0.458962 4253
0.458974 4253
0.458986 4253
0.46098 4253
0.46098 4253
0.46098 3909
0.461028 3909
0.46104 3909
0.462771 3909
0.462771 3909
0.462771 3449
0.462819 3449
0.462831 3449
0.464405 3449
0.464453 3449
0.464465 3449
0.466147 3449
0.466207 3449
0.466207 3449
0.466207 4396
0.466219 4396
0.466231 4396
0.468226 4396
0.468286 4396
0.468286 4396
0.468286 4009
0.468298 4009
0.470016 4009
0.470076 4009
0.470076 4009
0.470076 3474
0.470088 3474
0.471687 3474
0.471735 3474
0.473405 3474
0.473417 3474
0.473465 3474
0.475424 3474
0.475424 3474
0.475424 4560
0.475436 4560
0.475448 4560
0.475508 4560
0.477286 4560
0.477286 4560
0.477286 4225
0.477298 4225
0.477346 4225
0.477358 4225
0.47898 4225
0.47904 4225
0.479052 4225
0.480578 4225
0.48059 4225
0.480675 4225
0.480687 4225
0.482513 4225
0.482513 4225
0.482513 5768
0.482525 5768
0.482633 5768
0.482645 5768
0.482657 5768
0.484412 5768
0.484412 5768
0.484412 5150
0.484496 5150
0.484508 5150
0.48452 5150
0.486142 5150
0.486214 5150
0.486226 5150
0.486238 5150
0.487656 5150
0.487728 5150
0.48774 5150
0.487752 5150
0.487764 5150
0.48953 5150
0.48953 5150
0.48953 6654
0.489602 6654
0.489614 6654
0.489626 6654
0.489638 6654
0.48965 6654
0.491525 6654
0.491525 6654
0.491525 6000
0.491609 6000
0.491621 6000
0.491633 6000
0.491645 6000
0.493291 6000
0.493291 6000
0.493291 5338
0.493363 5338
0.493375 5338
0.493387 5338
0.493399 5338
0.494829 5338
0.494889 5338
0.494901 5338
0.494914 5338
0.496632 5338
0.496632 5338
0.496632 6060
0.496692 6060
0.496704 6060
0.496716 6060
0.496728 6060
0.498662 6060
0.498662 6060
0.498662 5518
0.498735 5518
0.498747 5518
0.498759 5518
0.498771 5518
0.500453 5518
0.500453 5518
0.500453 5025
0.500513 5025
0.500525 5025
0.500537 5025
0.502099 5025
0.502159 5025
0.502171 5025
0.502183 5025
0.503853 5025
0.503853 5025
0.503853 5452
0.503926 5452
0.503938 5452
0.50395 5452
0.503962 5452
0.505884 5452
0.505884 5452
0.505884 4939
0.505944 4939
0.505956 4939
0.505968 4939
0.507674 4939
0.507674 4939
0.507674 4380
0.507735 4380
0.507747 4380
0.507759 4380
0.509309 4380
0.509357 4380
0.509369 4380
0.511003 4380
0.511015 4380
0.511075 4380
0.511087 4380
0.512986 4380
0.512986 4380
0.512986 5792
0.512998 5792
0.51301 5792
0.513082 5792
0.513094 5792
0.514836 5792
0.514836 5792
0.514836 5120
0.514848 5120
0.514908 5120
0.51492 5120
0.51647 5120
0.51653 5120
0.516542 5120
0.516554 5120
0.518128 5120
0.518201 5120
0.518213 5120
0.518225 5120
0.518237 5120
0.520135 5120
0.520135 5120
0.520135 6602
0.520219 6602
0.520231 6602
0.520243 6602
0.520255 6602
0.520267 6602
0.521986 6602
0.521986 6602
0.521986 5935
0.522058 5935
0.52207 5935
0.522082 5935
0.522094 5935
0.523656 5935
0.523716 5935
0.523728 5935
0.52374 5935
0.52541 5935
0.52541 5935
0.52541 6092
0.525422 6092
0.525494 6092
0.525506 6092
0.525518 6092
0.527453 6092
0.527453 6092
0.527453 5341
0.527489 5341
0.527501 5341
0.527513 5341
0.527525 5341
0.529243 5341
0.529243 5341
0.529243 4857
0.529279 4857
0.529291 4857
0.529303 4857
0.530841 4857
0.530877 4857
0.530889 4857
0.530901 4857
0.532668 4857
0.532668 4857
0.532668 5341
0.532704 5341
0.532716 5341
0.532728 5341
0.53274 5341
0.534662 5341
0.534662 5341
0.534662 4783
0.53471 4783
0.534723 4783
0.534735 4783
0.536381 4783
0.536429 4783
0.536441 4783
0.536453 4783
0.538063 4783
0.538111 4783
0.538123 4783
0.538135 4783
0.538147 4783
0.540046 4783
0.540046 4783
0.540046 6441
0.540094 6441
0.540106 6441
0.540118 6441
0.54013 6441
0.54186 6441
0.54186 6441
0.54186 5630
0.541908 5630
0.54192 5630
0.541932 5630
0.541944 5630
0.54347 5630
0.54353 5630
0.543542 5630
0.543554 5630
0.545116 5630
0.545128 5630
0.545212 5630
0.545224 5630
0.545237 5630
0.547111 5630
0.547111 5630
0.547111 7002
0.547123 7002
0.547219 7002
0.547231 7002
0.547243 7002
0.547255 7002
0.548973 7002
0.548973 7002
0.548973 6237
0.549046 6237
0.549058 6237
0.54907 6237
0.549082 6237
0.55062 6237
0.550692 6237
0.550704 6237
0.550716 6237
0.550728 6237
0.552302 6237
0.552374 6237
0.552386 6237
0.552398 6237
0.55241 6237
0.552422 6237
0.554285 6237
0.554285 6237
0.554285 7668
0.554357 7668
0.554369 7668
0.554381 7668
0.554393 7668
0.554405 7668
0.556123 7668
0.556123 7668
0.556123 6631
0.556207 6631
0.556219 6631
0.556231 6631
0.556243 6631
0.556255 6631
0.557793 6631
0.557865 6631
0.557877 6631
0.557889 6631
0.557901 6631
0.559475 6631
0.55956 6631
0.559572 6631
0.559584 6631
0.559596 6631
0.559608 6631
0.56147 6631
0.56147 6631
0.56147 8040
0.561566 8040
0.561578 8040
0.56159 8040
0.561602 8040
0.561614 8040
0.561626 8040
0.563297 8040
0.563297 8040
0.563297 7056
0.563381 7056
0.563393 7056
0.563405 7056
0.563417 7056
0.563429 7056
0.564955 7056
0.565027 7056
0.565039 7056
0.565051 7056
0.565063 7056
0.566673 7056
0.566757 7056
0.566769 7056
0.566781 7056
0.566793 7056
0.566805 7056
0.568644 7056
0.568644 7056
0.568644 8274
0.56874 8274
0.568752 8274
0.568764 8274
0.568776 8274
0.568788 8274
0.5688 8274
0.570458 8274
0.570458 8274
0.570458 7355
0.570542 7355
0.570554 7355
0.570566 7355
0.570578 7355
0.57059 7355
0.572092 7355
0.572164 7355
0.572176 7355
0.572188 7355
0.5722 7355
0.573811 7355
0.573823 7355
0.573895 7355
0.573907 7355
0.573919 7355
0.573931 7355
0.575793 7355
0.575793 7355
0.575793 8487
0.575805 8487
0.575817 8487
0.575889 8487
0.575901 8487
0.575913 8487
0.575925 8487
0.57762 8487
0.57762 8487
0.57762 7495
0.577632 7495
0.577704 7495
0.577716 7495
0.577728 7495
0.57774 7495
0.579302 7495
0.579386 7495
0.579398 7495
0.57941 7495
0.579422 7495
0.579434 7495
0.581056 7495
0.581056 7495
0.581056 7661
0.581152 7661
0.581164 7661
0.581176 7661
0.581188 7661
0.5812 7661
0.583027 7661
0.583027 7661
0.583027 6647
0.583111 6647
0.583123 6647
0.583135 6647
0.583147 6647
0.583159 6647
0.584817 6647
0.584817 6647
0.584817 5829
0.584889 5829
0.584901 5829
0.584913 5829
0.584925 5829
0.586415 5829
0.586475 5829
0.586487 5829
0.586499 5829
0.58829 5829
0.58829 5829
0.58829 6013
0.588302 6013
0.588362 6013
0.588374 6013
0.588386 6013
0.590272 6013
0.590272 6013
0.590272 5222
0.590333 5222
0.590345 5222
0.590357 5222
0.590369 5222
0.591943 5222
0.592003 5222
0.592015 5222
0.592027 5222
0.593625 5222
0.593697 5222
0.593709 5222
0.593721 5222
0.593733 5222
0.595644 5222
0.595644 5222
0.595644 6701
0.595728 6701
0.59574 6701
0.595752 6701
0.595764 6701
0.595776 6701
0.597482 6701
0.597482 6701
0.597482 5917
0.597554 5917
0.597566 5917
0.597578 5917
0.59759 5917
0.599128 5917
0.5992 5917
0.599212 5917
0.599224 5917
0.600678 5917
0.60069 5917
0.600774 5917
0.600786 5917
0.600798 5917
0.602565 5917
0.602565 5917
0.602565 7115
0.602577 7115
0.602589 7115
0.602685 7115
0.602697 7115
0.602709 7115
0.604523 7115
0.604523 7115
0.604523 6228
0.604535 6228
0.604632 6228
0.604644 6228
0.604656 6228
0.606242 6228
0.606314 6228
0.606326 6228
0.606338 6228
0.60635 6228
0.607864 6228
0.607948 6228
0.60796 6228
0.607972 6228
0.607984 6228
0.607996 6228
0.609798 6228
0.609798 6228
0.609798 7743
0.609895 7743
0.609907 7743
0.609919 7743
0.609931 7743
0.609943 7743
0.611685 7743
0.611685 7743
0.611685 6763
0.611769 6763
0.611781 6763
0.611793 6763
0.611805 6763
0.611817 6763
0.613367 6763
0.613439 6763
0.613451 6763
0.613463 6763
0.613475 6763
0.615037 6763
0.615122 6763
0.615134 6763
0.615146 6763
0.615158 6763
0.61517 6763
0.617008 6763
0.617008 6763
0.617008 8211
0.617104 8211
0.617116 8211
0.617128 8211
0.61714 8211
0.617152 8211
0.617164 8211
0.618895 8211
0.618895 8211
0.618895 7277
0.618979 7277
0.618991 7277
0.619003 7277
0.619015 7277
0.619027 7277
0.620589 7277
0.620661 7277
0.620673 7277
0.620685 7277
0.620697 7277
0.622355 7277
0.622355 7277
0.622355 7330
0.622367 7330
0.622451 7330
0.622463 7330
0.622475 7330
0.622487 7330
0.62435 7330
0.62435 7330
0.62435 6382
0.62441 6382
0.624422 6382
0.624434 6382
0.624446 6382
0.62614 6382
0.62614 6382
0.62614 5547
0.626176 5547
0.626188 5547
0.6262 5547
0.626212 5547
0.627762 5547
0.627798 5547
0.62781 5547
0.627822 5547
0.629589 5547
0.629589 5547
0.629589 5910
0.629637 5910
0.629649 5910
0.629661 5910
0.629673 5910
0.631487 5910
0.631487 5910
0.631487 5224
0.631535 5224
0.631547 5224
0.631559 5224
0.633218 5224
0.633278 5224
0.63329 5224
0.633302 5224
0.634744 5224
0.634816 5224
0.634828 5224
0.63484 5224
0.634852 5224
0.636618 5224
0.636618 5224
0.636618 6628
0.636702 6628
0.636714 6628
0.636726 6628
0.636738 6628
0.63675 6628
0.638565 6628
0.638565 6628
0.638565 5889
0.638637 5889
0.638649 5889
0.638661 5889
0.638673 5889
0.640319 5889
0.640319 5889
0.640319 5196
0.640391 5196
0.640403 5196
0.640415 5196
0.641857 5196
0.641917 5196
0.641929 5196
0.641941 5196
0.643684 5196
0.643684 5196
0.643684 5797
0.643756 5797
0.643768 5797
0.64378 5797
0.643792 5797
0.645678 5797
0.645678 5797
0.645678 5373
0.64575 5373
0.645762 5373
0.645774 5373
0.647469 5373
0.647469 5373
0.647469 4734
0.647529 4734
0.647541 4734
0.647553 4734
0.649079 4734
0.649139 4734
0.649151 4734
0.649163 4734
0.650929 4734
0.650929 4734
0.650929 5389
0.651001 5389
0.651013 5389
0.651025 5389
0.652888 5389
0.652888 5389
0.652888 4761
0.652948 4761
0.65296 4761
0.652972 4761
0.654618 4761
0.654678 4761
0.65469 4761
0.654702 4761
0.65618 4761
0.656252 4761
0.656264 4761
0.656276 4761
0.656288 4761
0.658103 4761
0.658103 4761
0.658103 6475
0.658187 6475
0.658199 6475
0.658211 6475
0.658223 6475
0.660049 6475
0.660049 6475
0.660049 5697
0.660121 5697
0.660134 5697
0.660146 5697
0.660158 5697
0.66178 5697
0.661852 5697
0.661864 5697
0.661876 5697
0.663306 5697
0.663318 5697
0.663402 5697
0.663414 5697
0.663426 5697
0.66512 5697
0.66512 5697
0.66512 7112
0.665132 7112
0.665216 7112
0.665228 7112
0.66524 7112
0.665252 7112
0.667127 7112
0.667127 7112
0.667127 6324
0.667211 6324
0.667223 6324
0.667235 6324
0.667247 6324
0.668905 6324
0.668905 6324
0.668905 5571
0.668977 5571
0.668989 5571
0.669001 5571
0.669013 5571
0.670575 5571
0.670635 5571
0.670648 5571
0.67066 5571
0.672342 5571
0.672342 5571
0.672342 5976
0.672402 5976
0.672414 5976
0.672426 5976
0.672438 5976
0.674384 5976
0.674384 5976
0.674384 5307
0.674421 5307
0.674433 5307
0.674445 5307
0.676187 5307
0.676187 5307
0.676187 4568
0.676223 4568
0.676235 4568
0.676247 4568
0.677869 4568
0.677905 4568
0.677917 4568
0.677929 4568
0.679491 4568
0.679527 4568
0.679539 4568
0.679551 4568
0.68139 4568
0.68139 4568
0.68139 6197
0.681402 6197
0.68145 6197
0.681462 6197
0.681474 6197
0.683384 6197
0.683384 6197
0.683384 5505
0.683421 5505
0.683433 5505
0.683445 5505
0.683457 5505
0.685139 5505
0.685139 5505
0.685139 4943
0.685175 4943
0.685187 4943
0.685199 4943
0.686689 4943
0.686737 4943
0.686749 4943
0.686761 4943
0.688539 4943
0.688539 4943
0.688539 5625
0.688587 5625
0.688599 5625
0.688611 5625
0.688623 5625
0.69051 5625
0.69051 5625
0.69051 5231
0.690558 5231
0.69057 5231
0.690582 5231
0.692228 5231
0.692288 5231
0.6923 5231
0.692312 5231
0.693754 5231
0.693826 5231
0.693838 5231
0.69385 5231
0.693862 5231
0.695617 5231
0.695617 5231
0.695617 6783
0.695689 6783
0.695701 6783
0.695713 6783
0.695725 6783
0.695737 6783
0.697659 6783
0.697659 6783
0.697659 6100
0.697732 6100
0.697744 6100
0.697756 6100
0.697768 6100
0.699414 6100
0.699414 6100
0.699414 5415
0.699474 5415
0.699486 5415
0.699498 5415
0.69951 5415
0.701 5415
0.70106 5415
0.701072 5415
0.701084 5415
0.702874 5415
0.702874 5415
0.702874 6190
0.702959 6190
0.702971 6190
0.702983 6190
0.702995 6190
0.704893 6190
0.704893 6190
0.704893 5676
0.704953 5676
0.704965 5676
0.704977 5676
0.704989 5676
0.706671 5676
0.706671 5676
0.706671 5177
0.706732 5177
0.706744 5177
0.706756 5177
0.708306 5177
0.708366 5177
0.708378 5177
0.70839 5177
0.710144 5177
0.710144 5177
0.710144 5585
0.710228 5585
0.71024 5585
0.710252 5585
0.710264 5585
0.712151 5585
0.712151 5585
0.712151 5062
0.712211 5062
0.712223 5062
0.712235 5062
0.713917 5062
0.713917 5062
0.713917 4489
0.713977 4489
0.713989 4489
0.714001 4489
0.715599 4489
0.715647 4489
0.715659 4489
0.717462 4489
0.717462 4489
0.717462 4972
0.717474 4972
0.717522 4972
0.717534 4972
0.71936 4972
0.71936 4972
0.71936 4376
0.71942 4376
0.719432 4376
0.719444 4376
0.721151 4376
0.721151 4376
0.721151 4021
0.721199 4021
0.721211 4021
0.722761 4021
0.722809 4021
0.722821 4021
0.724539 4021
0.724539 4021
0.724539 4443
0.724599 4443
0.724611 4443
0.724623 4443
0.726534 4443
0.726534 4443
0.726534 4026
0.726582 4026
0.726594 4026
0.728288 4026
0.728288 4026
0.728288 3527
0.728336 3527
0.728348 3527
0.72991 3527
0.729958 3527
0.72997 3527
0.731665 3527
0.731665 3527
0.731665 4184
0.731737 4184
0.731749 4184
0.731761 4184
0.733659 4184
0.733659 4184
0.733659 3847
0.733707 3847
0.733719 3847
0.73545 3847
0.73545 3847
0.73545 3395
0.735498 3395
0.73551 3395
0.737072 3395
0.73712 3395
0.737132 3395
0.738838 3395
0.738838 3395
0.738838 4089
0.738898 4089
0.73891 4089
0.740821 4089
0.740821 4089
0.740821 3516
0.740869 3516
0.740881 3516
0.742623 3516
0.742623 3516
0.742623 3177
0.742671 3177
0.742683 3177
0.744233 3177
0.744282 3177
0.744294 3177
0.74588 3177
0.745928 3177
0.74594 3177
0.747874 3177
0.747874 3177
0.747874 4841
0.747886 4841
0.747934 4841
0.747946 4841
0.749785 4841
0.749785 4841
0.749785 4300
0.749845 4300
0.749857 4300
0.749869 4300
0.751455 4300
0.751503 4300
0.751515 4300
0.753029 4300
0.753041 4300
0.753089 4300
0.753101 4300
0.75494 4300
0.75494 4300
0.75494 5795
0.754952 5795
0.754964 5795
0.755012 5795
0.755024 5795
0.75691 5795
0.75691 5795
0.75691 5184
0.756922 5184
0.75697 5184
0.756982 5184
0.758641 5184
0.758701 5184
0.758713 5184
0.758725 5184
0.760323 5184
0.760407 5184
0.760419 5184
0.760431 5184
0.760443 5184
0.762306 5184
0.762306 5184
0.762306 6632
0.762414 6632
0.762426 6632
0.762438 6632
0.76245 6632
0.762462 6632
0.764096 6632
0.764096 6632
0.764096 5969
0.76418 5969
0.764192 5969
0.764204 5969
0.764216 5969
0.765766 5969
0.765826 5969
0.765838 5969
0.76585 5969
0.767617 5969
0.767617 5969
0.767617 6467
0.767629 6467
0.767689 6467
0.767701 6467
0.767713 6467
0.769563 6467
0.769563 6467
0.769563 5782
0.769635 5782
0.769647 5782
0.769659 5782
0.769671 5782
0.77133 5782
0.77133 5782
0.77133 5287
0.77139 5287
0.771402 5287
0.771414 5287
0.77288 5287
0.77294 5287
0.772952 5287
0.772964 5287
0.774718 5287
0.774718 5287
0.774718 5970
0.77479 5970
0.774802 5970
0.774814 5970
0.774826 5970
0.776725 5970
0.776725 5970
0.776725 5586
0.776785 5586
0.776797 5586
0.776809 5586
0.778503 5586
0.778503 5586
0.778503 4945
0.778563 4945
0.778575 4945
0.778587 4945
0.780065 4945
0.780113 4945
0.780125 4945
0.780137 4945
0.781796 4945
0.781844 4945
0.781856 4945
0.781868 4945
0.78188 4945
0.783838 4945
0.783838 4945
0.783838 6746
0.783898 6746
0.78391 6746
0.783922 6746
0.783934 6746
0.783946 6746
0.785665 6746
0.785665 6746
0.785665 6202
0.785725 6202
0.785737 6202
0.785749 6202
0.785761 6202
0.787287 6202
0.787347 6202
0.787359 6202
0.787371 6202
0.787383 6202
0.789077 6202
0.789077 6202
0.789077 6612
0.789149 6612
0.789161 6612
0.789173 6612
0.789185 6612
0.789197 6612
0.791156 6612
0.791156 6612
0.791156 5871
0.791216 5871
0.791228 5871
0.79124 5871
0.791252 5871
0.792946 5871
0.792946 5871
0.792946 5178
0.793006 5178
0.793018 5178
0.79303 5178
0.794544 5178
0.794593 5178
0.794605 5178
0.794617 5178
0.796347 5178
0.796347 5178
0.796347 5523
0.796395 5523
0.796407 5523
0.796419 5523
0.796431 5523
0.798426 5523
0.798426 5523
0.798426 4907
0.798486 4907
0.798498 4907
0.79851 4907
0.800216 4907
0.800216 4907
0.800216 4308
0.800264 4308
0.800276 4308
0.800288 4308
0.801862 4308
0.80191 4308
0.801922 4308
0.803701 4308
0.803701 4308
0.803701 4772
0.803713 4772
0.803785 4772
0.803797 4772
0.805671 4772
0.805671 4772
0.805671 4177
0.805719 4177
0.805731 4177
0.805743 4177
0.807414 4177
0.807462 4177
0.807474 4177
0.809072 4177
0.809084 4177
0.809156 4177
0.809168 4177
0.811066 4177
0.811066 4177
0.811066 5666
0.811078 5666
0.811175 5666
0.811187 5666
0.811199 5666
0.812929 5666
0.812929 5666
0.812929 5041
0.813001 5041
0.813013 5041
0.813025 5041
0.814539 5041
0.814599 5041
0.814611 5041
0.814623 5041
0.816342 5041
0.816342 5041
0.816342 5436
0.816414 5436
0.816426 5436
0.816438 5436
0.81645 5436
0.818372 5436
0.818372 5436
0.818372 4844
0.818432 4844
0.818444 4844
0.818456 4844
0.820151 4844
0.820151 4844
0.820151 4260
0.820211 4260
0.820223 4260
0.820235 4260
0.821677 4260
0.821725 4260
0.821737 4260
0.823323 4260
0.823335 4260
0.823395 4260
0.823407 4260
0.825329 4260
0.825329 4260
0.825329 5676
0.825341 5676
0.825354 5676
0.825426 5676
0.825438 5676
0.827192 5676
0.827192 5676
0.827192 5001
0.827204 5001
0.827264 5001
0.827276 5001
0.828802 5001
0.828862 5001
0.828874 5001
0.828886 5001
0.830604 5001
0.830604 5001
0.830604 5412
0.830677 5412
0.830689 5412
0.830701 5412
0.830713 5412
0.832647 5412
0.832647 5412
0.832647 4909
0.832707 4909
0.832719 4909
0.832731 4909
0.834414 4909
0.834414 4909
0.834414 4287
0.834474 4287
0.834486 4287
0.834498 4287
0.835988 4287
0.836036 4287
0.836048 4287
0.83767 4287
0.837682 4287
0.837742 4287
0.837754 4287
0.839701 4287
0.839701 4287
0.839701 5746
0.839713 5746
0.839725 5746
0.839797 5746
0.839809 5746
0.841539 5746
0.841539 5746
0.841539 5118
0.841551 5118
0.841611 5118
0.841623 5118
0.843245 5118
0.843305 5118
0.843317 5118
0.843329 5118
0.844855 5118
0.844928 5118
0.84494 5118
0.844952 5118
0.844964 5118
0.846802 5118
0.846802 5118
0.846802 6570
0.846886 6570
0.846898 6570
0.84691 6570
0.846922 6570
0.846934 6570
0.848689 6570
0.848689 6570
0.848689 5904
0.848761 5904
0.848773 5904
0.848785 5904
0.848797 5904
0.850335 5904
0.850395 5904
0.850407 5904
0.850419 5904
0.852029 5904
0.852041 5904
0.852113 5904
0.852125 5904
0.852137 5904
0.85406 5904
0.85406 5904
0.85406 7167
0.854072 7167
0.854084 7167
0.854168 7167
0.85418 7167
0.854192 7167
0.85591 7167
0.85591 7167
0.85591 6304
0.855922 6304
0.855994 6304
0.856006 6304
0.856018 6304
0.85764 6304
0.857713 6304
0.857725 6304
0.857737 6304
0.857749 6304
0.859215 6304
0.859299 6304
0.859311 6304
0.859323 6304
0.859335 6304
0.859347 6304
0.861089 6304
0.861089 6304
0.861089 7819
0.861173 7819
0.861185 7819
0.861197 7819
0.861209 7819
0.861221 7819
0.861233 7819
0.862988 7819
0.862988 7819
0.862988 7012
0.863072 7012
0.863084 7012
0.863096 7012
0.863108 7012
0.86312 7012
0.864694 7012
0.864766 7012
0.864778 7012
0.86479 7012
0.864802 7012
0.866244 7012
0.866328 7012
0.86634 7012
0.866352 7012
0.866364 7012
0.866376 7012
0.868142 7012
0.868142 7012
0.868142 8253
0.868239 8253
0.868251 8253
0.868263 8253
0.868275 8253
0.868287 8253
0.868299 8253
0.870173 8253
0.870173 8253
0.870173 7272
0.870257 7272
0.870269 7272
0.870281 7272
0.870293 7272
0.870305 7272
0.871891 7272
0.871964 7272
0.871976 7272
0.871988 7272
0.872 7272
0.873478 7272
0.87349 7272
0.873574 7272
0.873586 7272
0.873598 7272
0.87361 7272
0.875388 7272
0.875388 7272
0.875388 8457
0.8754 8457
0.875412 8457
0.875508 8457
0.87552 8457
0.875532 8457
0.875544 8457
0.877335 8457
0.877335 8457
0.877335 7539
0.877347 7539
0.877431 7539
0.877443 7539
0.877455 7539
0.877467 7539
0.879101 7539
0.879101 7539
0.879101 6529
0.879173 6529
0.879185 6529
0.879197 6529
0.879209 6529
0.879221 6529
0.880651 6529
0.880735 6529
0.880747 6529
0.880759 6529
0.880771 6529
0.882502 6529
0.882502 6529
0.882502 7141
0.88261 7141
0.882622 7141
0.882634 7141
0.882646 7141
0.882658 7141
0.884508 7141
0.884508 7141
0.884508 6512
0.884592 6512
0.884604 6512
0.884616 6512
0.884628 6512
0.886251 6512
0.886323 6512
0.886335 6512
0.886347 6512
0.886359 6512
0.887897 6512
0.887957 6512
0.887969 6512
0.887981 6512
0.887993 6512
0.888005 6512
0.889747 6512
0.889747 6512
0.889747 7969
0.889831 7969
0.889843 7969
0.889855 7969
0.889867 7969
0.889879 7969
0.889891 7969
0.89167 7969
0.89167 7969
0.89167 7062
0.891742 7062
0.891754 7062
0.891766 7062
0.891778 7062
0.89179 7062
0.893376 7062
0.893436 7062
0.893448 7062
0.89346 7062
0.893472 7062
0.89507 7062
0.89513 7062
0.895142 7062
0.895154 7062
0.895166 7062
0.895178 7062
0.897065 7062
0.897065 7062
0.897065 8320
0.897137 8320
0.897149 8320
0.897161 8320
0.897173 8320
0.897185 8320
0.897197 8320
0.898915 8320
0.898915 8320
0.898915 7423
0.898988 7423
0.899 7423
0.899012 7423
0.899024 7423
0.899036 7423
0.900622 7423
0.900694 7423
0.900706 7423
0.900718 7423
0.90073 7423
0.900742 7423
0.902268 7423
0.902352 7423
0.902364 7423
0.902376 7423
0.902388 7423
0.9024 7423
0.904251 7423
0.904251 7423
0.904251 8694
0.904263 8694
0.904359 8694
0.904371 8694
0.904383 8694
0.904395 8694
0.904407 8694
0.906209 8694
0.906209 8694
0.906209 7653
0.906293 7653
0.906305 7653
0.906317 7653
0.906329 7653
0.906341 7653
0.907891 7653
0.907964 7653
0.907976 7653
0.907988 7653
0.908 7653
0.908012 7653
0.909526 7653
0.90961 7653
0.909622 7653
0.909634 7653
0.909646 7653
0.909658 7653
0.90967 7653
0.911472 7653
0.911472 7653
0.911472 8955
0.911568 8955
0.91158 8955
0.911592 8955
0.911604 8955
0.911616 8955
0.911628 8955
0.913359 8955
0.913359 8955
0.913359 7882
0.913443 7882
0.913455 7882
0.913467 7882
0.913479 7882
0.913491 7882
0.913503 7882
0.915089 7882
0.915161 7882
0.915173 7882
0.915185 7882
0.915197 7882
0.915209 7882
0.916615 7882
0.916687 7882
0.916699 7882
0.916711 7882
0.916723 7882
0.916735 7882
0.916747 7882
0.918453 7882
0.918453 7882
0.918453 9232
0.918526 9232
0.918538 9232
0.91855 9232
0.918562 9232
0.918574 9232
0.918586 9232
0.918598 9232
0.920484 9232
0.920484 9232
0.920484 8178
0.920556 8178
0.920568 8178
0.92058 8178
0.920592 8178
0.920604 8178
0.920616 8178
0.922239 8178
0.922239 8178
0.922239 7070
0.922323 7070
0.922335 7070
0.922347 7070
0.922359 7070
0.922371 7070
0.923861 7070
0.923933 7070
0.923945 7070
0.923957 7070
0.923969 7070
0.925699 7070
0.925699 7070
0.925699 7423
0.925783 7423
0.925795 7423
0.925807 7423
0.925819 7423
0.925831 7423
0.927706 7423
0.927706 7423
0.927706 6683
0.927778 6683
0.92779 6683
0.927802 6683
0.927814 6683
0.927826 6683
0.929472 6683
0.929472 6683
0.929472 5994
0.929544 5994
0.929556 5994
0.929568 5994
0.92958 5994
0.93101 5994
0.93107 5994
0.931082 5994
0.931094 5994
0.931106 5994
0.932753 5994
0.932837 5994
0.932837 5994
0.932837 6660
0.932849 6660
0.932861 6660
0.932873 6660
0.934819 6660
0.934831 6660
0.934915 6660
0.934915 6660
0.934915 5991
0.934927 5991
0.934939 5991
0.936634 5991
0.936646 5991
0.936718 5991
0.936718 5991
0.936718 5321
0.93673 5321
0.938328 5321
0.93834 5321
0.938352 5321
0.938412 5321
0.94025 5321
0.94025 5321
0.94025 5226
0.940263 5226
0.940275 5226
0.940335 5226
0.942161 5226
0.942161 5226
0.942161 4571
0.942173 4571
0.942185 4571
0.942257 4571
0.943927 4571
0.943927 4571
0.943927 4169
0.943939 4169
0.943999 4169
0.944012 4169
0.945441 4169
0.945501 4169
0.945514 4169
0.94722 4169
0.94722 4169
0.94722 4876
0.947232 4876
0.947304 4876
0.947316 4876
0.949287 4876
0.949287 4876
0.949287 4358
0.949347 4358
0.949359 4358
0.949371 4358
0.951077 4358
0.951077 4358
0.951077 4038
0.951137 4038
0.951149 4038
0.952675 4038
0.952723 4038
0.952735 4038
0.954453 4038
0.954453 4038
0.954453 4472
0.954501 4472
0.954513 4472
0.954526 4472
0.95652 4472
0.95652 4472
0.95652 4057
0.95658 4057
0.956592 4057
0.958311 4057
0.958311 4057
0.958311 3557
0.958359 3557
0.958371 3557
0.959969 3557
0.960017 3557
0.960029 3557
0.961735 3557
0.961735 3557
0.961735 4209
0.961807 4209
0.961819 4209
0.961831 4209
0.963766 4209
0.963766 4209
0.963766 3870
0.963814 3870
0.963826 3870
0.965592 3870
0.965592 3870
0.965592 3415
0.96564 3415
0.965652 3415
0.967262 3415
0.967311 3415
0.967323 3415
0.968945 3415
0.969005 3415
0.969017 3415
0.969029 3415
0.970963 3415
0.970963 3415
0.970963 5176
0.971023 5176
0.971035 5176
0.971048 5176
0.97279 5176
0.97279 5176
0.97279 4529
0.97285 4529
0.972862 4529
0.972874 4529
0.974436 4529
0.974496 4529
0.974508 4529
0.976058 4529
0.97607 4529
0.97613 4529
0.976142 4529
0.977969 4529
0.977969 4529
0.977969 5909
0.977981 5909
0.977993 5909
0.978053 5909
0.978065 5909
0.979891 5909
0.979891 5909
0.979891 5232
0.979903 5232
0.979975 5232
0.979987 5232
0.98161 5232
0.98167 5232
0.981682 5232
0.981694 5232
0.98322 5232
0.983304 5232
0.983316 5232
0.983328 5232
0.98334 5232
0.98519 5232
0.98519 5232
0.98519 6693
0.985298 6693
0.98531 6693
0.985323 6693
0.985335 6693
0.985347 6693
0.987077 6693
0.987077 6693
0.987077 6028
0.987161 6028
0.987173 6028
0.987185 6028
0.987197 6028
0.988735 6028
0.988807 6028
0.988819 6028
0.988831 6028
0.988843 6028
0.990537 6028
0.990537 6028
0.990537 6439
0.99061 6439
0.990622 6439
0.990634 6439
0.990646 6439
0.992532 6439
0.992532 6439
0.992532 5622
0.992604 5622
0.992616 5622
0.992628 5622
0.99264 5622
0.994262 5622
0.994322 5622
0.994335 5622
0.994347 5622
0.995824 5622
0.995837 5622
0.995909 5622
0.995921 5622
0.995933 5622
0.997723 5622
0.997723 5622
0.997723 7027
0.997735 7027
0.997831 7027
0.997843 7027
0.997855 7027
0.997867 7027
0.999706 7027
0.999706 7027
0.999706 6221
0.99979 6221
0.999802 6221
0.999814 6221
0.999826 6221
1.00141 6221
1.00148 6221
1.0015 6221
1.00151 6221
1.00152 6221
1.00308 6221
1.00317 6221
1.00318 6221
1.00319 6221
1.0032 6221
1.00321 6221
1.0051 6221
1.0051 6221
1.0051 7750
1.00518 7750
1.0052 7750
1.00521 7750
1.00522 7750
1.00523 7750
1.00693 7750
1.00693 7750
1.00693 6777
1.00701 6777
1.00702 6777
1.00704 6777
1.00705 6777
1.00706 6777
1.00863 6777
1.00871 6777
1.00872 6777
1.00873 6777
1.00874 6777
1.0104 6777
1.0104 6777
1.0104 7047
1.01048 7047
1.0105 7047
1.01051 7047
1.01052 7047
1.01053 7047
1.01239 7047
1.01239 7047
1.01239 6215
1.01247 6215
1.01248 6215
1.01249 6215
1.0125 6215
1.01414 6215
1.01421 6215
1.01422 6215
1.01423 6215
1.01425 6215
1.01576 6215
1.01582 6215
1.01583 6215
1.01584 6215
1.01586 6215
1.01587 6215
1.01768 6215
1.01768 6215
1.01768 7635
1.01775 7635
1.01777 7635
1.01778 7635
1.01779 7635
1.0178 7635
1.0195 7635
1.0195 7635
1.0195 6595
1.01957 6595
1.01958 6595
1.01959 6595
1.0196 6595
1.01962 6595
1.02119 6595
1.02125 6595
1.02126 6595
1.02127 6595
1.02129 6595
1.02273 6595
1.02279 6595
1.0228 6595
1.02281 6595
1.02282 6595
1.02284 6595
1.02459 6595
1.02459 6595
1.02459 8008
1.02466 8008
1.02467 8008
1.02469 8008
1.0247 8008
1.02471 8008
1.02472 8008
1.02659 8008
1.02659 8008
1.02659 7024
1.02666 7024
1.02667 7024
1.02668 7024
1.02669 7024
1.02671 7024
1.02833 7024
1.0284 7024
1.02841 7024
1.02842 7024
1.02844 7024
1.02995 7024
1.03005 7024
1.03006 7024
1.03007 7024
1.03008 7024
1.03009 7024
1.03187 7024
1.03187 7024
1.03187 8242
1.03199 8242
1.032 8242
1.03202 8242
1.03203 8242
1.03204 8242
1.03205 8242
1.0338 8242
1.0338 8242
1.0338 7177
1.03389 7177
1.0339 7177
1.03392 7177
1.03393 7177
1.03394 7177
1.03548 7177
1.03555 7177
1.03556 7177
1.03557 7177
1.03559 7177
1.0372 7177
1.03721 7177
1.0373 7177
1.0373 7177
1.0373 7560
1.03732 7560
1.03733 7560
1.03734 7560
1.03926 7560
1.03927 7560
1.03939 7560
1.03939 7560
1.03939 6549
1.03941 6549
1.03942 6549
1.04106 6549
1.04108 6549
1.04109 6549
1.04121 6549
1.04121 6549
1.04121 5853
1.04272 5853
1.04273 5853
1.04275 5853
1.04276 5853
1.04287 5853
1.0446 5853
1.0446 5853
1.0446 5618
1.04461 5618
1.04462 5618
1.04473 5618
1.04474 5618
1.04648 5618
1.04648 5618
1.04648 5181
1.0465 5181
1.0466 5181
1.04662 5181
1.04825 5181
1.04825 5181
1.04825 4556
1.04835 4556
1.04836 4556
1.04837 4556
1.04979 4556
1.04988 4556
1.0499 4556
1.05161 4556
1.05161 4556
1.05161 5184
1.05163 5184
1.05171 5184
1.05172 5184
1.05359 5184
1.05359 5184
1.05359 4699
1.05368 4699
1.05369 4699
1.05371 4699
1.05536 4699
1.05536 4699
1.05536 4364
1.05544 4364
1.05545 4364
1.05546 4364
1.05695 4364
1.05701 4364
1.05702 4364
1.0587 4364
1.0587 4364
1.0587 5175
1.05872 5175
1.0588 5175
1.05881 5175
1.06076 5175
1.06076 5175
1.06076 4691
1.06082 4691
1.06083 4691
1.06084 4691
1.06255 4691
1.06255 4691
1.06255 4357
1.06261 4357
1.06262 4357
1.06263 4357
1.06415 4357
1.0642 4357
1.06421 4357
1.06588 4357
1.06589 4357
1.06594 4357
1.06595 4357
1.06794 4357
1.06794 4357
1.06794 5883
1.06796 5883
1.06797 5883
1.06802 5883
1.06803 5883
1.06978 5883
1.06978 5883
1.06978 5248
1.06979 5248
1.06984 5248
1.06986 5248
1.07138 5248
1.07144 5248
1.07145 5248
1.07147 5248
1.07314 5248
1.07314 5248
1.07314 5580
1.07321 5580
1.07322 5580
1.07323 5580
1.07324 5580
1.07523 5580
1.07523 5580
1.07523 5028
1.07529 5028
1.0753 5028
1.07531 5028
1.07702 5028
1.07702 5028
1.07702 4445
1.07708 4445
1.07709 4445
1.0771 4445
1.0787 4445
1.07875 4445
1.07876 4445
1.08045 4445
1.08045 4445
1.08045 4930
1.08047 4930
1.08054 4930
1.08055 4930
1.08251 4930
1.08251 4930
1.08251 4337
1.08257 4337
1.08258 4337
1.08259 4337
1.08432 4337
1.08432 4337
1.08432 3986
1.08437 3986
1.08438 3986
1.08591 3986
1.08596 3986
1.08597 3986
1.08766 3986
1.08766 3986
1.08766 4415
1.08772 4415
1.08773 4415
1.08775 4415
1.08971 4415
1.08971 4415
1.08971 4000
1.08975 4000
1.08977 4000
1.09148 4000
1.09148 4000
1.09148 3505
1.09153 3505
1.09154 3505
1.09312 3505
1.09317 3505
1.09318 3505
1.09484 3505
1.0949 3505
1.09491 3505
1.09492 3505
1.09684 3505
1.09684 3505
1.09684 5235
1.0969 5235
1.09692 5235
1.09693 5235
1.09862 5235
1.09862 5235
1.09862 4586
1.09868 4586
1.09869 4586
1.09871 4586
1.10026 4586
1.10032 4586
1.10033 4586
1.10034 4586
1.10205 4586
1.10205 4586
1.10205 5227
1.10211 5227
1.10212 5227
1.10213 5227
1.104 5227
1.104 5227
1.104 4512
1.10406 4512
1.10408 4512
1.10409 4512
1.10575 4512
1.10579 4512
1.10581 4512
1.1073 4512
1.10731 4512
1.10737 4512
1.10738 4512
1.10918 4512
1.10918 4512
1.10918 5890
1.1092 5890
1.10921 5890
1.10928 5890
1.10929 5890
1.11111 5890
1.11111 5890
1.11111 5250
1.11112 5250
1.11118 5250
1.11119 5250
1.11279 5250
1.11285 5250
1.11286 5250
1.11287 5250
1.11448 5250
1.11455 5250
1.11457 5250
1.11458 5250
1.11459 5250
1.11644 5250
1.11644 5250
1.11644 6671
1.11653 6671
1.11654 6671
1.11655 6671
1.11656 6671
1.11657 6671
1.11832 6671
1.11832 6671
1.11832 5939
1.11839 5939
1.1184 5939
1.11841 5939
1.11842 5939
1.11999 5939
1.12005 5939
1.12006 5939
1.12007 5939
1.1216 5939
1.12161 5939
1.12168 5939
1.12169 5939
1.1217 5939
1.12353 5939
1.12353 5939
1.12353 7162
1.12354 7162
1.12355 7162
1.12364 7162
1.12365 7162
1.12366 7162
1.12545 7162
1.12545 7162
1.12545 6285
1.12547 6285
1.12554 6285
1.12555 6285
1.12556 6285
1.12714 6285
1.12721 6285
1.12722 6285
1.12723 6285
1.12724 6285
1.12891 6285
1.12891 6285
1.12891 6555
1.129 6555
1.12901 6555
1.12902 6555
1.12903 6555
1.12905 6555
1.13096 6555
1.13096 6555
1.13096 5884
1.13103 5884
1.13104 5884
1.13105 5884
1.13106 5884
1.13275 5884
1.13275 5884
1.13275 5223
1.13281 5223
1.13282 5223
1.13283 5223
1.13426 5223
1.13432 5223
1.13433 5223
1.13434 5223
1.13605 5223
1.13605 5223
1.13605 5575
1.13612 5575
1.13614 5575
1.13615 5575
1.13616 5575
1.13811 5575
1.13811 5575
1.13811 5048
1.13817 5048
1.13818 5048
1.13819 5048
1.13988 5048
1.13988 5048
1.13988 4400
1.13994 4400
1.13996 4400
1.13997 4400
1.14151 4400
1.14155 4400
1.14157 4400
1.14312 4400
1.14313 4400
1.14319 4400
1.1432 4400
1.14509 4400
1.14509 4400
1.14509 5828
1.1451 5828
1.14511 5828
1.14518 5828
1.1452 5828
1.14702 5828
1.14702 5828
1.14702 5200
1.14703 5200
1.14709 5200
1.14711 5200
1.14872 5200
1.14878 5200
1.14879 5200
1.1488 5200
1.15036 5200
1.15043 5200
1.15045 5200
1.15046 5200
1.15047 5200
1.15234 5200
1.15234 5200
1.15234 6635
1.15243 6635
1.15244 6635
1.15245 6635
1.15247 6635
1.15248 6635
1.15423 6635
1.15423 6635
1.15423 5907
1.1543 5907
1.15432 5907
1.15433 5907
1.15434 5907
1.15591 5907
1.15597 5907
1.15599 5907
1.156 5907
1.1576 5907
1.15761 5907
1.15768 5907
1.15769 5907
1.1577 5907
1.15961 5907
1.15961 5907
1.15961 7136
1.15963 7136
1.15964 7136
1.15972 7136
1.15973 7136
1.15975 7136
1.16147 7136
1.16147 7136
1.16147 6261
1.16148 6261
1.16155 6261
1.16156 6261
1.16157 6261
1.16316 6261
1.16323 6261
1.16324 6261
1.16326 6261
1.16327 6261
1.16475 6261
1.16483 6261
1.16484 6261
1.16485 6261
1.16487 6261
1.16488 6261
1.16667 6261
1.16667 6261
1.16667 7775
1.16675 7775
1.16676 7775
1.16678 7775
1.16679 7775
1.1668 7775
1.16859 7775
1.16859 7775
1.16859 6798
1.16867 6798
1.16869 6798
1.1687 6798
1.16871 6798
1.16872 6798
1.17027 6798
1.17034 6798
1.17036 6798
1.17037 6798
1.17038 6798
1.17186 6798
1.17194 6798
1.17196 6798
1.17197 6798
1.17198 6798
1.17199 6798
1.17377 6798
1.17377 6798
1.17377 8242
1.17387 8242
1.17388 8242
1.17389 8242
1.1739 8242
1.17391 8242
1.17393 8242
1.17578 8242
1.17578 8242
1.17578 7309
1.17586 7309
1.17587 7309
1.17588 7309
1.1759 7309
1.17591 7309
1.17753 7309
1.17753 7309
1.17753 6442
1.1776 6442
1.17761 6442
1.17763 6442
1.17764 6442
1.17908 6442
1.17916 6442
1.17918 6442
1.17919 6442
1.1792 6442
1.18094 6442
1.18094 6442
1.18094 6981
1.18105 6981
1.18106 6981
1.18108 6981
1.18109 6981
1.1811 6981
1.1829 6981
1.1829 6981
1.1829 6414
1.18299 6414
1.183 6414
1.18301 6414
1.18302 6414
1.18464 6414
1.18472 6414
1.18473 6414
1.18474 6414
1.18475 6414
1.18625 6414
1.18635 6414
1.18636 6414
1.18637 6414
1.18639 6414
1.1864 6414
1.18815 6414
1.18815 6414
1.18815 7921
1.18827 7921
1.18828 7921
1.1883 7921
1.18831 7921
1.18832 7921
1.18833 7921
1.19009 7921
1.19009 7921
1.19009 7089
1.19018 7089
1.1902 7089
1.19021 7089
1.19022 7089
1.19023 7089
1.19184 7089
1.19184 7089
1.19184 6290
1.19191 6290
1.19193 6290
1.19194 6290
1.19195 6290
1.1934 6290
1.19348 6290
1.19349 6290
1.1935 6290
1.19351 6290
1.19527 6290
1.19527 6290
1.19527 6875
1.19535 6875
1.19536 6875
1.19537 6875
1.19539 6875
1.1954 6875
1.19724 6875
1.19724 6875
1.19724 6326
1.19731 6326
1.19732 6326
1.19733 6326
1.19734 6326
1.19899 6326
1.19899 6326
1.19899 5691
1.19906 5691
1.19908 5691
1.19909 5691
1.1991 5691
