0.0 0
4.1852e-05 1348
4.1852e-05 1348
0.000105578 2696
0.000168872 4044
0.000180087 5392
0.000232166 6740
0.000243381 8088
0.000254596 9436
0.000265811 10784
0.00029546 12132
0.000306675 13480
0.00031789 14828
0.000329105 16176
0.00034032 17524
0.000351535 18872
0.00036275 20220
0.000373965 21568
0.00038518 22916
0.000396395 24264
0.00040761 25612
0.000418825 26960
0.00043004 28308
0.000441255 29656
0.00045247 31004
0.000463685 32352
0.0004749 33700
0.000486115 35048
0.00049733 36396
0.000508545 37744
0.00051976 39092
0.000530975 40440
0.00054219 41788
0.000553405 43136
0.00056462 44484
0.000575835 45832
0.00058705 47180
0.000598265 48528
0.00060948 49876
0.000620695 51224
0.00063191 52572
0.000643125 53920
0.00065434 55268
0.000665555 56616
0.00067677 57964
0.000687985 59312
0.0006992 60660
0.000710415 62008
0.00072163 63356
0.000732845 64704
0.00074406 66052
0.000755275 67400
0.00076649 68748
0.000777705 70096
0.00078892 71444
0.000800135 72792
0.00081135 74140
0.000822565 75488
0.00083378 76836
0.000844995 78184
0.00085621 79532
0.000867425 80880
0.00087864 82228
0.000889855 83576
0.00090107 84924
0.000912285 86272
0.0009235 87620
0.000934715 88968
0.00094593 90316
0.000957145 91664
0.00096836 93012
0.000979575 94360
0.00099079 95708
0.00100201 97056
0.00101322 98404
0.00102443 99752
0.00103565 101100
0.00104686 102448
0.00105808 103796
0.0010693 105144
0.00108051 106492
0.00109172 107840
0.00110294 109188
0.00111415 110536
0.00112537 111884
0.00113658 113232
0.0011478 114580
0.00115902 115928
0.00117023 117276
0.00118144 118624
0.00119266 119972
0.00120388 121320
0.00121509 122668
0.00122631 124016
0.00123752 125364
0.00124873 126712
0.00125995 128060
0.00127116 129408
0.00128238 130756
0.0012936 132104
0.00130481 133452
0.00131602 134800
0.00132724 136148
0.00133845 137496
0.00134967 138844
0.00136089 140192
0.0013721 141540
0.00138331 142888
0.00139453 144236
0.00140574 145584
0.00141696 146932
0.00142817 148280
0.00143939 149628
0.0014506 150976
0.00146182 152324
0.00147303 153672
0.00148425 155020
0.00149547 156368
0.00150668 157716
0.0015179 159064
0.00152911 160412
0.00154032 161760
0.00155154 163108
0.00156275 164456
0.00157397 165804
0.00158519 167152
0.0015964 168500
0.00160761 169848
0.00161883 171196
0.00163005 172544
0.00164126 173892
0.00165248 175240
0.00166369 176588
0.0016749 177936
0.00168612 179284
0.00169733 180632
0.00170855 181980
0.00171977 183328
0.00173098 184676
0.00174219 186024
0.00175341 187372
0.00176462 188720
0.00177584 190068
0.00178706 191416
0.00179827 192764
0.00180948 194112
0.0018207 195460
0.00183191 196808
0.00184313 198156
0.00185434 199504
0.00186556 200852
0.00187678 202200
0.00188799 203548
0.0018992 204896
0.00191042 206244
0.00192164 207592
0.00193285 208940
0.00194407 210288
0.00195528 211636
0.00196649 212984
0.00197771 214332
0.00198892 215680
0.00200014 217028
0.00201135 218376
0.00202257 219724
0.00203378 221072
0.002045 222420
0.00205622 223768
0.00206743 225116
0.00207865 226464
0.00208986 227812
0.00210107 229160
0.00211229 230508
0.0021235 231856
0.00213472 233204
0.00214593 234552
0.00215715 235900
0.00216836 237248
0.00217958 238596
0.0021908 239944
0.00220201 241292
0.00221323 242640
0.00222444 243988
0.00223566 245336
0.00224687 246684
0.00225808 248032
0.0022693 249380
0.00228051 250728
0.00229173 252076
0.00230294 253424
0.00231416 254772
0.00232538 256120
0.00233659 257468
0.00234781 258816
0.00235902 260164
0.00237024 261512
0.00238145 262860
0.00239266 264208
0.00240388 265556
0.00241509 266904
0.00242631 268252
0.00243752 269600
0.00244874 270948
0.00245995 272296
0.00247117 273644
0.00248239 274992
0.0024936 276340
0.00250482 277688
0.00251603 279036
0.00252725 280384
0.00253846 281732
0.00254967 283080
0.00256089 284428
0.0025721 285776
0.00258332 287124
0.00259453 288472
0.00260575 289820
0.00261696 291168
0.00262818 292516
0.0026394 293864
0.00265061 295212
0.00266183 296560
0.00267304 297908
0.00268425 299256
0.00269547 300604
0.00270668 301952
0.0027179 303300
0.00272911 304648
0.00274033 305996
0.00275155 307344
0.00276276 308692
0.00277398 310040
0.00278519 311388
0.00279641 312736
0.00280762 314084
0.00281884 315432
0.00283005 316780
0.00284126 318128
0.00285248 319476
0.00286369 320824
0.00287491 322172
0.00288612 323520
0.00289734 324868
0.00290856 326216
0.00291977 327564
0.00293099 328912
0.0029422 330260
0.00295342 331608
0.00296463 332956
0.00297584 334304
0.00298706 335652
0.00299827 337000
0.00300949 338348
0.0030207 339696
0.00303192 341044
0.00304313 342392
0.00305435 343740
0.00306557 345088
0.00307678 346436
0.003088 347784
0.00309921 349132
0.00311042 350480
0.00312164 351828
0.00313285 353176
0.00314407 354524
0.00315528 355872
0.0031665 357220
0.00317771 358568
0.00318893 359916
0.00320015 361264
0.00321136 362612
0.00322258 363960
0.00323379 365308
0.00324501 366656
0.00325622 368004
0.00326743 369352
0.00327865 370700
0.00328986 372048
0.00330108 373396
0.00331229 374744
0.00332351 376092
0.00333473 377440
0.00334594 378788
0.00335716 380136
0.00336837 381484
0.00337959 382832
0.0033908 384180
0.00340201 385528
0.00341323 386876
0.00342444 388224
0.00343566 389572
0.00344687 390920
0.00345809 392268
0.0034693 393616
0.00348052 394964
0.00349174 396312
0.00350295 397660
0.00351417 399008
0.00352538 400356
0.0035366 401704
0.00354781 403052
0.00355902 404400
0.00357024 405748
0.00358145 407096
0.00359267 408444
0.00360388 409792
0.0036151 411140
0.00362631 412488
0.00363753 413836
0.00364875 415184
0.00365996 416532
0.00367118 417880
0.00368239 419228
0.0036936 420576
0.00370482 421924
0.00371603 423272
0.00372725 424620
0.00373846 425968
0.00374968 427316
0.0037609 428664
0.00377211 430012
0.00378333 431360
0.00379454 432708
0.00380576 434056
0.00381697 435404
0.00382819 436752
0.0038394 438100
0.00385061 439448
0.00386183 440796
0.00387304 442144
0.00388426 443492
0.00389547 444840
0.00390669 446188
0.00391791 447536
0.00392912 448884
0.00394033 450232
0.00395155 451580
0.00396277 452928
0.00397398 454276
0.0039852 455624
0.00399641 456972
0.00400762 458320
0.00401884 459668
0.00403006 461016
0.00404127 462364
0.00405248 463712
0.0040637 465060
0.00407492 466408
0.00408613 467756
0.00409734 469104
0.00410856 470452
0.00411977 471800
0.00413099 473148
0.00414221 474496
0.00415342 475844
0.00416463 477192
0.00417585 478540
0.00418707 479888
0.00419828 481236
0.00420949 482584
0.00422071 483932
0.00423193 485280
0.00424314 486628
0.00425435 487976
0.00426557 489324
0.00427678 490672
0.004288 492020
0.00429922 493368
0.00431043 494716
0.00432164 496064
0.00433286 497412
0.00434408 498760
0.00435529 500108
0.0043665 501456
0.00437772 502804
0.00438894 504152
0.00440015 505500
0.00441137 506848
0.00442258 508196
0.00443379 509544
0.00444501 510892
0.00445623 512240
0.00446744 513588
0.00447865 514936
0.00448987 516284
0.00450109 517632
0.0045123 518980
0.00452351 520328
0.00453473 521676
0.00454595 523024
0.00455716 524372
0.00456837 525720
0.00457959 527068
0.0045908 528416
0.00460202 529764
0.00461324 531112
0.00462445 532460
0.00463566 533808
0.00464688 535156
0.0046581 536504
0.00466931 537852
0.00468052 539200
0.00469174 540548
0.00470295 541896
0.00471417 543244
0.00472539 544592
0.0047366 545940
0.00474781 547288
0.00475903 548636
0.00477025 549984
0.00478146 551332
0.00479267 552680
0.00480389 554028
0.00481511 555376
0.00482632 556724
0.00483753 558072
0.00484875 559420
0.00485996 560768
0.00487118 562116
0.0048824 563464
0.00489361 564812
0.00490482 566160
0.00491604 567508
0.00492726 568856
0.00493847 570204
0.00494968 571552
0.0049609 572900
0.00497212 574248
0.00498333 575596
0.00499454 576944
0.00500576 578292
0.00501697 579640
0.00502819 580988
0.00503941 582336
0.00505062 583684
0.00506183 585032
0.00507305 586380
0.00508427 587728
0.00509548 589076
0.00510669 590424
0.00511791 591772
0.00512913 593120
0.00514034 594468
0.00515156 595816
0.00516277 597164
0.00517398 598512
0.0051852 599860
0.00519642 601208
0.00520763 602556
0.00521884 603904
0.00523006 605252
0.00524128 606600
0.00525249 607948
0.0052637 609296
0.00527492 610644
0.00528613 611992
0.00529735 613340
0.00530857 614688
0.00531978 616036
0.00533099 617384
0.00534221 618732
0.00535343 620080
0.00536464 621428
0.00537585 622776
0.00538707 624124
0.00539829 625472
0.0054095 626820
0.00542071 628168
0.00543193 629516
0.00544314 630864
0.00545436 632212
0.00546558 633560
0.00547679 634908
0.005488 636256
0.00549922 637604
0.00551044 638952
0.00552165 640300
0.00553286 641648
0.00554408 642996
0.0055553 644344
0.00556651 645692
0.00557773 647040
0.00558894 648388
0.00560015 649736
0.00561137 651084
0.00562259 652432
0.0056338 653780
0.00564501 655128
0.00565623 656476
0.00566745 657824
0.00567866 659172
0.00568987 660520
0.00570109 661868
0.0057123 663216
0.00572352 664564
0.00573474 665912
0.00574595 667260
0.00575716 668608
0.00576838 669956
0.0057796 671304
0.00579081 672652
0.00580202 674000
0.00581324 675348
0.00582446 676696
0.00583567 678044
0.00584688 679392
0.0058581 680740
0.00586931 682088
0.00588053 683436
0.00589175 684784
0.00590296 686132
0.00591417 687480
0.00592539 688828
0.00593661 690176
0.00594782 691524
0.00595903 692872
0.00597025 694220
0.00598147 695568
0.00599268 696916
0.0060039 698264
0.00601511 699612
0.00602632 700960
0.00603754 702308
0.00604876 703656
0.00605997 705004
0.00607118 706352
0.0060824 707700
0.00609362 709048
0.00610483 710396
0.00611604 711744
0.00612726 713092
0.00613848 714440
0.00614969 715788
0.00616091 717136
0.00617212 718484
0.00618333 719832
0.00619455 721180
0.00620577 722528
0.00621698 723876
0.00622819 725224
0.00623941 726572
0.00625063 727920
0.00626184 729268
0.00627305 730616
0.00628427 731964
0.00629548 733312
0.0063067 734660
0.00631792 736008
0.00632913 737356
0.00634034 738704
0.00635156 740052
0.00636278 741400
0.00637399 742748
0.0063852 744096
0.00639642 745444
0.00640764 746792
0.00641885 748140
0.00643007 749488
0.00644128 750836
0.00645249 752184
0.00646371 753532
0.00647493 754880
0.00648614 756228
0.00649735 757576
0.00650857 758924
0.00651979 760272
0.006531 761620
0.00654221 762968
0.00655343 764316
0.00656465 765664
0.00657586 767012
0.00658707 768360
0.00659829 769708
0.0066095 771056
0.00662072 772404
0.00663194 773752
0.00664315 775100
0.00665436 776448
0.00666558 777796
0.0066768 779144
0.00668801 780492
0.00669922 781840
0.00671044 783188
0.00672165 784536
0.00673287 785884
0.00674409 787232
0.0067553 788580
0.00676651 789928
0.00677773 791276
0.00678895 792624
0.00680016 793972
0.00681137 795320
0.00682259 796668
0.00683381 798016
0.00684502 799364
0.00685623 800712
0.00686745 802060
0.00687866 803408
0.00688988 804756
0.0069011 806104
0.00691231 807452
0.00692352 808800
0.00693474 810148
0.00694596 811496
0.00695717 812844
0.00696838 814192
0.0069796 815540
0.00699082 816888
0.00700203 818236
0.00701324 819584
0.00702446 820932
0.00703567 822280
0.00704689 823628
0.00705811 824976
0.00706932 826324
0.00708053 827672
0.00709175 829020
0.00710297 830368
0.00711418 831716
0.00712539 833064
0.00713661 834412
0.00714783 835760
0.00715904 837108
0.00717026 838456
0.00718147 839804
0.00719268 841152
0.0072039 842500
0.00721512 843848
0.00722633 845196
0.00723754 846544
0.00724876 847892
0.00725998 849240
0.00727119 850588
0.0072824 851936
0.00729362 853284
0.00730483 854632
0.00731605 855980
0.00732727 857328
0.00733848 858676
0.00734969 860024
0.00736091 861372
0.00737213 862720
0.00738334 864068
0.00739455 865416
0.00740577 866764
0.00741699 868112
0.0074282 869460
0.00743941 870808
0.00745063 872156
0.00746184 873504
0.00747306 874852
0.00748428 876200
0.00749549 877548
0.0075067 878896
0.00751792 880244
0.00752914 881592
0.00754035 882940
0.00755156 884288
0.00756278 885636
0.007574 886984
0.00758521 888332
0.00759643 889680
0.00760764 891028
0.00761885 892376
0.00763007 893724
0.00764129 895072
0.0076525 896420
0.00766371 897768
0.00767493 899116
0.00768615 900464
0.00769736 901812
0.00770857 903160
0.00771979 904508
0.007731 905856
0.00774222 907204
0.00775344 908552
0.00776465 909900
0.00777586 911248
0.00778708 912596
0.0077983 913944
0.00780951 915292
0.00782073 916640
0.00783194 917988
0.00784315 919336
0.00785437 920684
0.00786558 922032
0.0078768 923380
0.00788801 924728
0.00789923 926076
0.00791045 927424
0.00792166 928772
0.00793288 930120
0.00794409 931468
0.0079553 932816
0.00796652 934164
0.00797773 935512
0.00798895 936860
0.00800017 938208
0.00801138 939556
0.0080226 940904
0.00803381 942252
0.00804503 943600
0.00805624 944948
0.00806745 946296
0.00807867 947644
0.00808988 948992
0.0081011 950340
0.00811232 951688
0.00812353 953036
0.00813475 954384
0.00814596 955732
0.00815717 957080
0.00816839 958428
0.0081796 959776
0.00819082 961124
0.00820203 962472
0.00821325 963820
0.00822447 965168
0.00823568 966516
0.0082469 967864
0.00825811 969212
0.00826932 970560
0.00828054 971908
0.00829175 973256
0.00830297 974604
0.00831418 975952
0.0083254 977300
0.00833662 978648
0.00834783 979996
0.00835905 981344
0.00837026 982692
0.00838147 984040
0.00839269 985388
0.0084039 986736
0.00841512 988084
0.00842634 989432
0.00843755 990780
0.00844877 992128
0.00845998 993476
0.0084712 994824
0.00848241 996172
0.00849362 997520
0.00850484 998868
0.00851605 1000216
0.00852727 1001564
0.00853849 1002912
0.0085497 1004260
0.00856092 1005608
0.00857213 1006956
0.00858334 1008304
0.00859456 1009652
0.00860577 1011000
0.00861699 1012348
0.0086282 1013696
0.00863942 1015044
0.00865064 1016392
0.00866185 1017740
0.00867307 1019088
0.00868428 1020436
0.00869549 1021784
0.00870671 1023132
0.00871792 1024480
0.00872914 1025828
0.00874035 1027176
0.00875157 1028524
0.00876279 1029872
0.008774 1031220
0.00878522 1032568
0.00879643 1033916
0.00880764 1035264
0.00881886 1036612
0.00883007 1037960
0.00884129 1039308
0.00885251 1040656
0.00886372 1042004
0.00887494 1043352
0.00888615 1044700
0.00889737 1046048
0.00890858 1047396
0.00891979 1048744
0.00893101 1050092
0.00894222 1051440
0.00895344 1052788
0.00896466 1054136
0.00897587 1055484
0.00898709 1056832
0.0089983 1058180
0.00900951 1059528
0.00902073 1060876
0.00903194 1062224
0.00904316 1063572
0.00905437 1064920
0.00906559 1066268
0.00907681 1067616
0.00908802 1068964
0.00909924 1070312
0.00911045 1071660
0.00912166 1073008
0.00913288 1074356
0.00914409 1075704
0.00915531 1077052
0.00916653 1078400
0.00917774 1079748
0.00918896 1081096
0.00920017 1082444
0.00921139 1083792
0.0092226 1085140
0.00923381 1086488
0.00924503 1087836
0.00925624 1089184
0.00926746 1090532
0.00927868 1091880
0.00928989 1093228
0.00930111 1094576
0.00931232 1095924
0.00932354 1097272
0.00933475 1098620
0.00934596 1099968
0.00935718 1101316
0.00936839 1102664
0.00937961 1104012
0.00939083 1105360
0.00940204 1106708
0.00941326 1108056
0.00942447 1109404
0.00943568 1110752
0.0094469 1112100
0.00945811 1113448
0.00946933 1114796
0.00948054 1116144
0.00949176 1117492
0.00950298 1118840
0.00951419 1120188
0.00952541 1121536
0.00953662 1122884
0.00954783 1124232
0.00955905 1125580
0.00957026 1126928
0.00958148 1128276
0.0095927 1129624
0.00960391 1130972
0.00961513 1132320
0.00962634 1133668
0.00963756 1135016
0.00964877 1136364
0.00965998 1137712
0.0096712 1139060
0.00968241 1140408
0.00969363 1141756
0.00970485 1143104
0.00971606 1144452
0.00972728 1145800
0.00973849 1147148
0.0097497 1148496
0.00976092 1149844
0.00977213 1151192
0.00978335 1152540
0.00979456 1153888
0.00980578 1155236
0.009817 1156584
0.00982821 1157932
0.00983943 1159280
0.00985064 1160628
0.00986185 1161976
0.00987307 1163324
0.00988428 1164672
0.0098955 1166020
0.00990671 1167368
0.00991793 1168716
0.00992915 1170064
0.00994036 1171412
0.00995158 1172760
0.00996279 1174108
0.009974 1175456
0.00998522 1176804
0.00999643 1178152
0.0100076 1179500
0.0100189 1180848
0.0100301 1182196
0.0100413 1183544
0.0100525 1184892
0.0100637 1186240
0.0100749 1187588
0.0100862 1188936
0.0100974 1190284
0.0101086 1191632
0.0101198 1192980
0.010131 1194328
0.0101422 1195676
0.0101534 1197024
0.0101647 1198372
0.0101759 1199720
0.0101871 1201068
0.0101983 1202416
0.0102095 1203764
0.0102207 1205112
0.010232 1206460
0.0102432 1207808
0.0102544 1209156
0.0102656 1210504
0.0102768 1211852
0.010288 1213200
0.0102992 1214548
0.0103105 1215896
0.0103217 1217244
0.0103329 1218592
0.0103441 1219940
0.0103553 1221288
0.0103665 1222636
0.0103777 1223984
0.010389 1225332
0.0104002 1226680
0.0104114 1228028
0.0104226 1229376
0.0104338 1230724
0.010445 1232072
0.0104563 1233420
0.0104675 1234768
0.0104787 1236116
0.0104899 1237464
0.0105011 1238812
0.0105123 1240160
0.0105235 1241508
0.0105348 1242856
0.010546 1244204
0.0105572 1245552
0.0105684 1246900
0.0105796 1248248
0.0105908 1249596
0.010602 1250944
0.0106133 1252292
0.0106245 1253640
0.0106357 1254988
0.0106469 1256336
0.0106581 1257684
0.0106693 1259032
0.0106806 1260380
0.0106918 1261728
0.010703 1263076
0.0107142 1264424
0.0107254 1265772
0.0107366 1267120
0.0107478 1268468
0.0107591 1269816
0.0107703 1271164
0.0107815 1272512
0.0107927 1273860
0.0108039 1275208
0.0108151 1276556
0.0108263 1277904
0.0108376 1279252
0.0108488 1280600
0.01086 1281948
0.0108712 1283296
0.0108824 1284644
0.0108936 1285992
0.0109049 1287340
0.0109161 1288688
0.0109273 1290036
0.0109385 1291384
0.0109497 1292732
0.0109609 1294080
0.0109721 1295428
0.0109834 1296776
0.0109946 1298124
0.0110058 1299472
0.011017 1300820
0.0110282 1302168
0.0110394 1303516
0.0110506 1304864
0.0110619 1306212
0.0110731 1307560
0.0110843 1308908
0.0110955 1310256
0.0111067 1311604
0.0111179 1312952
0.0111292 1314300
0.0111404 1315648
0.0111516 1316996
0.0111628 1318344
0.011174 1319692
0.0111852 1321040
0.0111964 1322388
0.0112077 1323736
0.0112189 1325084
0.0112301 1326432
0.0112413 1327780
0.0112525 1329128
0.0112637 1330476
0.0112749 1331824
0.0112862 1333172
0.0112974 1334520
0.0113086 1335868
0.0113198 1337216
0.011331 1338564
0.0113422 1339912
0.0113534 1341260
0.0113647 1342608
0.0113759 1343956
0.0113871 1345304
0.0113983 1346652
0.0114095 1348000
0.0114207 1349348
0.011432 1350696
0.0114432 1352044
0.0114544 1353392
0.0114656 1354740
0.0114768 1356088
0.011488 1357436
0.0114992 1358784
0.0115105 1360132
0.0115217 1361480
0.0115329 1362828
0.0115441 1364176
0.0115553 1365524
0.0115665 1366872
0.0115777 1368220
0.011589 1369568
0.0116002 1370916
0.0116114 1372264
0.0116226 1373612
0.0116338 1374960
0.011645 1376308
0.0116563 1377656
0.0116675 1379004
0.0116787 1380352
0.0116899 1381700
0.0117011 1383048
0.0117123 1384396
0.0117235 1385744
0.0117348 1387092
0.011746 1388440
0.0117572 1389788
0.0117684 1391136
0.0117796 1392484
0.0117908 1393832
0.011802 1395180
0.0118133 1396528
0.0118245 1397876
0.0118357 1399224
0.0118469 1400572
0.0118581 1401920
0.0118693 1403268
0.0118806 1404616
0.0118918 1405964
0.011903 1407312
0.0119142 1408660
0.0119254 1410008
0.0119366 1411356
0.0119478 1412704
0.0119591 1414052
0.0119703 1415400
0.0119815 1416748
0.0119927 1418096
0.0120039 1419444
0.0120151 1420792
0.0120263 1422140
0.0120376 1423488
0.0120488 1424836
0.01206 1426184
0.0120712 1427532
0.0120824 1428880
0.0120936 1430228
0.0121049 1431576
0.0121161 1432924
0.0121273 1434272
0.0121385 1435620
0.0121497 1436968
0.0121609 1438316
0.0121721 1439664
0.0121834 1441012
0.0121946 1442360
0.0122058 1443708
0.012217 1445056
0.0122282 1446404
0.0122394 1447752
0.0122507 1449100
0.0122619 1450448
0.0122731 1451796
0.0122843 1453144
0.0122955 1454492
0.0123067 1455840
0.0123179 1457188
0.0123292 1458536
0.0123404 1459884
0.0123516 1461232
0.0123628 1462580
0.012374 1463928
0.0123852 1465276
0.0123964 1466624
0.0124077 1467972
0.0124189 1469320
0.0124301 1470668
0.0124413 1472016
0.0124525 1473364
0.0124637 1474712
0.012475 1476060
0.0124862 1477408
0.0124974 1478756
0.0125086 1480104
0.0125198 1481452
0.012531 1482800
0.0125422 1484148
0.0125535 1485496
0.0125647 1486844
0.0125759 1488192
0.0125871 1489540
0.0125983 1490888
0.0126095 1492236
0.0126207 1493584
0.012632 1494932
0.0126432 1496280
0.0126544 1497628
0.0126656 1498976
0.0126768 1500324
0.012688 1501672
0.0126993 1503020
0.0127105 1504368
0.0127217 1505716
0.0127329 1507064
0.0127441 1508412
0.0127553 1509760
0.0127665 1511108
0.0127778 1512456
0.012789 1513804
0.0128002 1515152
0.0128114 1516500
0.0128226 1517848
0.0128338 1519196
0.012845 1520544
0.0128563 1521892
0.0128675 1523240
0.0128787 1524588
0.0128899 1525936
0.0129011 1527284
0.0129123 1528632
0.0129236 1529980
0.0129348 1531328
0.012946 1532676
0.0129572 1534024
0.0129684 1535372
0.0129796 1536720
0.0129908 1538068
0.0130021 1539416
0.0130133 1540764
0.0130245 1542112
0.0130357 1543460
0.0130469 1544808
0.0130581 1546156
0.0130693 1547504
0.0130806 1548852
0.0130918 1550200
0.013103 1551548
0.0131142 1552896
0.0131254 1554244
0.0131366 1555592
0.0131478 1556940
0.0131591 1558288
0.0131703 1559636
0.0131815 1560984
0.0131927 1562332
0.0132039 1563680
0.0132151 1565028
0.0132264 1566376
0.0132376 1567724
0.0132488 1569072
0.01326 1570420
0.0132712 1571768
0.0132824 1573116
0.0132936 1574464
0.0133049 1575812
0.0133161 1577160
0.0133273 1578508
0.0133385 1579856
0.0133497 1581204
0.0133609 1582552
0.0133721 1583900
0.0133834 1585248
0.0133946 1586596
0.0134058 1587944
0.013417 1589292
0.0134282 1590640
0.0134394 1591988
0.0134507 1593336
0.0134619 1594684
0.0134731 1596032
0.0134843 1597380
0.0134955 1598728
0.0135067 1600076
0.0135179 1601424
0.0135292 1602772
0.0135404 1604120
0.0135516 1605468
0.0135628 1606816
0.013574 1608164
0.0135852 1609512
0.0135964 1610860
0.0136077 1612208
0.0136189 1613556
0.0136301 1614904
0.0136413 1616252
0.0136525 1617600
0.0136637 1618948
0.013675 1620296
0.0136862 1621644
0.0136974 1622992
0.0137086 1624340
0.0137198 1625688
0.013731 1627036
0.0137422 1628384
0.0137535 1629732
0.0137647 1631080
0.0137759 1632428
0.0137871 1633776
0.0137983 1635124
0.0138095 1636472
0.0138207 1637820
0.013832 1639168
0.0138432 1640516
0.0138544 1641864
0.0138656 1643212
0.0138768 1644560
0.013888 1645908
0.0138993 1647256
0.0139105 1648604
0.0139217 1649952
0.0139329 1651300
0.0139441 1652648
0.0139553 1653996
0.0139665 1655344
0.0139778 1656692
0.013989 1658040
0.0140002 1659388
0.0140114 1660736
0.0140226 1662084
0.0140338 1663432
0.014045 1664780
0.0140563 1666128
0.0140675 1667476
0.0140787 1668824
0.0140899 1670172
0.0141011 1671520
0.0141123 1672868
0.0141236 1674216
0.0141348 1675564
0.014146 1676912
0.0141572 1678260
0.0141684 1679608
0.0141796 1680956
0.0141908 1682304
0.0142021 1683652
0.0142133 1685000
0.0142245 1686348
0.0142357 1687696
0.0142469 1689044
0.0142581 1690392
0.0142694 1691740
0.0142806 1693088
0.0142918 1694436
0.014303 1695784
0.0143142 1697132
0.0143254 1698480
0.0143366 1699828
0.0143479 1701176
0.0143591 1702524
0.0143703 1703872
0.0143815 1705220
0.0143927 1706568
0.0144039 1707916
0.0144151 1709264
0.0144264 1710612
0.0144376 1711960
0.0144488 1713308
0.01446 1714656
0.0144712 1716004
0.0144824 1717352
0.0144937 1718700
0.0145049 1720048
0.0145161 1721396
0.0145273 1722744
0.0145385 1724092
0.0145497 1725440
0.0145609 1726788
0.0145722 1728136
0.0145834 1729484
0.0145946 1730832
0.0146058 1732180
0.014617 1733528
0.0146282 1734876
0.0146394 1736224
0.0146507 1737572
0.0146619 1738920
0.0146731 1740268
0.0146843 1741616
0.0146955 1742964
0.0147067 1744312
0.014718 1745660
0.0147292 1747008
0.0147404 1748356
0.0147516 1749704
0.0147628 1751052
0.014774 1752400
0.0147852 1753748
0.0147965 1755096
0.0148077 1756444
0.0148189 1757792
0.0148301 1759140
0.0148413 1760488
0.0148525 1761836
0.0148637 1763184
0.014875 1764532
0.0148862 1765880
0.0148974 1767228
0.0149086 1768576
0.0149198 1769924
0.014931 1771272
0.0149423 1772620
0.0149535 1773968
0.0149647 1775316
0.0149759 1776664
0.0149871 1778012
0.0149983 1779360
0.0150095 1780708
0.0150208 1782056
0.015032 1783404
0.0150432 1784752
0.0150544 1786100
0.0150656 1787448
0.0150768 1788796
0.015088 1790144
0.0150993 1791492
0.0151105 1792840
0.0151217 1794188
0.0151329 1795536
0.0151441 1796884
0.0151553 1798232
0.0151666 1799580
0.0151778 1800928
0.015189 1802276
0.0152002 1803624
0.0152114 1804972
0.0152226 1806320
0.0152338 1807668
0.0152451 1809016
0.0152563 1810364
0.0152675 1811712
0.0152787 1813060
0.0152899 1814408
0.0153011 1815756
0.0153123 1817104
0.0153236 1818452
0.0153348 1819800
0.015346 1821148
0.0153572 1822496
0.0153684 1823844
0.0153796 1825192
0.0153908 1826540
0.0154021 1827888
0.0154133 1829236
0.0154245 1830584
0.0154357 1831932
0.0154469 1833280
0.0154581 1834628
0.0154694 1835976
0.0154806 1837324
0.0154918 1838672
0.015503 1840020
0.0155142 1841368
0.0155254 1842716
0.0155366 1844064
0.0155479 1845412
0.0155591 1846760
0.0155703 1848108
0.0155815 1849456
0.0155927 1850804
0.0156039 1852152
0.0156151 1853500
0.0156264 1854848
0.0156376 1856196
0.0156488 1857544
0.01566 1858892
0.0156712 1860240
0.0156824 1861588
0.0156937 1862936
0.0157049 1864284
0.0157161 1865632
0.0157273 1866980
0.0157385 1868328
0.0157497 1869676
0.0157609 1871024
0.0157722 1872372
0.0157834 1873720
0.0157946 1875068
0.0158058 1876416
0.015817 1877764
0.0158282 1879112
0.0158395 1880460
0.0158507 1881808
0.0158619 1883156
0.0158731 1884504
0.0158843 1885852
0.0158955 1887200
0.0159067 1888548
0.015918 1889896
0.0159292 1891244
0.0159404 1892592
0.0159516 1893940
0.0159628 1895288
0.015974 1896636
0.0159852 1897984
0.0159965 1899332
0.0160077 1900680
0.0160189 1902028
0.0160301 1903376
0.0160413 1904724
0.0160525 1906072
0.0160638 1907420
0.016075 1908768
0.0160862 1910116
0.0160974 1911464
0.0161086 1912812
0.0161198 1914160
0.016131 1915508
0.0161423 1916856
0.0161535 1918204
0.0161647 1919552
0.0161759 1920900
0.0161871 1922248
0.0161983 1923596
0.0162095 1924944
0.0162208 1926292
0.016232 1927640
0.0162432 1928988
0.0162544 1930336
0.0162656 1931684
0.0162768 1933032
0.016288 1934380
0.0162993 1935728
0.0163105 1937076
0.0163217 1938424
0.0163329 1939772
0.0163441 1941120
0.0163553 1942468
0.0163666 1943816
0.0163778 1945164
0.016389 1946512
0.0164002 1947860
0.0164114 1949208
0.0164226 1950556
0.0164338 1951904
0.0164451 1953252
0.0164563 1954600
0.0164675 1955948
0.0164787 1957296
0.0164899 1958644
0.0165011 1959992
0.0165123 1961340
0.0165236 1962688
0.0165348 1964036
0.016546 1965384
0.0165572 1966732
0.0165684 1968080
0.0165796 1969428
0.0165909 1970776
0.0166021 1972124
0.0166133 1973472
0.0166245 1974820
0.0166357 1976168
0.0166469 1977516
0.0166581 1978864
0.0166694 1980212
0.0166806 1981560
0.0166918 1982908
0.016703 1984256
0.0167142 1985604
0.0167254 1986952
0.0167366 1988300
0.0167479 1989648
0.0167591 1990996
0.0167703 1992344
0.0167815 1993692
0.0167927 1995040
0.0168039 1996388
0.0168152 1997736
0.0168264 1999084
0.0168376 2000432
0.0168488 2001780
0.01686 2003128
0.0168712 2004476
0.0168824 2005824
0.0168937 2007172
0.0169049 2008520
0.0169161 2009868
0.0169273 2011216
0.0169385 2012564
0.0169497 2013912
0.0169609 2015260
0.0169722 2016608
0.0169834 2017956
0.0169946 2019304
0.0170058 2020652
0.017017 2022000
0.0170282 2023348
0.0170395 2024696
0.0170507 2026044
0.0170619 2027392
0.0170731 2028740
0.0170843 2030088
0.0170955 2031436
0.0171067 2032784
0.017118 2034132
0.0171292 2035480
0.0171404 2036828
0.0171516 2038176
0.0171628 2039524
0.017174 2040872
0.0171852 2042220
0.0171965 2043568
0.0172077 2044916
0.0172189 2046264
0.0172301 2047612
0.0172413 2048960
0.0172525 2050308
0.0172638 2051656
0.017275 2053004
0.0172862 2054352
0.0172974 2055700
0.0173086 2057048
0.0173198 2058396
0.017331 2059744
0.0173423 2061092
0.0173535 2062440
0.0173647 2063788
0.0173759 2065136
0.0173871 2066484
0.0173983 2067832
0.0174095 2069180
0.0174208 2070528
0.017432 2071876
0.0174432 2073224
0.0174544 2074572
0.0174656 2075920
0.0174768 2077268
0.0174881 2078616
0.0174993 2079964
0.0175105 2081312
0.0175217 2082660
0.0175329 2084008
0.0175441 2085356
0.0175553 2086704
0.0175666 2088052
0.0175778 2089400
0.017589 2090748
0.0176002 2092096
0.0176114 2093444
0.0176226 2094792
0.0176338 2096140
0.0176451 2097488
0.0176563 2098836
0.0176675 2100184
0.0176787 2101532
0.0176899 2102880
0.0177011 2104228
0.0177124 2105576
0.0177236 2106924
0.0177348 2108272
0.017746 2109620
0.0177572 2110968
0.0177684 2112316
0.0177796 2113664
0.0177909 2115012
0.0178021 2116360
0.0178133 2117708
0.0178245 2119056
0.0178357 2120404
0.0178469 2121752
0.0178581 2123100
0.0178694 2124448
0.0178806 2125796
0.0178918 2127144
0.017903 2128492
0.0179142 2129840
0.0179254 2131188
0.0179367 2132536
0.0179479 2133884
0.0179591 2135232
0.0179703 2136580
0.0179815 2137928
0.0179927 2139276
0.0180039 2140624
0.0180152 2141972
0.0180264 2143320
0.0180376 2144668
0.0180488 2146016
0.01806 2147364
0.0180712 2148712
0.0180824 2150060
0.0180937 2151408
0.0181049 2152756
0.0181161 2154104
0.0181273 2155452
0.0181385 2156800
0.0181497 2158148
0.018161 2159496
0.0181722 2160844
0.0181834 2162192
0.0181946 2163540
0.0182058 2164888
0.018217 2166236
0.0182282 2167584
0.0182395 2168932
0.0182507 2170280
0.0182619 2171628
0.0182731 2172976
0.0182843 2174324
0.0182955 2175672
0.0183068 2177020
0.018318 2178368
0.0183292 2179716
0.0183404 2181064
0.0183516 2182412
0.0183628 2183760
0.018374 2185108
0.0183853 2186456
0.0183965 2187804
0.0184077 2189152
0.0184189 2190500
0.0184301 2191848
0.0184413 2193196
0.0184525 2194544
0.0184638 2195892
0.018475 2197240
0.0184862 2198588
0.0184974 2199936
0.0185086 2201284
0.0185198 2202632
0.0185311 2203980
0.0185423 2205328
0.0185535 2206676
0.0185647 2208024
0.0185759 2209372
0.0185871 2210720
0.0185983 2212068
0.0186096 2213416
0.0186208 2214764
0.018632 2216112
0.0186432 2217460
0.0186544 2218808
0.0186656 2220156
0.0186768 2221504
0.0186881 2222852
0.0186993 2224200
0.0187105 2225548
0.0187217 2226896
0.0187329 2228244
0.0187441 2229592
0.0187554 2230940
0.0187666 2232288
0.0187778 2233636
0.018789 2234984
0.0188002 2236332
0.0188114 2237680
0.0188226 2239028
0.0188339 2240376
0.0188451 2241724
0.0188563 2243072
0.0188675 2244420
0.0188787 2245768
0.0188899 2247116
0.0189011 2248464
0.0189124 2249812
0.0189236 2251160
0.0189348 2252508
0.018946 2253856
0.0189572 2255204
0.0189684 2256552
0.0189797 2257900
0.0189909 2259248
0.0190021 2260596
0.0190133 2261944
0.0190245 2263292
0.0190357 2264640
0.0190469 2265988
0.0190582 2267336
0.0190694 2268684
0.0190806 2270032
0.0190918 2271380
0.019103 2272728
0.0191142 2274076
0.0191254 2275424
0.0191367 2276772
0.0191479 2278120
0.0191591 2279468
0.0191703 2280816
0.0191815 2282164
0.0191927 2283512
0.019204 2284860
0.0192152 2286208
0.0192264 2287556
0.0192376 2288904
0.0192488 2290252
0.01926 2291600
0.0192712 2292948
0.0192825 2294296
0.0192937 2295644
0.0193049 2296992
0.0193161 2298340
0.0193273 2299688
0.0193385 2301036
0.0193497 2302384
0.019361 2303732
0.0193722 2305080
0.0193834 2306428
0.0193946 2307776
0.0194058 2309124
0.019417 2310472
0.0194283 2311820
0.0194395 2313168
0.0194507 2314516
0.0194619 2315864
0.0194731 2317212
0.0194843 2318560
0.0194955 2319908
0.0195068 2321256
0.019518 2322604
0.0195292 2323952
0.0195404 2325300
0.0195516 2326648
0.0195628 2327996
0.019574 2329344
0.0195853 2330692
0.0195965 2332040
0.0196077 2333388
0.0196189 2334736
0.0196301 2336084
0.0196413 2337432
0.0196526 2338780
0.0196638 2340128
0.019675 2341476
0.0196862 2342824
0.0196974 2344172
0.0197086 2345520
0.0197198 2346868
0.0197311 2348216
0.0197423 2349564
0.0197535 2350912
0.0197647 2352260
0.0197759 2353608
0.0197871 2354956
0.0197983 2356304
0.0198096 2357652
0.0198208 2359000
0.019832 2360348
0.0198432 2361696
0.0198544 2363044
0.0198656 2364392
0.0198769 2365740
0.0198881 2367088
0.0198993 2368436
0.0199105 2369784
0.0199217 2371132
0.0199329 2372480
0.0199441 2373828
0.0199554 2375176
0.0199666 2376524
0.0199778 2377872
0.019989 2379220
0.0200002 2380568
0.0200114 2381916
0.0200226 2383264
0.0200339 2384612
0.0200451 2385960
0.0200563 2387308
0.0200675 2388656
0.0200787 2390004
0.0200899 2391352
0.0201012 2392700
0.0201124 2394048
0.0201236 2395396
0.0201348 2396744
0.020146 2398092
0.0201572 2399440
0.0201684 2400788
0.0201797 2402136
0.0201909 2403484
0.0202021 2404832
0.0202133 2406180
0.0202245 2407528
0.0202357 2408876
0.0202469 2410224
0.0202582 2411572
0.0202694 2412920
0.0202806 2414268
0.0202918 2415616
0.020303 2416964
0.0203142 2418312
0.0203254 2419660
0.0203367 2421008
0.0203479 2422356
0.0203591 2423704
0.0203703 2425052
0.0203815 2426400
0.0203927 2427748
0.020404 2429096
0.0204152 2430444
0.0204264 2431792
0.0204376 2433140
0.0204488 2434488
0.02046 2435836
0.0204712 2437184
0.0204825 2438532
0.0204937 2439880
0.0205049 2441228
0.0205161 2442576
0.0205273 2443924
0.0205385 2445272
0.0205497 2446620
0.020561 2447968
0.0205722 2449316
0.0205834 2450664
0.0205946 2452012
0.0206058 2453360
0.020617 2454708
0.0206283 2456056
0.0206395 2457404
0.0206507 2458752
0.0206619 2460100
0.0206731 2461448
0.0206843 2462796
0.0206955 2464144
0.0207068 2465492
0.020718 2466840
0.0207292 2468188
0.0207404 2469536
0.0207516 2470884
0.0207628 2472232
0.020774 2473580
0.0207853 2474928
0.0207965 2476276
0.0208077 2477624
0.0208189 2478972
0.0208301 2480320
0.0208413 2481668
0.0208526 2483016
0.0208638 2484364
0.020875 2485712
0.0208862 2487060
0.0208974 2488408
0.0209086 2489756
0.0209198 2491104
0.0209311 2492452
0.0209423 2493800
0.0209535 2495148
0.0209647 2496496
0.0209759 2497844
0.0209871 2499192
0.0209983 2500540
0.0210096 2501888
0.0210208 2503236
0.021032 2504584
0.0210432 2505932
0.0210544 2507280
0.0210656 2508628
0.0210769 2509976
0.0210881 2511324
0.0210993 2512672
0.0211105 2514020
0.0211217 2515368
0.0211329 2516716
0.0211441 2518064
0.0211554 2519412
0.0211666 2520760
0.0211778 2522108
0.021189 2523456
0.0212002 2524804
0.0212114 2526152
0.0212226 2527500
0.0212339 2528848
0.0212451 2530196
0.0212563 2531544
0.0212675 2532892
0.0212787 2534240
0.0212899 2535588
0.0213012 2536936
0.0213124 2538284
0.0213236 2539632
0.0213348 2540980
0.021346 2542328
0.0213572 2543676
0.0213684 2545024
0.0213797 2546372
0.0213909 2547720
0.0214021 2549068
0.0214133 2550416
0.0214245 2551764
0.0214357 2553112
0.0214469 2554460
0.0214582 2555808
0.0214694 2557156
0.0214806 2558504
0.0214918 2559852
0.021503 2561200
0.0215142 2562548
0.0215255 2563896
0.0215367 2565244
0.0215479 2566592
0.0215591 2567940
0.0215703 2569288
0.0215815 2570636
0.0215927 2571984
0.021604 2573332
0.0216152 2574680
0.0216264 2576028
0.0216376 2577376
0.0216488 2578724
0.02166 2580072
0.0216712 2581420
0.0216825 2582768
0.0216937 2584116
0.0217049 2585464
0.0217161 2586812
0.0217273 2588160
0.0217385 2589508
0.0217498 2590856
0.021761 2592204
0.0217722 2593552
0.0217834 2594900
0.0217946 2596248
0.0218058 2597596
0.021817 2598944
0.0218283 2600292
0.0218395 2601640
0.0218507 2602988
0.0218619 2604336
0.0218731 2605684
0.0218843 2607032
0.0218955 2608380
0.0219068 2609728
0.021918 2611076
0.0219292 2612424
0.0219404 2613772
0.0219516 2615120
0.0219628 2616468
0.0219741 2617816
0.0219853 2619164
0.0219965 2620512
0.0220077 2621860
0.0220189 2623208
0.0220301 2624556
0.0220413 2625904
0.0220526 2627252
0.0220638 2628600
0.022075 2629948
0.0220862 2631296
0.0220974 2632644
0.0221086 2633992
0.0221198 2635340
0.0221311 2636688
0.0221423 2638036
0.0221535 2639384
0.0221647 2640732
0.0221759 2642080
0.0221871 2643428
0.0221984 2644776
0.0222096 2646124
0.0222208 2647472
0.022232 2648820
0.0222432 2650168
0.0222544 2651516
0.0222656 2652864
0.0222769 2654212
0.0222881 2655560
0.0222993 2656908
0.0223105 2658256
0.0223217 2659604
0.0223329 2660952
0.0223442 2662300
0.0223554 2663648
0.0223666 2664996
0.0223778 2666344
0.022389 2667692
0.0224002 2669040
0.0224114 2670388
0.0224227 2671736
0.0224339 2673084
0.0224451 2674432
0.0224563 2675780
0.0224675 2677128
0.0224787 2678476
0.0224899 2679824
0.0225012 2681172
0.0225124 2682520
0.0225236 2683868
0.0225348 2685216
0.022546 2686564
0.0225572 2687912
0.0225685 2689260
0.0225797 2690608
0.0225909 2691956
0.0226021 2693304
0.0226133 2694652
0.0226245 2696000
0.0226357 2697348
0.022647 2698696
0.0226582 2700044
0.0226694 2701392
0.0226806 2702740
0.0226918 2704088
0.022703 2705436
0.0227142 2706784
0.0227255 2708132
0.0227367 2709480
0.0227479 2710828
0.0227591 2712176
0.0227703 2713524
0.0227815 2714872
0.0227928 2716220
0.022804 2717568
0.0228152 2718916
0.0228264 2720264
0.0228376 2721612
0.0228488 2722960
0.02286 2724308
0.0228713 2725656
0.0228825 2727004
0.0228937 2728352
0.0229049 2729700
0.0229161 2731048
0.0229273 2732396
0.0229385 2733744
0.0229498 2735092
0.022961 2736440
0.0229722 2737788
0.0229834 2739136
0.0229946 2740484
0.0230058 2741832
0.0230171 2743180
0.0230283 2744528
0.0230395 2745876
0.0230507 2747224
0.0230619 2748572
0.0230731 2749920
0.0230843 2751268
0.0230956 2752616
0.0231068 2753964
0.023118 2755312
0.0231292 2756660
0.0231404 2758008
0.0231516 2759356
0.0231628 2760704
0.0231741 2762052
0.0231853 2763400
0.0231965 2764748
0.0232077 2766096
0.0232189 2767444
0.0232301 2768792
0.0232414 2770140
0.0232526 2771488
0.0232638 2772836
0.023275 2774184
0.0232862 2775532
0.0232974 2776880
0.0233086 2778228
0.0233199 2779576
0.0233311 2780924
0.0233423 2782272
0.0233535 2783620
0.0233647 2784968
0.0233759 2786316
0.0233871 2787664
0.0233984 2789012
0.0234096 2790360
0.0234208 2791708
0.023432 2793056
0.0234432 2794404
0.0234544 2795752
0.0234657 2797100
0.0234769 2798448
0.0234881 2799796
0.0234993 2801144
0.0235105 2802492
0.0235217 2803840
0.0235329 2805188
0.0235442 2806536
0.0235554 2807884
0.0235666 2809232
0.0235778 2810580
0.023589 2811928
0.0236002 2813276
0.0236114 2814624
0.0236227 2815972
0.0236339 2817320
0.0236451 2818668
0.0236563 2820016
0.0236675 2821364
0.0236787 2822712
0.02369 2824060
0.0237012 2825408
0.0237124 2826756
0.0237236 2828104
0.0237348 2829452
0.023746 2830800
0.0237572 2832148
0.0237685 2833496
0.0237797 2834844
0.0237909 2836192
0.0238021 2837540
0.0238133 2838888
0.0238245 2840236
0.0238357 2841584
0.023847 2842932
0.0238582 2844280
0.0238694 2845628
0.0238806 2846976
0.0238918 2848324
0.023903 2849672
0.0239143 2851020
0.0239255 2852368
0.0239367 2853716
0.0239479 2855064
0.0239591 2856412
0.0239703 2857760
0.0239815 2859108
0.0239928 2860456
0.024004 2861804
0.0240152 2863152
0.0240264 2864500
0.0240376 2865848
0.0240488 2867196
0.02406 2868544
0.0240713 2869892
0.0240825 2871240
0.0240937 2872588
0.0241049 2873936
0.0241161 2875284
0.0241273 2876632
0.0241386 2877980
0.0241498 2879328
0.024161 2880676
0.0241722 2882024
0.0241834 2883372
0.0241946 2884720
0.0242058 2886068
0.0242171 2887416
0.0242283 2888764
0.0242395 2890112
0.0242507 2891460
0.0242619 2892808
0.0242731 2894156
0.0242843 2895504
0.0242956 2896852
0.0243068 2898200
0.024318 2899548
0.0243292 2900896
0.0243404 2902244
0.0243516 2903592
0.0243628 2904940
0.0243741 2906288
0.0243853 2907636
0.0243965 2908984
0.0244077 2910332
0.0244189 2911680
0.0244301 2913028
0.0244414 2914376
0.0244526 2915724
0.0244638 2917072
0.024475 2918420
0.0244862 2919768
0.0244974 2921116
0.0245086 2922464
0.0245199 2923812
0.0245311 2925160
0.0245423 2926508
0.0245535 2927856
0.0245647 2929204
0.0245759 2930552
0.0245871 2931900
0.0245984 2933248
0.0246096 2934596
0.0246208 2935944
0.024632 2937292
0.0246432 2938640
0.0246544 2939988
0.0246657 2941336
0.0246769 2942684
0.0246881 2944032
0.0246993 2945380
0.0247105 2946728
0.0247217 2948076
0.0247329 2949424
0.0247442 2950772
0.0247554 2952120
0.0247666 2953468
0.0247778 2954816
0.024789 2956164
0.0248002 2957512
0.0248114 2958860
0.0248227 2960208
0.0248339 2961556
0.0248451 2962904
0.0248563 2964252
0.0248675 2965600
0.0248787 2966948
0.02489 2968296
0.0249012 2969644
0.0249124 2970992
0.0249236 2972340
0.0249348 2973688
0.024946 2975036
0.0249572 2976384
0.0249685 2977732
0.0249797 2979080
0.0249909 2980428
0.0250021 2981776
0.0250133 2983124
0.0250245 2984472
0.0250357 2985820
0.025047 2987168
0.0250582 2988516
0.0250694 2989864
0.0250806 2991212
0.0250918 2992560
0.025103 2993908
0.0251143 2995256
0.0251255 2996604
0.0251367 2997952
0.0251479 2999300
0.0251591 3000648
0.0251703 3001996
0.0251815 3003344
0.0251928 3004692
0.025204 3006040
0.0252152 3007388
0.0252264 3008736
0.0252376 3010084
0.0252488 3011432
0.02526 3012780
0.0252713 3014128
0.0252825 3015476
0.0252937 3016824
0.0253049 3018172
0.0253161 3019520
0.0253273 3020868
0.0253386 3022216
0.0253498 3023564
0.025361 3024912
0.0253722 3026260
0.0253834 3027608
0.0253946 3028956
0.0254058 3030304
0.0254171 3031652
0.0254283 3033000
0.0254395 3034348
0.0254507 3035696
0.0254619 3037044
0.0254731 3038392
0.0254843 3039740
0.0254956 3041088
0.0255068 3042436
0.025518 3043784
0.0255292 3045132
0.0255404 3046480
0.0255516 3047828
0.0255629 3049176
0.0255741 3050524
0.0255853 3051872
0.0255965 3053220
0.0256077 3054568
0.0256189 3055916
0.0256301 3057264
0.0256414 3058612
0.0256526 3059960
0.0256638 3061308
0.025675 3062656
0.0256862 3064004
0.0256974 3065352
0.0257086 3066700
0.0257199 3068048
0.0257311 3069396
0.0257423 3070744
0.0257535 3072092
0.0257647 3073440
0.0257759 3074788
0.0257872 3076136
0.0257984 3077484
0.0258096 3078832
0.0258208 3080180
0.025832 3081528
0.0258432 3082876
0.0258544 3084224
0.0258657 3085572
0.0258769 3086920
0.0258881 3088268
0.0258993 3089616
0.0259105 3090964
0.0259217 3092312
0.0259329 3093660
0.0259442 3095008
0.0259554 3096356
0.0259666 3097704
0.0259778 3099052
0.025989 3100400
0.0260002 3101748
0.0260115 3103096
0.0260227 3104444
0.0260339 3105792
0.0260451 3107140
0.0260563 3108488
0.0260675 3109836
0.0260787 3111184
0.02609 3112532
0.0261012 3113880
0.0261124 3115228
0.0261236 3116576
0.0261348 3117924
0.026146 3119272
0.0261572 3120620
0.0261685 3121968
0.0261797 3123316
0.0261909 3124664
0.0262021 3126012
0.0262133 3127360
0.0262245 3128708
0.0262358 3130056
0.026247 3131404
0.0262582 3132752
0.0262694 3134100
0.0262806 3135448
0.0262918 3136796
0.026303 3138144
0.0263143 3139492
0.0263255 3140840
0.0263367 3142188
0.0263479 3143536
0.0263591 3144884
0.0263703 3146232
0.0263816 3147580
0.0263928 3148928
0.026404 3150276
0.0264152 3151624
0.0264264 3152972
0.0264376 3154320
0.0264488 3155668
0.0264601 3157016
0.0264713 3158364
0.0264825 3159712
0.0264937 3161060
0.0265049 3162408
0.0265161 3163756
0.0265273 3165104
0.0265386 3166452
0.0265498 3167800
0.026561 3169148
0.0265722 3170496
0.0265834 3171844
0.0265946 3173192
0.0266059 3174540
0.0266171 3175888
0.0266283 3177236
0.0266395 3178584
0.0266507 3179932
0.0266619 3181280
0.0266731 3182628
0.0266844 3183976
0.0266956 3185324
0.0267068 3186672
0.026718 3188020
0.0267292 3189368
0.0267404 3190716
0.0267516 3192064
0.0267629 3193412
0.0267741 3194760
0.0267853 3196108
0.0267965 3197456
0.0268077 3198804
0.0268189 3200152
0.0268302 3201500
0.0268414 3202848
0.0268526 3204196
0.0268638 3205544
0.026875 3206892
0.0268862 3208240
0.0268974 3209588
0.0269087 3210936
0.0269199 3212284
0.0269311 3213632
0.0269423 3214980
0.0269535 3216328
0.0269647 3217676
0.0269759 3219024
0.0269872 3220372
0.0269984 3221720
0.0270096 3223068
0.0270208 3224416
0.027032 3225764
0.0270432 3227112
0.0270545 3228460
0.0270657 3229808
0.0270769 3231156
0.0270881 3232504
0.0270993 3233852
0.0271105 3235200
0.0271217 3236548
0.027133 3237896
0.0271442 3239244
0.0271554 3240592
0.0271666 3241940
0.0271778 3243288
0.027189 3244636
0.0272002 3245984
0.0272115 3247332
0.0272227 3248680
0.0272339 3250028
0.0272451 3251376
0.0272563 3252724
0.0272675 3254072
0.0272788 3255420
0.02729 3256768
0.0273012 3258116
0.0273124 3259464
0.0273236 3260812
0.0273348 3262160
0.027346 3263508
0.0273573 3264856
0.0273685 3266204
0.0273797 3267552
0.0273909 3268900
0.0274021 3270248
0.0274133 3271596
0.0274245 3272944
0.0274358 3274292
0.027447 3275640
0.0274582 3276988
0.0274694 3278336
0.0274806 3279684
0.0274918 3281032
0.0275031 3282380
0.0275143 3283728
0.0275255 3285076
0.0275367 3286424
0.0275479 3287772
0.0275591 3289120
0.0275703 3290468
0.0275816 3291816
0.0275928 3293164
0.027604 3294512
0.0276152 3295860
0.0276264 3297208
0.0276376 3298556
0.0276488 3299904
0.0276601 3301252
0.0276713 3302600
0.0276825 3303948
0.0276937 3305296
0.0277049 3306644
0.0277161 3307992
0.0277274 3309340
0.0277386 3310688
0.0277498 3312036
0.027761 3313384
0.0277722 3314732
0.0277834 3316080
0.0277946 3317428
0.0278059 3318776
0.0278171 3320124
0.0278283 3321472
0.0278395 3322820
0.0278507 3324168
0.0278619 3325516
0.0278731 3326864
0.0278844 3328212
0.0278956 3329560
0.0279068 3330908
0.027918 3332256
0.0279292 3333604
0.0279404 3334952
0.0279517 3336300
0.0279629 3337648
0.0279741 3338996
0.0279853 3340344
0.0279965 3341692
0.0280077 3343040
0.0280189 3344388
0.0280302 3345736
0.0280414 3347084
0.0280526 3348432
0.0280638 3349780
0.028075 3351128
0.0280862 3352476
0.0280974 3353824
0.0281087 3355172
0.0281199 3356520
0.0281311 3357868
0.0281423 3359216
0.0281535 3360564
0.0281647 3361912
0.0281759 3363260
0.0281872 3364608
0.0281984 3365956
0.0282096 3367304
0.0282208 3368652
0.028232 3370000
0.0282432 3371348
0.0282545 3372696
0.0282657 3374044
0.0282769 3375392
0.0282881 3376740
0.0282993 3378088
0.0283105 3379436
0.0283217 3380784
0.028333 3382132
0.0283442 3383480
0.0283554 3384828
0.0283666 3386176
0.0283778 3387524
0.028389 3388872
0.0284002 3390220
0.0284115 3391568
0.0284227 3392916
0.0284339 3394264
0.0284451 3395612
0.0284563 3396960
0.0284675 3398308
0.0284788 3399656
0.02849 3401004
0.0285012 3402352
0.0285124 3403700
0.0285236 3405048
0.0285348 3406396
0.028546 3407744
0.0285573 3409092
0.0285685 3410440
0.0285797 3411788
0.0285909 3413136
0.0286021 3414484
0.0286133 3415832
0.0286245 3417180
0.0286358 3418528
0.028647 3419876
0.0286582 3421224
0.0286694 3422572
0.0286806 3423920
0.0286918 3425268
0.0287031 3426616
0.0287143 3427964
0.0287255 3429312
0.0287367 3430660
0.0287479 3432008
0.0287591 3433356
0.0287703 3434704
0.0287816 3436052
0.0287928 3437400
0.028804 3438748
0.0288152 3440096
0.0288264 3441444
0.0288376 3442792
0.0288488 3444140
0.0288601 3445488
0.0288713 3446836
0.0288825 3448184
0.0288937 3449532
0.0289049 3450880
0.0289161 3452228
0.0289274 3453576
0.0289386 3454924
0.0289498 3456272
0.028961 3457620
0.0289722 3458968
0.0289834 3460316
0.0289946 3461664
0.0290059 3463012
0.0290171 3464360
0.0290283 3465708
0.0290395 3467056
0.0290507 3468404
0.0290619 3469752
0.0290731 3471100
0.0290844 3472448
0.0290956 3473796
0.0291068 3475144
0.029118 3476492
0.0291292 3477840
0.0291404 3479188
0.0291517 3480536
0.0291629 3481884
0.0291741 3483232
0.0291853 3484580
0.0291965 3485928
0.0292077 3487276
0.0292189 3488624
0.0292302 3489972
0.0292414 3491320
0.0292526 3492668
0.0292638 3494016
0.029275 3495364
0.0292862 3496712
0.0292974 3498060
0.0293087 3499408
0.0293199 3500756
0.0293311 3502104
0.0293423 3503452
0.0293535 3504800
0.0293647 3506148
0.029376 3507496
0.0293872 3508844
0.0293984 3510192
0.0294096 3511540
0.0294208 3512888
0.029432 3514236
0.0294432 3515584
0.0294545 3516932
0.0294657 3518280
0.0294769 3519628
0.0294881 3520976
0.0294993 3522324
0.0295105 3523672
0.0295217 3525020
0.029533 3526368
0.0295442 3527716
0.0295554 3529064
0.0295666 3530412
0.0295778 3531760
0.029589 3533108
0.0296003 3534456
0.0296115 3535804
0.0296227 3537152
0.0296339 3538500
0.0296451 3539848
0.0296563 3541196
0.0296675 3542544
0.0296788 3543892
0.02969 3545240
0.0297012 3546588
0.0297124 3547936
0.0297236 3549284
0.0297348 3550632
0.029746 3551980
0.0297573 3553328
0.0297685 3554676
0.0297797 3556024
0.0297909 3557372
0.0298021 3558720
0.0298133 3560068
0.0298246 3561416
0.0298358 3562764
0.029847 3564112
0.0298582 3565460
0.0298694 3566808
0.0298806 3568156
0.0298918 3569504
0.0299031 3570852
0.0299143 3572200
0.0299255 3573548
0.0299367 3574896
0.0299479 3576244
0.0299591 3577592
0.0299703 3578940
0.0299816 3580288
0.0299928 3581636
0.030004 3582984
0.0300152 3584332
0.0300264 3585680
0.0300376 3587028
0.0300489 3588376
0.0300601 3589724
0.0300713 3591072
0.0300825 3592420
0.0300937 3593768
0.0301049 3595116
0.0301161 3596464
0.0301274 3597812
0.0301386 3599160
0.0301498 3600508
0.030161 3601856
0.0301722 3603204
0.0301834 3604552
0.0301946 3605900
0.0302059 3607248
0.0302171 3608596
0.0302283 3609944
0.0302395 3611292
0.0302507 3612640
0.0302619 3613988
0.0302732 3615336
0.0302844 3616684
0.0302956 3618032
0.0303068 3619380
0.030318 3620728
0.0303292 3622076
0.0303404 3623424
0.0303517 3624772
0.0303629 3626120
0.0303741 3627468
0.0303853 3628816
0.0303965 3630164
0.0304077 3631512
0.030419 3632860
0.0304302 3634208
0.0304414 3635556
0.0304526 3636904
0.0304638 3638252
0.030475 3639600
0.0304862 3640948
0.0304975 3642296
0.0305087 3643644
0.0305199 3644992
0.0305311 3646340
0.0305423 3647688
0.0305535 3649036
0.0305647 3650384
0.030576 3651732
0.0305872 3653080
0.0305984 3654428
0.0306096 3655776
0.0306208 3657124
0.030632 3658472
0.0306433 3659820
0.0306545 3661168
0.0306657 3662516
0.0306769 3663864
0.0306881 3665212
0.0306993 3666560
0.0307105 3667908
0.0307218 3669256
0.030733 3670604
0.0307442 3671952
0.0307554 3673300
0.0307666 3674648
0.0307778 3675996
0.030789 3677344
0.0308003 3678692
0.0308115 3680040
0.0308227 3681388
0.0308339 3682736
0.0308451 3684084
0.0308563 3685432
0.0308676 3686780
0.0308788 3688128
0.03089 3689476
0.0309012 3690824
0.0309124 3692172
0.0309236 3693520
0.0309348 3694868
0.0309461 3696216
0.0309573 3697564
0.0309685 3698912
0.0309797 3700260
0.0309909 3701608
0.0310021 3702956
0.0310133 3704304
0.0310246 3705652
0.0310358 3707000
0.031047 3708348
0.0310582 3709696
0.0310694 3711044
0.0310806 3712392
0.0310919 3713740
0.0311031 3715088
0.0311143 3716436
0.0311255 3717784
0.0311367 3719132
0.0311479 3720480
0.0311591 3721828
0.0311704 3723176
0.0311816 3724524
0.0311928 3725872
0.031204 3727220
0.0312152 3728568
0.0312264 3729916
0.0312376 3731264
0.0312489 3732612
0.0312601 3733960
0.0312713 3735308
0.0312825 3736656
0.0312937 3738004
0.0313049 3739352
0.0313162 3740700
0.0313274 3742048
0.0313386 3743396
0.0313498 3744744
0.031361 3746092
0.0313722 3747440
0.0313834 3748788
0.0313947 3750136
0.0314059 3751484
0.0314171 3752832
0.0314283 3754180
0.0314395 3755528
0.0314507 3756876
0.0314619 3758224
0.0314732 3759572
0.0314844 3760920
0.0314956 3762268
0.0315068 3763616
0.031518 3764964
0.0315292 3766312
0.0315404 3767660
0.0315517 3769008
0.0315629 3770356
0.0315741 3771704
0.0315853 3773052
0.0315965 3774400
0.0316077 3775748
0.031619 3777096
0.0316302 3778444
0.0316414 3779792
0.0316526 3781140
0.0316638 3782488
0.031675 3783836
0.0316862 3785184
0.0316975 3786532
0.0317087 3787880
0.0317199 3789228
0.0317311 3790576
0.0317423 3791924
0.0317535 3793272
0.0317648 3794620
0.031776 3795968
0.0317872 3797316
0.0317984 3798664
0.0318096 3800012
0.0318208 3801360
0.031832 3802708
0.0318433 3804056
0.0318545 3805404
0.0318657 3806752
0.0318769 3808100
0.0318881 3809448
0.0318993 3810796
0.0319105 3812144
0.0319218 3813492
0.031933 3814840
0.0319442 3816188
0.0319554 3817536
0.0319666 3818884
0.0319778 3820232
0.031989 3821580
0.0320003 3822928
0.0320115 3824276
0.0320227 3825624
0.0320339 3826972
0.0320451 3828320
0.0320563 3829668
0.0320676 3831016
0.0320788 3832364
0.03209 3833712
0.0321012 3835060
0.0321124 3836408
0.0321236 3837756
0.0321348 3839104
0.0321461 3840452
0.0321573 3841800
0.0321685 3843148
0.0321797 3844496
0.0321909 3845844
0.0322021 3847192
0.0322134 3848540
0.0322246 3849888
0.0322358 3851236
0.032247 3852584
0.0322582 3853932
0.0322694 3855280
0.0322806 3856628
0.0322919 3857976
0.0323031 3859324
0.0323143 3860672
0.0323255 3862020
0.0323367 3863368
0.0323479 3864716
0.0323591 3866064
0.0323704 3867412
0.0323816 3868760
0.0323928 3870108
0.032404 3871456
0.0324152 3872804
0.0324264 3874152
0.0324376 3875500
0.0324489 3876848
0.0324601 3878196
0.0324713 3879544
0.0324825 3880892
0.0324937 3882240
0.0325049 3883588
0.0325162 3884936
0.0325274 3886284
0.0325386 3887632
0.0325498 3888980
0.032561 3890328
0.0325722 3891676
0.0325834 3893024
0.0325947 3894372
0.0326059 3895720
0.0326171 3897068
0.0326283 3898416
0.0326395 3899764
0.0326507 3901112
0.032662 3902460
0.0326732 3903808
0.0326844 3905156
0.0326956 3906504
0.0327068 3907852
0.032718 3909200
0.0327292 3910548
0.0327405 3911896
0.0327517 3913244
0.0327629 3914592
0.0327741 3915940
0.0327853 3917288
0.0327965 3918636
0.0328077 3919984
0.032819 3921332
0.0328302 3922680
0.0328414 3924028
0.0328526 3925376
0.0328638 3926724
0.032875 3928072
0.0328862 3929420
0.0328975 3930768
0.0329087 3932116
0.0329199 3933464
0.0329311 3934812
0.0329423 3936160
0.0329535 3937508
0.0329648 3938856
0.032976 3940204
0.0329872 3941552
0.0329984 3942900
0.0330096 3944248
0.0330208 3945596
0.033032 3946944
0.0330433 3948292
0.0330545 3949640
0.0330657 3950988
0.0330769 3952336
0.0330881 3953684
0.0330993 3955032
0.0331106 3956380
0.0331218 3957728
0.033133 3959076
0.0331442 3960424
0.0331554 3961772
0.0331666 3963120
0.0331778 3964468
0.0331891 3965816
0.0332003 3967164
0.0332115 3968512
0.0332227 3969860
0.0332339 3971208
0.0332451 3972556
0.0332563 3973904
0.0332676 3975252
0.0332788 3976600
0.03329 3977948
0.0333012 3979296
0.0333124 3980644
0.0333236 3981992
0.0333348 3983340
0.0333461 3984688
0.0333573 3986036
0.0333685 3987384
0.0333797 3988732
0.0333909 3990080
0.0334021 3991428
0.0334134 3992776
0.0334246 3994124
0.0334358 3995472
0.033447 3996820
0.0334582 3998168
0.0334694 3999516
0.0334806 4000864
0.0334919 4002212
0.0335031 4003560
0.0335143 4004908
0.0335255 4006256
0.0335367 4007604
0.0335479 4008952
0.0335592 4010300
0.0335704 4011648
0.0335816 4012996
0.0335928 4014344
0.033604 4015692
0.0336152 4017040
0.0336264 4018388
0.0336377 4019736
0.0336489 4021084
0.0336601 4022432
0.0336713 4023780
0.0336825 4025128
0.0336937 4026476
0.0337049 4027824
0.0337162 4029172
0.0337274 4030520
0.0337386 4031868
0.0337498 4033216
0.033761 4034564
0.0337722 4035912
0.0337834 4037260
0.0337947 4038608
0.0338059 4039956
0.0338171 4041304
0.0338283 4042652
0.0338395 4044000
0.0338507 4045348
0.033862 4046696
0.0338732 4048044
0.0338844 4049392
0.0338956 4050740
0.0339068 4052088
0.033918 4053436
0.0339292 4054784
0.0339405 4056132
0.0339517 4057480
0.0339629 4058828
0.0339741 4060176
0.0339853 4061524
0.0339965 4062872
0.0340078 4064220
0.034019 4065568
0.0340302 4066916
0.0340414 4068264
0.0340526 4069612
0.0340638 4070960
0.034075 4072308
0.0340863 4073656
0.0340975 4075004
0.0341087 4076352
0.0341199 4077700
0.0341311 4079048
0.0341423 4080396
0.0341535 4081744
0.0341648 4083092
0.034176 4084440
0.0341872 4085788
0.0341984 4087136
0.0342096 4088484
0.0342208 4089832
0.034232 4091180
0.0342433 4092528
0.0342545 4093876
0.0342657 4095224
0.0342769 4096572
0.0342881 4097920
0.0342993 4099268
0.0343106 4100616
0.0343218 4101964
0.034333 4103312
0.0343442 4104660
0.0343554 4106008
0.0343666 4107356
0.0343778 4108704
0.0343891 4110052
0.0344003 4111400
0.0344115 4112748
0.0344227 4114096
0.0344339 4115444
0.0344451 4116792
0.0344563 4118140
0.0344676 4119488
0.0344788 4120836
0.03449 4122184
0.0345012 4123532
0.0345124 4124880
0.0345236 4126228
0.0345349 4127576
0.0345461 4128924
0.0345573 4130272
0.0345685 4131620
0.0345797 4132968
0.0345909 4134316
0.0346021 4135664
0.0346134 4137012
0.0346246 4138360
0.0346358 4139708
0.034647 4141056
0.0346582 4142404
0.0346694 4143752
0.0346807 4145100
0.0346919 4146448
0.0347031 4147796
0.0347143 4149144
0.0347255 4150492
0.0347367 4151840
0.0347479 4153188
0.0347592 4154536
0.0347704 4155884
0.0347816 4157232
0.0347928 4158580
0.034804 4159928
0.0348152 4161276
0.0348264 4162624
0.0348377 4163972
0.0348489 4165320
0.0348601 4166668
0.0348713 4168016
0.0348825 4169364
0.0348937 4170712
0.0349049 4172060
0.0349162 4173408
0.0349274 4174756
0.0349386 4176104
0.0349498 4177452
0.034961 4178800
0.0349722 4180148
0.0349835 4181496
0.0349947 4182844
0.0350059 4184192
0.0350171 4185540
0.0350283 4186888
0.0350395 4188236
0.0350507 4189584
0.035062 4190932
0.0350732 4192280
0.0350844 4193628
0.0350956 4194976
