0.0 0
0.0001056 0.0001056
0.000346797 0.000122549
0.000815421 0.000165808
0.000851469 0.000208166
0.00175267 0.000299301
0.00178872 0.00038355
0.00182476 0.000457268
0.00186081 0.000526277
0.00362716 0.000694804
0.00366321 0.000846771
0.00369926 0.000979742
0.00373531 0.0011006
0.00377136 0.00120635
0.0038074 0.00130338
0.00384345 0.00138829
0.0038795 0.00146709
0.00615052 0.00159912
0.00994758 0.00159897
0.0099596 0.00159884
0.00997161 0.00159725
0.01175 0.00162289
0.011762 0.00164533
0.011774 0.00166647
0.011798 0.00168646
0.013264 0.00166491
0.013288 0.00164755
0.0133 0.00163236
0.0133241 0.00161907
0.0149823 0.00163147
0.0150063 0.00164532
0.0150303 0.00165745
0.0150424 0.00166806
0.0150664 0.00167734
0.0168327 0.00169898
0.0168568 0.00171791
0.0168808 0.00173749
0.0168928 0.00175311
0.0169048 0.00176678
0.0169289 0.00177874
0.0189476 0.00182075
0.0189716 0.00185751
0.0189956 0.00188967
0.0190076 0.00191782
0.0190197 0.00194244
0.0190437 0.00196699
0.0190557 0.00198697
0.0212667 0.00202849
0.0212907 0.00206481
0.0213267 0.0020981
0.0213387 0.00212722
0.0213508 0.00215271
0.0213748 0.00217501
0.0213868 0.00219452
0.0236578 0.0022191
0.0236939 0.00224211
0.0237299 0.00226225
0.0237419 0.00227987
0.023754 0.00229528
0.023778 0.00230877
0.02379 0.00232058
0.026061 0.0023309
0.0260971 0.00233994
0.0261331 0.00234785
0.0261451 0.00235477
0.0261572 0.00236082
0.0261812 0.00236612
0.0261932 0.00237075
0.0284042 0.0023673
0.0284642 0.00236277
0.0284883 0.00236182
0.0285003 0.00236098
0.0285243 0.00236175
0.0285363 0.00236092
0.0285483 0.0023602
0.0306752 0.00234905
0.0307473 0.0023378
0.0307593 0.00232795
0.0307833 0.00231933
0.0307953 0.00231329
0.0308074 0.00230801
0.0308314 0.00230489
0.032778 0.00227962
0.0328621 0.00225752
0.0328861 0.00223818
0.0328981 0.00222126
0.0329102 0.00220645
0.0329342 0.00219349
0.0347366 0.00216413
0.0348327 0.00213694
0.0348447 0.00211314
0.0348567 0.00209383
0.0348808 0.00207843
0.0348928 0.00206345
0.0365029 0.00202631
0.0365991 0.00199231
0.0366111 0.00196257
0.0366351 0.00193654
0.0366471 0.00191376
0.0381972 0.00188632
0.0382212 0.00186532
0.0383053 0.00184544
0.0383294 0.00182954
0.0383534 0.00181563
0.0383654 0.00180347
0.0401798 0.00182586
0.0402039 0.00184546
0.040288 0.00186261
0.040312 0.00188061
0.040324 0.00189487
0.0403481 0.00190734
0.0403601 0.00191826
0.0421144 0.0019203
0.0422105 0.00192058
0.0422346 0.00192083
0.0422586 0.00192254
0.0422826 0.00192405
0.0422947 0.00192536
0.0438327 0.00189948
0.0439288 0.00187383
0.0439529 0.00185138
0.0439769 0.00183174
0.0439889 0.00181455
0.0440129 0.00180252
0.0454549 0.00177997
0.045563 0.00176175
0.0455991 0.0017473
0.0456231 0.00173467
0.0456351 0.00172361
0.0456591 0.00171393
0.0456832 0.00170846
0.0473173 0.00172772
0.0474495 0.00174756
0.0474856 0.00176493
0.0475216 0.00178163
0.0475336 0.00179624
0.0475577 0.00180903
0.0475817 0.00182022
0.049312 0.00184202
0.0494562 0.0018581
0.0494922 0.00187216
0.0495043 0.00188447
0.0495283 0.00189524
0.0495523 0.00190466
0.0495763 0.00191591
0.0510783 0.00189721
0.0512346 0.00187635
0.0512586 0.00185809
0.0512706 0.00184362
0.0512826 0.00182946
0.0513067 0.00181706
0.0527966 0.00180472
0.0529889 0.00179842
0.0530129 0.00179291
0.0530249 0.00178809
0.053037 0.00178537
0.053061 0.00178449
0.053073 0.00178222
0.0546711 0.00179376
0.0549115 0.00180986
0.0549355 0.00182394
0.0549595 0.00183777
0.0549715 0.00184987
0.0549956 0.00186046
0.0550076 0.00187123
0.0550316 0.00188215
0.0566538 0.00189471
0.0568821 0.00189819
0.0568941 0.00190124
0.0569061 0.0019054
0.0569181 0.00190755
0.0569301 0.00190942
0.0569422 0.00190956
0.0583721 0.00188565
0.0585883 0.00186173
0.0586004 0.00184079
0.0586124 0.00182248
0.0586244 0.00180645
0.0586364 0.00179242
0.0600783 0.00178166
0.0603307 0.00177674
0.0603427 0.00177243
0.0603547 0.00177017
0.0603667 0.00176819
0.0603787 0.00176646
0.0604028 0.00176645
0.062049 0.00179197
0.0623373 0.00181881
0.0623494 0.00184229
0.0623614 0.00186284
0.0623734 0.00188232
0.0623854 0.00189936
0.0624094 0.00191578
0.0624215 0.00192864
0.0638994 0.00191887
0.0641758 0.00190581
0.0641878 0.00189439
0.0641998 0.00188589
0.0642239 0.00187996
0.0642359 0.00187327
0.0642479 0.00186741
0.0655937 0.00184577
0.065846 0.00182232
0.065858 0.00180181
0.0658821 0.00178386
0.0658941 0.00176815
0.0659061 0.00175441
0.067324 0.00175139
0.0676244 0.00175477
0.0676364 0.00175922
0.0676604 0.00176461
0.0676724 0.00176784
0.0676845 0.00177065
0.0676965 0.00177312
0.0693186 0.00180081
0.0696671 0.00183105
0.0696791 0.00185751
0.0697031 0.00188066
0.0697152 0.00190242
0.0697272 0.00192146
0.0697392 0.00193812
0.0697632 0.0019542
0.0712051 0.00194573
0.0715296 0.00193082
0.0715416 0.00191777
0.0715536 0.00190786
0.0715656 0.00189918
0.0715776 0.00189159
0.0715897 0.00188344
0.0728874 0.00185829
0.0731998 0.00183328
0.0732118 0.0018114
0.0732238 0.00179225
0.0732359 0.00177549
0.0732479 0.00176083
0.0746537 0.00176152
0.0750262 0.00176963
0.0750383 0.00177823
0.0750503 0.00178576
0.0750623 0.00179235
0.0750743 0.00179811
0.0750983 0.00180465
0.0766844 0.00183291
0.077093 0.00186214
0.077105 0.00188621
0.077117 0.00190728
0.077129 0.00192571
0.0771531 0.00194184
0.0784989 0.00192591
0.0788834 0.00190897
0.0788954 0.00189264
0.0789074 0.00187836
0.0789314 0.00186586
0.080085 0.00183089
0.080109 0.0018033
0.0804815 0.00177765
0.0804935 0.00175521
0.0805055 0.00173557
0.0805296 0.00171839
0.0818754 0.00172739
0.0818994 0.00173526
0.082356 0.00175267
0.082368 0.0017694
0.08238 0.00178404
0.0824041 0.00179835
0.0824161 0.00180937
0.0839421 0.00184154
0.0839661 0.00186969
0.0843747 0.00188832
0.0843867 0.00190311
0.0843987 0.00191455
0.0844107 0.00192457
0.0857325 0.00190779
0.0857565 0.00189312
0.086141 0.00187727
0.0861531 0.0018619
0.0861651 0.00184846
0.0873667 0.00182167
0.0873907 0.00179823
0.0874027 0.00177923
0.0877992 0.0017641
0.0878113 0.00175086
0.0878233 0.00173928
0.0891691 0.00174717
0.0891931 0.00175407
0.0892051 0.00176011
0.0892291 0.0017684
0.0896617 0.00178016
0.0896737 0.00179045
0.0896858 0.00179945
0.0912478 0.00183437
0.0912719 0.00186492
0.0912839 0.00189165
0.0913079 0.00191504
0.0916444 0.00192199
0.0916564 0.00192807
0.0930623 0.00191386
0.0930863 0.00190143
0.0930983 0.00189055
0.0931223 0.00188404
0.0931343 0.00187684
0.0946964 0.0018465
0.0947205 0.00181996
0.0947445 0.00179974
0.0947685 0.00178355
0.0947805 0.00176788
0.0947926 0.00175417
0.0965469 0.00176321
0.0965709 0.00177111
0.096607 0.00177953
0.096631 0.00178839
0.096643 0.00179615
0.0985776 0.00182547
0.0986257 0.00184962
0.0986377 0.00186925
0.0986497 0.00188793
0.0986737 0.00190578
0.100368 0.00189135
0.100404 0.00187573
0.100416 0.00186206
0.100428 0.00184859
0.102026 0.00182479
0.10205 0.00180697
0.102074 0.00178988
0.102086 0.00177492
0.102098 0.00176183
0.103913 0.00177742
0.103937 0.00179105
0.103961 0.00180599
0.103985 0.00181906
0.103997 0.00183049
0.104009 0.0018405
0.105871 0.00185526
0.105895 0.00186518
0.105919 0.00187385
0.105931 0.00188144
0.105943 0.00188808
0.107626 0.00187136
0.107662 0.00185523
0.107674 0.00184112
0.107686 0.00183027
0.10771 0.00182228
0.109332 0.00180778
0.109368 0.00179509
0.10938 0.00178399
0.109392 0.00177427
0.109416 0.00176878
0.10944 0.00176397
0.111315 0.0017913
0.111351 0.00181522
0.111363 0.00183614
0.111375 0.00185446
0.111399 0.00187048
0.111423 0.0018845
0.111459 0.00190127
0.113177 0.00189642
0.113213 0.00188918
0.113237 0.00188284
0.113261 0.00188029
0.113285 0.00187806
0.113321 0.00187612
0.114847 0.00185038
0.114883 0.00182485
0.114907 0.00180252
0.114931 0.00178298
0.114967 0.00176588
0.116578 0.00176143
0.116614 0.00175754
0.11665 0.00175864
0.116662 0.0017581
0.116686 0.00175763
0.116722 0.00175722
0.118596 0.0017899
0.118632 0.0018185
0.11868 0.00184503
0.118692 0.00186974
0.118716 0.00189286
0.118728 0.00191159
0.118764 0.00192798
0.120447 0.00191829
0.120531 0.00190831
0.120555 0.00190258
0.120567 0.00189607
0.120579 0.00189037
0.120615 0.00188538
0.122141 0.00186149
0.122237 0.00183908
0.122249 0.00181948
0.122261 0.00180232
0.122297 0.00178731
0.123883 0.00178169
0.123919 0.00178127
0.124015 0.00178091
0.124027 0.00178059
0.12404 0.00178031
0.124076 0.00178007
0.125878 0.00180689
0.125926 0.00183186
0.126034 0.00185522
0.126046 0.00187715
0.126058 0.00189635
0.126082 0.00191464
0.126106 0.00192915
0.12774 0.00192081
0.127873 0.00191052
0.127885 0.00190151
0.127897 0.00189363
0.127921 0.00188673
0.127945 0.00188069
0.129399 0.00185288
0.129519 0.00182554
0.129531 0.00180162
0.129543 0.00177919
0.129567 0.00175956
0.131093 0.0017514
0.131117 0.00174726
0.131237 0.00174364
0.131261 0.00174197
0.131273 0.00174051
0.131297 0.00173923
0.133003 0.00176065
0.133039 0.00178089
0.133064 0.0018016
0.133184 0.00181972
0.13322 0.00183708
0.133232 0.00185227
0.133256 0.00186556
0.134902 0.00186968
0.134938 0.00187028
0.135046 0.00186931
0.135094 0.00186996
0.135106 0.00187052
0.13513 0.00187102
0.136632 0.00185343
0.136716 0.00183053
0.136776 0.00181199
0.136788 0.00179577
0.136813 0.00178158
0.136825 0.00177067
0.138266 0.0017536
0.138375 0.00174168
0.138435 0.00173124
0.138459 0.00172362
0.138483 0.00171694
0.138495 0.0017111
0.140129 0.00173002
0.140153 0.00174958
0.140273 0.0017682
0.140333 0.00178449
0.140369 0.00180025
0.140393 0.00181403
0.140405 0.0018261
0.142148 0.00185017
0.142268 0.00186823
0.142316 0.00188253
0.142364 0.00189655
0.142388 0.00190881
0.1424 0.00191954
0.14395 0.0019049
0.14407 0.00188608
0.14413 0.00187111
0.144154 0.00185801
0.144166 0.00184656
0.144178 0.00183803
0.145512 0.00180354
0.145608 0.00177035
0.145668 0.00174131
0.145692 0.0017159
0.145716 0.00169517
0.145728 0.00167703
0.14574 0.00166267
0.147242 0.00167112
0.147339 0.00167852
0.147411 0.00168649
0.147447 0.00169497
0.147471 0.00170239
0.147483 0.00170889
0.147495 0.00171457
0.149237 0.00174958
0.149261 0.00178321
0.149357 0.00181265
0.149441 0.0018399
0.149489 0.00186526
0.149513 0.00188744
0.149525 0.00190685
0.149537 0.00192383
0.151124 0.00191917
0.15122 0.00191208
0.151292 0.00190438
0.15134 0.00189764
0.151352 0.00189024
0.151364 0.00188376
0.151376 0.0018781
0.15283 0.00185662
0.152986 0.00183632
0.153046 0.00182007
0.153058 0.00180584
0.15307 0.0017934
0.153082 0.0017825
0.153094 0.00177448
0.154536 0.00176595
0.154716 0.0017615
0.154776 0.0017576
0.154788 0.00175418
0.1548 0.0017512
0.154812 0.00174859
0.154824 0.0017463
0.156495 0.00177284
0.156519 0.00179906
0.156687 0.00182051
0.156747 0.00183927
0.156759 0.00185569
0.156771 0.00187006
0.156783 0.00188263
0.156795 0.00189363
0.158381 0.00189274
0.158561 0.00189046
0.15861 0.00188696
0.158622 0.0018839
0.158634 0.00188122
0.158646 0.00187888
0.158658 0.00187683
0.160075 0.00185401
0.160256 0.00182803
0.16028 0.0018068
0.160292 0.00178823
0.160304 0.00177197
0.160316 0.00175775
0.16183 0.00175732
0.161854 0.00175995
0.162046 0.00176376
0.16207 0.00176709
0.162094 0.0017715
0.162106 0.00177536
0.162118 0.00177874
0.163824 0.00180573
0.163849 0.00182935
0.163873 0.00185301
0.164077 0.00187522
0.164101 0.00189466
0.164125 0.00191166
0.164149 0.00192804
0.164161 0.00194238
0.165675 0.00193089
0.165687 0.00191633
0.165867 0.00190058
0.165891 0.00188681
0.165915 0.00187476
0.165951 0.00186571
0.165963 0.0018578
0.167393 0.00184036
0.167525 0.00181759
0.167549 0.00179766
0.167585 0.00178173
0.167622 0.00176779
0.167634 0.0017556
0.169136 0.00175394
0.169292 0.00175549
0.169328 0.00176135
0.16934 0.00176498
0.169376 0.00176816
0.169424 0.00177244
0.169436 0.00177618
0.171118 0.00180199
0.171286 0.00182607
0.171334 0.00184865
0.171346 0.0018699
0.171371 0.00189
0.171395 0.00190609
0.171443 0.00192016
0.171467 0.00193398
0.172981 0.00192504
0.173161 0.00191271
0.173173 0.00190193
0.173185 0.00189099
0.173209 0.00188142
0.173269 0.00187454
0.173293 0.00186853
0.174699 0.00184975
0.174867 0.00183031
0.174879 0.0018133
0.174891 0.00179692
0.174951 0.00178258
0.174975 0.00177004
0.174987 0.00176057
0.176477 0.00176279
0.17667 0.00176774
0.176682 0.00177207
0.176694 0.00177586
0.176754 0.00177918
0.176778 0.00178208
0.17679 0.00178462
0.176802 0.00178835
0.17852 0.00182014
0.178736 0.00185097
0.178748 0.00187794
0.17876 0.00190154
0.17882 0.00192219
0.178856 0.00194176
0.178869 0.00195889
0.178881 0.00197387
0.180358 0.00195694
0.180575 0.00194063
0.180587 0.00192636
0.180647 0.00191386
0.180683 0.00190293
0.180695 0.00189337
0.180707 0.001885
0.180731 0.00188069
0.182029 0.00185438
0.182269 0.00182535
0.182305 0.00179995
0.182329 0.00177923
0.182341 0.0017626
0.182365 0.00174955
0.182389 0.00173813
0.183747 0.00173565
0.184035 0.00173949
0.184071 0.00174285
0.184095 0.00174578
0.184107 0.00174836
0.184132 0.0017506
0.184156 0.00175558
0.184168 0.00175843
0.185718 0.00178495
0.186042 0.00181266
0.186078 0.00183691
0.186102 0.00185813
0.186114 0.0018767
0.186138 0.00189295
0.186162 0.00190716
0.186174 0.0019211
0.186198 0.0019348
0.187604 0.00192877
0.187953 0.00191898
0.187965 0.00191041
0.187989 0.00190292
0.188001 0.00189486
0.188013 0.00188781
0.188037 0.00188464
0.188049 0.00188037
0.189262 0.0018526
0.189599 0.00182229
0.189611 0.00179577
0.189623 0.00177257
0.189647 0.00175527
0.189659 0.00173863
0.189671 0.00172407
0.190788 0.00169932
0.191125 0.00167765
0.191137 0.0016587
0.191149 0.00164212
0.191173 0.00162761
0.191197 0.00161791
0.191209 0.00160943
0.191233 0.00160351
0.192531 0.00162086
0.192903 0.00164055
0.192915 0.00165778
0.192927 0.00167285
0.192951 0.00168604
0.192975 0.00169758
0.192999 0.00170918
0.193023 0.00172233
0.193035 0.00173234
0.194549 0.00176814
0.194958 0.00180396
0.194982 0.00183681
0.194994 0.00186555
0.195018 0.0018907
0.195042 0.00191271
0.195066 0.00193196
0.19509 0.00194881
0.195114 0.00196656
0.195138 0.00198359
0.1964 0.00196694
0.196832 0.00195088
0.196856 0.00193683
0.196868 0.00192303
0.196893 0.00191095
0.196917 0.00190039
0.196941 0.00189114
0.196965 0.00188305
0.196989 0.00187898
0.19813 0.00186039
0.198551 0.00183812
0.198563 0.00181714
0.198587 0.00179877
0.198611 0.0017827
0.198635 0.00176864
0.198659 0.00175934
0.198671 0.00174971
0.19986 0.00174728
0.200281 0.00174516
0.200293 0.0017433
0.200317 0.00174168
0.200341 0.00174025
0.200365 0.00173901
0.200389 0.00173792
0.200413 0.00173997
0.200437 0.00174327
0.201783 0.00176568
0.202252 0.0017913
0.202264 0.00181371
0.202288 0.00183333
0.202312 0.00185049
0.202336 0.0018655
0.20236 0.00187864
0.202384 0.00189014
0.20242 0.0019017
0.202444 0.00191482
0.203706 0.00191579
0.204138 0.00190763
0.204162 0.00190048
0.204186 0.00189423
0.20421 0.00188876
0.204222 0.00188247
0.204258 0.00187696
0.204282 0.00187215
0.205424 0.00185292
0.205808 0.00182708
0.20582 0.00180296
0.205844 0.00178186
0.205856 0.0017634
0.20588 0.00174575
0.205917 0.0017318
0.20707 0.0017211
0.207094 0.00171474
0.207443 0.00170467
0.207455 0.00169586
0.207479 0.00168815
0.207491 0.0016814
0.207515 0.00167549
0.207551 0.00167033
0.208957 0.00169735
0.208993 0.0017225
0.209389 0.00175051
0.209401 0.00177652
0.209425 0.00180078
0.209437 0.00182051
0.209449 0.00183777
0.209473 0.00185288
0.209509 0.00186609
0.210987 0.00188667
0.211324 0.00189116
0.211348 0.00189508
0.21136 0.00189851
0.211372 0.00190302
0.211384 0.00190697
0.211396 0.00190891
0.21142 0.00190912
0.212886 0.00190779
0.213174 0.00189612
0.213186 0.00188591
0.213198 0.00187847
0.21321 0.00187197
0.213222 0.00186627
0.213234 0.00185979
0.214664 0.00184961
0.214904 0.0018317
0.214917 0.00181752
0.214929 0.00180512
0.214941 0.00179426
0.214953 0.00178477
0.216443 0.00178396
0.216707 0.00178627
0.216719 0.00178828
0.216731 0.00179155
0.216743 0.00179441
0.216755 0.00179691
0.216779 0.0018006
0.218509 0.00183387
0.21881 0.00186748
0.218834 0.0018984
0.218846 0.00192545
0.218858 0.00194912
0.21887 0.00197133
0.218894 0.00199227
0.218906 0.00200909
0.220768 0.00199978
0.22078 0.00199163
0.220792 0.0019845
0.220804 0.00197825
0.220828 0.0019758
0.22084 0.00197215
0.220852 0.00196895
0.222535 0.00194062
0.222547 0.00191583
0.222571 0.00189715
0.222583 0.0018793
0.222595 0.00186368
0.222607 0.00185001
0.224337 0.00184256
0.224361 0.00183603
0.224385 0.00183183
0.224397 0.00182815
0.224409 0.00182493
0.226452 0.00186116
0.226476 0.00189587
0.226488 0.00192474
0.226512 0.00195
0.226536 0.00197361
0.226548 0.00199426
0.22841 0.00198981
0.228435 0.0019844
0.228459 0.00197968
0.228483 0.00197554
0.228495 0.00197192
0.228519 0.00197176
0.230237 0.00195359
0.230273 0.00193319
0.230285 0.00191684
0.230309 0.00190404
0.230333 0.00189284
0.231871 0.0018605
0.231895 0.00182921
0.231919 0.00180182
0.231943 0.00177786
0.231967 0.0017599
0.233637 0.00176071
0.233661 0.00176141
0.233698 0.00176353
0.233722 0.00176539
0.233746 0.00176701
0.235716 0.00180598
0.235752 0.00184458
0.235764 0.00187686
0.2358 0.0019051
0.235836 0.00193131
0.23586 0.00195425
0.237627 0.00194879
0.237651 0.001941
0.237687 0.00193419
0.237723 0.00192823
0.237747 0.00192602
0.237759 0.00192258
0.239393 0.00190305
0.239429 0.00188296
0.239477 0.00186688
0.239501 0.00185281
0.239513 0.0018405
0.241027 0.00181471
0.241075 0.00179365
0.241099 0.00177822
0.241135 0.00176322
0.241171 0.00175159
0.241183 0.00174142
0.242962 0.00176556
0.24301 0.00178669
0.243046 0.00180668
0.24307 0.00182717
0.243094 0.0018436
0.243142 0.00185948
0.243154 0.00187337
0.244993 0.00189304
0.245041 0.00190574
0.245065 0.00191685
0.245101 0.00192808
0.245149 0.0019379
0.245161 0.0019465
0.246771 0.00192548
0.246819 0.00190409
0.246855 0.00188537
0.246903 0.00186899
0.246915 0.00185466
0.246939 0.00184512
0.248477 0.00182776
0.248525 0.00181258
0.248561 0.00179929
0.248609 0.00178766
0.248621 0.00177749
0.248645 0.00176859
0.250436 0.00179234
0.250472 0.00181763
0.250508 0.00183825
0.250544 0.0018563
0.250592 0.00187209
0.250616 0.00188741
0.25064 0.00190082
0.252394 0.00190804
0.252454 0.00191286
0.252503 0.00191858
0.252551 0.00192358
0.252563 0.00192646
0.252587 0.00192897
0.254137 0.00190564
0.254245 0.00188522
0.254305 0.00186886
0.254317 0.00185455
0.254341 0.00184502
0.254353 0.00183519
0.255867 0.00182208
0.255975 0.00181061
0.256035 0.00180057
0.256059 0.00179329
0.256083 0.00178692
0.256107 0.00178284
0.256131 0.00178228
0.257778 0.00179831
0.257898 0.00181384
0.257958 0.00182743
0.257982 0.00183932
0.258006 0.00184973
0.25803 0.00185883
0.258054 0.0018668
0.258078 0.00187677
0.259664 0.00187799
0.259844 0.00187605
0.25988 0.00187586
0.259892 0.00187418
0.259904 0.00187122
0.259916 0.00187013
0.259928 0.00186767
0.261358 0.00184599
0.261527 0.00181951
0.261539 0.00179634
0.261551 0.00177757
0.261563 0.00176115
0.261575 0.00174678
0.263101 0.00174622
0.263293 0.00174874
0.263305 0.00175094
0.263317 0.00175287
0.263329 0.00175605
0.263341 0.00175884
0.263365 0.00176279
0.265143 0.00179778
0.265372 0.0018329
0.265384 0.00186363
0.265396 0.00189052
0.265408 0.00191405
0.26542 0.00193615
0.265444 0.00195698
0.265456 0.0019737
0.267042 0.0019643
0.267234 0.00194857
0.267246 0.00193481
0.267258 0.00192276
0.267282 0.00191523
0.267294 0.00190713
0.267306 0.00190004
0.268772 0.00187883
0.268964 0.00185726
0.268989 0.00184139
0.269001 0.001826
0.269013 0.00181254
0.269025 0.00180075
0.270454 0.00178594
0.270659 0.00177448
0.270683 0.00176445
0.270695 0.00175567
0.270707 0.0017495
0.270719 0.00174409
0.270743 0.00174087
0.272413 0.00176809
0.272641 0.0017949
0.272677 0.00181987
0.272689 0.00184172
0.272701 0.00186084
0.272713 0.00187907
0.272738 0.00189652
0.27275 0.00191029
0.274432 0.00192384
0.27466 0.00192968
0.274672 0.0019348
0.274684 0.00193928
0.274708 0.0019462
0.27472 0.00195075
0.274732 0.00195474
0.27627 0.0019402
0.27645 0.00191847
0.276474 0.00190246
0.276486 0.00188695
0.276499 0.00187338
0.276511 0.0018615
0.277892 0.00183158
0.278061 0.0018009
0.278073 0.00177405
0.278085 0.00175056
0.278097 0.00173
0.279635 0.00173154
0.279827 0.00173589
0.279839 0.0017412
0.279851 0.00174585
0.279863 0.00174991
0.279887 0.00175497
0.281701 0.00179394
0.281918 0.00183105
0.28193 0.00186351
0.281942 0.00189342
0.281954 0.0019196
0.281978 0.001944
0.28199 0.00196385
0.283588 0.00195418
0.283804 0.00194422
0.283816 0.0019355
0.283828 0.00192788
0.28384 0.0019197
0.283852 0.00191255
0.28533 0.00189127
0.285535 0.00186965
0.285547 0.00185073
0.285559 0.00183417
0.285571 0.00181969
0.285595 0.00181002
0.287061 0.00180005
0.287313 0.00179734
0.287337 0.00179647
0.287349 0.00179571
0.287361 0.00179504
0.287373 0.00179296
0.289067 0.00181967
0.289091 0.00184605
0.289368 0.00187214
0.289392 0.00189496
0.289416 0.00191643
0.289428 0.00193522
0.28944 0.00195166
0.291026 0.00195253
0.291266 0.00194578
0.291302 0.00194138
0.291326 0.00193752
0.291338 0.00193415
0.29135 0.0019312
0.291374 0.00193162
0.292792 0.00191096
0.293021 0.00188387
0.293033 0.00186017
0.293045 0.00184093
0.293069 0.0018256
0.293081 0.00181068
0.294414 0.00178712
0.294631 0.001765
0.294655 0.00174714
0.294667 0.00173152
0.294691 0.00171785
0.294703 0.00170739
0.294727 0.00169974
0.296265 0.00171858
0.296505 0.00173807
0.296541 0.00175662
0.296553 0.00177286
0.296577 0.00178707
0.296589 0.00179949
0.296613 0.00181338
0.296625 0.00182402
0.298296 0.00184986
0.298512 0.00186345
0.298536 0.00187534
0.298548 0.00188575
0.29856 0.00189636
0.298572 0.00190414
0.298584 0.00191095
0.300074 0.00189438
0.300278 0.00187387
0.30029 0.00185742
0.300302 0.00184304
0.300314 0.00183044
0.300326 0.00181943
0.301672 0.00179177
0.301888 0.00176906
0.301912 0.0017507
0.301924 0.00173613
0.301936 0.00172339
0.301948 0.00171224
0.301972 0.00170398
0.303486 0.00171778
0.303739 0.00173437
0.303763 0.00174888
0.303787 0.00176308
0.303799 0.0017755
0.303811 0.00178788
0.303835 0.00180021
0.303847 0.00180949
0.305637 0.00185216
0.305878 0.00188199
0.30589 0.00190809
0.305902 0.00193243
0.305926 0.00195523
0.305938 0.00197367
0.30595 0.00198981
0.307536 0.0019784
0.307728 0.00196091
0.30774 0.0019456
0.307764 0.0019322
0.307776 0.00192048
0.307788 0.00191023
0.309254 0.00188624
0.309434 0.00186224
0.309446 0.00183974
0.309458 0.00182005
0.30947 0.00180282
0.310948 0.00178925
0.310972 0.00178038
0.311177 0.00177562
0.311189 0.00177146
0.311201 0.00176782
0.311213 0.00176463
0.312979 0.00179789
0.313003 0.00182699
0.313231 0.00185546
0.313243 0.00188187
0.313255 0.00190498
0.313267 0.0019252
0.313292 0.0019444
0.314902 0.00194167
0.315142 0.00193778
0.315154 0.00193437
0.315166 0.00193139
0.315178 0.00192879
0.315202 0.00192651
0.316668 0.00190648
0.316896 0.00188596
0.316908 0.00186801
0.31692 0.0018523
0.316944 0.00183855
0.318422 0.00182802
0.318434 0.00182031
0.318687 0.00181657
0.318699 0.0018133
0.318711 0.00181043
0.318735 0.00180793
0.320465 0.00183727
0.320477 0.00186295
0.320765 0.00188993
0.320777 0.00191504
0.320789 0.001937
0.320814 0.00195773
0.320826 0.00197436
0.322388 0.00196788
0.322652 0.00195771
0.322664 0.00194881
0.322676 0.00194102
0.3227 0.00193421
0.322712 0.00192825
0.32413 0.00190501
0.32437 0.00188016
0.324382 0.00185843
0.324406 0.00183941
0.32443 0.00182427
0.324454 0.00181402
0.32574 0.00178854
0.326028 0.00177225
0.32604 0.00175799
0.326052 0.00174402
0.326077 0.00173179
0.326101 0.00172109
0.327603 0.00173876
0.327627 0.00175723
0.327975 0.0017809
0.327987 0.00180161
0.327999 0.00181973
0.328023 0.00183559
0.328047 0.00184947
0.329669 0.00187663
0.329982 0.00189288
0.329994 0.0019071
0.330006 0.00191955
0.33003 0.00193044
0.330054 0.00193997
0.33152 0.00192878
0.331796 0.00191298
0.331808 0.00189916
0.331832 0.00188706
0.331856 0.00187648
0.331868 0.00186872
0.33325 0.00185142
0.33349 0.00182727
0.333514 0.00180914
0.333526 0.00179177
0.333538 0.00177658
0.335137 0.00179032
0.335425 0.00180835
0.335437 0.00182263
0.335449 0.00183662
0.335461 0.00184886
0.335485 0.00186108
0.337131 0.00187778
0.337384 0.00188638
0.337396 0.0018939
0.337408 0.00190049
0.33742 0.00190475
0.338898 0.00188745
0.339114 0.0018663
0.339126 0.0018478
0.339138 0.00183311
0.33915 0.00182026
0.340568 0.00180151
0.340784 0.0017851
0.340808 0.00177224
0.34082 0.00176099
0.340832 0.00175114
0.340856 0.00174553
0.342502 0.00176917
0.342755 0.00179435
0.342779 0.00181638
0.342803 0.00183716
0.342815 0.00185535
0.342839 0.00187126
0.342863 0.00188818
0.344485 0.00189999
0.344749 0.00190582
0.344761 0.00191091
0.344773 0.00191687
0.344785 0.00192059
0.344809 0.00192384
0.346239 0.00190265
0.346504 0.00188261
0.346516 0.00186507
0.346528 0.00184973
0.346552 0.0018363
0.347886 0.00181254
0.348186 0.00179625
0.34821 0.001785
0.348222 0.00177516
0.348246 0.00176805
0.34827 0.00176183
0.349844 0.00178643
0.350181 0.00181245
0.350217 0.00183673
0.350229 0.00185948
0.350253 0.00188088
0.350265 0.0018981
0.350289 0.00191318
0.351803 0.00191885
0.352127 0.00191782
0.352139 0.00191691
0.352163 0.00191611
0.352175 0.00191541
0.352187 0.0019133
0.353593 0.00189794
0.353918 0.00188299
0.353942 0.00186991
0.353954 0.00185847
0.353966 0.00184846
0.353978 0.0018412
0.355203 0.00181232
0.355564 0.00179155
0.355588 0.00177338
0.355612 0.00175898
0.355624 0.00174639
0.355636 0.00173536
0.357066 0.00175125
0.357102 0.00176966
0.357498 0.00179027
0.357522 0.00180831
0.357546 0.00182409
0.35757 0.00183941
0.357582 0.0018528
0.359133 0.00187955
0.359493 0.00189394
0.359517 0.00190653
0.359529 0.00191604
0.359553 0.00192436
0.359565 0.00193165
0.360959 0.0019185
0.361271 0.00189798
0.361283 0.00188002
0.361295 0.00186281
0.361307 0.00184925
0.361331 0.00183889
0.362653 0.00182081
0.362942 0.00179898
0.362954 0.00178138
0.362966 0.00176599
0.362978 0.00175101
0.364504 0.00176344
0.364852 0.00178183
0.364864 0.00179792
0.364876 0.0018135
0.364888 0.00182713
0.364912 0.00184056
0.366594 0.00187184
0.366883 0.00189019
0.366895 0.00190625
0.366907 0.00192031
0.366931 0.00193261
0.368433 0.00192084
0.368709 0.00190753
0.368721 0.00189589
0.368745 0.00188871
0.368757 0.00188093
0.370187 0.0018651
0.370404 0.00184224
0.370428 0.00182224
0.37044 0.00180474
0.371954 0.00179994
0.371978 0.00179875
0.372242 0.00180371
0.372266 0.00180805
0.372278 0.00181185
0.37402 0.00184371
0.374056 0.00187309
0.374297 0.0018958
0.374321 0.00191417
0.375883 0.0019077
0.375907 0.00190505
0.375931 0.00190124
0.376147 0.00189489
0.377553 0.00186681
0.377577 0.00184223
0.377601 0.00182073
0.377805 0.00180042
0.379392 0.00180217
0.379404 0.0018052
0.379416 0.00180635
0.379644 0.00181036
0.381434 0.00183941
0.381446 0.00186332
0.381639 0.00187973
0.381675 0.00189861
0.383249 0.00188808
0.383417 0.00187437
0.383453 0.00186237
0.384895 0.00183534
0.385087 0.0018147
0.385123 0.00179664
0.386757 0.00180487
0.386998 0.00181808
0.387022 0.00183264
0.387046 0.00184388
0.388752 0.00186273
0.388968 0.00187321
0.389004 0.00188388
0.389016 0.00189473
0.390566 0.00188469
0.390771 0.00186989
0.390783 0.00185695
0.392213 0.00183061
0.392441 0.00181056
0.392453 0.00179302
0.394099 0.0018047
0.394375 0.00182094
0.394387 0.00183664
0.394412 0.00185189
0.39607 0.00186673
0.396346 0.00187821
0.39637 0.00188826
0.396394 0.00190006
0.397932 0.00189536
0.398209 0.00188825
0.398221 0.00188052
0.39959 0.00185273
0.399843 0.00182541
0.399855 0.00180151
0.401309 0.0017911
0.401633 0.00179101
0.401645 0.00179244
0.401669 0.00179518
0.403375 0.00182913
0.403736 0.00186334
0.40376 0.00189477
0.403784 0.00192228
0.403808 0.00194935
0.405274 0.00194299
0.405598 0.00192992
0.405622 0.00191849
0.405646 0.00190848
0.40698 0.00188321
0.407305 0.00185809
0.407329 0.00183911
0.407341 0.001821
0.408626 0.00179915
0.408999 0.00178604
0.409023 0.00177457
0.409035 0.00176453
0.409059 0.00175875
0.410597 0.00178523
0.411006 0.00181291
0.411042 0.00183863
0.411054 0.00186114
0.411078 0.00188083
0.411102 0.00190107
0.412544 0.00190676
0.41294 0.00190573
0.412952 0.00190483
0.412964 0.00190254
0.412988 0.00190053
0.41431 0.00188376
0.41467 0.00186308
0.414683 0.00184498
0.414695 0.00182764
0.414719 0.00181547
0.41592 0.0017898
0.416317 0.00177185
0.416329 0.00175614
0.416341 0.0017424
0.416365 0.00173037
0.417795 0.00174839
0.417819 0.00176716
0.418275 0.00179109
0.418287 0.00181203
0.418299 0.00183035
0.418323 0.00184638
0.419861 0.00187393
0.42027 0.00188902
0.420294 0.00190372
0.420306 0.00191659
0.42033 0.00192785
0.420354 0.00194071
0.421724 0.00193093
0.422084 0.00191336
0.422096 0.00189799
0.422108 0.00188303
0.42212 0.00186845
0.423382 0.00184217
0.423719 0.00181467
0.423731 0.0017906
0.423743 0.00176955
0.425209 0.00177666
0.425233 0.00178588
0.425593 0.00179696
0.425605 0.00180665
0.425617 0.00181513
0.427311 0.00185109
0.427636 0.00187504
0.427648 0.001896
0.42766 0.00191584
0.427684 0.00193471
0.429186 0.00192718
0.42945 0.00191158
0.429462 0.00189793
0.429486 0.00188599
0.43082 0.00185451
0.431072 0.00182397
0.431096 0.00180024
0.431108 0.00177798
0.432586 0.00177653
0.432899 0.00178276
0.432935 0.00178973
0.432947 0.00179582
0.432971 0.00180415
0.434665 0.00183848
0.435002 0.00187152
0.435038 0.00189892
0.435062 0.0019229
0.43648 0.00190934
0.436504 0.00190048
0.436852 0.00189423
0.436912 0.00188876
0.43815 0.00186144
0.438186 0.00183904
0.438546 0.00182094
0.43988 0.00180961
0.439904 0.0018027
0.439928 0.00179515
0.440373 0.00179906
0.441923 0.00182952
0.441947 0.00185617
0.441971 0.00188249
0.441995 0.00190552
0.4425 0.00193319
0.443833 0.00192735
0.443857 0.00192225
0.443881 0.00191778
0.444326 0.00190636
0.445564 0.00188435
0.445588 0.0018651
0.445612 0.00184825
0.44608 0.00183651
0.447378 0.00183074
0.447402 0.0018257
0.447426 0.00182429
0.447955 0.00183056
0.449445 0.00186009
0.449469 0.00188592
0.449493 0.00190852
0.449517 0.0019313
0.449961 0.00194072
0.451331 0.00193094
0.451355 0.00192239
0.451391 0.0019164
0.451776 0.00190365
0.453014 0.00187297
0.453038 0.00184913
0.453062 0.00182676
0.453398 0.00180119
0.454756 0.00179083
0.45478 0.00178176
0.454816 0.00177833
0.455237 0.00178584
0.456811 0.00181945
0.456835 0.00184886
0.456883 0.0018761
0.456907 0.00190293
0.457339 0.00192792
0.458685 0.00191824
0.458733 0.00190976
0.458757 0.00190235
0.45919 0.00189587
0.460451 0.00187367
0.460475 0.00185725
0.4605 0.00184288
0.460896 0.00182581
0.462254 0.00181987
0.462278 0.00181469
0.462314 0.00181465
0.462734 0.00181763
0.464345 0.00185177
0.464369 0.00188165
0.464417 0.00190929
0.464441 0.00193648
0.464765 0.00194826
0.466231 0.00193754
0.466291 0.00192966
0.466315 0.00192276
0.466616 0.00191372
0.467949 0.00188178
0.467961 0.00185534
0.467973 0.0018307
0.468238 0.00180463
0.469584 0.00178182
0.469596 0.00176186
0.469608 0.0017459
0.469896 0.00173494
0.471542 0.0017629
0.471566 0.00178886
0.471578 0.00181158
0.471602 0.00183447
0.471903 0.00185599
0.473477 0.00186581
0.473501 0.00187291
0.473525 0.00187911
0.473813 0.00188304
0.475231 0.00186695
0.475255 0.00185287
0.475291 0.00184206
0.475568 0.00183109
0.476853 0.00180498
0.476877 0.00178212
0.476925 0.00176363
0.476949 0.00175045
0.477286 0.00174643
0.478788 0.00176995
0.478812 0.00179053
0.47886 0.00180853
0.478884 0.00182429
0.478908 0.00184108
0.479281 0.00186027
0.480746 0.00187257
0.480807 0.00188182
0.480843 0.00189142
0.480855 0.00189831
0.481179 0.00189834
0.482477 0.00187733
0.482573 0.00185896
0.482585 0.00184287
0.482921 0.0018303
0.482945 0.00182231
0.484135 0.0018018
0.484255 0.00178685
0.484267 0.00177377
0.484628 0.00176534
0.484652 0.00175795
0.484676 0.0017545
0.486022 0.001771
0.486154 0.00178694
0.486166 0.00180089
0.486562 0.0018176
0.486586 0.00183222
0.48661 0.00184501
0.486634 0.00185921
0.488052 0.00188065
0.488545 0.0018934
0.488569 0.00190455
0.488593 0.00191732
0.488605 0.00192698
0.488629 0.00193544
0.489855 0.00191881
0.490323 0.00189825
0.490359 0.00188176
0.490371 0.00186734
0.490395 0.00185471
0.491549 0.00183465
0.491561 0.00181861
0.491993 0.00180006
0.49203 0.00178383
0.492054 0.00177113
0.492078 0.00176002
0.493471 0.00178034
0.493483 0.00179811
0.493976 0.00182118
0.494 0.00184436
0.494024 0.00186315
0.494048 0.00187959
0.494084 0.00189547
0.495478 0.00190937
0.495911 0.00191252
0.495935 0.00191528
0.495959 0.00191769
0.495995 0.0019213
0.496031 0.00192446
0.497341 0.00191672
0.497737 0.00190242
0.497761 0.00188992
0.497797 0.00187898
0.497833 0.00186941
0.497857 0.00186403
0.499011 0.00183981
0.499371 0.00180659
0.499395 0.00178053
0.499431 0.00175773
0.499467 0.00173928
0.500717 0.00173516
0.501126 0.00173756
0.50115 0.00173965
0.501174 0.00174449
0.501198 0.00174722
0.501246 0.00175112
0.502772 0.00178907
0.503228 0.00182828
0.503252 0.0018626
0.503276 0.00189262
0.503301 0.00191889
0.503325 0.00194489
0.503361 0.00196613
0.504682 0.00195918
0.505127 0.00194859
0.505151 0.00193933
0.505175 0.00193123
0.505199 0.00192413
0.505235 0.00191793
0.506461 0.00190048
0.506869 0.00187771
0.506893 0.00185778
0.506917 0.00184034
0.506941 0.00182358
0.506965 0.00181192
0.508155 0.00179722
0.508636 0.00179336
0.50866 0.00178998
0.508684 0.00178703
0.508708 0.00178444
0.508732 0.00178218
0.508756 0.0017832
0.510162 0.00181114
0.510714 0.00184459
0.51075 0.00187536
0.510774 0.00190229
0.510798 0.00192585
0.510823 0.00194647
0.510847 0.00196451
0.51206 0.00195626
0.512577 0.00194003
0.512601 0.00192583
0.512613 0.0019119
0.512625 0.00189822
0.512649 0.00188624
0.512673 0.00187876
0.513802 0.00186171
0.514295 0.00183927
0.514307 0.00182114
0.514331 0.00180678
0.514343 0.00179272
0.514355 0.00177891
0.515521 0.00177133
0.516098 0.00177521
0.516122 0.00178011
0.516134 0.0017829
0.516146 0.00178684
0.516158 0.00179028
0.516182 0.0017948
0.517515 0.00181978
0.518188 0.00185366
0.518212 0.0018833
0.518224 0.00190773
0.518236 0.00192911
0.51826 0.00194782
0.519486 0.00195067
0.520087 0.00194415
0.520123 0.00193995
0.520135 0.00193477
0.520159 0.00193024
0.521228 0.00190675
0.521252 0.0018892
0.521793 0.00186633
0.521841 0.00184783
0.521865 0.00183013
0.522935 0.00181465
0.522971 0.0018026
0.523547 0.00179657
0.523596 0.00179129
0.52362 0.00178667
0.523644 0.00178563
0.524905 0.00180875
0.524941 0.00182899
0.525614 0.00185871
0.525674 0.00188621
0.525698 0.00191028
0.525722 0.00193134
0.52684 0.00193175
0.527441 0.00191858
0.527501 0.00190706
0.527537 0.00190149
0.527549 0.00189511
0.527561 0.00188803
0.528606 0.00187282
0.529183 0.001849
0.529219 0.00182815
0.529231 0.00180991
0.529243 0.00179395
0.530216 0.00177098
0.530805 0.00175237
0.530829 0.0017391
0.530865 0.00172749
0.530877 0.00171733
0.530889 0.00170843
0.532055 0.00172468
0.532752 0.00175242
0.532788 0.00177819
0.532812 0.00180375
0.532836 0.00182461
0.532848 0.00184286
0.53286 0.00185883
0.534158 0.00188933
0.53477 0.00190099
0.534794 0.0019112
0.534818 0.00192013
0.53483 0.00192794
0.534843 0.00193478
0.535984 0.00192123
0.536585 0.00190488
0.536621 0.00189207
0.536633 0.00188086
0.536645 0.00187105
0.536657 0.00186397
0.537726 0.00184876
0.538243 0.00181893
0.538255 0.00179434
0.538267 0.00177281
0.538279 0.00175398
0.539469 0.00175252
0.54013 0.00176927
0.540142 0.00178393
0.540154 0.00179825
0.540166 0.00181079
0.54019 0.00182325
0.541511 0.00185069
0.542148 0.00187169
0.54216 0.00188856
0.542172 0.00190332
0.542196 0.00191624
0.543458 0.00192004
0.54347 0.00192486
0.544035 0.00192006
0.544047 0.00191437
0.544071 0.00190938
0.545188 0.001887
0.5452 0.00186741
0.545729 0.00184577
0.545753 0.00182533
0.546883 0.00180894
0.546907 0.00179611
0.546931 0.00178788
0.547519 0.00178819
0.547543 0.00178847
0.548877 0.00181424
0.548901 0.00183679
0.548937 0.00185803
0.548961 0.00187961
0.549586 0.001903
0.54961 0.00192347
0.550788 0.00192185
0.550836 0.00191894
0.55086 0.00191639
0.551461 0.00191115
0.551485 0.00190657
0.552542 0.00188754
0.55259 0.00186788
0.553107 0.00184017
0.553131 0.00181893
0.553143 0.00179884
0.554188 0.00177976
0.554236 0.00176306
0.554873 0.00176347
0.554897 0.00176383
0.554909 0.00176565
0.554933 0.00176874
0.556123 0.00178947
0.556183 0.00180911
0.556928 0.00183981
0.556964 0.00186818
0.556976 0.001893
0.557 0.00191772
0.557012 0.00193785
0.558093 0.00194195
0.558802 0.00192901
0.558814 0.00191919
0.558838 0.0019121
0.55885 0.0019044
0.558862 0.00189766
0.559824 0.00187674
0.560497 0.00185242
0.560521 0.00183115
0.560533 0.00181254
0.560545 0.00179625
0.561506 0.001782
0.56153 0.00177253
0.562251 0.00177026
0.562287 0.00176977
0.562299 0.00176934
0.562311 0.00176897
0.563477 0.00179417
0.563513 0.00181773
0.564342 0.00185186
0.564366 0.00188473
0.56439 0.00191199
0.564414 0.00193734
0.564426 0.00195953
0.565423 0.00195791
0.566228 0.00194898
0.566264 0.00194268
0.566288 0.00193716
0.566312 0.00193233
0.566324 0.0019281
0.56719 0.00190788
0.567971 0.00188268
0.567995 0.00186063
0.568019 0.00184133
0.568031 0.00182445
0.568043 0.00181118
0.568884 0.00179656
0.569665 0.00178378
0.569689 0.00177259
0.569713 0.00176279
0.569725 0.00175423
0.569737 0.00174673
0.570674 0.00175218
0.570698 0.00175996
0.571611 0.00178329
0.571648 0.00180521
0.571672 0.00182438
0.571684 0.00184116
0.571696 0.00185584
0.572813 0.00189121
0.572837 0.00192217
0.572861 0.00195226
0.573606 0.00195756
0.573654 0.00195919
0.573666 0.00196062
0.574688 0.00194985
0.574712 0.00194043
0.574736 0.00193519
0.574748 0.00192911
0.575409 0.00191327
0.57643 0.0018919
0.576454 0.00187621
0.576466 0.00186097
0.57649 0.00184764
0.576502 0.00183598
0.577067 0.00181376
0.578256 0.00181534
0.578292 0.00181823
0.578304 0.00182075
0.578328 0.00182597
0.57834 0.00182903
0.578352 0.00183171
0.579061 0.00185208
0.580359 0.00188342
0.580395 0.00190934
0.580419 0.00193202
0.580431 0.00195186
0.580443 0.00196923
0.580996 0.0019649
0.582198 0.00194909
0.582246 0.00193376
0.582258 0.00192034
0.58227 0.0019086
0.582762 0.00189082
0.583904 0.00186775
0.583916 0.00184156
0.583928 0.00181864
0.584421 0.00179858
0.584445 0.00178404
0.585766 0.00179385
0.58579 0.00180393
0.585802 0.00181275
0.586355 0.00182797
0.586379 0.0018413
0.586403 0.00185596
0.587677 0.00186279
0.588182 0.00185824
0.588206 0.00185727
0.58823 0.00185642
0.588242 0.00185417
0.589455 0.00184469
0.589912 0.00182739
0.589936 0.00181225
0.589948 0.001799
0.591101 0.0017799
0.591125 0.00176619
0.591606 0.0017572
0.591642 0.00175083
0.591654 0.00174526
0.592964 0.00175991
0.593 0.00177424
0.593024 0.00178977
0.593577 0.00181238
0.593613 0.00183216
0.593637 0.00185097
0.595031 0.00187794
0.595079 0.00190004
0.595547 0.00190886
0.595583 0.00191658
0.595607 0.00192334
0.596905 0.00191723
0.597338 0.00190138
0.597362 0.001886
0.597386 0.00187255
0.59741 0.00186378
0.598611 0.00184409
0.599008 0.00181935
0.59902 0.0017962
0.599044 0.00177595
0.600318 0.00176724
0.600774 0.00176713
0.600798 0.00177004
0.600822 0.00177408
0.600834 0.00177612
0.602324 0.00180494
0.602877 0.00184217
0.602901 0.00187475
0.602925 0.00190626
0.602937 0.00193233
0.602949 0.00195514
0.604259 0.00195257
0.6048 0.00194581
0.604812 0.0019384
0.604824 0.00193191
0.604836 0.00192624
0.606013 0.00190475
0.606554 0.00188445
0.606566 0.00186818
0.606578 0.00185395
0.60659 0.0018415
0.60772 0.00182459
0.608332 0.00181882
0.608356 0.00181526
0.608368 0.00181215
0.60838 0.00181093
0.608392 0.00180986
0.609738 0.00183597
0.610387 0.00186331
0.610411 0.00188724
0.610423 0.00190818
0.610435 0.0019265
0.610447 0.00194403
0.610471 0.00196087
0.611673 0.00195758
0.612334 0.0019517
0.612346 0.00194806
0.612358 0.00194487
0.612382 0.00194358
0.612394 0.00194096
0.613451 0.00192063
0.614016 0.00188933
0.614028 0.00186194
0.614052 0.00183798
0.614064 0.00181701
0.615085 0.00179415
0.615121 0.00177866
0.615794 0.00177862
0.615818 0.00178009
0.615842 0.00178138
0.615854 0.0017825
0.617056 0.00180602
0.617092 0.00182659
0.617885 0.00185962
0.617909 0.00189152
0.617933 0.00191943
0.617957 0.00194385
0.617969 0.00196522
0.619039 0.0019674
0.619736 0.00195278
0.61976 0.00193999
0.619784 0.0019288
0.619808 0.00191901
0.61982 0.00191044
0.620817 0.00189393
0.62143 0.00186597
0.621454 0.0018415
0.62149 0.00182159
0.621502 0.00180417
0.621514 0.00179043
0.622451 0.0017709
0.62316 0.00176582
0.623184 0.00176138
0.623232 0.001759
0.623256 0.00175842
0.623268 0.00175791
0.62328 0.00175896
0.624374 0.00177941
0.625203 0.00181232
0.625227 0.00184112
0.625275 0.00186632
0.625299 0.00188837
0.625311 0.00190766
0.625323 0.00192454
0.626368 0.00193331
0.627101 0.00192596
0.627149 0.00191952
0.627173 0.00191389
0.627185 0.00190897
0.627197 0.00190466
0.627222 0.00190389
0.628147 0.0018882
0.628868 0.00186396
0.62888 0.00184274
0.628892 0.00182569
0.628916 0.00181226
0.628928 0.00179901
0.629841 0.00178592
0.63055 0.00177296
0.630562 0.00176162
0.630574 0.00175169
0.630598 0.00174602
0.63061 0.00173955
0.630622 0.00173388
0.631703 0.00174996
0.632521 0.00177754
0.632533 0.00180168
0.632545 0.00182279
0.632569 0.00184127
0.632581 0.00185744
0.632593 0.00187309
0.632617 0.00188828
0.633746 0.00190759
0.634443 0.00190646
0.634467 0.00190546
0.634479 0.0019046
0.634491 0.00190534
0.634503 0.00190599
0.634515 0.00190506
0.635561 0.00189373
0.636222 0.0018748
0.636234 0.00185974
0.636246 0.00184657
0.636258 0.00183504
0.63627 0.00182495
0.637267 0.00181011
0.637952 0.00179864
0.637964 0.00178859
0.637976 0.0017798
0.637988 0.00177211
0.639117 0.00178191
0.639922 0.00180549
0.639946 0.00182914
0.639958 0.00184983
0.63997 0.00186793
0.639995 0.00188527
0.641148 0.00190345
0.641869 0.00190584
0.641881 0.00190793
0.641893 0.00190976
0.641905 0.00190986
0.641917 0.00191144
0.642999 0.00190382
0.643623 0.00188363
0.643635 0.00186597
0.643647 0.00185051
0.643659 0.00183699
0.644693 0.00181915
0.64527 0.00179602
0.645282 0.00177579
0.645294 0.00175809
0.645318 0.0017456
0.646495 0.0017527
0.647156 0.00176943
0.64718 0.00178557
0.647192 0.00179969
0.647216 0.00181204
0.648586 0.00184688
0.64861 0.00188037
0.649187 0.00189916
0.649211 0.0019141
0.649223 0.00192567
0.650412 0.00191327
0.650436 0.00190241
0.650989 0.00188991
0.651025 0.00187897
0.652107 0.00185588
0.652131 0.00183868
0.652143 0.00182213
0.652623 0.00179864
0.652659 0.00177808
0.653921 0.00178262
0.653957 0.0017881
0.653969 0.00179289
0.653993 0.00180008
0.654534 0.00181389
0.654582 0.00182747
0.656012 0.00186039
0.656036 0.00188618
0.65606 0.00190875
0.656553 0.00192249
0.656589 0.00193302
0.657886 0.0019257
0.65791 0.0019163
0.658331 0.00189905
0.658343 0.00188547
0.658367 0.00187208
0.659581 0.00184985
0.659953 0.00182139
0.659965 0.00179649
0.659989 0.0017747
0.661395 0.00177966
0.661419 0.00178701
0.66184 0.00179945
0.661864 0.00181183
0.661888 0.00182267
0.663474 0.00185468
0.66387 0.00187668
0.663894 0.00189594
0.663918 0.00191278
0.663942 0.00193052
0.66536 0.00192502
0.665709 0.0019112
0.665733 0.0018991
0.665757 0.00188851
0.667055 0.00186423
0.667391 0.00183848
0.667415 0.00181895
0.667427 0.00180036
0.668701 0.00178108
0.669133 0.00177624
0.669169 0.0017735
0.669181 0.00177111
0.669205 0.00177201
0.670671 0.00179684
0.671212 0.00183208
0.67126 0.00186442
0.671272 0.00189271
0.671296 0.00191747
0.67132 0.00194214
0.672606 0.00194119
0.673135 0.00193135
0.673159 0.00192575
0.673171 0.00191934
0.673195 0.00191373
0.674336 0.0018908
0.674877 0.00186924
0.674889 0.00185037
0.674913 0.00183386
0.674937 0.00182242
0.675994 0.00180189
0.676643 0.00179745
0.676667 0.00179506
0.676691 0.00179298
0.676715 0.00179115
0.677953 0.00181208
0.677977 0.0018334
0.678746 0.00186707
0.67877 0.00189654
0.678806 0.00192382
0.67883 0.0019477
0.679936 0.00195207
0.680597 0.00193936
0.680633 0.00192975
0.680669 0.00192134
0.680693 0.00191398
0.680705 0.00190905
0.681714 0.00189271
0.682399 0.00187241
0.682423 0.00185765
0.682435 0.00184323
0.682447 0.00183062
0.683336 0.00180456
0.684165 0.00179978
0.684189 0.00179561
0.684201 0.00179345
0.684213 0.00179156
0.684225 0.00178991
0.685235 0.00180349
0.686184 0.00183039
0.686208 0.00185393
0.68622 0.00187452
0.686232 0.00189254
0.686244 0.00190981
0.686268 0.00192642
0.68729 0.00194246
0.688155 0.00194148
0.688167 0.00194212
0.688179 0.00194268
0.688203 0.00194467
0.688215 0.00194491
0.689116 0.0019301
0.689873 0.00190212
0.689885 0.00187764
0.689909 0.00185622
0.689921 0.00183747
0.690774 0.00181506
0.691579 0.00179996
0.691603 0.00178675
0.691615 0.00177519
0.691639 0.00176807
0.692601 0.00177537
0.693538 0.00179827
0.693562 0.00181831
0.693574 0.00183585
0.693598 0.00185119
0.693622 0.00186762
0.694727 0.00190003
0.69552 0.00190735
0.695532 0.00191375
0.695557 0.00191936
0.695581 0.00192427
0.696554 0.00191204
0.697227 0.00188481
0.697251 0.00186099
0.697275 0.00184015
0.697299 0.00182492
0.698272 0.00181159
0.698957 0.00179842
0.698981 0.0017869
0.699005 0.00177683
0.700171 0.00179204
0.700195 0.00180835
0.700976 0.00183464
0.701 0.00185765
0.701024 0.00187778
0.702129 0.00188788
0.702898 0.00189222
0.702922 0.00189601
0.702946 0.00189933
0.70297 0.00190523
0.703932 0.00189238
0.704653 0.00187212
0.704665 0.00185289
0.704689 0.00183607
0.705602 0.00181533
0.705626 0.0018002
0.706251 0.00177494
0.706275 0.00175434
0.706299 0.00173631
0.707392 0.00174307
0.707416 0.00174899
0.70744 0.00175716
0.708149 0.00177483
0.708173 0.00179029
0.708197 0.00180382
0.709471 0.00183819
0.709495 0.00186826
0.709519 0.00189458
0.710144 0.00190709
0.710168 0.00191503
0.711334 0.00190846
0.711358 0.00190271
0.711382 0.00190069
0.711406 0.00189891
0.711934 0.00188535
0.71298 0.00185545
0.712992 0.00182779
0.713016 0.00180359
0.71304 0.00178241
0.713544 0.00176088
0.714722 0.00175856
0.714746 0.00175953
0.714758 0.00176038
0.71477 0.00175963
0.714794 0.00175897
0.715431 0.00177491
0.716801 0.00181289
0.716825 0.00184612
0.716849 0.00187821
0.716861 0.00190628
0.716885 0.00193235
0.716897 0.00195365
0.717522 0.0019708
0.718687 0.00195725
0.718711 0.00194541
0.718723 0.00193504
0.718747 0.00192597
0.718759 0.00191803
0.719336 0.00190508
0.720394 0.00187722
0.720418 0.00185435
0.720442 0.00183434
0.720454 0.00181683
0.72097 0.001794
0.722124 0.00178303
0.722148 0.00177344
0.72216 0.00176654
0.722184 0.00176201
0.722809 0.00177157
0.724155 0.00180396
0.724179 0.0018323
0.724191 0.0018571
0.724215 0.0018818
0.724227 0.00190192
0.724936 0.00193003
0.726125 0.0019321
0.726137 0.00193391
0.726161 0.0019355
0.726173 0.00193688
0.726834 0.00193209
0.727844 0.00190386
0.727868 0.00187916
0.72788 0.00185905
0.727892 0.00184146
0.728552 0.00182606
0.729538 0.00180658
0.72955 0.00178954
0.729562 0.00177462
0.730283 0.00176908
0.730307 0.00176724
0.731484 0.00178966
0.731508 0.00181077
0.73152 0.00182925
0.73235 0.00185894
0.732374 0.00188492
0.732398 0.00191065
0.733527 0.00192716
0.733539 0.0019386
0.734296 0.0019396
0.734332 0.00194197
0.734356 0.00194405
0.735354 0.00192935
0.736038 0.00190597
0.736074 0.00188551
0.736098 0.00186761
0.736123 0.00185496
0.737012 0.00183036
0.737745 0.00181034
0.737769 0.00179283
0.737805 0.001779
0.738874 0.00178944
0.73891 0.00180307
0.739739 0.00182702
0.739763 0.00184798
0.739799 0.00186631
0.740965 0.00189437
0.74171 0.0019039
0.741734 0.00191224
0.741746 0.00192104
0.74177 0.00192724
0.742815 0.00191764
0.7435 0.00189873
0.743512 0.00188218
0.743536 0.0018677
0.74451 0.00184602
0.745147 0.00181954
0.745171 0.00179937
0.745183 0.00178022
0.746288 0.00177999
0.747045 0.00179481
0.747081 0.00180927
0.747105 0.00182494
0.747129 0.00184014
0.748379 0.00187147
0.749088 0.00189288
0.749124 0.0019086
0.749148 0.00192236
0.750289 0.00192089
0.750301 0.0019211
0.750902 0.00190776
0.75095 0.00189459
0.751984 0.00186955
0.751996 0.00184764
0.752572 0.00182546
0.753714 0.00181356
0.753738 0.00180616
0.753762 0.00180118
0.754387 0.00180284
0.755757 0.00183282
0.755781 0.00185906
0.755805 0.00188502
0.755829 0.00190774
0.756514 0.00193512
0.757667 0.00192905
0.757691 0.00192373
0.757703 0.00191757
0.758388 0.00191219
0.759422 0.00189246
0.759446 0.00187519
0.759458 0.00186008
0.760143 0.00184687
0.761056 0.00181727
0.76108 0.00179288
0.761104 0.00177455
0.761837 0.00176451
0.76299 0.00178577
0.763014 0.00180437
0.76305 0.00182215
0.763074 0.0018407
0.763867 0.00186445
0.765021 0.00188523
0.765045 0.00189891
0.765069 0.00191088
0.76585 0.00191985
0.765874 0.0019307
0.766859 0.00191917
0.766871 0.00190457
0.76758 0.00188279
0.767604 0.00186373
0.768494 0.00183503
0.769263 0.00181593
0.769287 0.00180223
0.769299 0.00178873
0.770356 0.00179795
0.771245 0.00182103
0.771269 0.00184123
0.771281 0.00186041
0.771305 0.00187869
0.772411 0.0019007
0.773216 0.00190643
0.773228 0.00191145
0.773252 0.00191584
0.773276 0.00192269
0.774297 0.00191817
0.77497 0.00189619
0.774994 0.00187695
0.775018 0.00186012
0.775932 0.00183188
0.776568 0.00179966
0.776592 0.00177447
0.776604 0.00175092
0.777686 0.00175135
0.778431 0.00176524
0.778455 0.00177739
0.778479 0.00179103
0.778503 0.00180447
0.779777 0.00184026
0.78051 0.00187007
0.780534 0.00189315
0.780558 0.00191335
0.781651 0.00190849
0.781675 0.00190725
0.782384 0.00190315
0.782408 0.00189657
0.783357 0.00187278
0.783381 0.00185197
0.78403 0.00182624
0.785064 0.00181125
0.785088 0.00180113
0.7851 0.00179077
0.785821 0.00179072
0.787094 0.00182072
0.78713 0.00184847
0.787154 0.00187576
0.787179 0.00190113
0.787948 0.00192934
0.788993 0.00192549
0.789041 0.00192062
0.789053 0.00191485
0.789786 0.0019053
0.78981 0.00189995
0.790699 0.00187574
0.790771 0.00185606
0.791516 0.00184034
0.79154 0.00182658
0.792357 0.00180554
0.792442 0.00178862
0.792466 0.00177683
0.793331 0.00178152
0.793355 0.00178563
0.794328 0.00180876
0.794436 0.00183199
0.79446 0.00185233
0.794484 0.00187312
0.795458 0.00190483
0.796227 0.00190405
0.796335 0.00190336
0.796359 0.00190275
0.796383 0.00190222
0.797344 0.00190026
0.798113 0.00188502
0.798137 0.00187169
0.798149 0.00185852
0.798173 0.00185
0.799014 0.00182753
0.799675 0.00179134
0.799687 0.00175968
0.799699 0.00173047
0.800624 0.00171543
0.801393 0.00171579
0.801417 0.0017191
0.801429 0.00172201
0.801454 0.00172605
0.802559 0.00175211
0.803448 0.00178994
0.803472 0.00182304
0.803496 0.001855
0.80352 0.00188448
0.803532 0.00190876
0.804566 0.001921
0.805347 0.00191519
0.805371 0.0019101
0.805383 0.00190415
0.805395 0.00189894
0.806392 0.00188987
0.807149 0.00187594
0.807161 0.00186374
0.807173 0.00185457
0.807185 0.00184655
0.808002 0.00181699
0.808831 0.00179865
0.808843 0.00178259
0.808855 0.00176855
0.809733 0.00176377
0.809757 0.00176259
0.810742 0.00178108
0.810754 0.00179726
0.810766 0.00181142
0.811787 0.00184184
0.811811 0.00186845
0.811835 0.00189474
0.812725 0.00190573
0.812737 0.00191384
0.813626 0.00190441
0.813638 0.00189467
0.813662 0.00188613
0.814563 0.00188017
0.815344 0.00185994
0.815356 0.00184223
0.815368 0.00182524
0.815392 0.00181337
0.816221 0.00179397
0.817074 0.00178451
0.817086 0.00177623
0.81711 0.00176899
0.818024 0.00177317
0.818048 0.00177982
0.819033 0.00180217
0.819057 0.00182323
0.819081 0.00184165
0.820138 0.0018758
0.820162 0.00190567
0.820968 0.00190628
0.820992 0.00190681
0.821016 0.00191028
0.822085 0.00191482
0.822109 0.00191879
0.822806 0.00190574
0.822842 0.00189583
0.823803 0.00187364
0.823839 0.00185572
0.824464 0.00182652
0.824488 0.00180398
0.825474 0.00178726
0.825522 0.00177414
0.826279 0.00177917
0.826303 0.00178357
0.826327 0.00179043
0.827492 0.00181897
0.82754 0.00184393
0.828405 0.00187929
0.828441 0.00190873
0.829355 0.00190295
0.829391 0.00189639
0.829415 0.00189365
0.83028 0.00189126
0.831073 0.00186963
0.831097 0.00184921
0.831121 0.00183135
0.831974 0.00181421
0.832791 0.00179921
0.832815 0.0017891
0.832827 0.00177874
0.833813 0.00178621
0.834738 0.00180626
0.834774 0.0018253
0.834798 0.00184346
0.834822 0.00186236
0.835891 0.00188941
0.836696 0.00189356
0.83672 0.00189718
0.836745 0.00190035
0.837718 0.00189111
0.838427 0.00186801
0.838451 0.00185079
0.838463 0.00183423
0.839376 0.00181223
0.840049 0.00178546
0.840061 0.00176205
0.840085 0.00174456
0.841094 0.00174128
0.841899 0.00175492
0.841911 0.00176687
0.841935 0.00177732
0.841959 0.00178946
0.843125 0.00181962
0.843954 0.00184901
0.843978 0.00187322
0.84399 0.0018929
0.844963 0.0018861
0.845744 0.00187413
0.845769 0.00186366
0.845781 0.0018545
0.846634 0.00183147
0.847463 0.00181732
0.847487 0.00180494
0.847499 0.00179411
0.847523 0.00178764
0.848436 0.00178948
0.849433 0.00181212
0.849457 0.00183194
0.849469 0.00184927
0.849493 0.00186444
0.849518 0.00188072
0.850527 0.00190697
0.851356 0.00190892
0.851368 0.00190762
0.851392 0.00190649
0.851416 0.00190549
0.852365 0.00189711
0.853122 0.00188076
0.853146 0.00186496
0.85317 0.00185113
0.853194 0.00184204
0.85412 0.00183107
0.854865 0.00181998
0.854889 0.00181027
0.854913 0.00180178
0.854937 0.00179434
0.856018 0.00180737
0.856042 0.00182177
0.856895 0.00184788
0.856931 0.00187224
0.856955 0.00189355
0.856979 0.00191219
0.858013 0.0019225
0.85883 0.00192401
0.858854 0.00192383
0.858878 0.00192367
0.85889 0.00192203
0.858914 0.00192359
0.859791 0.00190544
0.860524 0.00187604
0.860536 0.00184881
0.860548 0.00182498
0.86056 0.00180263
0.861365 0.00177407
0.862194 0.00176108
0.862206 0.00174973
0.862218 0.00174129
0.86223 0.00173391
0.862254 0.00172895
0.863204 0.00174264
0.864201 0.00177564
0.864213 0.00180452
0.864225 0.00182979
0.864237 0.0018534
0.864261 0.00187556
0.864273 0.00189345
0.865319 0.00192112
0.866208 0.00192881
0.86622 0.00193704
0.866244 0.00194575
0.866256 0.00195186
0.866268 0.00195721
0.867241 0.00195288
0.867998 0.00193106
0.868022 0.00191198
0.868034 0.00189527
0.868046 0.00188066
0.868995 0.00186487
0.869728 0.00184504
0.86974 0.0018277
0.869752 0.00181402
0.869764 0.00180205
0.87075 0.00179609
0.871615 0.00180739
0.871627 0.00181728
0.871639 0.00182593
0.871651 0.00183351
0.871675 0.00184314
0.872805 0.00186958
0.873682 0.00189423
0.873694 0.00191429
0.873706 0.00193185
0.87373 0.00194721
0.874715 0.00194262
0.875568 0.00193561
0.875592 0.00192947
0.875616 0.0019241
0.875628 0.00192091
0.876457 0.00189858
0.877226 0.00186853
0.877262 0.00184074
0.877274 0.00181642
0.878068 0.00179064
0.878945 0.00178159
0.878969 0.00177668
0.879005 0.00177239
0.879029 0.00177013
0.879978 0.00178768
0.880987 0.00181956
0.881011 0.00184746
0.881035 0.00187487
0.881072 0.00189885
0.881096 0.00191984
0.881997 0.0019322
0.882874 0.00192348
0.882898 0.00191585
0.882922 0.00190768
0.882946 0.00190053
0.883751 0.00188225
0.884652 0.00186626
0.884676 0.00185227
0.8847 0.00184303
0.884712 0.00183345
0.885517 0.00182506
0.886551 0.00183424
0.886575 0.00184228
0.886599 0.00184931
0.886623 0.00185696
0.886647 0.00186666
0.887584 0.00189167
0.888509 0.00190004
0.888545 0.00190586
0.88857 0.00191095
0.888582 0.0019139
0.889399 0.00190147
0.890228 0.00187857
0.890264 0.00185553
0.890276 0.00183537
0.891105 0.00181923
0.891129 0.00180811
0.891958 0.00179839
0.891994 0.00178988
0.892006 0.00178243
0.892991 0.00179544
0.893015 0.00180682
0.893977 0.00183331
0.894001 0.00185948
0.894025 0.00188088
0.894037 0.00189961
0.895046 0.001919
0.895875 0.00191644
0.895899 0.0019142
0.895923 0.00191224
0.895935 0.00191053
0.896921 0.00190602
0.897666 0.00188856
0.89769 0.00187329
0.897714 0.00186292
0.897726 0.00185386
0.898615 0.00183391
0.899312 0.00180744
0.899336 0.00178428
0.899348 0.00176401
0.900345 0.0017598
0.901174 0.00177263
0.901198 0.00178687
0.901222 0.00179932
0.901234 0.00181022
0.902364 0.00183628
0.903229 0.00186359
0.903265 0.00188598
0.903289 0.00190707
0.904238 0.001903
0.904262 0.00190244
0.905043 0.00189144
0.90508 0.0018788
0.905885 0.00184973
0.905909 0.00182429
0.906702 0.00180353
0.907627 0.00179587
0.907651 0.00179218
0.907675 0.00178896
0.908588 0.00180115
0.909694 0.00183435
0.909718 0.0018634
0.909742 0.00189182
0.909754 0.00191519
0.910595 0.00192662
0.911568 0.0019171
0.911604 0.00191028
0.911616 0.0019043
0.912361 0.00188706
0.913274 0.00186446
0.91331 0.00184468
0.913322 0.00182738
0.914031 0.00180774
0.915053 0.00180407
0.915101 0.00180235
0.915113 0.00180236
0.915137 0.00180387
0.915954 0.0018187
0.91712 0.00184971
0.917168 0.00187684
0.917192 0.00190208
0.917216 0.00192717
0.917228 0.00194762
0.917913 0.00194899
0.919006 0.00193517
0.919042 0.00192458
0.919066 0.00191532
0.919078 0.00190721
0.919691 0.00189111
0.920748 0.001868
0.920772 0.00184778
0.920784 0.00183009
0.920808 0.00181762
0.921361 0.0017992
0.922491 0.00179209
0.922503 0.00178436
0.922515 0.00177761
0.922539 0.00177169
0.922563 0.00176952
0.9232 0.00177814
0.924509 0.00180821
0.924521 0.00183452
0.924533 0.00185754
0.924557 0.00187768
0.924581 0.00189531
0.924606 0.00191373
0.925278 0.00193436
0.926432 0.00192988
0.926444 0.00192446
0.926468 0.00192272
0.92648 0.00191969
0.926504 0.00191705
0.927141 0.00191023
0.928162 0.00188623
0.928174 0.00186374
0.928186 0.00184405
0.92821 0.00182683
0.928835 0.00181026
0.929832 0.00179125
0.929844 0.00177462
0.929856 0.00176157
0.929869 0.00174865
0.930601 0.00175086
0.931791 0.00177683
0.931803 0.00179955
0.931815 0.00181943
0.931827 0.00183683
0.931851 0.00185506
0.932704 0.00188602
0.933786 0.0018996
0.933798 0.00190998
0.93381 0.00191906
0.933834 0.00192701
0.934567 0.00191894
0.935588 0.00190438
0.935612 0.00189163
0.935636 0.00188047
0.93566 0.00187372
0.936333 0.0018603
0.937198 0.00182903
0.937222 0.00180167
0.937246 0.00177773
0.93727 0.00175678
0.939061 0.00176999
0.939085 0.00178155
0.939109 0.00179467
0.939121 0.00180465
0.939145 0.00181338
0.941115 0.00184355
0.941164 0.00186995
0.941176 0.00189304
0.9412 0.00191325
0.941224 0.00193394
0.942954 0.00192201
0.943002 0.00191006
0.943026 0.00189961
0.943038 0.00188896
0.944648 0.00186462
0.94472 0.00184332
0.944732 0.00182619
0.944744 0.0018112
0.946571 0.00182512
0.946667 0.0018403
0.946679 0.00185359
0.946691 0.00186521
0.946715 0.00187839
0.948589 0.00189593
0.948674 0.00190827
0.948686 0.00191907
0.948698 0.00192701
0.95032 0.00190242
0.950404 0.00187941
0.950416 0.00186077
0.950428 0.00184446
0.952002 0.00182418
0.952098 0.00180794
0.952122 0.00179523
0.952134 0.00178411
0.952158 0.00177739
0.954033 0.00180905
0.954141 0.00183826
0.954165 0.00186382
0.954189 0.00188768
0.954213 0.00190856
0.954237 0.00192984
0.955907 0.00192292
0.956027 0.00191236
0.956039 0.00190462
0.956051 0.00189635
0.956063 0.00188761
0.957686 0.00187396
0.957818 0.00186201
0.95783 0.00185155
0.957842 0.0018424
0.959356 0.00182088
0.959392 0.00180655
0.959524 0.00179402
0.959536 0.00178305
0.959548 0.00177345
0.961326 0.0017981
0.961362 0.00181966
0.961386 0.00184154
0.961507 0.00185917
0.961519 0.00187461
0.961531 0.00188811
0.963297 0.00189843
0.963357 0.00190745
0.963477 0.00191534
0.963501 0.00192376
0.963513 0.00193112
0.965099 0.00191503
0.965232 0.00189494
0.965268 0.00187886
0.96528 0.0018663
0.965304 0.00185681
0.966758 0.00183199
0.96689 0.00181026
0.966938 0.00179276
0.96695 0.00177744
0.966974 0.00176404
0.966998 0.00175531
0.968644 0.00177171
0.968788 0.00178757
0.968836 0.00180144
0.96886 0.00181507
0.968884 0.00182701
0.968908 0.00183745
0.968933 0.00184959
0.970663 0.00187073
0.970867 0.00188772
0.970891 0.00190259
0.970915 0.0019186
0.970927 0.00193111
0.970951 0.00194206
0.972513 0.00193061
0.972694 0.00191458
0.972706 0.00189906
0.972718 0.00188547
0.972742 0.00187359
0.974147 0.00184366
0.97434 0.00181747
0.974352 0.00179456
0.974364 0.00177301
0.974376 0.00175566
0.975974 0.0017645
0.976202 0.00177675
0.976226 0.00178897
0.976238 0.00179966
0.97625 0.00180901
0.976274 0.0018202
0.978077 0.00185553
0.978269 0.00187892
0.978281 0.0018994
0.978293 0.00191731
0.978305 0.00193149
0.979927 0.00192136
0.980095 0.00190799
0.980107 0.00189629
0.980119 0.00188606
0.980131 0.0018786
0.981669 0.00186157
0.981814 0.00184216
0.981826 0.00182517
0.981838 0.00181031
0.983508 0.00181382
0.983664 0.0018184
0.983688 0.00182541
0.9837 0.00183155
0.983724 0.00183842
0.985623 0.00187297
0.985755 0.00189719
0.985767 0.00191839
0.985791 0.00193693
0.987485 0.00192762
0.987605 0.00191648
0.987617 0.00190822
0.987629 0.0018995
0.989204 0.00187685
0.9893 0.00185252
0.989312 0.00183124
0.989324 0.00181411
0.990898 0.00179913
0.99103 0.00179053
0.991042 0.001783
0.991054 0.00177641
0.992892 0.00180369
0.992916 0.00183057
0.993085 0.00185859
0.993097 0.0018831
0.993109 0.00190456
0.994851 0.00191131
0.994995 0.00191122
0.995007 0.00191113
0.995019 0.00191106
0.995043 0.001914
0.996593 0.00189254
0.99675 0.00187376
0.996762 0.00185733
0.996786 0.00184295
0.99824 0.00181836
0.99842 0.00179984
0.998444 0.00178664
0.998468 0.00177659
0.99848 0.0017663
1.00017 0.00178734
1.00038 0.00180875
1.0004 0.00182748
1.00044 0.00184837
1.00045 0.00186516
1.00046 0.00187984
1.00217 0.00189419
1.00235 0.00190074
1.00239 0.00190647
1.0024 0.00191149
1.00241 0.00191588
1.00392 0.00189568
1.00412 0.00187501
1.00413 0.00185692
1.00414 0.00184109
1.00416 0.00183025
1.00564 0.00181625
1.00583 0.00180401
1.00586 0.00179479
1.00587 0.00178673
1.00589 0.00177968
1.00592 0.00177651
1.00766 0.00180678
1.00788 0.00183627
1.0079 0.00186208
1.00792 0.00188616
1.00795 0.00190723
1.00797 0.00192567
1.00956 0.00192228
1.00977 0.0019163
1.0098 0.00191108
1.00982 0.0019065
1.00985 0.0019025
1.00986 0.0019005
1.01126 0.00187623
1.01152 0.00185348
1.01154 0.00183658
1.01155 0.00182029
1.01157 0.00180604
1.01302 0.00179957
1.01333 0.00180143
1.01337 0.00180455
1.01339 0.00181029
1.0134 0.00181531
1.01343 0.00182121
1.01507 0.0018504
1.01545 0.00188345
1.01548 0.00190937
1.01549 0.00193204
1.01552 0.00195189
1.01692 0.00193921
1.01732 0.00193112
1.01736 0.00192254
1.01738 0.00191503
1.01862 0.00188743
1.01864 0.00186629
1.01899 0.00184178
1.01904 0.00181883
1.02031 0.00180326
1.02034 0.00178963
1.02073 0.00178372
1.02081 0.00178155
1.02083 0.00178265
1.02231 0.00180915
1.02233 0.00183234
1.02279 0.00186014
1.02287 0.00188596
1.02291 0.00191006
1.02293 0.00193416
1.02427 0.00193721
1.02472 0.00192637
1.02475 0.00191988
1.02477 0.00191271
1.02478 0.00190493
1.02604 0.00188911
1.02644 0.00186475
1.02648 0.00184494
1.02649 0.00182761
1.0265 0.00181394
1.02769 0.00179297
1.0281 0.00177613
1.02814 0.00176139
1.02816 0.00174999
1.02817 0.00174002
1.02958 0.00175833
1.0296 0.00177736
1.03007 0.00180151
1.03011 0.00182265
1.03013 0.00184115
1.03015 0.00185883
1.03156 0.00187431
1.03197 0.00187734
1.03202 0.00188149
1.03205 0.00188662
1.03208 0.00189111
1.03209 0.00189654
1.03337 0.00188628
1.03379 0.00186828
1.03382 0.00185554
1.03383 0.00184289
1.03384 0.00183182
1.03503 0.00181012
1.03544 0.00178662
1.03547 0.00176757
1.03548 0.00175089
1.0368 0.00175282
1.03682 0.00175752
1.03732 0.00177214
1.03734 0.00178494
1.03736 0.00179763
1.0389 0.00183578
1.03894 0.00187066
1.03896 0.00190418
1.03941 0.0019275
1.03944 0.00194641
1.04079 0.00193892
1.04082 0.00193237
1.04085 0.00192664
1.04122 0.00191261
1.04252 0.00188982
1.04255 0.00186988
1.04258 0.00185243
1.04261 0.00184167
1.04294 0.00182625
1.04439 0.00182777
1.04442 0.00182911
1.04447 0.00183178
1.04485 0.00184162
1.04636 0.00185775
1.04639 0.00187186
1.04644 0.0018842
1.04676 0.00188749
1.04814 0.00187385
1.04819 0.00185891
1.04848 0.00184133
1.0485 0.00182896
1.0498 0.00180761
1.04985 0.00178894
1.05021 0.00178161
1.05023 0.00177519
1.05026 0.00177259
1.05181 0.00180185
1.05185 0.00182745
1.05226 0.00185586
1.05229 0.00188072
1.05231 0.00190247
1.05234 0.00192451
1.05374 0.00192576
1.05414 0.00191635
1.05415 0.00190962
1.05416 0.00190222
1.05419 0.00189575
1.05551 0.00187958
1.0559 0.00186392
1.05592 0.00185022
1.05593 0.00183673
1.05595 0.00182794
1.05727 0.00182024
1.05768 0.001815
1.05771 0.00181193
1.05772 0.00180923
1.05774 0.00180688
1.05933 0.00183786
1.05935 0.00186797
1.0598 0.00189883
1.05982 0.00192582
1.05985 0.00195095
1.05987 0.00197293
1.06124 0.00196514
1.06171 0.00195831
1.06174 0.00195384
1.06177 0.00194993
1.06179 0.00194651
1.0618 0.00194502
1.06299 0.00192118
1.06345 0.00189131
1.06346 0.00186668
1.06347 0.00184362
1.06349 0.00182345
1.06459 0.00179528
1.06513 0.00178115
1.06514 0.00176879
1.06516 0.00175947
1.06517 0.00175132
1.06518 0.00174419
1.06648 0.00176198
1.06714 0.00179256
1.06715 0.00181933
1.06716 0.00184274
1.06718 0.00186474
1.06719 0.00188398
1.06721 0.00190232
1.06853 0.00192137
1.06907 0.00192002
1.06909 0.00192034
1.0691 0.00192061
1.06911 0.00192086
1.06912 0.00191957
1.07032 0.00190342
1.07078 0.00187727
1.07079 0.0018544
1.0708 0.00183438
1.07082 0.00181686
1.07197 0.00179553
1.07199 0.00177986
1.07252 0.00177517
1.07253 0.00177106
1.07255 0.00176747
1.07256 0.00176433
1.07388 0.0017826
1.0739 0.0017986
1.07453 0.0018246
1.07454 0.00184886
1.07455 0.00187009
1.07457 0.00188867
1.07459 0.00190642
1.07581 0.00190994
1.07637 0.001901
1.07638 0.00189318
1.07639 0.00188634
1.0764 0.00188035
1.07643 0.00187511
1.07758 0.00186152
1.07809 0.00184211
1.0781 0.00182513
1.07811 0.00181027
1.07812 0.00179577
1.07815 0.00178608
1.07937 0.00178662
1.0799 0.0017901
1.07991 0.00179314
1.07992 0.0017958
1.07994 0.00179812
1.07996 0.00180016
1.08137 0.00182447
1.08139 0.00184875
1.08188 0.00186548
1.08191 0.00187863
1.08193 0.00189012
1.08194 0.00190169
1.08319 0.00189228
1.08322 0.00188405
1.08367 0.00187234
1.08371 0.00186059
1.08372 0.00185031
1.08483 0.0018233
1.08485 0.00179966
1.08532 0.00178047
1.08537 0.00176519
1.08538 0.00175332
1.0854 0.00174443
1.08664 0.00175318
1.08667 0.00176083
1.08723 0.00177955
1.08728 0.00179592
1.0873 0.00181175
1.08733 0.0018256
1.08735 0.00184072
1.08876 0.00187499
1.08926 0.00188844
1.08928 0.00190022
1.08931 0.00191352
1.08932 0.00192366
1.08934 0.00193254
1.09068 0.00193129
1.09109 0.00191518
1.09111 0.00190108
1.09112 0.00188874
1.09115 0.00187795
1.09238 0.00185649
1.09273 0.0018272
1.09275 0.00180157
1.09277 0.00177914
1.09279 0.00176252
1.09422 0.00177201
1.09461 0.00178482
1.09462 0.00179603
1.09464 0.00180584
1.09467 0.00181442
1.0963 0.00184746
1.09663 0.00186736
1.09665 0.00188478
1.09666 0.00190152
1.09667 0.00191466
1.09818 0.00190964
1.09847 0.00189774
1.09848 0.00188732
1.09849 0.00187821
1.09982 0.00184921
1.10008 0.00181782
1.10009 0.00179186
1.1001 0.00176914
1.10159 0.0017688
1.10188 0.00177299
1.10189 0.00177667
1.1019 0.00178139
1.10193 0.00178702
1.10366 0.00182198
1.104 0.00186009
1.10403 0.00189493
1.10404 0.00192542
1.10406 0.0019521
1.10587 0.0019409
1.10589 0.00193109
1.1059 0.00192402
1.10593 0.00191933
1.10595 0.00191523
1.10759 0.00188761
1.1076 0.00186344
1.10762 0.00184229
1.10765 0.00182378
1.10928 0.00180609
1.1093 0.00179361
1.10933 0.00178269
1.10935 0.00177314
1.11132 0.00180684
1.11135 0.00183632
1.11137 0.00186212
1.11139 0.0018877
1.11142 0.00191008
1.11323 0.00191014
1.11326 0.00190719
1.11328 0.0019046
1.1133 0.00190234
1.11501 0.00188684
1.11505 0.00187478
1.11506 0.00186273
1.11508 0.00185219
1.11677 0.00183995
1.11681 0.00183075
1.11683 0.0018227
1.11685 0.00181866
1.11687 0.00181513
1.11883 0.00184658
1.11888 0.0018741
1.1189 0.00189968
1.11893 0.00192207
1.11895 0.00194466
1.11898 0.00196443
1.12073 0.00195619
1.1208 0.00194898
1.12081 0.00194117
1.12084 0.00193434
1.12086 0.00192836
1.12238 0.00189309
1.12245 0.00186072
1.12246 0.0018309
1.12248 0.00180781
1.1225 0.00178611
1.12418 0.00178815
1.12428 0.00179293
1.12429 0.00179712
1.12431 0.00180078
1.12432 0.00180399
1.12435 0.0018098
1.12631 0.00184943
1.1264 0.0018841
1.12641 0.00191144
1.12643 0.00193536
1.12645 0.00195629
1.12813 0.00194005
1.12823 0.00192585
1.12825 0.00191342
1.12826 0.00190105
1.12985 0.0018782
1.12987 0.00186122
1.12995 0.00184335
1.12997 0.00182621
1.13164 0.00182174
1.13167 0.00181782
1.13175 0.00181589
1.13179 0.0018157
1.13181 0.00181855
1.13374 0.00185408
1.13377 0.00188517
1.13386 0.00191387
1.13389 0.00193749
1.13565 0.00193412
1.13567 0.00192967
1.13577 0.00192728
1.1358 0.00192819
1.13581 0.00192749
1.13736 0.00189833
1.13747 0.00187282
1.13749 0.0018505
1.1375 0.00183097
1.13904 0.00179886
1.13907 0.00177077
1.13908 0.00174768
1.1391 0.00172899
1.14094 0.00175018
1.14097 0.00176872
1.14098 0.00178495
1.141 0.00180215
1.14101 0.0018157
1.14298 0.00184408
1.14302 0.00186891
1.14304 0.00189063
1.14306 0.00190964
1.14476 0.00189323
1.14481 0.00187737
1.14482 0.001865
1.14483 0.00185417
1.14648 0.00183718
1.14654 0.00182382
1.14655 0.00181213
1.14657 0.0018034
1.14659 0.00179727
1.14849 0.00182345
1.14856 0.00184785
1.14857 0.00186921
1.14858 0.00188789
1.14861 0.00190724
1.14862 0.00192267
1.15031 0.00191064
1.15039 0.00189861
1.1504 0.00188809
1.15042 0.00187888
1.15043 0.00187082
1.15197 0.00184424
1.15206 0.00182099
1.15208 0.00180064
1.15209 0.00178284
1.15212 0.00177026
1.15377 0.00177428
1.15386 0.00177779
1.15389 0.00178237
1.15391 0.00178638
1.15393 0.00178988
1.15397 0.00179745
1.15588 0.00183562
1.15597 0.00187052
1.15601 0.00190106
1.15603 0.00192627
1.15606 0.00194684
1.15774 0.00193629
1.15784 0.00192706
1.15788 0.00192049
1.15792 0.00191324
1.15946 0.00188887
1.15948 0.00187055
1.15957 0.00185302
1.15961 0.00183768
1.1613 0.00183778
1.16132 0.00183786
1.1614 0.00183793
1.16146 0.0018395
1.16149 0.00184387
1.16333 0.00186723
1.16342 0.00188616
1.16348 0.00190272
1.16351 0.00191722
1.16511 0.00189986
1.16526 0.00188467
1.16529 0.00187139
1.16531 0.00186276
1.16681 0.0018432
1.16698 0.00182759
1.16702 0.00181542
1.16704 0.00180478
1.16708 0.00179998
1.16878 0.00182131
1.16896 0.00184148
1.16901 0.00186062
1.16905 0.00187888
1.1691 0.00189635
1.16912 0.00191465
1.17071 0.00191564
1.17091 0.0019135
1.17093 0.00191012
1.17096 0.00190417
1.17098 0.00189896
1.17241 0.00187487
1.1726 0.00184929
1.17262 0.0018254
1.17264 0.0018045
1.17265 0.00178772
1.17412 0.00177754
1.17436 0.00177464
1.17437 0.0017721
1.17439 0.00176988
1.17442 0.00176944
1.17616 0.0018036
1.17618 0.00183649
1.17644 0.00186677
1.17645 0.00189327
1.17647 0.00191646
1.1765 0.00193675
1.17795 0.00191845
1.17822 0.00190094
1.17823 0.00188562
1.17825 0.00187221
1.17829 0.00186198
1.1783 0.00185454
1.17965 0.0018345
1.17991 0.00181697
1.17993 0.00180313
1.17996 0.00179102
1.17999 0.00178043
1.18001 0.00177116
1.18134 0.00176155
1.18136 0.00175614
1.18165 0.00175441
1.18168 0.0017529
1.18171 0.00175308
1.18175 0.00175323
1.18177 0.00175487
1.18332 0.00178334
1.18335 0.00180825
1.18337 0.00183306
1.18368 0.00185776
1.18371 0.00187938
1.18374 0.00189829
1.18378 0.00191485
1.1838 0.00192933
1.18529 0.00193449
1.18532 0.001936
1.18562 0.00193582
1.18564 0.00193567
1.18569 0.00193703
1.18571 0.00193672
1.18574 0.00193645
1.18707 0.00191669
1.18735 0.00189339
1.18737 0.00187301
1.18743 0.00185667
1.18744 0.00184088
1.18747 0.00182705
1.18749 0.00181796
1.18877 0.0018025
1.18904 0.00178897
1.18907 0.00177713
1.18914 0.00176827
1.18915 0.00176052
1.18917 0.00175374
1.1892 0.0017478
1.19069 0.00176965
1.19071 0.00179177
1.191 0.00181262
1.19102 0.00183087
1.1911 0.00184684
1.19112 0.00186231
1.19114 0.00187585
1.19117 0.00188769
1.19262 0.00189355
1.19287 0.00189117
1.1929 0.00188909
1.19297 0.00188726
1.19301 0.00188717
1.19302 0.00188558
1.19303 0.0018827
1.19442 0.00187266
1.19465 0.00185787
1.19471 0.00184342
1.19476 0.00183229
1.19477 0.00182254
1.19479 0.00181402
1.1948 0.00180806
1.19608 0.00178933
1.1963 0.00177144
1.19637 0.00175728
1.19642 0.0017449
1.19644 0.00173556
1.19646 0.00172739
1.19647 0.00172025
1.19785 0.00172601
1.19787 0.00173406
1.19811 0.0017441
1.1982 0.00175439
1.19825 0.0017634
1.19828 0.00177278
1.19829 0.00178099
1.19831 0.00178817
1.19995 0.0018275
1.19998 0.00186191
