0.0 0
0.0001056 4294967295
0.000346797 4294967295
0.000695261 4294967295
0.000731309 4294967295
0.00139219 4294967295
0.00142824 4294967295
0.00146429 4294967295
0.00150033 4294967295
0.00278605 4294967295
0.00282209 4294967295
0.00285814 4294967295
0.00289419 4294967295
0.00293024 4294967295
0.00296628 4294967295
0.00300233 4294967295
0.00303838 4294967295
0.0053094 4294967295
0.0053094 24820
0.005418 10950
0.005418 10950
0.0111612 10950
0.0111612 10950
0.0111612 11132
0.0112093 11132
0.0112573 11132
0.0112934 11132
0.0113414 11132
0.0113895 11132
0.0114135 11132
0.0134202 11132
0.0134202 11132
0.0134202 12200
0.0134563 12200
0.0134803 12200
0.0135043 12200
0.0135163 12200
0.0135404 12200
0.0135644 12200
0.0135764 12200
0.0153067 12200
0.0153067 12200
0.0153067 12896
0.0153428 12896
0.0153668 12896
0.0154028 12896
0.0154149 12896
0.0154389 12896
0.0154629 12896
0.0154749 12896
0.015499 12896
0.0173615 12896
0.0173615 12896
0.0173615 13235
0.0174215 13235
0.0174456 13235
0.0174696 13235
0.0174816 13235
0.0175056 13235
0.0175177 13235
0.0175297 13235
0.0175537 13235
0.0194522 13235
0.0194522 13235
0.0194522 13130
0.0195123 13130
0.0195363 13130
0.0195604 13130
0.0195724 13130
0.0195964 13130
0.0196084 13130
0.0196205 13130
0.0196445 13130
0.0215791 13130
0.0215791 13130
0.0215791 12682
0.0216391 12682
0.0216632 12682
0.0216872 12682
0.0216992 12682
0.0217233 12682
0.0217353 12682
0.0217473 12682
0.0217713 12682
0.0236338 12682
0.0236338 12682
0.0236338 11691
0.0237179 11691
0.0237419 11691
0.023754 11691
0.023778 11691
0.02379 11691
0.023802 11691
0.023814 11691
0.0238261 11691
0.0256285 11691
0.0256285 11691
0.0256285 10691
0.0257246 10691
0.0257366 10691
0.0257606 10691
0.0257727 10691
0.0257847 10691
0.0257967 10691
0.0258087 10691
0.0274549 10691
0.0274549 10691
0.0274549 9611
0.027563 9611
0.0275871 9611
0.0275991 9611
0.0276111 9611
0.0276231 9611
0.0276351 9611
0.0276471 9611
0.0291972 9611
0.0293054 9611
0.0293174 9611
0.0293294 9611
0.0293414 9611
0.0293534 9611
0.0293654 9611
0.0307953 9611
0.0309275 9611
0.0309395 9611
0.0309515 9611
0.0309636 9611
0.0309756 9611
0.0309876 9611
0.0310116 9611
0.0326218 9611
0.0326218 9611
0.0326218 10951
0.032778 10951
0.03279 10951
0.032802 10951
0.032814 10951
0.032826 10951
0.0328381 10951
0.0328621 10951
0.0328741 10951
0.0346164 10951
0.0346164 10951
0.0346164 9749
0.0347726 9749
0.0347847 9749
0.0347967 9749
0.0348087 9749
0.0348327 9749
0.0348447 9749
0.0348567 9749
0.0364068 9749
0.036563 9749
0.036575 9749
0.0365991 9749
0.0366111 9749
0.0366231 9749
0.0366351 9749
0.038053 9749
0.0382332 9749
0.0382453 9749
0.0382693 9749
0.0382813 9749
0.0382933 9749
0.0383053 9749
0.0383174 9749
0.0399035 9749
0.0399035 9749
0.0399035 10876
0.0400957 10876
0.0401198 10876
0.0401438 10876
0.0401558 10876
0.0401678 10876
0.0401798 10876
0.0401919 10876
0.0402159 10876
0.0418621 10876
0.0418621 10876
0.0418621 9521
0.0420663 9521
0.0420784 9521
0.0420904 9521
0.0421024 9521
0.0421144 9521
0.0421264 9521
0.0421384 9521
0.0436164 9521
0.0438087 9521
0.0438207 9521
0.0438327 9521
0.0438447 9521
0.0438567 9521
0.0438808 9521
0.0452746 9521
0.0455029 9521
0.0455149 9521
0.045527 9521
0.045539 9521
0.045551 9521
0.045575 9521
0.045587 9521
0.0471731 9521
0.0471731 9521
0.0471731 10658
0.0474375 10658
0.0474495 10658
0.0474615 10658
0.0474735 10658
0.0474856 10658
0.0475096 10658
0.0475216 10658
0.0475336 10658
0.0490957 10658
0.0490957 10658
0.0490957 9457
0.049348 9457
0.0493601 9457
0.0493721 9457
0.0493961 9457
0.0494081 9457
0.0494201 9457
0.0494322 9457
0.050838 9457
0.0510663 9457
0.0510904 9457
0.0511024 9457
0.0511144 9457
0.0511264 9457
0.0511384 9457
0.0524842 9457
0.0527245 9457
0.0527606 9457
0.0527726 9457
0.0527846 9457
0.0527966 9457
0.0528087 9457
0.0528327 9457
0.0543467 9457
0.0543467 9457
0.0543467 10566
0.0546111 10566
0.0546591 10566
0.0546711 10566
0.0546831 10566
0.0546952 10566
0.0547072 10566
0.0547312 10566
0.0547432 10566
0.0563173 10566
0.0563173 10566
0.0563173 9283
0.0565937 9283
0.0566057 9283
0.0566177 9283
0.0566297 9283
0.0566418 9283
0.0566538 9283
0.0566658 9283
0.0580837 9283
0.058336 9283
0.058348 9283
0.05836 9283
0.0583721 9283
0.0583841 9283
0.0584081 9283
0.0597539 9283
0.0600303 9283
0.0600423 9283
0.0600543 9283
0.0600663 9283
0.0600783 9283
0.0601024 9283
0.0601144 9283
0.0616404 9283
0.0616404 9283
0.0616404 10396
0.0619528 10396
0.0619769 10396
0.0619889 10396
0.0620009 10396
0.0620129 10396
0.0620369 10396
0.062049 10396
0.062073 10396
0.063587 10396
0.063587 10396
0.063587 9118
0.0638994 9118
0.0639114 9118
0.0639235 9118
0.0639475 9118
0.0639595 9118
0.0639715 9118
0.0639835 9118
0.0653293 9118
0.0656057 9118
0.0656297 9118
0.0656417 9118
0.0656538 9118
0.0656658 9118
0.0656778 9118
0.0669395 9118
0.0672399 9118
0.0672759 9118
0.0672879 9118
0.0672999 9118
0.067312 9118
0.067324 9118
0.067348 9118
0.0687779 9118
0.0687779 9118
0.0687779 10252
0.0691023 10252
0.0691504 10252
0.0691624 10252
0.0691744 10252
0.0691865 10252
0.0691985 10252
0.0692225 10252
0.0692345 10252
0.0707606 10252
0.0707606 10252
0.0707606 8973
0.071109 8973
0.071121 8973
0.0711331 8973
0.0711451 8973
0.0711571 8973
0.0711691 8973
0.0711931 8973
0.0725389 8973
0.0728513 8973
0.0728634 8973
0.0728754 8973
0.0728874 8973
0.0729114 8973
0.0729234 8973
0.0741731 8973
0.0745095 8973
0.0745336 8973
0.0745456 8973
0.0745576 8973
0.0745816 8973
0.0745937 8973
0.0746177 8973
0.0760236 8973
0.0760236 8973
0.0760236 10135
0.0763961 10135
0.0764201 10135
0.0764441 10135
0.0764561 10135
0.0764802 10135
0.0764922 10135
0.0765162 10135
0.0765403 10135
0.0780182 10135
0.0780182 10135
0.0780182 8917
0.0783667 8917
0.0783907 8917
0.0784147 8917
0.0784268 8917
0.0784388 8917
0.0784508 8917
0.0784748 8917
0.0798206 8917
0.0801451 8917
0.0801571 8917
0.0801691 8917
0.0801811 8917
0.0801931 8917
0.0802051 8917
0.0814187 8917
0.0817672 8917
0.0817792 8917
0.0817912 8917
0.0818033 8917
0.0818153 8917
0.0818273 8917
0.0818513 8917
0.0831971 8917
0.0835816 8917
0.0835816 8917
0.0835816 10233
0.0836057 10233
0.0836177 10233
0.0836297 10233
0.0836417 10233
0.0836537 10233
0.0836778 10233
0.0837018 10233
0.0852158 10233
0.0855883 10233
0.0855883 10233
0.0855883 8846
0.0856123 8846
0.0856243 8846
0.0856364 8846
0.0856604 8846
0.0856844 8846
0.0869701 8846
0.0869942 8846
0.0873907 8846
0.0874147 8846
0.0874388 8846
0.0874628 8846
0.0885803 8846
0.0886163 8846
0.0886524 8846
0.089085 8846
0.089109 8846
0.089133 8846
0.0891571 8846
0.0904067 8846
0.0904067 8846
0.0904067 9674
0.0904428 9674
0.0904788 9674
0.0905028 9674
0.0909955 9674
0.0910195 9674
0.0910436 9674
0.0910676 9674
0.0924134 9674
0.0924134 9674
0.0924134 8468
0.0924855 8468
0.0925095 8468
0.0929181 8468
0.0929421 8468
0.0929781 8468
0.0930022 8468
0.0942038 8468
0.0942879 8468
0.0946243 8468
0.0946484 8468
0.0946844 8468
0.0947084 8468
0.0958259 8468
0.095886 8468
0.09591 8468
0.0963066 8468
0.0963426 8468
0.0963907 8468
0.0964147 8468
0.0976524 8468
0.0976524 8468
0.0976524 9462
0.0977124 9462
0.0977365 9462
0.0981691 9462
0.0981931 9462
0.0982171 9462
0.0982652 9462
0.0982892 9462
0.0996711 9462
0.0996711 9462
0.0996711 8266
0.10002 8266
0.100032 8266
0.100056 8266
0.10008 8266
0.100128 8266
0.100152 8266
0.101485 8266
0.101485 8266
0.101485 7218
0.101786 7218
0.101798 7218
0.101822 7218
0.10187 7218
0.101882 7218
0.103084 7218
0.103408 7218
0.103432 7218
0.10348 7218
0.103492 7218
0.104838 7218
0.104862 7218
0.105198 7218
0.105234 7218
0.105295 7218
0.105295 7218
0.105295 8319
0.105307 8319
0.106833 8319
0.106857 8319
0.107217 8319
0.107241 8319
0.107277 8319
0.107325 8319
0.107325 8319
0.107325 7569
0.108647 7569
0.108659 7569
0.109007 7569
0.109032 7569
0.109068 7569
0.109128 7569
0.110281 7569
0.110618 7569
0.110642 7569
0.110678 7569
0.110702 7569
0.110762 7569
0.112096 7569
0.112096 7569
0.112096 8241
0.112468 8241
0.112492 8241
0.112528 8241
0.112552 8241
0.112576 8241
0.112636 8241
0.114114 8241
0.114114 8241
0.114114 7396
0.114451 7396
0.114475 7396
0.114487 7396
0.114511 7396
0.114559 7396
0.115917 7396
0.116217 7396
0.116229 7396
0.116253 7396
0.116301 7396
0.117551 7396
0.117575 7396
0.117887 7396
0.117911 7396
0.117935 7396
0.117983 7396
0.119413 7396
0.119413 7396
0.119413 8640
0.119437 8640
0.119461 8640
0.119774 8640
0.11981 8640
0.119834 8640
0.119882 8640
0.121372 8640
0.121372 8640
0.121372 7757
0.121396 7757
0.121684 7757
0.121732 7757
0.121756 7757
0.12178 7757
0.123126 7757
0.123379 7757
0.123439 7757
0.123463 7757
0.123475 7757
0.123487 7757
0.12476 7757
0.125049 7757
0.125109 7757
0.125145 7757
0.125157 7757
0.125169 7757
0.125193 7757
0.126599 7757
0.126599 7757
0.126599 9115
0.126923 9115
0.126983 9115
0.127031 9115
0.127044 9115
0.127056 9115
0.12708 9115
0.127104 9115
0.128558 9115
0.128558 9115
0.128558 8052
0.128942 8052
0.128954 8052
0.128966 8052
0.12899 8052
0.129002 8052
0.129026 8052
0.13036 8052
0.13072 8052
0.130732 8052
0.130744 8052
0.130756 8052
0.130768 8052
0.131934 8052
0.132331 8052
0.132343 8052
0.132355 8052
0.132367 8052
0.132379 8052
0.132391 8052
0.133616 8052
0.134085 8052
0.134097 8052
0.134109 8052
0.134121 8052
0.134133 8052
0.134145 8052
0.134169 8052
0.135527 8052
0.135527 8052
0.135527 10550
0.136056 10550
0.136068 10550
0.13608 10550
0.136092 10550
0.136104 10550
0.136116 10550
0.13614 10550
0.136152 10550
0.137425 10550
0.137425 10550
0.137425 9293
0.137894 9293
0.137906 9293
0.137918 9293
0.13793 9293
0.137954 9293
0.137966 9293
0.137978 9293
0.139108 9293
0.139552 9293
0.139564 9293
0.139588 9293
0.1396 9293
0.139612 9293
0.139624 9293
0.14085 9293
0.141331 9293
0.141355 9293
0.141379 9293
0.141391 9293
0.141403 9293
0.141415 9293
0.141439 9293
0.142808 9293
0.142808 9293
0.142808 10524
0.143325 10524
0.143361 10524
0.143385 10524
0.143397 10524
0.143409 10524
0.143421 10524
0.143445 10524
0.143457 10524
0.144611 10524
0.145152 10524
0.145164 10524
0.145176 10524
0.145188 10524
0.145212 10524
0.145224 10524
0.145236 10524
0.146221 10524
0.146762 10524
0.146774 10524
0.146786 10524
0.146798 10524
0.14681 10524
0.146822 10524
0.146834 10524
0.146846 10524
0.147963 10524
0.148564 10524
0.148576 10524
0.148588 10524
0.1486 10524
0.148612 10524
0.148624 10524
0.148636 10524
0.148648 10524
0.148672 10524
0.148672 10524
0.148672 12940
0.149922 12940
0.150583 12940
0.150595 12940
0.150607 12940
0.150619 12940
0.150631 12940
0.150643 12940
0.150655 12940
0.150667 12940
0.150691 12940
0.150691 12940
0.150691 11351
0.152373 11351
0.152385 11351
0.152397 11351
0.152409 11351
0.152421 11351
0.152433 11351
0.152445 11351
0.152457 11351
0.152481 11351
0.154007 11351
0.154019 11351
0.154031 11351
0.154043 11351
0.154055 11351
0.154067 11351
0.15408 11351
0.154104 11351
0.155846 11351
0.155846 11351
0.155846 11505
0.155858 11505
0.15587 11505
0.155882 11505
0.155894 11505
0.155906 11505
0.155918 11505
0.155942 11505
0.155954 11505
0.157841 11505
0.157841 11505
0.157841 10441
0.157853 10441
0.157865 10441
0.157877 10441
0.157889 10441
0.157901 10441
0.157925 10441
0.157937 10441
0.159643 10441
0.159655 10441
0.159667 10441
0.159679 10441
0.159691 10441
0.159715 10441
0.159727 10441
0.159751 10441
0.161253 10441
0.161265 10441
0.161277 10441
0.161289 10441
0.161301 10441
0.161325 10441
0.161337 10441
0.161361 10441
0.161385 10441
0.163079 10441
0.163079 10441
0.163079 11687
0.163092 11687
0.163104 11687
0.163116 11687
0.163128 11687
0.163152 11687
0.163164 11687
0.163188 11687
0.163212 11687
0.165086 11687
0.165086 11687
0.165086 10382
0.165098 10382
0.16511 10382
0.165122 10382
0.165146 10382
0.165158 10382
0.165182 10382
0.165194 10382
0.166889 10382
0.166901 10382
0.166913 10382
0.166937 10382
0.166949 10382
0.166973 10382
0.166985 10382
0.166997 10382
0.168547 10382
0.168559 10382
0.168571 10382
0.168595 10382
0.168607 10382
0.168631 10382
0.168655 10382
0.168667 10382
0.170349 10382
0.170361 10382
0.170373 10382
0.170397 10382
0.170397 10382
0.170397 11798
0.170409 11798
0.170421 11798
0.170445 11798
0.170469 11798
0.170481 11798
0.172392 11798
0.172404 11798
0.172416 11798
0.17244 11798
0.172452 11798
0.172452 11798
0.172452 10564
0.172476 10564
0.172488 10564
0.1725 10564
0.174206 10564
0.174218 10564
0.17423 10564
0.174254 10564
0.174266 10564
0.174278 10564
0.174278 10564
0.174278 9177
0.174302 9177
0.175816 9177
0.175828 9177
0.17584 9177
0.175865 9177
0.175877 9177
0.175889 9177
0.175901 9177
0.177619 9177
0.177631 9177
0.177655 9177
0.177667 9177
0.177679 9177
0.177691 9177
0.177715 9177
0.179638 9177
0.179638 9177
0.179638 9635
0.179662 9635
0.179686 9635
0.179698 9635
0.17971 9635
0.179722 9635
0.179746 9635
0.179758 9635
0.18144 9635
0.181488 9635
0.1815 9635
0.181512 9635
0.181536 9635
0.181548 9635
0.18156 9635
0.183026 9635
0.183074 9635
0.183086 9635
0.183098 9635
0.183122 9635
0.183146 9635
0.183158 9635
0.18317 9635
0.184852 9635
0.184852 9635
0.184852 10933
0.184901 10933
0.184913 10933
0.184925 10933
0.184949 10933
0.184973 10933
0.184985 10933
0.184997 10933
0.185009 10933
0.186835 10933
0.186835 10933
0.186835 9758
0.186883 9758
0.186907 9758
0.186919 9758
0.186931 9758
0.186943 9758
0.186955 9758
0.186967 9758
0.188601 9758
0.188662 9758
0.188674 9758
0.188686 9758
0.188698 9758
0.18871 9758
0.188734 9758
0.190188 9758
0.19026 9758
0.190272 9758
0.190284 9758
0.190296 9758
0.190308 9758
0.190332 9758
0.190356 9758
0.19199 9758
0.192074 9758
0.192074 9758
0.192074 11084
0.192086 11084
0.192098 11084
0.19211 11084
0.192122 11084
0.192146 11084
0.192158 11084
0.192182 11084
0.193997 11084
0.194093 11084
0.194093 11084
0.194093 9777
0.194105 9777
0.194117 9777
0.194141 9777
0.194153 9777
0.194165 9777
0.194177 9777
0.195799 9777
0.195907 9777
0.195907 9777
0.195907 8581
0.195931 8581
0.195943 8581
0.195955 8581
0.195967 8581
0.195991 8581
0.197409 8581
0.197529 8581
0.197553 8581
0.197565 8581
0.197577 8581
0.197601 8581
0.199212 8581
0.199332 8581
0.199368 8581
0.199368 8581
0.199368 9106
0.19938 9106
0.199392 9106
0.199416 9106
0.199428 9106
0.201242 9106
0.201374 9106
0.201411 9106
0.201411 9106
0.201411 8177
0.201423 8177
0.201447 8177
0.201459 8177
0.203045 8177
0.203069 8177
0.203201 8177
0.203237 8177
0.203237 8177
0.203237 7333
0.203261 7333
0.203285 7333
0.204679 7333
0.204703 7333
0.204835 7333
0.204871 7333
0.204907 7333
0.206445 7333
0.206469 7333
0.206625 7333
0.206662 7333
0.206686 7333
0.20671 7333
0.208428 7333
0.208428 7333
0.208428 8306
0.208464 8306
0.20862 8306
0.208668 8306
0.208692 8306
0.208728 8306
0.20874 8306
0.210254 8306
0.210254 8306
0.210254 7570
0.210423 7570
0.210471 7570
0.210507 7570
0.210543 7570
0.210555 7570
0.211852 7570
0.212093 7570
0.212117 7570
0.212153 7570
0.212165 7570
0.212189 7570
0.213607 7570
0.213871 7570
0.213895 7570
0.213931 7570
0.213955 7570
0.213979 7570
0.214003 7570
0.215577 7570
0.215577 7570
0.215577 9284
0.215866 9284
0.21589 9284
0.215926 9284
0.21595 9284
0.215974 9284
0.215998 9284
0.217344 9284
0.217632 9284
0.217668 9284
0.217704 9284
0.217728 9284
0.217752 9284
0.217764 9284
0.21899 9284
0.219278 9284
0.219302 9284
0.219338 9284
0.219362 9284
0.219386 9284
0.219398 9284
0.219423 9284
0.220816 9284
0.220816 9284
0.220816 10711
0.221129 10711
0.221153 10711
0.221189 10711
0.221213 10711
0.221237 10711
0.221249 10711
0.221273 10711
0.221297 10711
0.222811 10711
0.222811 10711
0.222811 9580
0.223099 9580
0.223123 9580
0.223147 9580
0.223159 9580
0.223172 9580
0.223184 9580
0.223208 9580
0.224589 9580
0.224866 9580
0.224878 9580
0.22489 9580
0.224902 9580
0.224914 9580
0.224926 9580
0.226212 9580
0.22656 9580
0.226572 9580
0.226584 9580
0.226596 9580
0.226608 9580
0.22662 9580
0.226644 9580
0.228074 9580
0.228074 9580
0.228074 10846
0.228459 10846
0.228483 10846
0.228495 10846
0.228507 10846
0.228519 10846
0.228531 10846
0.228555 10846
0.228567 10846
0.230057 10846
0.230057 10846
0.230057 9699
0.230405 9699
0.230417 9699
0.230429 9699
0.230441 9699
0.230465 9699
0.230477 9699
0.230489 9699
0.231835 9699
0.232135 9699
0.232147 9699
0.232171 9699
0.232184 9699
0.232196 9699
0.232208 9699
0.233445 9699
0.233794 9699
0.233806 9699
0.23383 9699
0.233842 9699
0.233854 9699
0.233866 9699
0.233878 9699
0.235272 9699
0.235272 9699
0.235272 10804
0.235656 10804
0.23568 10804
0.235704 10804
0.235728 10804
0.23574 10804
0.235752 10804
0.235764 10804
0.235788 10804
0.237254 10804
0.237254 10804
0.237254 9532
0.237615 9532
0.237627 9532
0.237639 9532
0.237651 9532
0.237663 9532
0.237675 9532
0.237687 9532
0.239033 9532
0.239345 9532
0.239357 9532
0.239369 9532
0.239381 9532
0.239393 9532
0.239417 9532
0.240619 9532
0.241003 9532
0.241015 9532
0.241027 9532
0.241039 9532
0.241051 9532
0.241075 9532
0.241087 9532
0.242433 9532
0.242433 9532
0.242433 10684
0.242854 10684
0.242878 10684
0.24289 10684
0.242902 10684
0.242914 10684
0.242938 10684
0.24295 10684
0.242962 10684
0.244452 10684
0.244452 10684
0.244452 9379
0.244836 9379
0.244848 9379
0.24486 9379
0.244884 9379
0.244896 9379
0.244908 9379
0.24492 9379
0.246266 9379
0.246266 9379
0.246266 8214
0.246603 8214
0.246627 8214
0.246639 8214
0.246651 8214
0.246663 8214
0.246675 8214
0.247888 8214
0.248261 8214
0.248273 8214
0.248285 8214
0.248297 8214
0.248321 8214
0.249679 8214
0.250087 8214
0.250087 8214
0.250087 8748
0.250099 8748
0.250111 8748
0.250123 8748
0.250147 8748
0.250159 8748
0.251685 8748
0.25207 8748
0.25207 8748
0.25207 7873
0.252082 7873
0.252094 7873
0.252106 7873
0.252118 7873
0.253476 7873
0.253836 7873
0.253848 7873
0.25386 7873
0.253872 7873
0.253884 7873
0.255086 7873
0.255434 7873
0.255446 7873
0.255458 7873
0.255471 7873
0.255483 7873
0.255507 7873
0.256852 7873
0.257213 7873
0.257225 7873
0.257237 7873
0.257249 7873
0.257261 7873
0.257285 7873
0.258811 7873
0.258811 7873
0.258811 10292
0.258847 10292
0.259232 10292
0.259244 10292
0.259256 10292
0.259268 10292
0.25928 10292
0.259304 10292
0.260661 10292
0.260661 10292
0.260661 9203
0.26107 9203
0.261082 9203
0.261094 9203
0.261106 9203
0.261118 9203
0.26113 9203
0.262308 9203
0.262692 9203
0.262704 9203
0.262716 9203
0.262728 9203
0.26274 9203
0.262764 9203
0.264014 9203
0.264422 9203
0.264446 9203
0.264458 9203
0.26447 9203
0.264483 9203
0.264507 9203
0.264531 9203
0.265924 9203
0.265924 9203
0.265924 10511
0.266381 10511
0.266405 10511
0.266429 10511
0.266441 10511
0.266453 10511
0.266477 10511
0.266501 10511
0.266525 10511
0.267811 10511
0.267811 10511
0.267811 9373
0.268256 9373
0.268268 9373
0.26828 9373
0.268304 9373
0.268316 9373
0.268328 9373
0.26834 9373
0.269493 9373
0.269926 9373
0.26995 9373
0.269962 9373
0.269974 9373
0.269986 9373
0.269998 9373
0.271187 9373
0.271668 9373
0.271692 9373
0.271704 9373
0.271716 9373
0.271728 9373
0.27174 9373
0.271764 9373
0.27311 9373
0.27311 9373
0.27311 10552
0.273627 10552
0.273651 10552
0.273663 10552
0.273675 10552
0.273687 10552
0.273699 10552
0.273723 10552
0.273735 10552
0.275009 10552
0.275009 10552
0.275009 9303
0.275477 9303
0.275489 9303
0.275501 9303
0.275513 9303
0.275525 9303
0.275537 9303
0.275549 9303
0.276691 9303
0.277123 9303
0.277135 9303
0.277147 9303
0.277159 9303
0.277171 9303
0.277183 9303
0.278397 9303
0.27889 9303
0.278914 9303
0.278926 9303
0.278938 9303
0.27895 9303
0.278962 9303
0.278986 9303
0.280332 9303
0.280332 9303
0.280332 10433
0.280872 10433
0.280896 10433
0.28092 10433
0.280932 10433
0.280944 10433
0.280956 10433
0.28098 10433
0.280992 10433
0.282182 10433
0.282182 10433
0.282182 9160
0.282723 9160
0.282735 9160
0.282747 9160
0.282759 9160
0.282771 9160
0.282783 9160
0.282795 9160
0.283828 9160
0.284345 9160
0.284357 9160
0.284369 9160
0.284381 9160
0.284393 9160
0.284405 9160
0.285486 9160
0.286087 9160
0.286099 9160
0.286111 9160
0.286123 9160
0.286135 9160
0.286147 9160
0.286171 9160
0.287385 9160
0.287385 9160
0.287385 10715
0.28807 10715
0.288082 10715
0.288094 10715
0.288106 10715
0.288118 10715
0.28813 10715
0.288154 10715
0.288166 10715
0.289296 10715
0.289296 10715
0.289296 9651
0.289896 9651
0.289908 9651
0.28992 9651
0.289932 9651
0.289956 9651
0.289968 9651
0.28998 9651
0.29099 9651
0.291506 9651
0.291519 9651
0.291543 9651
0.291555 9651
0.291567 9651
0.291579 9651
0.292708 9651
0.293273 9651
0.293297 9651
0.293321 9651
0.293333 9651
0.293345 9651
0.293357 9651
0.293381 9651
0.294631 9651
0.294631 9651
0.294631 11057
0.29528 11057
0.295316 11057
0.29534 11057
0.295352 11057
0.295364 11057
0.295376 11057
0.2954 11057
0.295412 11057
0.296505 11057
0.296505 11057
0.296505 9940
0.29713 9940
0.297142 9940
0.297154 9940
0.297166 9940
0.29719 9940
0.297202 9940
0.297214 9940
0.298235 9940
0.2988 9940
0.298812 9940
0.298824 9940
0.298836 9940
0.298848 9940
0.29886 9940
0.299918 9940
0.300567 9940
0.300579 9940
0.300591 9940
0.300603 9940
0.300615 9940
0.300627 9940
0.300651 9940
0.301828 9940
0.301828 9940
0.301828 11378
0.302549 11378
0.302573 11378
0.302585 11378
0.302597 11378
0.302609 11378
0.302621 11378
0.302645 11378
0.302657 11378
0.303739 11378
0.303739 11378
0.303739 10285
0.304424 10285
0.304436 10285
0.304448 10285
0.30446 10285
0.304472 10285
0.304484 10285
0.304496 10285
0.305457 10285
0.30607 10285
0.306082 10285
0.306094 10285
0.306106 10285
0.306118 10285
0.30613 10285
0.307079 10285
0.307115 10285
0.307788 10285
0.307812 10285
0.307824 10285
0.307836 10285
0.307848 10285
0.30786 10285
0.308906 10285
0.308906 10285
0.308906 11467
0.308954 11467
0.308978 11467
0.309735 11467
0.309771 11467
0.309783 11467
0.309795 11467
0.309807 11467
0.309819 11467
0.310888 11467
0.310888 11467
0.310888 10317
0.310936 10317
0.311585 10317
0.311633 10317
0.311645 10317
0.311657 10317
0.311669 10317
0.311681 10317
0.312679 10317
0.313231 10317
0.313292 10317
0.313304 10317
0.313316 10317
0.313328 10317
0.31334 10317
0.313364 10317
0.314277 10317
0.314902 10317
0.314962 10317
0.314986 10317
0.314998 10317
0.31501 10317
0.315022 10317
0.315046 10317
0.316067 10317
0.316091 10317
0.316788 10317
0.316788 10317
0.316788 11727
0.316848 11727
0.316884 11727
0.316896 11727
0.316908 11727
0.31692 11727
0.316944 11727
0.318074 11727
0.31811 11727
0.318134 11727
0.318699 11727
0.318699 11727
0.318699 10529
0.318783 10529
0.318795 10529
0.318807 10529
0.318819 10529
0.319852 10529
0.319888 10529
0.319912 10529
0.319936 10529
0.320405 10529
0.320477 10529
0.320489 10529
0.321462 10529
0.32151 10529
0.321534 10529
0.321546 10529
0.321571 10529
0.322087 10529
0.322159 10529
0.322183 10529
0.323313 10529
0.323313 10529
0.323313 11022
0.323361 11022
0.323385 11022
0.323397 11022
0.323421 11022
0.323433 11022
0.323998 11022
0.324082 11022
0.324118 11022
0.325283 11022
0.325283 11022
0.325283 9869
0.325344 9869
0.325368 9869
0.32538 9869
0.325392 9869
0.325848 9869
0.325932 9869
0.32598 9869
0.32705 9869
0.327122 9869
0.327134 9869
0.327146 9869
0.32753 9869
0.327603 9869
0.327651 9869
0.328636 9869
0.328708 9869
0.32872 9869
0.328732 9869
0.328756 9869
0.329165 9869
0.329249 9869
0.329297 9869
0.330402 9869
0.330486 9869
0.330498 9869
0.33051 9869
0.330534 9869
0.330546 9869
0.331027 9869
0.331027 9869
0.331027 11767
0.331123 11767
0.331171 11767
0.332397 11767
0.332493 11767
0.332505 11767
0.332517 11767
0.332541 11767
0.332553 11767
0.332577 11767
0.332974 11767
0.332974 11767
0.332974 10400
0.334187 10400
0.334283 10400
0.334295 10400
0.334307 10400
0.334332 10400
0.334344 10400
0.334368 10400
0.33438 10400
0.334752 10400
0.335954 10400
0.335966 10400
0.335978 10400
0.33599 10400
0.336002 10400
0.336014 10400
0.336026 10400
0.336398 10400
0.337768 10400
0.337768 10400
0.337768 10840
0.337792 10840
0.337804 10840
0.337816 10840
0.337828 10840
0.33784 10840
0.337852 10840
0.337864 10840
0.338225 10840
0.339739 10840
0.339739 10840
0.339739 9709
0.339751 9709
0.339763 9709
0.339775 9709
0.339787 9709
0.339799 9709
0.339823 9709
0.340171 9709
0.341529 9709
0.341541 9709
0.341553 9709
0.341565 9709
0.341589 9709
0.341601 9709
0.341878 9709
0.343127 9709
0.343139 9709
0.343151 9709
0.343163 9709
0.343187 9709
0.343211 9709
0.343223 9709
0.343524 9709
0.344966 9709
0.344966 9709
0.344966 10955
0.344978 10955
0.34499 10955
0.345002 10955
0.345026 10955
0.34505 10955
0.345074 10955
0.345086 10955
0.34541 10955
0.346984 10955
0.346984 10955
0.346984 9806
0.346996 9806
0.34702 9806
0.347032 9806
0.347044 9806
0.347068 9806
0.34708 9806
0.347369 9806
0.348787 9806
0.348811 9806
0.348823 9806
0.348835 9806
0.348847 9806
0.348859 9806
0.349159 9806
0.350397 9806
0.350433 9806
0.350445 9806
0.350457 9806
0.350469 9806
0.350481 9806
0.350505 9806
0.350829 9806
0.352211 9806
0.352211 9806
0.352211 10953
0.352259 10953
0.352271 10953
0.352283 10953
0.352295 10953
0.352307 10953
0.352331 10953
0.352344 10953
0.352704 10953
0.354242 10953
0.354242 10953
0.354242 9660
0.354278 9660
0.35429 9660
0.354302 9660
0.354326 9660
0.354338 9660
0.35435 9660
0.354687 9660
0.356044 9660
0.356068 9660
0.356092 9660
0.356105 9660
0.356117 9660
0.356129 9660
0.356441 9660
0.357643 9660
0.357667 9660
0.357691 9660
0.357703 9660
0.357715 9660
0.357727 9660
0.357751 9660
0.358099 9660
0.359445 9660
0.359469 9660
0.359493 9660
0.359505 9660
0.359517 9660
0.359529 9660
0.359553 9660
0.359553 9660
0.359553 11580
0.359565 11580
0.359962 11580
0.361488 11580
0.361512 11580
0.361536 11580
0.361548 11580
0.36156 11580
0.361572 11580
0.361596 11580
0.361608 11580
0.361608 11580
0.361608 10180
0.363302 10180
0.363326 10180
0.36335 10180
0.363362 10180
0.363374 10180
0.363386 10180
0.36341 10180
0.363422 10180
0.363422 10180
0.363422 8795
0.364924 8795
0.364948 8795
0.36496 8795
0.364972 8795
0.364984 8795
0.365008 8795
0.36502 8795
0.366739 8795
0.366751 8795
0.366763 8795
0.366775 8795
0.366799 8795
0.366823 8795
0.366847 8795
0.366847 8795
0.366847 9078
0.368769 9078
0.368781 9078
0.368793 9078
0.368805 9078
0.368829 9078
0.368853 9078
0.36889 9078
0.36889 9078
0.36889 8016
0.370572 8016
0.370584 8016
0.370596 8016
0.37062 8016
0.370656 8016
0.37068 8016
0.370704 8016
0.370704 8016
0.370704 7442
0.37217 7442
0.372182 7442
0.372194 7442
0.37223 7442
0.372254 7442
0.372278 7442
0.3739 7442
0.373912 7442
0.373936 7442
0.373972 7442
0.373996 7442
0.374008 7442
0.375823 7442
0.375823 7442
0.375823 8395
0.375835 8395
0.375859 8395
0.375895 8395
0.375931 8395
0.375943 8395
0.375967 8395
0.377721 8395
0.377721 8395
0.377721 7793
0.377745 7793
0.377769 7793
0.377805 7793
0.377817 7793
0.377841 7793
0.379404 7793
0.379428 7793
0.379464 7793
0.379476 7793
0.379488 7793
0.3795 7793
0.381098 7793
0.381122 7793
0.381158 7793
0.381182 7793
0.381194 7793
0.381206 7793
0.38123 7793
0.382996 7793
0.382996 7793
0.382996 9427
0.383032 9427
0.383068 9427
0.383104 9427
0.383116 9427
0.383128 9427
0.383153 9427
0.383177 9427
0.384847 9427
0.384847 9427
0.384847 8566
0.384931 8566
0.384943 8566
0.384955 8566
0.384979 8566
0.384991 8566
0.385003 8566
0.386481 8566
0.386565 8566
0.386577 8566
0.386601 8566
0.386625 8566
0.386637 8566
0.388199 8566
0.388295 8566
0.388307 8566
0.388331 8566
0.388343 8566
0.388367 8566
0.388392 8566
0.390158 8566
0.390158 8566
0.390158 9825
0.390266 9825
0.390278 9825
0.390302 9825
0.390314 9825
0.390326 9825
0.39035 9825
0.390374 9825
0.391972 9825
0.391972 9825
0.391972 8859
0.392068 8859
0.392092 8859
0.392104 8859
0.392116 8859
0.39214 8859
0.392165 8859
0.393606 8859
0.393715 8859
0.393727 8859
0.393739 8859
0.393763 8859
0.393787 8859
0.395337 8859
0.395361 8859
0.395457 8859
0.395481 8859
0.395493 8859
0.395517 8859
0.395553 8859
0.397271 8859
0.397271 8859
0.397271 10310
0.397307 10310
0.397331 10310
0.397416 10310
0.397452 10310
0.397464 10310
0.397488 10310
0.397524 10310
0.39911 10310
0.39911 10310
0.39911 9364
0.399134 9364
0.399218 9364
0.399254 9364
0.399278 9364
0.39929 9364
0.399326 9364
0.400768 9364
0.400828 9364
0.400864 9364
0.400888 9364
0.400912 9364
0.400936 9364
0.40096 9364
0.402498 9364
0.402558 9364
0.402594 9364
0.402618 9364
0.402642 9364
0.402679 9364
0.402703 9364
0.402727 9364
0.404433 9364
0.404433 9364
0.404433 11051
0.404493 11051
0.404529 11051
0.404553 11051
0.404577 11051
0.404613 11051
0.404637 11051
0.404661 11051
0.404673 11051
0.406283 11051
0.406283 11051
0.406283 10131
0.406367 10131
0.406391 10131
0.406416 10131
0.40644 10131
0.406452 10131
0.406476 10131
0.406488 10131
0.407954 10131
0.408026 10131
0.40805 10131
0.408086 10131
0.408098 10131
0.40811 10131
0.408122 10131
0.40966 10131
0.409684 10131
0.409744 10131
0.409768 10131
0.409804 10131
0.409828 10131
0.40984 10131
0.409852 10131
0.411594 10131
0.411594 10131
0.411594 11309
0.41163 11309
0.411691 11309
0.411715 11309
0.411727 11309
0.411763 11309
0.411787 11309
0.411811 11309
0.411823 11309
0.413457 11309
0.413457 11309
0.413457 10249
0.413529 10249
0.413553 10249
0.413565 10249
0.413601 10249
0.413625 10249
0.413649 10249
0.413673 10249
0.415151 10249
0.415223 10249
0.415235 10249
0.415271 10249
0.415295 10249
0.415319 10249
0.415355 10249
0.416725 10249
0.416749 10249
0.416821 10249
0.416833 10249
0.416869 10249
0.416893 10249
0.416917 10249
0.416954 10249
0.418492 10249
0.418516 10249
0.41854 10249
0.418612 10249
0.418624 10249
0.41866 10249
0.418684 10249
0.418708 10249
0.418744 10249
0.420498 10249
0.420498 10249
0.420498 12518
0.420522 12518
0.420546 12518
0.42063 12518
0.420642 12518
0.420666 12518
0.420691 12518
0.420715 12518
0.420739 12518
0.420775 12518
0.422349 12518
0.422349 12518
0.422349 11196
0.422433 11196
0.422445 11196
0.422469 11196
0.422481 11196
0.422505 11196
0.422529 11196
0.422553 11196
0.422589 11196
0.424019 11196
0.424103 11196
0.424115 11196
0.424139 11196
0.424151 11196
0.424175 11196
0.424199 11196
0.424235 11196
0.425833 11196
0.425833 11196
0.425833 10952
0.425917 10952
0.425929 10952
0.425954 10952
0.425978 10952
0.426002 10952
0.426014 10952
0.426038 10952
0.426074 10952
0.427852 10952
0.427852 10952
0.427852 9636
0.427924 9636
0.427936 9636
0.42796 9636
0.427972 9636
0.427984 9636
0.428008 9636
0.428044 9636
0.429642 9636
0.42969 9636
0.429703 9636
0.429715 9636
0.429739 9636
0.429751 9636
0.429787 9636
0.431277 9636
0.431325 9636
0.431337 9636
0.431349 9636
0.431373 9636
0.431397 9636
0.431409 9636
0.431445 9636
0.433115 9636
0.433115 9636
0.433115 10779
0.433175 10779
0.433187 10779
0.433199 10779
0.433223 10779
0.433247 10779
0.433259 10779
0.433271 10779
0.433307 10779
0.435062 10779
0.435062 10779
0.435062 9572
0.43511 9572
0.435122 9572
0.435146 9572
0.435158 9572
0.43517 9572
0.435194 9572
0.435218 9572
0.43684 9572
0.436888 9572
0.4369 9572
0.436912 9572
0.436924 9572
0.436936 9572
0.43696 9572
0.438462 9572
0.438498 9572
0.43851 9572
0.438522 9572
0.438534 9572
0.438546 9572
0.43857 9572
0.438582 9572
0.440301 9572
0.440301 9572
0.440301 10665
0.440337 10665
0.440349 10665
0.440361 10665
0.440373 10665
0.440385 10665
0.440409 10665
0.440421 10665
0.440433 10665
0.442295 10665
0.442295 10665
0.442295 9381
0.442319 9381
0.442331 9381
0.442343 9381
0.442355 9381
0.442367 9381
0.442379 9381
0.442391 9381
0.444098 9381
0.444122 9381
0.444134 9381
0.444146 9381
0.444158 9381
0.44417 9381
0.444182 9381
0.445672 9381
0.445708 9381
0.44572 9381
0.445732 9381
0.445744 9381
0.445756 9381
0.445768 9381
0.445792 9381
0.44739 9381
0.447426 9381
0.44745 9381
0.447462 9381
0.447474 9381
0.447486 9381
0.447498 9381
0.447522 9381
0.447534 9381
0.449349 9381
0.449349 9381
0.449349 11723
0.449385 11723
0.449421 11723
0.449433 11723
0.449445 11723
0.449457 11723
0.449469 11723
0.449493 11723
0.449505 11723
0.449529 11723
0.451211 11723
0.451211 11723
0.451211 10360
0.451283 10360
0.451295 10360
0.451307 10360
0.451319 10360
0.451343 10360
0.451355 10360
0.451367 10360
0.451391 10360
0.452881 10360
0.452953 10360
0.452965 10360
0.45299 10360
0.453002 10360
0.453014 10360
0.453038 10360
0.453062 10360
0.454576 10360
0.454648 10360
0.45466 10360
0.454684 10360
0.454696 10360
0.454708 10360
0.454732 10360
0.454756 10360
0.454792 10360
0.456474 10360
0.456474 10360
0.456474 11448
0.456546 11448
0.45657 11448
0.456594 11448
0.456606 11448
0.456618 11448
0.456642 11448
0.456666 11448
0.456702 11448
0.456726 11448
0.458349 11448
0.458349 11448
0.458349 10088
0.458445 10088
0.458457 10088
0.458469 10088
0.458493 10088
0.458517 10088
0.458541 10088
0.458553 10088
0.460055 10088
0.460139 10088
0.460151 10088
0.460175 10088
0.460199 10088
0.460223 10088
0.460247 10088
0.461821 10088
0.461905 10088
0.461917 10088
0.461941 10088
0.461953 10088
0.461977 10088
0.462002 10088
0.462026 10088
0.463792 10088
0.463792 10088
0.463792 10894
0.463888 10894
0.4639 10894
0.463924 10894
0.463936 10894
0.463948 10894
0.463972 10894
0.463996 10894
0.46402 10894
0.465606 10894
0.465606 10894
0.465606 9491
0.465726 9491
0.465738 9491
0.465751 9491
0.465775 9491
0.465787 9491
0.465811 9491
0.465835 9491
0.467277 9491
0.467385 9491
0.467409 9491
0.467421 9491
0.467445 9491
0.467457 9491
0.467481 9491
0.469031 9491
0.469139 9491
0.469163 9491
0.469175 9491
0.469199 9491
0.469211 9491
0.469223 9491
0.469247 9491
0.471002 9491
0.471002 9491
0.471002 10726
0.471122 10726
0.471146 10726
0.471158 10726
0.471182 10726
0.471194 10726
0.471206 10726
0.47123 10726
0.471242 10726
0.472828 10726
0.472828 10726
0.472828 9462
0.472972 9462
0.472996 9462
0.473008 9462
0.47302 9462
0.473044 9462
0.473056 9462
0.473068 9462
0.474462 9462
0.474618 9462
0.47463 9462
0.474654 9462
0.474666 9462
0.474678 9462
0.47469 9462
0.476192 9462
0.476361 9462
0.476373 9462
0.476397 9462
0.476409 9462
0.476421 9462
0.476433 9462
0.476457 9462
0.478115 9462
0.478115 9462
0.478115 10532
0.478307 10532
0.478319 10532
0.478343 10532
0.478355 10532
0.478367 10532
0.478379 10532
0.478403 10532
0.478415 10532
0.479929 10532
0.479929 10532
0.479929 9248
0.480146 9248
0.480158 9248
0.48017 9248
0.480182 9248
0.480206 9248
0.480218 9248
0.48023 9248
0.481552 9248
0.481744 9248
0.481756 9248
0.48178 9248
0.481792 9248
0.481804 9248
0.481816 9248
0.483282 9248
0.483498 9248
0.483522 9248
0.483546 9248
0.483558 9248
0.48357 9248
0.483582 9248
0.483606 9248
0.48524 9248
0.48524 9248
0.48524 10686
0.485481 10686
0.485517 10686
0.485541 10686
0.485553 10686
0.485565 10686
0.485577 10686
0.485601 10686
0.485613 10686
0.487055 10686
0.487055 10686
0.487055 9621
0.487319 9621
0.487331 9621
0.487343 9621
0.487355 9621
0.487367 9621
0.487379 9621
0.487391 9621
0.488689 9621
0.488917 9621
0.488929 9621
0.488941 9621
0.488953 9621
0.488965 9621
0.488989 9621
0.490455 9621
0.49072 9621
0.490732 9621
0.490744 9621
0.490756 9621
0.490768 9621
0.490792 9621
0.490792 9621
0.490792 10849
0.490804 10849
0.492462 10849
0.492762 10849
0.492774 10849
0.492787 10849
0.492799 10849
0.492811 10849
0.492835 10849
0.492847 10849
0.492847 10849
0.492847 9799
0.494565 9799
0.494577 9799
0.494589 9799
0.494601 9799
0.494613 9799
0.494637 9799
0.494649 9799
0.494661 9799
0.494661 9799
0.494661 9003
0.496187 9003
0.496199 9003
0.496211 9003
0.496223 9003
0.496247 9003
0.496271 9003
0.496283 9003
0.497989 9003
0.498001 9003
0.498013 9003
0.498038 9003
0.498062 9003
0.498074 9003
0.498098 9003
0.50002 9003
0.50002 9003
0.50002 9788
0.500032 9788
0.500044 9788
0.500068 9788
0.500092 9788
0.500104 9788
0.500128 9788
0.50014 9788
0.501835 9788
0.501835 9788
0.501835 9034
0.501859 9034
0.501883 9034
0.501895 9034
0.501907 9034
0.501931 9034
0.501943 9034
0.503433 9034
0.503481 9034
0.503493 9034
0.503505 9034
0.503529 9034
0.503553 9034
0.503577 9034
0.505247 9034
0.505247 9034
0.505247 9668
0.505307 9668
0.505319 9668
0.505331 9668
0.505355 9668
0.505379 9668
0.505403 9668
0.505427 9668
0.507242 9668
0.507242 9668
0.507242 8920
0.507302 8920
0.507326 8920
0.507338 8920
0.507362 8920
0.507386 8920
0.50741 8920
0.509032 8920
0.509104 8920
0.509116 8920
0.50914 8920
0.509164 8920
0.509188 8920
0.509212 8920
0.51063 8920
0.51069 8920
0.510702 8920
0.510726 8920
0.51075 8920
0.510774 8920
0.510798 8920
0.512385 8920
0.512421 8920
0.512469 8920
0.512481 8920
0.512505 8920
0.512529 8920
0.512553 8920
0.512577 8920
0.514379 8920
0.514379 8920
0.514379 11584
0.514415 11584
0.514439 11584
0.514475 11584
0.514499 11584
0.514523 11584
0.514547 11584
0.514572 11584
0.514596 11584
0.516218 11584
0.516218 11584
0.516218 10613
0.516266 10613
0.516302 10613
0.516326 10613
0.51635 10613
0.516374 10613
0.516398 10613
0.516422 10613
0.51784 10613
0.517912 10613
0.517936 10613
0.517972 10613
0.517996 10613
0.51802 10613
0.518044 10613
0.518056 10613
0.519558 10613
0.51963 10613
0.519654 10613
0.519702 10613
0.519726 10613
0.51975 10613
0.519774 10613
0.519786 10613
0.51981 10613
0.521481 10613
0.521481 10613
0.521481 11886
0.521565 11886
0.521589 11886
0.521637 11886
0.521661 11886
0.521685 11886
0.521709 11886
0.521721 11886
0.521745 11886
0.521769 11886
0.523331 11886
0.523331 11886
0.523331 10729
0.523463 10729
0.523499 10729
0.523523 10729
0.523547 10729
0.523559 10729
0.523584 10729
0.523608 10729
0.52362 10729
0.525001 10729
0.525158 10729
0.525182 10729
0.525194 10729
0.525218 10729
0.52523 10729
0.525254 10729
0.525266 10729
0.526648 10729
0.526828 10729
0.526852 10729
0.526864 10729
0.526888 10729
0.5269 10729
0.526924 10729
0.526936 10729
0.526948 10729
0.528522 10729
0.528522 10729
0.528522 11874
0.528726 11874
0.52875 11874
0.528762 11874
0.528786 11874
0.528798 11874
0.528822 11874
0.528835 11874
0.528847 11874
0.528871 11874
0.530493 11874
0.530493 11874
0.530493 10502
0.530685 10502
0.530709 10502
0.530721 10502
0.530745 10502
0.530757 10502
0.530769 10502
0.530793 10502
0.530805 10502
0.532235 10502
0.532427 10502
0.532451 10502
0.532463 10502
0.532475 10502
0.532499 10502
0.532511 10502
0.532535 10502
0.533905 10502
0.534134 10502
0.534158 10502
0.53417 10502
0.534182 10502
0.534206 10502
0.534218 10502
0.534242 10502
0.534254 10502
0.53578 10502
0.53578 10502
0.53578 11636
0.536032 11636
0.536056 11636
0.536068 11636
0.53608 11636
0.536104 11636
0.536116 11636
0.53614 11636
0.536152 11636
0.536176 11636
0.537642 11636
0.537642 11636
0.537642 10201
0.537895 10201
0.537907 10201
0.537931 10201
0.537943 10201
0.537967 10201
0.537979 10201
0.537991 10201
0.538015 10201
0.539336 10201
0.539589 10201
0.539601 10201
0.539625 10201
0.539637 10201
0.539649 10201
0.539673 10201
0.539685 10201
0.541043 10201
0.541343 10201
0.541355 10201
0.541379 10201
0.541391 10201
0.541403 10201
0.541427 10201
0.541439 10201
0.542977 10201
0.542977 10201
0.542977 11243
0.543001 11243
0.543338 11243
0.54335 11243
0.543374 11243
0.543386 11243
0.543398 11243
0.543422 11243
0.543434 11243
0.544876 11243
0.544876 11243
0.544876 9718
0.5452 9718
0.545212 9718
0.545224 9718
0.545236 9718
0.545248 9718
0.545272 9718
0.545296 9718
0.546582 9718
0.546883 9718
0.546895 9718
0.546907 9718
0.546931 9718
0.546943 9718
0.546967 9718
0.548276 9718
0.548625 9718
0.548637 9718
0.548649 9718
0.548673 9718
0.548685 9718
0.548697 9718
0.548721 9718
0.550187 9718
0.550187 9718
0.550187 10587
0.550583 10587
0.550595 10587
0.550608 10587
0.550632 10587
0.550644 10587
0.550656 10587
0.55068 10587
0.550692 10587
0.552085 10587
0.552085 10587
0.552085 9172
0.552458 9172
0.552482 9172
0.552494 9172
0.552506 9172
0.552518 9172
0.55253 9172
0.552542 9172
0.55378 9172
0.554128 9172
0.55414 9172
0.554152 9172
0.554164 9172
0.554176 9172
0.5542 9172
0.555462 9172
0.555883 9172
0.555895 9172
0.555907 9172
0.555919 9172
0.555931 9172
0.555955 9172
0.555967 9172
0.557385 9172
0.557385 9172
0.557385 10332
0.557865 10332
0.557877 10332
0.557889 10332
0.557901 10332
0.557913 10332
0.557937 10332
0.557949 10332
0.557973 10332
0.559331 10332
0.559331 10332
0.559331 8980
0.559764 8980
0.559776 8980
0.559788 8980
0.559812 8980
0.559824 8980
0.559836 8980
0.559848 8980
0.561061 8980
0.561458 8980
0.561482 8980
0.561494 8980
0.561506 8980
0.561518 8980
0.56153 8980
0.562708 8980
0.563164 8980
0.5632 8980
0.563212 8980
0.563224 8980
0.563236 8980
0.563248 8980
0.563272 8980
0.564546 8980
0.564546 8980
0.564546 10207
0.565063 10207
0.565111 10207
0.565123 10207
0.565135 10207
0.565147 10207
0.565159 10207
0.565183 10207
0.565207 10207
0.566517 10207
0.566517 10207
0.566517 8879
0.567009 8879
0.567021 8879
0.567033 8879
0.567045 8879
0.567057 8879
0.567069 8879
0.567093 8879
0.568271 8879
0.568704 8879
0.568716 8879
0.568728 8879
0.56874 8879
0.568752 8879
0.568764 8879
0.569893 8879
0.570374 8879
0.570398 8879
0.57041 8879
0.570422 8879
0.570434 8879
0.570446 8879
0.57047 8879
0.57172 8879
0.57172 8879
0.57172 10135
0.572248 10135
0.572272 10135
0.572296 10135
0.572308 10135
0.57232 10135
0.572332 10135
0.572356 10135
0.57238 10135
0.57369 10135
0.57369 10135
0.57369 8820
0.574171 8820
0.574195 8820
0.574207 8820
0.574219 8820
0.574231 8820
0.574243 8820
0.574267 8820
0.575457 8820
0.575901 8820
0.575913 8820
0.575925 8820
0.575937 8820
0.575949 8820
0.575961 8820
0.577079 8820
0.577583 8820
0.577607 8820
0.577619 8820
0.577631 8820
0.577644 8820
0.577656 8820
0.57768 8820
0.578929 8820
0.578929 8820
0.578929 10093
0.579494 10093
0.579518 10093
0.579542 10093
0.579554 10093
0.579566 10093
0.579578 10093
0.579602 10093
0.580828 10093
0.580828 10093
0.580828 8694
0.581368 8694
0.581392 8694
0.581405 8694
0.581417 8694
0.581429 8694
0.581441 8694
0.58257 8694
0.583051 8694
0.583063 8694
0.583075 8694
0.583087 8694
0.583099 8694
0.584216 8694
0.58424 8694
0.584781 8694
0.584793 8694
0.584805 8694
0.584817 8694
0.584829 8694
0.586079 8694
0.586079 8694
0.586079 9688
0.586103 9688
0.586704 9688
0.586716 9688
0.586728 9688
0.58674 9688
0.586752 9688
0.586776 9688
0.588013 9688
0.588013 9688
0.588013 8549
0.588578 8549
0.58859 8549
0.588602 8549
0.588614 8549
0.588626 8549
0.588638 8549
0.589756 8549
0.590272 8549
0.590284 8549
0.590296 8549
0.590308 8549
0.59032 8549
0.591402 8549
0.591991 8549
0.592015 8549
0.592027 8549
0.592039 8549
0.592051 8549
0.592075 8549
0.593264 8549
0.593264 8549
0.593264 9619
0.593925 9619
0.593949 9619
0.593973 9619
0.593985 9619
0.593997 9619
0.594021 9619
0.594033 9619
0.595223 9619
0.595223 9619
0.595223 8459
0.595824 8459
0.595848 8459
0.59586 8459
0.595872 8459
0.595884 8459
0.595896 8459
0.596989 8459
0.597518 8459
0.59753 8459
0.597542 8459
0.597554 8459
0.597566 8459
0.598611 8459
0.599212 8459
0.599236 8459
0.599248 8459
0.59926 8459
0.599272 8459
0.599296 8459
0.60045 8459
0.60045 8459
0.60045 9604
0.601123 9604
0.601147 9604
0.601171 9604
0.601183 9604
0.601195 9604
0.601219 9604
0.601231 9604
0.602457 9604
0.602457 9604
0.602457 8424
0.603057 8424
0.603081 8424
0.603093 8424
0.603105 8424
0.603117 8424
0.603129 8424
0.604247 8424
0.604776 8424
0.604788 8424
0.6048 8424
0.604812 8424
0.604824 8424
0.605821 8424
0.606362 8424
0.606386 8424
0.606398 8424
0.60641 8424
0.606422 8424
0.606446 8424
0.607527 8424
0.608152 8424
0.608176 8424
0.6082 8424
0.608212 8424
0.608224 8424
0.608248 8424
0.608248 8424
0.608248 10392
0.60826 10392
0.609474 10392
0.610159 10392
0.610183 10392
0.610207 10392
0.610219 10392
0.610231 10392
0.610255 10392
0.610267 10392
0.610267 10392
0.610267 9122
0.611961 9122
0.611985 9122
0.612009 9122
0.612021 9122
0.612033 9122
0.612057 9122
0.612069 9122
0.612081 9122
0.612081 9122
0.612081 8241
0.613631 8241
0.613643 8241
0.613655 8241
0.613679 8241
0.613692 8241
0.613704 8241
0.613716 8241
0.615458 8241
0.615482 8241
0.615482 8241
0.615482 7950
0.615494 7950
0.615506 7950
0.615518 7950
0.61553 7950
0.61744 7950
0.617465 7950
0.617465 7950
0.617465 7123
0.617477 7123
0.617489 7123
0.617501 7123
0.617525 7123
0.619219 7123
0.619243 7123
0.619255 7123
0.619267 7123
0.619291 7123
0.620781 7123
0.620805 7123
0.620829 7123
0.620841 7123
0.620865 7123
0.620877 7123
0.622583 7123
0.622607 7123
0.622631 7123
0.622643 7123
0.622667 7123
0.622667 7123
0.622667 9181
0.622691 9181
0.622704 9181
0.624626 9181
0.62465 9181
0.624674 9181
0.624686 9181
0.62471 9181
0.62471 9181
0.62471 8202
0.624734 8202
0.626428 8202
0.626452 8202
0.626477 8202
0.626501 8202
0.626525 8202
0.626537 8202
0.626537 8202
0.626537 7559
0.628039 7559
0.628063 7559
0.628087 7559
0.628111 7559
0.628135 7559
0.628147 7559
0.629769 7559
0.629793 7559
0.629817 7559
0.629841 7559
0.629865 7559
0.629889 7559
0.631691 7559
0.631691 7559
0.631691 8468
0.631716 8468
0.63174 8468
0.631764 8468
0.631788 8468
0.631812 8468
0.631836 8468
0.633566 8468
0.633566 8468
0.633566 7846
0.63359 7846
0.633614 7846
0.633638 7846
0.633662 7846
0.633686 7846
0.635236 7846
0.63526 7846
0.635284 7846
0.635308 7846
0.635332 7846
0.635356 7846
0.637003 7846
0.637027 7846
0.637051 7846
0.637075 7846
0.637099 7846
0.637123 7846
0.637147 7846
0.639009 7846
0.639009 7846
0.639009 9439
0.639033 9439
0.639057 9439
0.639081 9439
0.639105 9439
0.639129 9439
0.639153 9439
0.639189 9439
0.64086 9439
0.64086 9439
0.64086 8562
0.640884 8562
0.640908 8562
0.640932 8562
0.640956 8562
0.64098 8562
0.641016 8562
0.642494 8562
0.642518 8562
0.642542 8562
0.642566 8562
0.64259 8562
0.642626 8562
0.644248 8562
0.644272 8562
0.644296 8562
0.64432 8562
0.644344 8562
0.644368 8562
0.644404 8562
0.646231 8562
0.646231 8562
0.646231 9956
0.646255 9956
0.646279 9956
0.646303 9956
0.646327 9956
0.646351 9956
0.646375 9956
0.646411 9956
0.648081 9956
0.648081 9956
0.648081 8908
0.648105 8908
0.648129 8908
0.648153 8908
0.648177 8908
0.648201 8908
0.648238 8908
0.649715 8908
0.64974 8908
0.649764 8908
0.649788 8908
0.649812 8908
0.649836 8908
0.64986 8908
0.651494 8908
0.651518 8908
0.651542 8908
0.651566 8908
0.65159 8908
0.651614 8908
0.651638 8908
0.653488 8908
0.653488 8908
0.653488 10052
0.653513 10052
0.653537 10052
0.653561 10052
0.653585 10052
0.653609 10052
0.653633 10052
0.653657 10052
0.655327 10052
0.655327 10052
0.655327 8845
0.655363 8845
0.655387 8845
0.655411 8845
0.655435 8845
0.655459 8845
0.655471 8845
0.656961 8845
0.656997 8845
0.657021 8845
0.657045 8845
0.657069 8845
0.657093 8845
0.658631 8845
0.658655 8845
0.658679 8845
0.658703 8845
0.658727 8845
0.658752 8845
0.658776 8845
0.66053 8845
0.66053 8845
0.66053 9925
0.660554 9925
0.660578 9925
0.66059 9925
0.660614 9925
0.660638 9925
0.660662 9925
0.660686 9925
0.662476 9925
0.662476 9925
0.662476 8836
0.662513 8836
0.662525 8836
0.662549 8836
0.662573 8836
0.662597 8836
0.662621 8836
0.664207 8836
0.664243 8836
0.664267 8836
0.664291 8836
0.664315 8836
0.664339 8836
0.665901 8836
0.665925 8836
0.665961 8836
0.665985 8836
0.666009 8836
0.666033 8836
0.666057 8836
0.6678 8836
0.6678 8836
0.6678 9884
0.667824 9884
0.667848 9884
0.667884 9884
0.667908 9884
0.667932 9884
0.667956 9884
0.66798 9884
0.669662 9884
0.669662 9884
0.669662 8726
0.669698 8726
0.669746 8726
0.66977 8726
0.669794 8726
0.669818 8726
0.669842 8726
0.67132 8726
0.671392 8726
0.671416 8726
0.67144 8726
0.671464 8726
0.671488 8726
0.673027 8726
0.673051 8726
0.673111 8726
0.673147 8726
0.673171 8726
0.673195 8726
0.673219 8726
0.674961 8726
0.674961 8726
0.674961 9758
0.674985 9758
0.675045 9758
0.675069 9758
0.675105 9758
0.675129 9758
0.675153 9758
0.675177 9758
0.676776 9758
0.676776 9758
0.676776 8539
0.67686 8539
0.676884 8539
0.67692 8539
0.676956 8539
0.67698 8539
0.677004 8539
0.678434 8539
0.678518 8539
0.678554 8539
0.67859 8539
0.678614 8539
0.678638 8539
0.680176 8539
0.680272 8539
0.680296 8539
0.68032 8539
0.680368 8539
0.680404 8539
0.680428 8539
0.682159 8539
0.682159 8539
0.682159 9701
0.682267 9701
0.682291 9701
0.682315 9701
0.682327 9701
0.682387 9701
0.682423 9701
0.682459 9701
0.683985 9701
0.683985 9701
0.683985 8498
0.684105 8498
0.684129 8498
0.684153 8498
0.684177 8498
0.684213 8498
0.684261 8498
0.685619 8498
0.685751 8498
0.685775 8498
0.6858 8498
0.685824 8498
0.685872 8498
0.687362 8498
0.687518 8498
0.687542 8498
0.687566 8498
0.68759 8498
0.687614 8498
0.687674 8498
0.689332 8498
0.689332 8498
0.689332 9924
0.689512 9924
0.689536 9924
0.689561 9924
0.689585 9924
0.689609 9924
0.689633 9924
0.689693 9924
0.691171 9924
0.691171 9924
0.691171 8990
0.691351 8990
0.691375 8990
0.691399 8990
0.691423 8990
0.691435 8990
0.691495 8990
0.692793 8990
0.692973 8990
0.692997 8990
0.693021 8990
0.693033 8990
0.693081 8990
0.693105 8990
0.694571 8990
0.694775 8990
0.694812 8990
0.694812 8990
0.694812 9534
0.694836 9534
0.694848 9534
0.694896 9534
0.69492 9534
0.694944 9534
0.696566 9534
0.696794 9534
0.69683 9534
0.69683 9534
0.69683 8456
0.696854 8456
0.696878 8456
0.696902 8456
0.696926 8456
0.698344 8456
0.698585 8456
0.698633 8456
0.698657 8456
0.698681 8456
0.698705 8456
0.699954 8456
0.700183 8456
0.700231 8456
0.700255 8456
0.700279 8456
0.700291 8456
0.700315 8456
0.701721 8456
0.701997 8456
0.701997 8456
0.701997 9654
0.702045 9654
0.702069 9654
0.702105 9654
0.702117 9654
0.702141 9654
0.702153 9654
0.703727 9654
0.704028 9654
0.704028 9654
0.704028 8664
0.704076 8664
0.704088 8664
0.704112 8664
0.704124 8664
0.704136 8664
0.705518 8664
0.705842 8664
0.705842 8664
0.705842 7697
0.705866 7697
0.70589 7697
0.705902 7697
0.705914 7697
0.707128 7697
0.70744 7697
0.707476 7697
0.707488 7697
0.7075 7697
0.708894 7697
0.708918 7697
0.709219 7697
0.709267 7697
0.709279 7697
0.709291 7697
0.710853 7697
0.710853 7697
0.710853 8891
0.710877 8891
0.710901 8891
0.711225 8891
0.711273 8891
0.711285 8891
0.711297 8891
0.712691 8891
0.712691 8891
0.712691 8021
0.712715 8021
0.713028 8021
0.713088 8021
0.7131 8021
0.713112 8021
0.713136 8021
0.71435 8021
0.71471 8021
0.714722 8021
0.714734 8021
0.714758 8021
0.71477 8021
0.716032 8021
0.716428 8021
0.71644 8021
0.716452 8021
0.716476 8021
0.716488 8021
0.7165 8021
0.717918 8021
0.717918 8021
0.717918 9607
0.718363 9607
0.718375 9607
0.718387 9607
0.718411 9607
0.718423 9607
0.718435 9607
0.718459 9607
0.719853 9607
0.719853 9607
0.719853 8620
0.720261 8620
0.720285 8620
0.720297 8620
0.720309 8620
0.720321 8620
0.720346 8620
0.721535 8620
0.721944 8620
0.721956 8620
0.721968 8620
0.72198 8620
0.722004 8620
0.723181 8620
0.723205 8620
0.723662 8620
0.723674 8620
0.723686 8620
0.723698 8620
0.723722 8620
0.725068 8620
0.725068 8620
0.725068 9793
0.725092 9793
0.725597 9793
0.725609 9793
0.725621 9793
0.725633 9793
0.725657 9793
0.725669 9793
0.726918 9793
0.726918 9793
0.726918 8789
0.727411 8789
0.727423 8789
0.727435 8789
0.727447 8789
0.727471 8789
0.727483 8789
0.728576 8789
0.729045 8789
0.729057 8789
0.729069 8789
0.729093 8789
0.729105 8789
0.730223 8789
0.730247 8789
0.730775 8789
0.730787 8789
0.730799 8789
0.730823 8789
0.730835 8789
0.732109 8789
0.732109 8789
0.732109 9882
0.732133 9882
0.732157 9882
0.732746 9882
0.732758 9882
0.73277 9882
0.732794 9882
0.732806 9882
0.734032 9882
0.734032 9882
0.734032 8744
0.734044 8744
0.734596 8744
0.734609 8744
0.734621 8744
0.734645 8744
0.734657 8744
0.735774 8744
0.736267 8744
0.736279 8744
0.736291 8744
0.736315 8744
0.736327 8744
0.737372 8744
0.737396 8744
0.737961 8744
0.737973 8744
0.737985 8744
0.738009 8744
0.738021 8744
0.739163 8744
0.739187 8744
0.739211 8744
0.739835 8744
0.739835 8744
0.739835 10235
0.739847 10235
0.73986 10235
0.739884 10235
0.739896 10235
0.741181 10235
0.741205 10235
0.741229 10235
0.741782 10235
0.741782 10235
0.741782 9023
0.741794 9023
0.741818 9023
0.74183 9023
0.742996 9023
0.74302 9023
0.743044 9023
0.743524 9023
0.743548 9023
0.74356 9023
0.744606 9023
0.74463 9023
0.744654 9023
0.744678 9023
0.745195 9023
0.745219 9023
0.745231 9023
0.74642 9023
0.74642 9023
0.74642 9387
0.746432 9387
0.746456 9387
0.74648 9387
0.746504 9387
0.747081 9387
0.747105 9387
0.747117 9387
0.748427 9387
0.748427 9387
0.748427 8348
0.748463 8348
0.748487 8348
0.748499 8348
0.74898 8348
0.749016 8348
0.749028 8348
0.750193 8348
0.750253 8348
0.750265 8348
0.75065 8348
0.750698 8348
0.75071 8348
0.751839 8348
0.7519 8348
0.751912 8348
0.751936 8348
0.752344 8348
0.752404 8348
0.752416 8348
0.753702 8348
0.753702 8348
0.753702 9606
0.753762 9606
0.753786 9606
0.75381 9606
0.753834 9606
0.754279 9606
0.754339 9606
0.754363 9606
0.755673 9606
0.755673 9606
0.755673 8575
0.755745 8575
0.755769 8575
0.755793 8575
0.756165 8575
0.756225 8575
0.756249 8575
0.757451 8575
0.757523 8575
0.757547 8575
0.757871 8575
0.75792 8575
0.757944 8575
0.759061 8575
0.759145 8575
0.759169 8575
0.759181 8575
0.75953 8575
0.75959 8575
0.759614 8575
0.760888 8575
0.760888 8575
0.760888 9703
0.760972 9703
0.761008 9703
0.76102 9703
0.761044 9703
0.761404 9703
0.761476 9703
0.7615 9703
0.762894 9703
0.762894 9703
0.762894 8572
0.76299 8572
0.763014 8572
0.763026 8572
0.763315 8572
0.763375 8572
0.763399 8572
0.764673 8572
0.764793 8572
0.764805 8572
0.765021 8572
0.765093 8572
0.765105 8572
0.766283 8572
0.766415 8572
0.766427 8572
0.766451 8572
0.766667 8572
0.766751 8572
0.766763 8572
0.768109 8572
0.768109 8572
0.768109 9713
0.768265 9713
0.768277 9713
0.768301 9713
0.768313 9713
0.768542 9713
0.768626 9713
0.76865 9713
0.770104 9713
0.770104 9713
0.770104 8538
0.770272 8538
0.770284 8538
0.770308 8538
0.770464 8538
0.770548 8538
0.770584 8538
0.771894 8538
0.772074 8538
0.772098 8538
0.772207 8538
0.772279 8538
0.772327 8538
0.773468 8538
0.773661 8538
0.773685 8538
0.773697 8538
0.773805 8538
0.773889 8538
0.773937 8538
0.775223 8538
0.775427 8538
0.775463 8538
0.775475 8538
0.775499 8538
0.775595 8538
0.775691 8538
0.775739 8538
0.777193 8538
0.777193 8538
0.777193 10860
0.777422 10860
0.777458 10860
0.77747 10860
0.777494 10860
0.777518 10860
0.777602 10860
0.77771 10860
0.777758 10860
0.779032 10860
0.779032 10860
0.779032 9561
0.779272 9561
0.779296 9561
0.77932 9561
0.779344 9561
0.779392 9561
0.7795 9561
0.779548 9561
0.780654 9561
0.780906 9561
0.78093 9561
0.780942 9561
0.780978 9561
0.781086 9561
0.781134 9561
0.78242 9561
0.782709 9561
0.782733 9561
0.782745 9561
0.782769 9561
0.782769 9561
0.782769 10432
0.782793 10432
0.782901 10432
0.782961 10432
0.784427 10432
0.784727 10432
0.784763 10432
0.784775 10432
0.784799 10432
0.784799 10432
0.784799 9272
0.784883 9272
0.784944 9272
0.786217 9272
0.786506 9272
0.786554 9272
0.786566 9272
0.78659 9272
0.786602 9272
0.787851 9272
0.788152 9272
0.788212 9272
0.788224 9272
0.788248 9272
0.78826 9272
0.788272 9272
0.789678 9272
0.789678 9272
0.789678 9894
0.790026 9894
0.790086 9894
0.79011 9894
0.790134 9894
0.790146 9894
0.790158 9894
0.79017 9894
0.791697 9894
0.791697 9894
0.791697 8938
0.792045 8938
0.792069 8938
0.792093 8938
0.792105 8938
0.792117 8938
0.792129 8938
0.793487 8938
0.793787 8938
0.793811 8938
0.793823 8938
0.793835 8938
0.793847 8938
0.793871 8938
0.795121 8938
0.795446 8938
0.79547 8938
0.795482 8938
0.795494 8938
0.795506 8938
0.79553 8938
0.79696 8938
0.79696 8938
0.79696 10211
0.796984 10211
0.797344 10211
0.797368 10211
0.79738 10211
0.797392 10211
0.797404 10211
0.797428 10211
0.798966 10211
0.798966 10211
0.798966 9012
0.799291 9012
0.799315 9012
0.799327 9012
0.799339 9012
0.799351 9012
0.799375 9012
0.800769 9012
0.801069 9012
0.801081 9012
0.801093 9012
0.801105 9012
0.801129 9012
0.801153 9012
0.802391 9012
0.802715 9012
0.802727 9012
0.802739 9012
0.802751 9012
0.802775 9012
0.802799 9012
0.802835 9012
0.804229 9012
0.804229 9012
0.804229 10328
0.80459 10328
0.804602 10328
0.804614 10328
0.804626 10328
0.80465 10328
0.804674 10328
0.804722 10328
0.806176 10328
0.806176 10328
0.806176 9051
0.806488 9051
0.8065 9051
0.806512 9051
0.806536 9051
0.80656 9051
0.806596 9051
0.80662 9051
0.807906 9051
0.808182 9051
0.808207 9051
0.808231 9051
0.808255 9051
0.808279 9051
0.808291 9051
0.809516 9051
0.809853 9051
0.809877 9051
0.809901 9051
0.809937 9051
0.809961 9051
0.809973 9051
0.809997 9051
0.811355 9051
0.811355 9051
0.811355 10436
0.811739 10436
0.811763 10436
0.811787 10436
0.811823 10436
0.811847 10436
0.811859 10436
0.811883 10436
0.811907 10436
0.813313 10436
0.813313 10436
0.813313 9178
0.813662 9178
0.813686 9178
0.81371 9178
0.813722 9178
0.813746 9178
0.813758 9178
0.81377 9178
0.81508 9178
0.815404 9178
0.815416 9178
0.81544 9178
0.815452 9178
0.815464 9178
0.815488 9178
0.81675 9178
0.81711 9178
0.817122 9178
0.817146 9178
0.817158 9178
0.81717 9178
0.817194 9178
0.817206 9178
0.818636 9178
0.818636 9178
0.818636 10429
0.819045 10429
0.819057 10429
0.819081 10429
0.819093 10429
0.819105 10429
0.819129 10429
0.819141 10429
0.819165 10429
0.820583 10429
0.820583 10429
0.820583 9115
0.820968 9115
0.82098 9115
0.820992 9115
0.821016 9115
0.821028 9115
0.82104 9115
0.821052 9115
0.822337 9115
0.822698 9115
0.822722 9115
0.822734 9115
0.822746 9115
0.822758 9115
0.822782 9115
0.823959 9115
0.824368 9115
0.824392 9115
0.824404 9115
0.824416 9115
0.824428 9115
0.824452 9115
0.824464 9115
0.825798 9115
0.825798 9115
0.825798 10344
0.826243 10344
0.826279 10344
0.826291 10344
0.826303 10344
0.826315 10344
0.826339 10344
0.826351 10344
0.826375 10344
0.827769 10344
0.827769 10344
0.827769 9021
0.828141 9021
0.828153 9021
0.828165 9021
0.828189 9021
0.828201 9021
0.828213 9021
0.828225 9021
0.829547 9021
0.829847 9021
0.829871 9021
0.829883 9021
0.829895 9021
0.829907 9021
0.829931 9021
0.831157 9021
0.831518 9021
0.831542 9021
0.831554 9021
0.831566 9021
0.831578 9021
0.831602 9021
0.831614 9021
0.832959 9021
0.83338 9021
0.83338 9021
0.83338 10378
0.833404 10378
0.833416 10378
0.833428 10378
0.83344 10378
0.833464 10378
0.833476 10378
0.8335 10378
0.835002 10378
0.835375 10378
0.835375 10378
0.835375 9061
0.835399 9061
0.835411 9061
0.835435 9061
0.835447 9061
0.835459 9061
0.835483 9061
0.836841 9061
0.837177 9061
0.837213 9061
0.837225 9061
0.837237 9061
0.837261 9061
0.837273 9061
0.838499 9061
0.838799 9061
0.838835 9061
0.838847 9061
0.838859 9061
0.838883 9061
0.838907 9061
0.838919 9061
0.840229 9061
0.840578 9061
0.840614 9061
0.840626 9061
0.840638 9061
0.840662 9061
0.840686 9061
0.840698 9061
0.842164 9061
0.842164 9061
0.842164 11327
0.842188 11327
0.842584 11327
0.842632 11327
0.842644 11327
0.842656 11327
0.84268 11327
0.842704 11327
0.842716 11327
0.844038 11327
0.844038 11327
0.844038 10007
0.844387 10007
0.844447 10007
0.844459 10007
0.844471 10007
0.844495 10007
0.844519 10007
0.844543 10007
0.845744 10007
0.846069 10007
0.846093 10007
0.846105 10007
0.846129 10007
0.846153 10007
0.846177 10007
0.847427 10007
0.847787 10007
0.847811 10007
0.847823 10007
0.847835 10007
0.847859 10007
0.847895 10007
0.847919 10007
0.849313 10007
0.849313 10007
0.849313 11008
0.84971 11008
0.849734 11008
0.849746 11008
0.849758 11008
0.849782 11008
0.849794 11008
0.84983 11008
0.849866 11008
0.851284 11008
0.851284 11008
0.851284 9698
0.851632 9698
0.851644 9698
0.851668 9698
0.85168 9698
0.851692 9698
0.851728 9698
0.851777 9698
0.853038 9698
0.853351 9698
0.853363 9698
0.853375 9698
0.853399 9698
0.853423 9698
0.853471 9698
0.85466 9698
0.855021 9698
0.855045 9698
0.855057 9698
0.855081 9698
0.855105 9698
0.855129 9698
0.855177 9698
0.856499 9698
0.856499 9698
0.856499 10774
0.856895 10774
0.856931 10774
0.856943 10774
0.856967 10774
0.856991 10774
0.857016 10774
0.85704 10774
0.857088 10774
0.858457 10774
0.858457 10774
0.858457 9439
0.858842 9439
0.858854 9439
0.858866 9439
0.85889 9439
0.858914 9439
0.858938 9439
0.858986 9439
0.860212 9439
0.860548 9439
0.86056 9439
0.860584 9439
0.860596 9439
0.86062 9439
0.860668 9439
0.86181 9439
0.862206 9439
0.862218 9439
0.862242 9439
0.862254 9439
0.862279 9439
0.862291 9439
0.862339 9439
0.86354 9439
0.863985 9439
0.863997 9439
0.864021 9439
0.864045 9439
0.864069 9439
0.864081 9439
0.864105 9439
0.864141 9439
0.865499 9439
0.865499 9439
0.865499 11782
0.866003 11782
0.866015 11782
0.86604 11782
0.866064 11782
0.8661 11782
0.866112 11782
0.866136 11782
0.866148 11782
0.866184 11782
0.867361 11782
0.867361 11782
0.867361 10394
0.86783 10394
0.867854 10394
0.86789 10394
0.867914 10394
0.867938 10394
0.86795 10394
0.867974 10394
0.867998 10394
0.869068 10394
0.869512 10394
0.869548 10394
0.869572 10394
0.869584 10394
0.869608 10394
0.869632 10394
0.869644 10394
0.870786 10394
0.871291 10394
0.871327 10394
0.871363 10394
0.871375 10394
0.871399 10394
0.871423 10394
0.871435 10394
0.871459 10394
0.87272 10394
0.87272 10394
0.87272 11916
0.873285 11916
0.873321 11916
0.873357 11916
0.873381 11916
0.873405 11916
0.873429 11916
0.873441 11916
0.873465 11916
0.873489 11916
0.874619 11916
0.874619 11916
0.874619 10836
0.875136 10836
0.875172 10836
0.875196 10836
0.87522 10836
0.875232 10836
0.875256 10836
0.875268 10836
0.87528 10836
0.876277 10836
0.876758 10836
0.876782 10836
0.876794 10836
0.876818 10836
0.87683 10836
0.876842 10836
0.876854 10836
0.877995 10836
0.878524 10836
0.87856 10836
0.878572 10836
0.878596 10836
0.878608 10836
0.87862 10836
0.878632 10836
0.878656 10836
0.879942 10836
0.879942 10836
0.879942 12421
0.880531 12421
0.880579 12421
0.880591 12421
0.880615 12421
0.880627 12421
0.880639 12421
0.880651 12421
0.880675 12421
0.880687 12421
0.881829 12421
0.881829 12421
0.881829 11295
0.882393 11295
0.882417 11295
0.882429 11295
0.882441 11295
0.882453 11295
0.882477 11295
0.882489 11295
0.882501 11295
0.883511 11295
0.884027 11295
0.884039 11295
0.884052 11295
0.884076 11295
0.884088 11295
0.8841 11295
0.884112 11295
0.885217 11295
0.885806 11295
0.885818 11295
0.88583 11295
0.885854 11295
0.885866 11295
0.885878 11295
0.88589 11295
0.885902 11295
0.887164 11295
0.887164 11295
0.887164 12612
0.887813 12612
0.887825 12612
0.887837 12612
0.887861 12612
0.887873 12612
0.887885 12612
0.887897 12612
0.887909 12612
0.887933 12612
0.889062 12612
0.889062 12612
0.889062 11311
0.889651 11311
0.889663 11311
0.889675 11311
0.889687 11311
0.889699 11311
0.889711 11311
0.889723 11311
0.889735 11311
0.890744 11311
0.891261 11311
0.891273 11311
0.891285 11311
0.891297 11311
0.891309 11311
0.891321 11311
0.891333 11311
0.892391 11311
0.892979 11311
0.893003 11311
0.893015 11311
0.893027 11311
0.893039 11311
0.893051 11311
0.893064 11311
0.893076 11311
0.894241 11311
0.894241 11311
0.894241 12814
0.89489 12814
0.894914 12814
0.894938 12814
0.89495 12814
0.894962 12814
0.894974 12814
0.894986 12814
0.894998 12814
0.895022 12814
0.896236 12814
0.896236 12814
0.896236 11725
0.896788 11725
0.896812 11725
0.896837 11725
0.896849 11725
0.896861 11725
0.896873 11725
0.896885 11725
0.896909 11725
0.89799 11725
0.898471 11725
0.898507 11725
0.898519 11725
0.898531 11725
0.898543 11725
0.898555 11725
0.898579 11725
0.899624 11725
0.899648 11725
0.900177 11725
0.900213 11725
0.900237 11725
0.900249 11725
0.900261 11725
0.900273 11725
0.900297 11725
0.901499 11725
0.901499 11725
0.901499 12667
0.901523 12667
0.901547 12667
0.902112 12667
0.902148 12667
0.902172 12667
0.902196 12667
0.902208 12667
0.90222 12667
0.902244 12667
0.903457 12667
0.903457 12667
0.903457 11207
0.903962 11207
0.903986 11207
0.90401 11207
0.904034 11207
0.904058 11207
0.90407 11207
0.904082 11207
0.904106 11207
0.905164 11207
0.905632 11207
0.905656 11207
0.905668 11207
0.905692 11207
0.905704 11207
0.905716 11207
0.90574 11207
0.906822 11207
0.907339 11207
0.907375 11207
0.907387 11207
0.907411 11207
0.907423 11207
0.907435 11207
0.907447 11207
0.907471 11207
0.908708 11207
0.908708 11207
0.908708 12255
0.909285 12255
0.909333 12255
0.909345 12255
0.909369 12255
0.909381 12255
0.909393 12255
0.909405 12255
0.909429 12255
0.909441 12255
0.910667 12255
0.910667 12255
0.910667 10900
0.91122 10900
0.911244 10900
0.911256 10900
0.911268 10900
0.91128 10900
0.911304 10900
0.911316 10900
0.911328 10900
0.912421 10900
0.912926 10900
0.912938 10900
0.91295 10900
0.912974 10900
0.912986 10900
0.912998 10900
0.91301 10900
0.914079 10900
0.914656 10900
0.91468 10900
0.914692 10900
0.914716 10900
0.914728 10900
0.91474 10900
0.914752 10900
0.914776 10900
0.915954 10900
0.915954 10900
0.915954 11908
0.916603 11908
0.916639 11908
0.916651 11908
0.916675 11908
0.916687 11908
0.916699 11908
0.916711 11908
0.916735 11908
0.916747 11908
0.917853 11908
0.917853 11908
0.917853 10471
0.918453 10471
0.918477 10471
0.918489 10471
0.918501 10471
0.918513 10471
0.918537 10471
0.918549 10471
0.918573 10471
0.919535 10471
0.9201 10471
0.920112 10471
0.920124 10471
0.920148 10471
0.92016 10471
0.920184 10471
0.920196 10471
0.921253 10471
0.92189 10471
0.921902 10471
0.921914 10471
0.921938 10471
0.92195 10471
0.921974 10471
0.921986 10471
0.92201 10471
0.9232 10471
0.9232 10471
0.9232 11998
0.923909 11998
0.923921 11998
0.923933 11998
0.923957 11998
0.923969 11998
0.923993 11998
0.924017 11998
0.924041 11998
0.924065 11998
0.925062 11998
0.925062 11998
0.925062 10768
0.925723 10768
0.925735 10768
0.925747 10768
0.925771 10768
0.925807 10768
0.925831 10768
0.925843 10768
0.925867 10768
0.926744 10768
0.927321 10768
0.927345 10768
0.927393 10768
0.927405 10768
0.927417 10768
0.927429 10768
0.927453 10768
0.928451 10768
0.929099 10768
0.929136 10768
0.929184 10768
0.929208 10768
0.92922 10768
0.929232 10768
0.929256 10768
0.929256 10768
0.929256 12029
0.92928 12029
0.930397 12029
0.931106 12029
0.931154 12029
0.931202 12029
0.931238 12029
0.93125 12029
0.931262 12029
0.931286 12029
0.931298 12029
0.931298 12029
0.931298 10921
0.932873 10921
0.932933 10921
0.932981 10921
0.933029 10921
0.933041 10921
0.933053 10921
0.933077 10921
0.933089 10921
0.933101 10921
0.934531 10921
0.934591 10921
0.934603 10921
0.934615 10921
0.934639 10921
0.934663 10921
0.934675 10921
0.934687 10921
0.936309 10921
0.936369 10921
0.936393 10921
0.936405 10921
0.936429 10921
0.936441 10921
0.936465 10921
0.936489 10921
0.936489 10921
0.936489 12533
0.936501 12533
0.938328 12533
0.938388 12533
0.938424 12533
0.938436 12533
0.93846 12533
0.938472 12533
0.938496 12533
0.938508 12533
0.938532 12533
0.938532 12533
0.938532 11533
0.940166 11533
0.940214 11533
0.940226 11533
0.94025 11533
0.940262 11533
0.940274 11533
0.940298 11533
0.94031 11533
0.940334 11533
0.941788 11533
0.9418 11533
0.941824 11533
0.941836 11533
0.941848 11533
0.941872 11533
0.941897 11533
0.941921 11533
0.943567 11533
0.943591 11533
0.943615 11533
0.943627 11533
0.943639 11533
0.943651 11533
0.943675 11533
0.943699 11533
0.943735 11533
0.943735 11533
0.943735 13092
0.945585 13092
0.945621 13092
0.945646 13092
0.945658 13092
0.94567 13092
0.945682 13092
0.945694 13092
0.945718 13092
0.945742 13092
0.945766 13092
0.945766 13092
0.945766 12207
0.947424 12207
0.947448 12207
0.94746 12207
0.947472 12207
0.947484 12207
0.947496 12207
0.94752 12207
0.947544 12207
0.947568 12207
0.949046 12207
0.949058 12207
0.94907 12207
0.949082 12207
0.949094 12207
0.949118 12207
0.94913 12207
0.949154 12207
0.94919 12207
0.950872 12207
0.950872 12207
0.950872 12736
0.950884 12736
0.950897 12736
0.950909 12736
0.950921 12736
0.950945 12736
0.950957 12736
0.950981 12736
0.950993 12736
0.951029 12736
0.952903 12736
0.952903 12736
0.952903 11764
0.952915 11764
0.952927 11764
0.952939 11764
0.952951 11764
0.952963 11764
0.952975 11764
0.952987 11764
0.953023 11764
0.954694 11764
0.954706 11764
0.954718 11764
0.95473 11764
0.954742 11764
0.954754 11764
0.954766 11764
0.95479 11764
0.95628 11764
0.956292 11764
0.956304 11764
0.956316 11764
0.956328 11764
0.95634 11764
0.956352 11764
0.956376 11764
0.9564 11764
0.958106 11764
0.958106 11764
0.958106 12843
0.958118 12843
0.95813 12843
0.958142 12843
0.958154 12843
0.958166 12843
0.958178 12843
0.958202 12843
0.958214 12843
0.958238 12843
0.960125 12843
0.960125 12843
0.960125 11684
0.960137 11684
0.960149 11684
0.960161 11684
0.960173 11684
0.960185 11684
0.960197 11684
0.960209 11684
0.960221 11684
0.961915 11684
0.961927 11684
0.961939 11684
0.961951 11684
0.961963 11684
0.961975 11684
0.961987 11684
0.961999 11684
0.963489 11684
0.963501 11684
0.963513 11684
0.963525 11684
0.963537 11684
0.963549 11684
0.963561 11684
0.963573 11684
0.963597 11684
0.965292 11684
0.965316 11684
0.965316 11684
0.965316 12762
0.965328 12762
0.96534 12762
0.965352 12762
0.965364 12762
0.965376 12762
0.965388 12762
0.965412 12762
0.965424 12762
0.967334 12762
0.96737 12762
0.96737 12762
0.96737 11356
0.967382 11356
0.967394 11356
0.967406 11356
0.967419 11356
0.967443 11356
0.967455 11356
0.967467 11356
0.969137 11356
0.969185 11356
0.969185 11356
0.969185 10014
0.969197 10014
0.969209 10014
0.969221 10014
0.969245 10014
0.969257 10014
0.969269 10014
0.970735 10014
0.970795 10014
0.970807 10014
0.970819 10014
0.970843 10014
0.970855 10014
0.970867 10014
0.972537 10014
0.972597 10014
0.972609 10014
0.972621 10014
0.972645 10014
0.972645 10014
0.972645 10627
0.972657 10627
0.97267 10627
0.972682 10627
0.97452 10627
0.974592 10627
0.974604 10627
0.974616 10627
0.97464 10627
0.974652 10627
0.974652 10627
0.974652 9531
0.974664 9531
0.97631 9531
0.976382 9531
0.976406 9531
0.976418 9531
0.976443 9531
0.976455 9531
0.976467 9531
0.976467 9531
0.976467 8673
0.977957 8673
0.977981 8673
0.978005 8673
0.978029 8673
0.978041 8673
0.978053 8673
0.978065 8673
0.979783 8673
0.979807 8673
0.979831 8673
0.979843 8673
0.979855 8673
0.979867 8673
0.979891 8673
0.979891 8673
0.979891 9279
0.981778 9279
0.981814 9279
0.981838 9279
0.98185 9279
0.981862 9279
0.981874 9279
0.981898 9279
0.981898 9279
0.981898 8366
0.98358 8366
0.983604 8366
0.983616 8366
0.983628 8366
0.98364 8366
0.983664 8366
0.983676 8366
0.985214 8366
0.985226 8366
0.985238 8366
0.98525 8366
0.985274 8366
0.985286 8366
0.987029 8366
0.987029 8366
0.987029 9164
0.987041 9164
0.987053 9164
0.987065 9164
0.987089 9164
0.987101 9164
0.987113 9164
0.989059 9164
0.989059 9164
0.989059 8486
0.989071 8486
0.989083 8486
0.989107 8486
0.989119 8486
0.989131 8486
0.989155 8486
0.990886 8486
0.990886 8486
0.990886 7671
0.990898 7671
0.990922 7671
0.990934 7671
0.990946 7671
0.99097 7671
0.992508 7671
0.992532 7671
0.992544 7671
0.992556 7671
0.99258 7671
0.992604 7671
0.99419 7671
0.994214 7671
0.994226 7671
0.994238 7671
0.994262 7671
0.994286 7671
0.994322 7671
0.996089 7671
0.996089 7671
0.996089 9175
0.996125 9175
0.996137 9175
0.996149 9175
0.996173 9175
0.996197 9175
0.996233 9175
0.997939 9175
0.997939 9175
0.997939 8128
0.997975 8128
0.997987 8128
0.998011 8128
0.998035 8128
0.998047 8128
0.998071 8128
0.999597 8128
0.999645 8128
0.999669 8128
0.999681 8128
0.999693 8128
0.999718 8128
1.00126 8128
1.00132 8128
1.00134 8128
1.00135 8128
1.00136 8128
1.00139 8128
1.0014 8128
1.00311 8128
1.00311 8128
1.00311 9556
1.00318 9556
1.0032 9556
1.00321 9556
1.00323 9556
1.00325 9556
1.00326 9556
1.00327 9556
1.00502 9556
1.00502 9556
1.00502 8424
1.00511 8424
1.00512 8424
1.00515 8424
1.00516 8424
1.00517 8424
1.00518 8424
1.00676 8424
1.00688 8424
1.0069 8424
1.00692 8424
1.00693 8424
1.00694 8424
1.00838 8424
1.00851 8424
1.00854 8424
1.00855 8424
1.00856 8424
1.00857 8424
1.00859 8424
1.01018 8424
1.01034 8424
1.01034 8424
1.01034 9746
1.01036 9746
1.01038 9746
1.01039 9746
1.0104 9746
1.01041 9746
1.01044 9746
1.0122 9746
1.01235 9746
1.01235 9746
1.01235 8505
1.01237 8505
1.01238 8505
1.01239 8505
1.01242 8505
1.01243 8505
1.014 8505
1.01415 8505
1.01417 8505
1.01418 8505
1.01421 8505
1.01422 8505
1.0156 8505
1.01575 8505
1.01578 8505
1.01579 8505
1.01582 8505
1.01583 8505
1.01584 8505
1.01738 8505
1.01755 8505
1.01759 8505
1.0176 8505
1.01762 8505
1.01762 8505
1.01762 10064
1.01763 10064
1.01765 10064
1.01766 10064
1.01939 10064
1.01958 10064
1.01962 10064
1.01963 10064
1.01965 10064
1.01965 10064
1.01965 8824
1.01966 8824
1.01968 8824
1.02119 8824
1.02138 8824
1.02142 8824
1.02143 8824
1.02145 8824
1.02147 8824
1.02279 8824
1.02297 8824
1.02303 8824
1.02304 8824
1.02306 8824
1.02308 8824
1.0231 8824
1.02459 8824
1.02478 8824
1.02478 8824
1.02478 9654
1.02484 9654
1.02487 9654
1.02489 9654
1.0249 9654
1.02493 9654
1.02494 9654
1.02662 9654
1.02679 9654
1.02679 9654
1.02679 8674
1.02687 8674
1.02689 8674
1.02691 8674
1.02692 8674
1.02693 8674
1.02842 8674
1.02858 8674
1.02865 8674
1.02868 8674
1.02869 8674
1.0287 8674
1.03 8674
1.03017 8674
1.03019 8674
1.03026 8674
1.03029 8674
1.0303 8674
1.03031 8674
1.03178 8674
1.03194 8674
1.03198 8674
1.03205 8674
1.03209 8674
1.03209 8674
1.03209 10427
1.0321 10427
1.03211 10427
1.03212 10427
1.03378 10427
1.03396 10427
1.034 10427
1.03408 10427
1.03412 10427
1.03412 10427
1.03412 9237
1.03413 9237
1.03414 9237
1.03559 9237
1.03577 9237
1.03581 9237
1.0359 9237
1.03592 9237
1.03596 9237
1.03596 9237
1.03596 8380
1.0372 8380
1.03736 8380
1.03741 8380
1.03744 8380
1.03751 8380
1.03753 8380
1.03758 8380
1.03902 8380
1.03908 8380
1.03911 8380
1.03919 8380
1.03921 8380
1.03927 8380
1.04091 8380
1.04091 8380
1.04091 9029
1.04093 9029
1.04098 9029
1.04102 9029
1.0411 9029
1.04112 9029
1.04118 9029
1.04285 9029
1.04285 9029
1.04285 8216
1.04292 8216
1.04295 8216
1.043 8216
1.04302 8216
1.04308 8216
1.04311 8216
1.04461 8216
1.04472 8216
1.04473 8216
1.04474 8216
1.04479 8216
1.04483 8216
1.04626 8216
1.04636 8216
1.04638 8216
1.04639 8216
1.04641 8216
1.04646 8216
1.0465 8216
1.04809 8216
1.04809 8216
1.04809 9667
1.0482 9667
1.04821 9667
1.04823 9667
1.04825 9667
1.04827 9667
1.04831 9667
1.04835 9667
1.05008 9667
1.05008 9667
1.05008 8676
1.05017 8676
1.0502 8676
1.05021 8676
1.05022 8676
1.05023 8676
1.05027 8676
1.05184 8676
1.05194 8676
1.05195 8676
1.05196 8676
1.05198 8676
1.05199 8676
1.05351 8676
1.05354 8676
1.05362 8676
1.05363 8676
1.05365 8676
1.05366 8676
1.05367 8676
1.05539 8676
1.05539 8676
1.05539 9812
1.05541 9812
1.05551 9812
1.05552 9812
1.05553 9812
1.05554 9812
1.05556 9812
1.05558 9812
1.05729 9812
1.05729 9812
1.05729 8639
1.05741 8639
1.05742 8639
1.05743 8639
1.05744 8639
1.05745 8639
1.05747 8639
1.05902 8639
1.05914 8639
1.05915 8639
1.05916 8639
1.05917 8639
1.05918 8639
1.06065 8639
1.06067 8639
1.06081 8639
1.06082 8639
1.06083 8639
1.06084 8639
1.06085 8639
1.06251 8639
1.06251 8639
1.06251 9698
1.06254 9698
1.06268 9698
1.06269 9698
1.06271 9698
1.06272 9698
1.06273 9698
1.06275 9698
1.06446 9698
1.06446 9698
1.06446 8452
1.0646 8452
1.06462 8452
1.06463 8452
1.06464 8452
1.06466 8452
1.06468 8452
1.0662 8452
1.06635 8452
1.06636 8452
1.06637 8452
1.06639 8452
1.06641 8452
1.06779 8452
1.06797 8452
1.06798 8452
1.06799 8452
1.06802 8452
1.06803 8452
1.06804 8452
1.06957 8452
1.06977 8452
1.06978 8452
1.06979 8452
1.06982 8452
1.06982 8452
1.06982 10217
1.06983 10217
1.06984 10217
1.06985 10217
1.07159 10217
1.07181 10217
1.07183 10217
1.07184 10217
1.07186 10217
1.07186 10217
1.07186 8908
1.07187 8908
1.07189 8908
1.0734 8908
1.07364 8908
1.07365 8908
1.07366 8908
1.07369 8908
1.07369 8908
1.07369 7746
1.0737 7746
1.07503 7746
1.07527 7746
1.07529 7746
1.0753 7746
1.07532 7746
1.07533 7746
1.07703 7746
1.07704 7746
1.07705 7746
1.07708 7746
1.07709 7746
1.0771 7746
1.07902 7746
1.07902 7746
1.07902 8440
1.07904 8440
1.07905 8440
1.07907 8440
1.07908 8440
1.0791 8440
1.07912 8440
1.08084 8440
1.08084 8440
1.08084 7632
1.08085 7632
1.08087 7632
1.08089 7632
1.0809 7632
1.08092 7632
1.0825 7632
1.08252 7632
1.08253 7632
1.08254 7632
1.08257 7632
1.08259 7632
1.08429 7632
1.08432 7632
1.08433 7632
1.08435 7632
1.08437 7632
1.08439 7632
1.08442 7632
1.08442 7632
1.08442 9292
1.08624 9292
1.08629 9292
1.0863 9292
1.08632 9292
1.08634 9292
1.08638 9292
1.0864 9292
1.0864 9292
1.0864 8461
1.08811 8461
1.08812 8461
1.08813 8461
1.08816 8461
1.08818 8461
1.0882 8461
1.08823 8461
1.08823 8461
1.08823 7562
1.08973 7562
1.08974 7562
1.08977 7562
1.08979 7562
1.08981 7562
1.08985 7562
1.09148 7562
1.0915 7562
1.09152 7562
1.09156 7562
1.09158 7562
1.0916 7562
1.09344 7562
1.09344 7562
1.09344 8300
1.09345 8300
1.09348 8300
1.09351 8300
1.09355 8300
1.09357 8300
1.09359 8300
1.09527 8300
1.09527 8300
1.09527 7601
1.0953 7601
1.09533 7601
1.09536 7601
1.09539 7601
1.0954 7601
1.09694 7601
1.09699 7601
1.09702 7601
1.09705 7601
1.09706 7601
1.09708 7601
1.09865 7601
1.09871 7601
1.09874 7601
1.09878 7601
1.09879 7601
1.09881 7601
1.09884 7601
1.10054 7601
1.10054 7601
1.10054 9188
1.1006 9188
1.10065 9188
1.1007 9188
1.10071 9188
1.10074 9188
1.10076 9188
1.10239 9188
1.10239 9188
1.10239 8174
1.10248 8174
1.10254 8174
1.10255 8174
1.10257 8174
1.1026 8174
1.10261 8174
1.10406 8174
1.1042 8174
1.10422 8174
1.10423 8174
1.10426 8174
1.10427 8174
1.10577 8174
1.10591 8174
1.10594 8174
1.10595 8174
1.10598 8174
1.10599 8174
1.106 8174
1.10769 8174
1.10769 8174
1.10769 9614
1.10785 9614
1.10787 9614
1.10789 9614
1.10791 9614
1.10792 9614
1.10793 9614
1.10796 9614
1.10953 9614
1.10953 9614
1.10953 8489
1.10971 8489
1.10974 8489
1.10975 8489
1.10976 8489
1.10977 8489
1.1098 8489
1.1112 8489
1.11138 8489
1.11139 8489
1.11141 8489
1.11142 8489
1.11144 8489
1.11296 8489
1.11316 8489
1.11317 8489
1.11318 8489
1.1132 8489
1.11322 8489
1.11323 8489
1.11493 8489
1.11493 8489
1.11493 9675
1.11516 9675
1.11517 9675
1.11518 9675
1.11519 9675
1.11522 9675
1.11523 9675
1.11524 9675
1.11674 9675
1.11674 9675
1.11674 8618
1.11696 8618
1.11697 8618
1.11699 8618
1.11701 8618
1.11702 8618
1.11703 8618
1.11836 8618
1.11853 8618
1.11856 8618
1.11857 8618
1.11858 8618
1.11859 8618
1.12013 8618
1.12031 8618
1.12035 8618
1.12036 8618
1.12037 8618
1.12038 8618
1.12039 8618
1.12211 8618
1.12211 8618
1.12211 10109
1.1223 10109
1.12235 10109
1.12236 10109
1.12238 10109
1.12239 10109
1.1224 10109
1.12242 10109
1.12397 10109
1.12397 10109
1.12397 9168
1.12418 9168
1.12419 9168
1.1242 9168
1.12422 9168
1.12423 9168
1.12424 9168
1.12562 9168
1.1258 9168
1.12581 9168
1.12583 9168
1.12584 9168
1.12585 9168
1.12587 9168
1.12738 9168
1.12759 9168
1.1276 9168
1.12762 9168
1.12763 9168
1.12764 9168
1.12766 9168
1.12769 9168
1.12933 9168
1.12933 9168
1.12933 10571
1.12959 10571
1.1296 10571
1.12961 10571
1.12962 10571
1.12963 10571
1.12966 10571
1.12968 10571
1.12971 10571
1.13118 10571
1.13118 10571
1.13118 9479
1.1314 9479
1.13141 9479
1.13142 9479
1.13145 9479
1.13147 9479
1.13148 9479
1.13151 9479
1.13281 9479
1.13299 9479
1.13301 9479
1.13304 9479
1.13306 9479
1.13307 9479
1.1331 9479
1.13455 9479
1.13475 9479
1.13478 9479
1.1348 9479
1.13483 9479
1.13485 9479
1.13486 9479
1.13489 9479
1.13652 9479
1.13652 9479
1.13652 11146
1.13674 11146
1.13677 11146
1.1368 11146
1.13682 11146
1.13684 11146
1.13686 11146
1.13688 11146
1.13689 11146
1.13837 11146
1.13837 11146
1.13837 10161
1.13859 10161
1.13861 10161
1.13862 10161
1.13865 10161
1.13867 10161
1.13868 10161
1.13869 10161
1.14 10161
1.14018 10161
1.14021 10161
1.14023 10161
1.14026 10161
1.14027 10161
1.14028 10161
1.14173 10161
1.14176 10161
1.14195 10161
1.14197 10161
1.142 10161
1.14204 10161
1.14205 10161
1.14206 10161
1.14369 10161
1.14369 10161
1.14369 11581
1.14372 11581
1.14393 11581
1.14396 11581
1.14397 11581
1.14399 11581
1.14403 11581
1.14405 11581
1.14407 11581
1.14559 11581
1.14559 11581
1.14559 10489
1.14578 10489
1.1458 10489
1.14581 10489
1.14583 10489
1.14588 10489
1.1459 10489
1.14592 10489
1.14727 10489
1.14745 10489
1.14747 10489
1.14748 10489
1.14753 10489
1.14755 10489
1.14756 10489
1.14759 10489
1.14899 10489
1.14918 10489
1.14921 10489
1.14922 10489
1.14927 10489
1.14929 10489
1.1493 10489
1.14933 10489
1.14935 10489
1.15088 10489
1.15088 10489
1.15088 11878
1.1511 11878
1.15112 11878
1.15114 11878
1.15119 11878
1.15123 11878
1.15124 11878
1.15126 11878
1.15129 11878
1.1528 11878
1.1528 11878
1.1528 10758
1.15299 10758
1.15303 10758
1.15307 10758
1.1531 10758
1.15311 10758
1.15314 10758
1.15316 10758
1.15319 10758
1.15453 10758
1.15474 10758
1.15477 10758
1.15478 10758
1.15481 10758
1.15482 10758
1.15484 10758
1.15487 10758
1.1562 10758
1.15643 10758
1.15648 10758
1.15649 10758
1.15651 10758
1.15653 10758
1.15655 10758
1.15656 10758
1.15659 10758
1.15808 10758
1.15808 10758
1.15808 12020
1.15833 12020
1.15838 12020
1.1584 12020
1.15842 12020
1.15844 12020
1.15846 12020
1.15847 12020
1.1585 12020
1.15852 12020
1.15996 12020
1.15996 12020
1.15996 10710
1.16024 10710
1.16026 10710
1.16028 10710
1.1603 10710
1.16031 10710
1.16034 10710
1.16035 10710
1.16036 10710
1.16168 10710
1.16193 10710
1.16196 10710
1.16197 10710
1.16199 10710
1.16201 10710
1.16202 10710
1.16203 10710
1.16333 10710
1.16363 10710
1.16365 10710
1.16366 10710
1.16369 10710
1.1637 10710
1.16371 10710
1.16372 10710
1.16375 10710
1.16518 10710
1.16518 10710
1.16518 11846
1.16551 11846
1.16554 11846
1.16555 11846
1.16557 11846
1.16559 11846
1.1656 11846
1.16561 11846
1.16563 11846
1.16565 11846
1.1671 11846
1.1671 11846
1.1671 10421
1.1674 10421
1.16742 10421
1.16744 10421
1.16745 10421
1.16746 10421
1.16747 10421
1.16748 10421
1.1675 10421
1.16885 10421
1.16913 10421
1.16914 10421
1.16916 10421
1.16917 10421
1.16918 10421
1.16919 10421
1.1692 10421
1.17048 10421
1.17078 10421
1.17079 10421
1.1708 10421
1.17081 10421
1.17083 10421
1.17084 10421
1.17085 10421
1.17087 10421
1.1723 10421
1.1723 10421
1.1723 11552
1.17264 11552
1.17265 11552
1.17266 11552
1.17268 11552
1.17269 11552
1.1727 11552
1.17271 11552
1.17274 11552
1.17276 11552
1.17432 11552
1.17432 11552
1.17432 10109
1.17459 10109
1.1746 10109
1.17461 10109
1.17462 10109
1.17463 10109
1.17465 10109
1.17466 10109
1.17615 10109
1.17615 10109
1.17615 8707
1.17636 8707
1.17638 8707
1.17639 8707
1.1764 8707
1.17641 8707
1.17642 8707
1.17781 8707
1.17799 8707
1.178 8707
1.17801 8707
1.17802 8707
1.17803 8707
1.17949 8707
1.17951 8707
1.17969 8707
1.17971 8707
1.17972 8707
1.17973 8707
1.17974 8707
1.1814 8707
1.1814 8707
1.1814 9929
1.18142 9929
1.18162 9929
1.18163 9929
1.18164 9929
1.18165 9929
1.18166 9929
1.18169 9929
1.18332 9929
1.18332 9929
1.18332 8836
1.18351 8836
1.18353 8836
1.18354 8836
1.18355 8836
1.18356 8836
1.18357 8836
1.18509 8836
1.18526 8836
1.18527 8836
1.18528 8836
1.18529 8836
1.1853 8836
1.18677 8836
1.18679 8836
1.18697 8836
1.187 8836
1.18701 8836
1.18702 8836
1.18703 8836
1.18868 8836
1.18868 8836
1.18868 9987
1.18872 9987
1.18874 9987
1.18892 9987
1.18895 9987
1.18897 9987
1.18898 9987
1.18899 9987
1.19056 9987
1.19056 9987
1.19056 8933
1.19062 8933
1.1908 8933
1.19081 8933
1.19082 8933
1.19083 8933
1.19084 8933
1.19229 8933
1.19248 8933
1.19249 8933
1.1925 8933
1.19251 8933
1.19253 8933
1.19255 8933
1.19397 8933
1.19416 8933
1.19417 8933
1.19418 8933
1.1942 8933
1.19421 8933
1.19423 8933
1.19579 8933
1.19579 8933
1.19579 10112
1.19582 10112
1.19603 10112
1.19605 10112
1.19606 10112
1.19607 10112
1.19608 10112
1.19611 10112
1.19777 10112
1.19777 10112
1.19777 8917
1.19798 8917
1.19799 8917
1.19801 8917
1.19802 8917
1.19803 8917
1.19805 8917
1.19957 8917
1.19976 8917
1.19977 8917
1.19978 8917
1.1998 8917
1.19982 8917
1.19984 8917
