0.0 0
0.00801856 14400
0.00801856 14400
0.0162706 15840
0.0174658 17280
0.018661 18720
0.0198562 20160
0.0210514 21600
0.0245182 23040
0.0257134 24480
0.026311 25920
0.0277453 27360
0.029299 28800
0.0298966 30240
0.0313309 31680
0.0328846 33120
0.0333627 34560
0.0349165 36000
0.0356336 37440
0.0362312 38880
0.0383826 40320
0.0400558 41760
0.0405339 43200
0.0413706 44640
0.0436414 46080
0.044 47520
0.0456733 48960
0.0461514 50400
0.046749 51840
0.0492589 53280
0.0498565 54720
0.0503346 56160
0.0509322 57600
0.0542787 59040
0.0546373 60480
0.0564301 61920
0.0569082 63360
0.0575058 64800
0.058701 66240
0.0615694 67680
0.061928 69120
0.0624061 70560
0.065155 72000
0.0656331 73440
0.0659917 74880
0.0665893 76320
0.0671869 77760
0.0707725 79200
0.0712506 80640
0.0717286 82080
0.0720872 83520
0.0726848 84960
0.0732824 86400
0.0778242 87840
0.0780632 89280
0.0785413 90720
0.0815293 92160
0.0820074 93600
0.0822464 95040
0.083083 96480
0.0845173 97920
0.0851149 99360
0.088581 100800
0.089059 102240
0.0894176 103680
0.0898957 105120
0.0937203 106560
0.0943179 108000
0.094796 109440
0.0952741 110880
0.0955131 112320
0.0963498 113760
0.0968278 115200
0.097545 116640
0.103043 118080
0.103521 119520
0.10376 120960
0.104238 122400
0.104597 123840
0.104836 125280
0.105672 126720
0.10615 128160
0.106628 129600
0.113561 131040
0.113919 132480
0.114278 133920
0.114756 135360
0.11882 136800
0.119417 138240
0.119776 139680
0.120134 141120
0.120612 142560
0.121449 144000
0.123003 145440
0.12372 146880
0.124198 148320
0.129576 149760
0.129935 151200
0.130413 152640
0.130772 154080
0.13125 155520
0.131728 156960
0.136628 158400
0.137226 159840
0.137823 161280
0.138301 162720
0.138779 164160
0.139138 165600
0.139496 167040
0.140334 168480
0.141532 168480
0.141532 62640
0.210969 62673
0.219216 62706
0.219694 62739
0.220172 62772
0.220651 62805
0.221248 62838
0.221846 62870
0.222443 62902
0.223041 62934
0.225192 62966
0.225909 62998
0.226985 63030
0.227583 63062
0.22818 63094
0.228897 63126
0.241567 63158
0.242164 63190
0.242642 63222
0.242881 63254
0.24312 63286
0.243359 63318
0.243598 63350
0.243837 63382
0.244076 63414
0.244316 63446
0.244555 63478
0.244794 63510
0.245033 63542
0.245272 63574
0.245511 63606
0.245989 63638
0.250052 63670
0.250411 63702
0.251009 63734
0.251726 63766
0.253877 63798
0.254953 63830
0.256148 63862
0.26798 63894
0.268578 63926
0.268817 63958
0.269056 63990
0.269295 64022
0.269534 64054
0.269773 64086
0.270012 64118
0.270251 64150
0.27049 64182
0.270729 64214
0.270968 64246
0.271208 64278
0.271447 64310
0.271925 64342
0.275988 64374
0.276347 64406
0.276825 64438
0.277542 64470
0.279574 64502
0.280769 64534
0.281964 64566
0.294155 64598
0.294633 64630
0.294872 64662
0.295112 64694
0.295351 64726
0.29559 64758
0.295829 64790
0.296068 64822
0.296307 64853
0.296546 64884
0.296785 64915
0.297024 64946
0.297263 64977
0.297502 65008
0.2981 65039
0.302044 65070
0.302402 65101
0.30288 65132
0.303478 65163
0.305629 65194
0.306824 65225
0.30802 65256
0.320689 65287
0.321167 65318
0.321406 65349
0.321645 65380
0.321884 65411
0.322123 65442
0.322362 65473
0.322601 65504
0.32284 65535
0.323079 65566
0.323318 65597
0.323557 65628
0.323796 65659
0.324035 65690
0.324513 65721
0.328577 65752
0.328816 65783
0.329294 65814
0.330011 65845
0.332163 65876
0.333238 65907
0.334434 65938
0.347103 65969
0.3477 66000
0.347939 66031
0.348178 66062
0.348417 66093
0.348656 66124
0.348896 66155
0.349135 66186
0.349374 66217
0.349613 66248
0.349852 66279
0.350091 66310
0.35033 66341
0.350569 66372
0.351047 66403
0.354991 66434
0.35535 66465
0.355828 66496
0.356545 66527
0.358696 66558
0.359772 66589
0.360967 66620
0.373517 66651
0.374114 66682
0.374353 66713
0.374592 66744
0.374831 66775
0.37507 66806
0.375309 66837
0.375548 66868
0.375788 66899
0.376027 66929
0.376266 66959
0.376505 66989
0.376744 67019
0.376983 67049
0.377341 67079
0.3777 67109
0.381883 67139
0.382242 67169
0.38272 67199
0.383317 67229
0.385469 67259
0.386664 67289
0.387859 67319
0.400767 67349
0.401245 67379
0.401484 67409
0.401723 67439
0.401962 67469
0.402201 67499
0.40244 67529
0.40268 67559
0.402919 67589
0.403158 67619
0.403397 67649
0.403636 67679
0.403875 67709
0.404114 67739
0.404472 67769
0.40495 67799
0.409134 67829
0.409492 67859
0.40997 67889
0.410568 67919
0.412719 67949
0.413914 67979
0.41511 68009
0.428257 68039
0.428735 68069
0.428974 68099
0.429213 68129
0.429452 68159
0.429691 68189
0.42993 68219
0.430169 68249
0.430408 68279
0.430647 68309
0.430886 68339
0.431125 68369
0.431364 68399
0.431603 68429
0.431842 68459
0.43244 68489
0.436743 68519
0.436982 68549
0.43746 68579
0.438177 68609
0.440448 68639
0.441524 68669
0.442838 68699
0.456105 68729
0.456703 68759
0.456942 68789
0.457181 68819
0.45742 68849
0.457659 68879
0.457898 68909
0.458137 68939
0.458376 68969
0.458615 68999
0.458854 69029
0.459093 69059
0.459332 69089
0.459571 69119
0.45981 69149
0.460288 69178
0.464471 69207
0.46483 69236
0.465308 69265
0.466025 69294
0.468176 69323
0.469252 69352
0.470567 69381
0.483595 69410
0.484192 69439
0.484431 69468
0.48467 69497
0.484909 69526
0.485148 69555
0.485387 69584
0.485626 69613
0.485865 69642
0.486104 69671
0.486344 69700
0.486583 69729
0.486822 69758
0.487061 69787
0.4873 69816
0.487658 69845
0.488017 69874
0.492439 69903
0.492798 69932
0.493156 69961
0.493873 69990
0.496025 70019
0.49722 70048
0.498415 70077
0.511682 70106
0.512279 70135
0.512518 70164
0.512757 70193
0.512996 70222
0.513236 70251
0.513475 70280
0.513714 70309
0.513953 70338
0.514192 70367
0.514431 70396
0.51467 70425
0.514909 70454
0.515148 70483
0.515387 70512
0.515865 70541
0.516224 70570
0.520765 70599
0.521124 70628
0.521602 70657
0.5222 70686
0.524351 70715
0.525546 70744
0.526741 70773
0.540247 70802
0.540845 70831
0.541084 70860
0.541323 70889
0.541562 70918
0.541801 70947
0.54204 70976
0.542279 71005
0.542518 71034
0.542757 71063
0.542996 71092
0.543235 71121
0.543474 71150
0.543713 71179
0.543952 71208
0.54443 71237
0.544908 71266
0.54957 71295
0.549809 71324
0.550287 71353
0.551004 71382
0.553155 71411
0.554231 71440
0.555546 71469
0.569051 71498
0.569649 71527
0.570008 71555
0.570247 71583
0.570486 71611
0.570725 71639
0.570964 71667
0.571203 71695
0.571442 71723
0.571681 71751
0.57192 71779
0.572159 71807
0.572398 71835
0.572637 71863
0.572876 71891
0.573235 71919
0.573713 71947
0.578493 71975
0.578852 72003
0.57933 72031
0.580047 72059
0.582199 72087
0.583274 72115
0.584589 72143
0.597856 72171
0.598453 72199
0.598931 72227
0.59917 72255
0.599409 72283
0.599648 72311
0.599888 72339
0.600127 72367
0.600366 72395
0.600605 72423
0.600844 72451
0.601083 72479
0.601322 72507
0.601561 72535
0.6018 72563
0.602158 72591
0.602517 72619
0.607178 72647
0.607537 72675
0.608015 72703
0.608373 72731
0.609091 72759
0.611242 72787
0.612437 72815
0.613632 72843
0.627138 72871
0.627736 72899
0.628094 72927
0.628333 72955
0.628572 72983
0.628811 73011
0.62905 73039
0.629289 73067
0.629528 73095
0.629768 73123
0.630007 73151
0.630246 73179
0.630485 73207
0.630724 73235
0.630963 73263
0.631441 73291
0.631799 73319
0.6367 73347
0.637058 73375
0.637536 73403
0.638014 73431
0.638612 73459
0.640763 73487
0.641959 73515
0.643154 73543
0.656899 73571
0.657496 73599
0.657735 73627
0.657974 73655
0.658213 73683
0.658452 73711
0.658691 73739
0.65893 73767
0.659169 73795
0.659408 73823
0.659648 73851
0.659887 73879
0.660126 73907
0.660365 73935
0.660604 73963
0.661082 73991
0.66156 74019
0.66658 74047
0.666938 74075
0.667416 74102
0.667894 74129
0.668492 74156
0.670763 74183
0.671839 74210
0.673153 74237
0.686898 74264
0.687496 74291
0.687854 74318
0.688093 74345
0.688332 74372
0.688571 74399
0.68881 74426
0.689049 74453
0.689288 74480
0.689528 74507
0.689767 74534
0.690006 74561
0.690245 74588
0.690484 74615
0.690723 74642
0.691081 74669
0.691559 74696
0.696579 74723
0.696938 74750
0.697416 74777
0.697894 74804
0.698611 74831
0.700882 74858
0.701958 74885
0.703272 74912
0.716898 74939
0.717495 74966
0.717973 74993
0.718212 75020
0.718451 75047
0.71869 75074
0.718929 75101
0.719168 75128
0.719408 75155
0.719647 75182
0.719886 75209
0.720125 75236
0.720364 75263
0.720603 75290
0.720842 75317
0.7212 75344
0.721559 75371
0.726579 75398
0.727057 75425
0.727535 75452
0.728013 75479
0.72873 75506
0.731001 75533
0.732077 75560
0.732435 75587
0.73363 75614
0.747375 75641
0.747973 75668
0.748331 75695
0.74857 75722
0.748809 75749
0.749048 75776
0.749288 75803
0.749527 75830
0.749766 75857
0.750005 75884
0.750244 75911
0.750483 75938
0.750722 75965
0.750961 75992
0.7512 76019
0.751678 76046
0.752036 76073
0.757056 76100
0.757534 76127
0.758012 76154
0.758491 76181
0.759088 76208
0.761479 76235
0.762554 76262
0.762913 76289
0.764228 76316
0.778331 76343
0.778928 76370
0.779168 76397
0.779407 76424
0.779646 76451
0.779885 76478
0.780124 76505
0.780363 76532
0.780602 76559
0.780841 76586
0.78108 76613
0.781319 76640
0.781558 76667
0.781797 76694
0.782036 76721
0.782514 76748
0.782992 76775
0.788012 76802
0.788371 76828
0.788849 76854
0.789327 76880
0.789924 76906
0.792434 76932
0.79351 76958
0.793868 76984
0.795303 77010
0.809645 77036
0.810123 77062
0.810482 77088
0.810721 77114
0.81096 77140
0.811199 77166
0.811438 77192
0.811677 77218
0.811916 77244
0.812155 77270
0.812394 77296
0.812633 77322
0.812872 77348
0.813111 77374
0.81335 77400
0.813709 77426
0.814187 77452
0.819207 77478
0.819565 77504
0.820043 77530
0.820521 77556
0.821239 77582
0.823629 77608
0.824705 77634
0.825063 77660
0.826497 77686
0.84084 77712
0.841318 77738
0.841796 77764
0.842035 77790
0.842274 77816
0.842513 77842
0.842752 77868
0.842991 77894
0.84323 77920
0.843469 77946
0.843708 77972
0.843947 77998
0.844186 78024
0.844425 78050
0.844664 78076
0.845023 78102
0.845382 78128
0.850401 78154
0.85088 78180
0.851358 78206
0.851836 78232
0.852553 78258
0.854943 78284
0.856138 78310
0.856497 78336
0.857931 78362
0.872154 78388
0.872632 78414
0.87311 78440
0.873349 78466
0.873588 78492
0.873827 78518
0.874066 78544
0.874305 78570
0.874544 78596
0.874784 78622
0.875023 78648
0.875262 78674
0.875501 78700
0.87574 78726
0.875979 78752
0.876337 78778
0.876696 78804
0.877054 78830
0.882074 78856
0.882552 78882
0.88303 78908
0.883508 78934
0.884106 78960
0.886496 78986
0.887811 79012
0.88817 79038
0.889604 79064
0.904305 79090
0.904783 79116
0.905142 79142
0.905381 79168
0.90562 79194
0.905859 79220
0.906098 79246
0.906337 79272
0.906576 79298
0.906815 79324
0.907054 79350
0.907293 79376
0.907532 79402
0.907771 79428
0.90801 79454
0.908369 79480
0.908727 79506
0.909205 79532
0.914225 79558
0.914584 79584
0.915062 79610
0.91554 79636
0.916137 79662
0.918528 79688
0.919843 79714
0.920321 79740
0.921755 79766
0.936814 79791
0.937292 79816
0.937651 79841
0.93789 79866
0.938129 79891
0.938368 79916
0.938607 79941
0.938846 79966
0.939085 79991
0.939324 80016
0.939563 80041
0.939802 80066
0.940041 80091
0.94028 80116
0.94052 80141
0.940759 80166
0.941237 80191
0.941595 80216
0.946615 80241
0.946974 80266
0.947452 80291
0.94793 80316
0.948647 80341
0.951037 80366
0.952232 80391
0.952711 80416
0.954145 80441
0.969204 80466
0.969682 80491
0.97016 80516
0.9704 80541
0.970639 80566
0.970878 80591
0.971117 80616
0.971356 80641
0.971595 80666
0.971834 80691
0.972073 80716
0.972312 80741
0.972551 80766
0.97279 80791
0.973029 80816
0.973268 80841
0.973746 80866
0.973985 80891
0.979005 80916
0.979483 80941
0.979961 80966
0.980439 80991
0.981156 81016
0.983547 81041
0.984742 81066
0.98522 81091
0.986774 81116
1.00171 81141
1.00219 81166
1.00267 81191
1.00291 81216
1.00315 81241
1.00339 81266
1.00363 81291
1.00387 81316
1.0041 81341
1.00434 81366
1.00458 81391
1.00482 81416
1.00506 81441
1.0053 81466
1.00554 81491
1.00578 81516
1.00626 81541
1.00649 81566
1.00685 81591
1.01187 81616
1.01235 81641
1.01283 81666
1.01331 81691
1.0139 81716
1.0163 81741
1.01761 81766
1.01809 81791
1.01964 81816
1.03506 81841
1.03554 81866
1.0359 81891
1.03614 81916
1.03637 81941
1.03661 81966
1.03685 81991
1.03709 82016
1.03733 82041
1.03757 82066
1.03781 82091
1.03805 82116
1.03829 82141
1.03853 82166
1.03876 82191
1.039 82216
1.03948 82241
1.03972 82266
1.0402 82291
1.04522 82316
1.04558 82341
1.04606 82366
1.04653 82391
1.04713 82416
1.04952 82441
1.05084 82466
1.05131 82491
1.05287 82516
1.06876 82541
1.06924 82566
1.0696 82591
1.06984 82616
1.07008 82641
1.07032 82666
1.07056 82691
1.0708 82716
1.07104 82741
1.07127 82766
1.07151 82791
1.07175 82816
1.07199 82841
1.07223 82866
1.07247 82891
1.07271 82916
1.07307 82941
1.07343 82966
1.07378 82990
1.0788 83014
1.07916 83038
1.07964 83062
1.08012 83086
1.08084 83110
1.08323 83134
1.08442 83158
1.0849 83182
1.08657 83206
1.10235 83230
1.10283 83254
1.10331 83278
1.10354 83302
1.10378 83326
1.10402 83350
1.10426 83374
1.1045 83398
1.10474 83422
1.10498 83446
1.10522 83470
1.10546 83494
1.1057 83518
1.10594 83542
1.10617 83566
1.10641 83590
1.10677 83614
1.10713 83638
1.10737 83662
1.11239 83686
1.11287 83710
1.11335 83734
1.11382 83758
1.11454 83782
1.11693 83806
1.11813 83830
1.1186 83854
1.12028 83878
1.13593 83902
1.13641 83926
1.13689 83950
1.13713 83974
1.13737 83998
1.13761 84022
1.13785 84046
1.13809 84070
1.13833 84094
1.13856 84118
1.1388 84142
1.13904 84166
1.13928 84190
1.13952 84214
1.13976 84238
1.14 84262
1.14036 84286
1.14072 84310
1.14095 84334
1.14131 84358
1.14633 84382
1.14681 84406
1.14729 84430
1.14777 84454
1.14848 84478
1.15087 84502
1.15219 84526
1.15267 84550
1.15422 84574
1.17036 84598
1.17083 84622
1.17119 84646
1.17143 84670
1.17167 84694
1.17191 84718
1.17215 84742
1.17239 84766
1.17263 84790
1.17287 84814
1.17311 84838
1.17334 84862
1.17358 84886
1.17382 84910
1.17406 84934
1.1743 84958
1.17466 84982
1.17502 85006
1.17526 85030
1.17573 85054
1.18075 85078
1.18111 85102
1.18159 85126
1.18219 85150
1.18291 85174
1.1853 85198
1.18661 85222
1.18709 85246
1.18864 85270
1.20502 85294
1.2055 85318
1.20585 85342
1.20609 85366
1.20633 85390
1.20657 85414
1.20681 85438
1.20705 85462
1.20729 85486
1.20753 85510
1.20777 85534
1.20801 85558
1.20824 85582
1.20848 85606
1.20872 85630
1.20896 85654
1.20932 85678
1.20968 85702
1.20992 85726
1.21028 85750
1.21542 85774
1.21577 85798
1.21625 85822
1.21685 85846
1.21769 85870
1.22008 85894
1.22127 85918
1.22175 85942
1.22342 85966
1.24004 85990
1.24051 86014
1.24099 86038
1.24123 86062
1.24147 86086
1.24171 86110
1.24195 86134
1.24219 86158
1.24243 86182
1.24267 86206
1.24291 86230
1.24314 86254
1.24338 86278
1.24362 86302
1.24386 86326
1.2441 86350
1.24434 86374
1.24482 86398
1.24506 86422
1.2453 86445
1.25032 86468
1.25079 86491
1.25127 86514
1.25175 86537
1.25271 86560
1.2551 86583
1.25629 86606
1.25677 86629
1.25844 86652
1.2747 86675
1.27518 86698
1.27565 86721
1.27589 86744
1.27613 86767
1.27637 86790
1.27661 86813
1.27685 86836
1.27709 86859
1.27733 86882
1.27757 86905
1.2778 86928
1.27804 86951
1.27828 86974
1.27852 86997
1.27876 87020
1.279 87043
1.27948 87066
1.27972 87089
1.27996 87112
1.28043 87135
1.28545 87158
1.28593 87181
1.28641 87204
1.28689 87227
1.28773 87250
1.29012 87273
1.29143 87296
1.29191 87319
1.29346 87342
1.30996 87365
1.31043 87388
1.31091 87411
1.31115 87434
1.31139 87457
1.31163 87480
1.31187 87503
1.31211 87526
1.31235 87549
1.31259 87572
1.31282 87595
1.31306 87618
1.3133 87641
1.31354 87664
1.31378 87687
1.31402 87710
1.31438 87733
1.31474 87756
1.31498 87779
1.31533 87802
1.31581 87825
1.32107 87848
1.32143 87871
1.32191 87894
1.32251 87917
1.32322 87940
1.32561 87963
1.32693 87986
1.32741 88009
1.32896 88032
1.34569 88055
1.34617 88078
1.34665 88101
1.34689 88124
1.34713 88147
1.34737 88170
1.3476 88193
1.34784 88216
1.34808 88239
1.34832 88262
1.34856 88285
1.3488 88308
1.34904 88331
1.34928 88354
1.34952 88377
1.34976 88400
1.35011 88423
1.35047 88446
1.35071 88469
1.35119 88492
1.35155 88515
1.35705 88538
1.35729 88561
1.35776 88584
1.35836 88607
1.3592 88630
1.36159 88653
1.36278 88676
1.36326 88699
1.36494 88722
1.38167 88745
1.38215 88768
1.38274 88791
1.38298 88814
1.38322 88837
1.38346 88860
1.3837 88883
1.38394 88906
1.38418 88929
1.38442 88952
1.38466 88975
1.38489 88998
1.38513 89021
1.38537 89044
1.38561 89067
1.38585 89090
1.38609 89113
1.38657 89136
1.38681 89159
1.38717 89182
1.38752 89205
1.39314 89228
1.3935 89251
1.39398 89274
1.39446 89297
1.39541 89320
1.3978 89343
1.399 89366
1.39948 89389
1.40115 89412
1.41764 89435
1.41812 89458
1.41872 89481
1.41908 89504
1.41932 89527
1.41956 89550
1.41979 89573
1.42003 89596
1.42027 89619
1.42051 89642
1.42075 89665
1.42099 89688
1.42123 89711
1.42147 89734
1.42171 89757
1.42195 89780
1.42219 89803
1.42266 89826
1.4229 89849
1.42314 89872
1.42362 89895
1.429 89918
1.42936 89941
1.42983 89964
1.43031 89987
1.43079 90010
1.43163 90033
1.43402 90056
1.43533 90079
1.43581 90102
1.43736 90125
1.4541 90148
1.45458 90171
1.45517 90193
1.45541 90215
1.45565 90237
1.45589 90259
1.45613 90281
1.45637 90303
1.45661 90325
1.45685 90347
1.45708 90369
1.45732 90391
1.45756 90413
1.4578 90435
1.45804 90457
1.45828 90479
1.45864 90501
1.459 90523
1.45924 90545
1.45959 90567
1.45995 90589
1.46557 90611
1.46605 90633
1.46653 90655
1.46701 90677
1.46748 90699
1.46832 90721
1.47071 90743
1.47202 90765
1.4725 90787
1.47406 90809
1.49103 90831
1.49151 90853
1.49198 90875
1.49222 90897
1.49246 90919
1.4927 90941
1.49294 90963
1.49318 90985
1.49342 91007
1.49366 91029
1.4939 91051
1.49414 91073
1.49438 91095
1.49461 91117
1.49485 91139
1.49509 91161
1.49545 91183
1.49581 91205
1.49605 91227
1.49653 91249
1.49677 91271
1.50262 91293
1.5031 91315
1.50358 91337
1.50406 91359
1.50441 91381
1.50537 91403
1.50788 91425
1.50908 91447
1.50955 91469
1.51123 91491
1.5282 91513
1.52868 91535
1.52928 91557
1.52951 91579
1.52975 91601
1.52999 91623
1.53023 91645
1.53047 91667
1.53071 91689
1.53095 91711
1.53119 91733
1.53143 91755
1.53167 91777
1.5319 91799
1.53214 91821
1.53238 91843
1.53262 91865
1.5331 91887
1.53334 91909
1.5337 91931
1.53406 91953
1.53979 91975
1.54027 91997
1.54075 92019
1.54123 92041
1.54171 92063
1.54266 92085
1.54517 92107
1.54637 92129
1.54684 92151
1.54852 92173
1.56537 92195
1.56585 92217
1.56645 92239
1.5668 92261
1.56704 92283
1.56728 92305
1.56752 92327
1.56776 92349
1.568 92371
1.56824 92393
1.56848 92415
1.56872 92437
1.56896 92459
1.56919 92481
1.56943 92503
1.56967 92525
1.56991 92547
1.57039 92569
1.57063 92591
1.57087 92613
1.57135 92635
1.57696 92657
1.57744 92679
1.57804 92701
1.57852 92723
1.579 92745
1.57995 92767
1.58246 92789
1.58366 92811
1.58413 92833
1.58581 92855
1.58617 92877
1.60302 92899
1.6035 92921
1.60409 92943
1.60433 92965
1.60457 92987
1.60481 93009
1.60505 93031
1.60529 93053
1.60553 93075
1.60577 93097
1.60601 93119
1.60625 93141
1.60648 93163
1.60672 93185
1.60696 93207
1.6072 93229
1.60756 93251
1.60792 93273
1.60816 93295
1.60852 93317
1.60888 93339
1.61461 93361
1.61509 93383
1.61569 93405
1.61617 93427
1.61652 93449
1.61748 93471
1.62011 93493
1.62131 93515
1.62178 93537
1.62346 93559
1.62382 93581
1.64115 93603
1.64162 93625
1.6421 93647
1.64234 93669
1.64258 93691
1.64282 93713
1.64306 93735
1.6433 93757
1.64354 93779
1.64378 93801
1.64401 93823
1.64425 93845
1.64449 93867
1.64473 93889
1.64497 93911
1.64521 93933
1.64557 93955
1.64593 93977
1.64617 93999
1.64664 94021
1.64688 94043
1.65274 94065
1.6531 94087
1.6537 94109
1.65417 94131
1.65453 94153
1.65549 94175
1.65824 94197
1.65943 94219
1.65991 94241
1.66158 94263
1.66194 94284
1.67963 94305
1.67999 94326
1.68059 94347
1.68083 94368
1.68107 94389
1.6813 94410
1.68154 94431
1.68178 94452
1.68202 94473
1.68226 94494
1.6825 94515
1.68274 94536
1.68298 94557
1.68322 94578
1.68346 94599
1.68369 94620
1.68393 94641
1.68441 94662
1.68465 94683
1.68501 94704
1.68537 94725
1.69111 94746
1.69158 94767
1.69206 94788
1.69254 94809
1.69302 94830
1.69397 94851
1.6966 94872
1.6978 94893
1.69828 94914
1.69995 94935
1.70019 94956
1.718 94977
1.71836 94998
1.71895 95019
1.71931 95040
1.71955 95061
1.71979 95082
1.72003 95103
1.72027 95124
1.72051 95145
1.72075 95166
1.72099 95187
1.72122 95208
1.72146 95229
1.7217 95250
1.72194 95271
1.72218 95292
1.72242 95313
1.7229 95334
1.72314 95355
1.72338 95376
1.72385 95397
1.72947 95418
1.72995 95439
1.73055 95460
1.73102 95481
1.7315 95502
1.73246 95523
1.73509 95544
1.7364 95565
1.73688 95586
1.73855 95607
1.73879 95628
1.75648 95649
1.75684 95670
1.75744 95691
1.7578 95712
1.75804 95733
1.75828 95754
1.75851 95775
1.75875 95796
1.75899 95817
1.75923 95838
1.75947 95859
1.75971 95880
1.75995 95901
1.76019 95922
1.76043 95943
1.76067 95964
1.7609 95985
1.76138 96006
1.76162 96027
1.76186 96048
1.76222 96069
1.76258 96090
1.76832 96111
1.76879 96132
1.76939 96153
1.76987 96174
1.77023 96195
1.77118 96216
1.77393 96237
1.77525 96258
1.77573 96279
1.7774 96300
1.77764 96321
1.7958 96342
1.79616 96363
1.79676 96384
1.797 96405
1.79724 96426
1.79748 96447
1.79772 96468
1.79796 96489
1.7982 96510
1.79843 96531
1.79867 96552
1.79891 96573
1.79915 96594
1.79939 96615
1.79963 96636
1.79987 96657
1.80011 96678
1.80059 96699
1.80082 96720
1.80106 96741
1.80154 96762
1.80178 96783
1.80764 96804
1.808 96825
1.80859 96846
1.80907 96867
1.80943 96888
1.81039 96909
1.81314 96930
1.81445 96951
1.81493 96972
1.81672 96993
1.81696 97014
1.83549 97035
1.83584 97056
1.83644 97077
1.83668 97098
1.83692 97119
1.83716 97140
1.8374 97161
1.83764 97182
1.83788 97203
1.83811 97224
1.83835 97245
1.83859 97266
1.83883 97287
1.83907 97308
1.83931 97329
1.83955 97350
1.83979 97371
1.84015 97392
1.84051 97413
1.84074 97434
1.8411 97455
1.84146 97476
1.8472 97497
1.84768 97518
1.84815 97539
1.84863 97560
1.84911 97581
1.85007 97602
1.8527 97623
1.85401 97644
1.85449 97665
1.85628 97686
1.85652 97707
1.87505 97728
1.8754 97749
1.876 97770
1.87636 97791
1.8766 97812
1.87684 97833
1.87708 97854
1.87732 97875
1.87756 97896
1.8778 97917
1.87803 97938
1.87827 97959
1.87851 97980
1.87875 98001
1.87899 98022
1.87923 98043
1.87947 98064
1.87983 98085
1.88019 98106
1.88042 98127
1.88066 98148
1.88114 98169
1.88676 98190
1.88724 98211
1.88784 98232
1.88831 98253
1.88879 98274
1.88975 98295
1.89238 98316
1.89369 98337
1.89417 98358
1.89608 98379
1.89632 98400
1.91473 98421
1.91509 98442
1.91568 98463
1.91604 98484
1.91628 98505
1.91652 98526
1.91676 98547
1.917 98568
1.91724 98589
1.91748 98610
1.91772 98631
1.91795 98652
1.91819 98673
1.91843 98694
1.91867 98715
1.91891 98736
1.91915 98757
1.91951 98777
1.91987 98797
1.92011 98817
1.92034 98837
1.9207 98857
1.92106 98877
1.9268 98897
1.92728 98917
1.92787 98937
1.92835 98957
1.92871 98977
1.92967 98997
1.93242 99017
1.93373 99037
1.93421 99057
1.93612 99077
1.93636 99097
1.95524 99117
1.9556 99137
1.9562 99157
1.95644 99177
1.95668 99197
1.95692 99217
1.95716 99237
1.9574 99257
1.95763 99277
1.95787 99297
1.95811 99317
1.95835 99337
1.95859 99357
1.95883 99377
1.95907 99397
1.95931 99417
1.95955 99437
1.95991 99457
1.96026 99477
1.9605 99497
1.96074 99517
1.96122 99537
1.96146 99557
1.96732 99577
1.96767 99597
1.96827 99617
1.96875 99637
1.96911 99657
1.97006 99677
1.97281 99697
1.97413 99717
1.97461 99737
1.97652 99757
1.97676 99777
1.996 99797
1.99636 99817
1.99696 99837
1.9972 99857
1.99743 99877
1.99767 99897
1.99791 99917
1.99815 99937
1.99839 99957
1.99863 99977
1.99887 99997
1.99911 100017
1.99935 100037
1.99959 100057
1.99983 100077
2.00006 100097
2.0003 100117
2.00054 100137
2.00102 100157
2.00126 100177
2.0015 100197
2.00186 100217
2.00222 100237
2.00807 100257
2.00855 100277
2.00903 100297
2.00951 100317
2.00998 100337
2.01094 100357
2.01357 100377
2.01488 100397
2.01536 100417
2.01728 100437
2.01763 100457
2.03688 100477
2.03724 100497
2.03783 100517
2.03819 100537
2.03843 100557
2.03867 100577
2.03891 100597
2.03915 100617
2.03939 100637
2.03963 100657
2.03986 100677
2.0401 100697
2.04034 100717
2.04058 100737
2.04082 100757
2.04106 100777
2.0413 100797
2.04154 100817
2.04202 100837
2.04225 100857
2.04249 100877
2.04273 100897
2.04321 100917
2.04883 100937
2.04931 100957
2.0499 100977
2.05038 100997
2.05086 101017
2.05182 101037
2.05445 101057
2.05576 101077
2.05624 101097
2.05815 101117
2.05851 101137
2.07751 101157
2.07787 101177
2.07847 101197
2.07883 101217
2.07907 101237
2.07931 101257
2.07955 101277
2.07978 101297
2.08002 101317
2.08026 101337
2.0805 101357
2.08074 101377
2.08098 101397
2.08122 101417
2.08146 101437
2.0817 101457
2.08194 101477
2.08217 101497
2.08265 101517
2.08301 101537
2.08325 101557
2.08349 101577
2.08385 101597
2.08421 101617
2.08994 101637
2.09042 101657
2.09102 101677
2.0915 101697
2.09186 101717
2.09281 101737
2.09568 101757
2.097 101777
2.09747 101797
2.09939 101817
2.09962 101837
2.11899 101857
2.11935 101877
2.11994 101897
2.12018 101917
2.12042 101937
2.12066 101957
2.1209 101977
2.12114 101997
2.12138 102017
2.12162 102037
2.12186 102057
2.12209 102077
2.12233 102097
2.12257 102117
2.12281 102137
2.12305 102157
2.12329 102177
2.12365 102197
2.12413 102217
2.12448 102237
2.12472 102257
2.12496 102277
2.12544 102297
2.1258 102317
2.13154 102337
2.13189 102357
2.13249 102377
2.13309 102397
2.13345 102417
2.1344 102437
2.13727 102457
2.13859 102477
2.13907 102497
2.14098 102517
2.14122 102537
2.16082 102557
2.16118 102577
2.16177 102597
2.16201 102617
2.16225 102637
2.16249 102657
2.16273 102677
2.16297 102697
2.16321 102717
2.16345 102737
2.16369 102757
2.16393 102777
2.16417 102797
2.1644 102817
2.16464 102837
2.16488 102857
2.16512 102877
2.16548 102897
2.16596 102917
2.16632 102937
2.16656 102957
2.16679 102977
2.16715 102997
2.16751 103017
2.17337 103037
2.17385 103057
2.17432 103077
2.17492 103097
2.17528 103117
2.17624 103137
2.17911 103157
2.18042 103177
2.1809 103197
2.18281 103217
2.18317 103237
2.20277 103257
2.20325 103277
2.20385 103297
2.2042 103317
2.20444 103337
2.20468 103357
2.20492 103377
2.20516 103397
2.2054 103417
2.20564 103437
2.20588 103457
2.20612 103477
2.20636 103497
2.20659 103517
2.20683 103537
2.20707 103557
2.20731 103577
2.20755 103597
2.20803 103617
2.20851 103637
2.20875 103657
2.20899 103677
2.20922 103697
2.2097 103716
2.21544 103735
2.21592 103754
2.21652 103773
2.21699 103792
2.21747 103811
2.21843 103830
2.2213 103849
2.22261 103868
2.22309 103887
2.225 103906
2.22536 103925
2.24472 103944
2.2452 103963
2.2458 103982
2.24616 104001
2.2464 104020
2.24663 104039
2.24687 104058
2.24711 104077
2.24735 104096
2.24759 104115
2.24783 104134
2.24807 104153
2.24831 104172
2.24855 104191
2.24879 104210
2.24902 104229
2.24926 104248
2.2495 104267
2.24998 104286
2.25046 104305
2.2507 104324
2.25094 104343
2.25118 104362
2.25141 104381
2.25189 104400
2.25775 104419
2.25823 104438
2.25883 104457
2.2593 104476
2.25966 104495
2.26062 104514
2.26361 104533
2.26492 104552
2.2654 104571
2.26731 104590
2.26755 104609
2.28715 104628
2.28763 104647
2.28823 104666
2.28859 104685
2.28882 104704
2.28906 104723
2.2893 104742
2.28954 104761
2.28978 104780
2.29002 104799
2.29026 104818
2.2905 104837
2.29074 104856
2.29098 104875
2.29122 104894
2.29145 104913
2.29169 104932
2.29205 104951
2.29253 104970
2.29289 104989
2.29313 105008
2.29337 105027
2.29361 105046
2.29396 105065
2.29444 105084
2.30054 105103
2.3009 105122
2.30149 105141
2.30209 105160
2.30245 105179
2.30341 105198
2.30627 105217
2.30759 105236
2.30807 105255
2.30998 105274
2.31022 105293
2.33006 105312
2.33054 105331
2.33113 105350
2.33149 105369
2.33173 105388
2.33197 105407
2.33221 105426
2.33245 105445
2.33269 105464
2.33293 105483
2.33317 105502
2.33341 105521
2.33364 105540
2.33388 105559
2.33412 105578
2.33436 105597
2.3346 105616
2.33496 105635
2.33544 105654
2.3358 105673
2.33604 105692
2.33627 105711
2.33651 105730
2.33699 105749
2.33735 105768
2.34356 105787
2.34392 105806
2.34452 105825
2.34512 105844
2.34548 105863
2.34643 105882
2.3493 105901
2.35062 105920
2.35109 105939
2.35301 105958
2.35337 105977
2.37321 105996
2.37368 106015
2.37428 106034
2.37476 106053
2.375 106072
2.37524 106091
2.37548 106110
2.37572 106129
2.37595 106148
2.37619 106167
2.37643 106186
2.37667 106205
2.37691 106224
2.37715 106243
2.37739 106262
2.37763 106281
2.37787 106300
2.37811 106319
2.37858 106338
2.37906 106357
2.3793 106376
2.37954 106395
2.37978 106414
2.38014 106433
2.3805 106452
2.38695 106471
2.38743 106490
2.38791 106509
2.38838 106528
2.38886 106547
2.38982 106566
2.39269 106585
2.394 106604
2.39448 106623
2.39639 106642
2.39675 106661
2.41635 106680
2.41683 106699
2.41743 106718
2.41791 106737
2.41826 106756
2.4185 106775
2.41874 106794
2.41898 106813
2.41922 106832
2.41946 106851
2.4197 106870
2.41994 106889
2.42018 106908
2.42042 106927
2.42066 106946
2.42089 106965
2.42113 106984
2.42137 107003
2.42185 107022
2.42233 107041
2.42257 107060
2.42281 107079
2.42305 107098
2.42328 107117
2.42376 107136
2.42998 107155
2.43046 107174
2.43093 107193
2.43141 107212
2.43189 107231
2.43285 107250
2.4332 107269
2.43619 107288
2.43751 107307
2.43799 107326
2.4399 107345
2.44014 107364
2.45998 107383
2.46046 107402
2.46105 107421
2.46153 107440
2.46177 107459
2.46201 107478
2.46225 107497
2.46249 107516
2.46273 107535
2.46297 107554
2.4632 107573
2.46344 107592
2.46368 107611
2.46392 107630
2.46416 107649
2.4644 107668
2.46464 107687
2.465 107706
2.46548 107725
2.46583 107744
2.46607 107763
2.46631 107782
2.46655 107801
2.46691 107820
2.46727 107839
2.4736 107858
2.47396 107877
2.47456 107896
2.47504 107915
2.4754 107934
2.47635 107953
2.47695 107972
2.47994 107991
2.48125 108010
2.48173 108029
2.48364 108048
2.48388 108067
2.50408 108086
2.50456 108105
2.50516 108124
2.50551 108143
2.50575 108162
2.50599 108181
2.50623 108200
2.50647 108219
2.50671 108238
2.50695 108257
2.50719 108276
2.50743 108295
2.50767 108314
2.5079 108333
2.50814 108352
2.50838 108371
2.50862 108390
2.50898 108409
2.50946 108428
2.50982 108447
2.51006 108466
2.5103 108485
2.51053 108504
2.51101 108523
2.51125 108542
2.51771 108561
2.51794 108580
2.51854 108599
2.51902 108618
2.51938 108637
2.52033 108656
2.52093 108675
2.52416 108694
2.52547 108713
2.52583 108732
2.52763 108751
2.52798 108770
2.54854 108770
2.54854 52560
2.58715 52599
2.58739 52638
2.58762 52677
2.5881 52716
2.59276 52755
2.59312 52794
2.59336 52833
2.6224 52872
2.62264 52911
2.62288 52950
2.62312 52989
2.6236 53028
2.62384 53067
2.6242 53106
2.6248 53145
2.62515 53184
2.62563 53222
2.62611 53260
2.62683 53298
2.62719 53336
2.62766 53374
2.62814 53412
2.63089 53450
2.63113 53488
2.63137 53526
2.65312 53564
2.65336 53602
2.6536 53640
2.65396 53678
2.65432 53716
2.65456 53754
2.65491 53792
2.65551 53830
2.65587 53868
2.65647 53906
2.65707 53944
2.65766 53982
2.65826 54020
2.65862 54058
2.6591 54096
2.66173 54134
2.66209 54172
2.66232 54210
2.68456 54248
2.68479 54286
2.68503 54324
2.68527 54362
2.68575 54400
2.68599 54438
2.68623 54476
2.68695 54514
2.68718 54552
2.68778 54590
2.68838 54627
2.68898 54664
2.68946 54701
2.68981 54738
2.69029 54775
2.69304 54812
2.6934 54849
2.69364 54886
2.71575 54923
2.71599 54960
2.71623 54997
2.71647 55034
2.71683 55071
2.71718 55108
2.71742 55145
2.71814 55182
2.71838 55219
2.71886 55256
2.71957 55293
2.72017 55330
2.72053 55367
2.72101 55404
2.72125 55441
2.72173 55478
2.72471 55515
2.72495 55552
2.72519 55589
2.74742 55626
2.74766 55663
2.7479 55700
2.74814 55737
2.74862 55774
2.74886 55811
2.7491 55848
2.74981 55885
2.75017 55922
2.75065 55959
2.75125 55996
2.75196 56033
2.75232 56070
2.75268 56106
2.75304 56142
2.75352 56178
2.75651 56214
2.75675 56250
2.7571 56286
2.77957 56322
2.77981 56358
2.78005 56394
2.78041 56430
2.78077 56466
2.78101 56502
2.78125 56538
2.78196 56574
2.78232 56610
2.78292 56646
2.78352 56682
2.78412 56718
2.78459 56754
2.78483 56790
2.78531 56826
2.78579 56862
2.78866 56898
2.78902 56934
2.78925 56970
2.81208 57006
2.81244 57042
2.81268 57078
2.81292 57114
2.8134 57150
2.81364 57186
2.81388 57222
2.81459 57258
2.81483 57294
2.81543 57330
2.81603 57366
2.81674 57402
2.8171 57438
2.81746 57474
2.81782 57510
2.8183 57546
2.82117 57582
2.82153 57618
2.82176 57653
2.84447 57688
2.84483 57723
2.84507 57758
2.84531 57793
2.84567 57828
2.84603 57863
2.84627 57898
2.84698 57933
2.84722 57968
2.8477 58003
2.84842 58038
2.84913 58073
2.84937 58108
2.84985 58143
2.85009 58178
2.85057 58213
2.85356 58248
2.85403 58283
2.85427 58318
2.85463 58353
2.87734 58388
2.8777 58423
2.87794 58458
2.87818 58493
2.87866 58528
2.87889 58563
2.87913 58598
2.87985 58633
2.88021 58668
2.88069 58703
2.88129 58738
2.882 58773
2.88236 58808
2.88272 58843
2.88308 58878
2.88356 58913
2.88654 58948
2.88702 58983
2.88726 59018
2.88774 59053
2.91069 59088
2.91105 59123
2.91128 59158
2.91164 59193
2.912 59228
2.91224 59263
2.91248 59297
2.9132 59331
2.91356 59365
2.91415 59399
2.91475 59433
2.91535 59467
2.91583 59501
2.91607 59535
2.91654 59569
2.91702 59603
2.91989 59637
2.92037 59671
2.92073 59705
2.9212 59739
2.94427 59773
2.94475 59807
2.94499 59841
2.94523 59875
2.94571 59909
2.94595 59943
2.94618 59977
2.9469 60011
2.94714 60045
2.94774 60079
2.94834 60113
2.94905 60147
2.94941 60181
2.94977 60215
2.95013 60249
2.95061 60283
2.95348 60317
2.95395 60351
2.95431 60385
2.95467 60419
2.97786 60453
2.97834 60487
2.97869 60521
2.97893 60555
2.97929 60589
2.97965 60623
2.97989 60657
2.98049 60691
2.98085 60725
2.98132 60759
2.98204 60793
2.98276 60827
2.983 60861
2.98347 60895
2.98371 60929
2.98419 60963
2.98718 60997
2.98766 61030
2.98802 61063
2.98826 61096
3.01156 61129
3.01204 61162
3.0124 61195
3.01264 61228
3.01288 61261
3.01335 61294
3.01359 61327
3.01383 61360
3.01455 61393
3.01479 61426
3.01539 61459
3.01598 61492
3.0167 61525
3.01706 61558
3.01742 61591
3.01778 61624
3.01826 61657
3.02124 61690
3.02172 61723
3.02196 61756
3.02232 61789
3.04598 61822
3.04646 61855
3.0467 61888
3.04694 61921
3.0473 61954
3.04766 61987
3.0479 62020
3.04825 62053
3.04897 62086
3.04933 62119
3.04993 62152
3.05053 62185
3.05112 62218
3.0516 62251
3.05184 62284
3.05232 62317
3.0528 62350
3.05566 62383
3.05614 62416
3.05638 62449
3.05686 62482
3.08076 62515
3.08124 62548
3.08148 62581
3.08172 62614
3.0822 62647
3.08244 62680
3.08268 62713
3.08304 62746
3.08387 62779
3.08411 62812
3.08471 62845
3.08531 62877
3.08602 62909
3.08638 62941
3.08674 62973
3.0871 63005
3.08758 63037
3.09045 63069
3.09092 63101
3.09128 63133
3.09164 63165
3.11542 63197
3.1159 63229
3.11626 63261
3.1165 63293
3.11686 63325
3.11722 63357
3.11746 63389
3.1177 63421
3.11853 63453
3.11889 63485
3.11937 63517
3.12009 63549
3.1208 63581
3.12104 63613
3.12152 63645
3.12188 63677
3.12236 63709
3.12535 63741
3.12582 63773
3.12618 63805
3.12642 63837
3.15044 63869
3.15092 63901
3.15128 63933
3.15152 63965
3.15176 63997
3.15224 64029
3.15248 64061
3.15272 64093
3.15295 64125
3.15379 64157
3.15415 64189
3.15463 64221
3.15534 64253
3.15606 64285
3.1563 64317
3.15678 64349
3.15714 64381
3.15762 64413
3.1606 64445
3.16108 64477
3.16132 64509
3.16168 64541
3.18606 64573
3.18654 64605
3.18678 64637
3.18702 64669
3.18738 64701
3.18773 64733
3.18797 64765
3.18821 64797
3.18857 64829
3.18941 64860
3.18977 64891
3.19024 64922
3.19084 64953
3.19156 64984
3.19192 65015
3.19228 65046
3.19275 65077
3.19323 65108
3.19622 65139
3.1967 65170
3.19694 65201
3.19742 65232
3.22204 65263
3.22251 65294
3.22275 65325
3.22299 65356
3.22347 65387
3.22371 65418
3.22395 65449
3.22419 65480
3.22467 65511
3.22538 65542
3.22562 65573
3.22622 65604
3.22682 65635
3.22753 65666
3.22789 65697
3.22825 65728
3.22873 65759
3.22921 65790
3.2322 65821
3.23267 65852
3.23303 65883
3.23339 65914
3.25789 65945
3.25837 65976
3.25873 66007
3.25897 66038
3.25933 66069
3.25969 66100
3.25992 66131
3.26016 66162
3.26052 66193
3.26124 66224
3.2616 66255
3.26208 66286
3.26279 66317
3.26351 66348
3.26375 66379
3.26423 66410
3.26459 66441
3.26506 66472
3.26829 66503
3.26877 66534
3.26913 66565
3.26937 66596
3.29411 66627
3.29459 66658
3.29494 66689
3.29518 66720
3.29542 66751
3.2959 66782
3.29614 66813
3.29638 66844
3.29662 66875
3.29733 66906
3.29781 66936
3.29817 66966
3.29853 66996
3.29925 67026
3.29996 67056
3.3002 67086
3.30068 67116
3.30104 67146
3.30152 67176
3.30474 67206
3.30522 67236
3.30546 67266
3.30582 67296
3.33092 67326
3.3314 67356
3.33164 67386
3.33188 67416
3.33223 67446
3.33259 67476
3.33283 67506
3.33307 67536
3.33343 67566
3.33415 67596
3.33451 67626
3.33498 67656
3.33534 67686
3.33594 67716
3.33666 67746
3.33702 67776
3.33737 67806
3.33785 67836
3.33833 67866
3.34144 67896
3.34192 67926
3.34215 67956
3.34263 67986
3.36809 68016
3.36857 68046
3.36881 68076
3.36905 68106
3.36952 68136
3.36976 68166
3.37 68196
3.37024 68226
3.37072 68256
3.37144 68286
3.37168 68316
3.37215 68346
3.37263 68376
3.37311 68406
3.37383 68436
3.37419 68466
3.37454 68496
3.37502 68526
3.3755 68556
3.37849 68586
3.37897 68616
3.37933 68646
3.37968 68676
3.40514 68706
3.40562 68736
3.40598 68766
3.40622 68796
3.40658 68826
3.40693 68856
3.40717 68886
3.40741 68916
3.40777 68946
3.40849 68976
3.40885 69006
3.40921 69036
3.40968 69066
3.41028 69096
3.411 69126
3.41124 69155
3.41172 69184
3.41207 69213
3.41255 69242
3.41566 69271
3.41614 69300
3.4165 69329
3.41673 69358
3.44231 69387
3.44279 69416
3.44315 69445
3.44339 69474
3.44363 69503
3.4441 69532
3.44434 69561
3.44458 69590
3.44482 69619
3.44554 69648
3.44602 69677
3.44638 69706
3.44673 69735
3.44745 69764
3.44829 69793
3.44853 69822
3.44877 69851
3.44924 69880
3.4496 69909
3.45008 69938
3.45331 69967
3.45379 69996
3.45403 70025
3.45438 70054
3.48008 70083
3.48056 70112
3.4808 70141
3.48104 70170
3.4814 70199
3.48175 70228
3.48199 70257
3.48223 70286
3.48259 70315
3.48331 70344
3.48367 70373
3.48414 70402
3.4845 70431
3.4851 70460
3.48606 70489
3.4863 70518
3.48665 70547
3.48701 70576
3.48749 70605
3.48797 70634
3.49108 70663
3.49155 70692
3.49179 70721
3.49227 70750
3.51821 70779
3.51869 70808
3.51892 70837
3.51916 70866
3.51964 70895
3.51988 70924
3.52012 70953
3.52036 70982
3.52084 71011
3.52155 71040
3.52179 71069
3.52227 71098
3.52275 71127
3.52323 71156
3.52418 71185
3.52442 71214
3.5249 71243
3.52526 71272
3.52562 71301
3.5261 71330
3.5292 71359
3.52968 71388
3.53004 71417
3.5304 71446
3.55669 71475
3.55717 71504
3.55753 71532
3.55777 71560
3.55813 71588
3.55849 71616
3.55872 71644
3.55896 71672
3.55932 71700
3.56004 71728
3.5604 71756
3.56076 71784
3.56123 71812
3.56183 71840
3.56267 71868
3.56303 71896
3.56339 71924
3.56374 71952
3.56422 71980
3.56458 72008
3.56769 72036
3.56817 72064
3.56853 72092
3.56876 72120
3.59506 72148
3.59554 72176
3.5959 72204
3.59613 72232
3.59637 72260
3.59685 72288
3.59709 72316
3.59733 72344
3.59757 72372
3.59829 72400
3.59876 72428
3.59912 72456
3.59948 72484
3.6002 72512
3.60103 72540
3.60139 72568
3.60163 72596
3.60211 72624
3.60247 72652
3.60283 72680
3.60331 72708
3.60653 72736
3.60701 72764
3.60725 72792
3.60761 72820
3.63402 72848
3.6345 72876
3.63474 72904
3.63498 72932
3.63534 72960
3.6357 72988
3.63593 73016
3.63617 73044
3.63653 73072
3.63725 73100
3.63761 73128
3.63809 73156
3.63844 73184
3.63904 73212
3.64 73240
3.64024 73268
3.6406 73296
3.64095 73324
3.64143 73352
3.64179 73380
3.64227 73408
3.6455 73436
3.64597 73464
3.64621 73492
3.64669 73520
3.67334 73548
3.67382 73576
3.67406 73604
3.6743 73632
3.67478 73660
3.67502 73688
3.67526 73716
3.6755 73744
3.67597 73772
3.67669 73800
3.67693 73828
3.67741 73856
3.67789 73884
3.67836 73912
3.67932 73940
3.67956 73968
3.68004 73996
3.6804 74024
3.68075 74052
3.68123 74080
3.68171 74107
3.68494 74134
3.68542 74161
3.68565 74188
3.68601 74215
3.71291 74242
3.71338 74269
3.71386 74296
3.7141 74323
3.71446 74350
3.71482 74377
3.71506 74404
3.7153 74431
3.71565 74458
3.71637 74485
3.71673 74512
3.71709 74539
3.71757 74566
3.71816 74593
3.719 74620
3.71936 74647
3.71972 74674
3.72008 74701
3.72055 74728
3.72091 74755
3.72139 74782
3.72462 74809
3.7251 74836
3.72534 74863
3.72557 74890
3.75247 74917
3.75294 74944
3.75342 74971
3.75366 74998
3.7539 75025
3.75438 75052
3.75462 75079
3.75486 75106
3.7551 75133
3.75581 75160
3.75629 75187
3.75665 75214
3.75701 75241
3.75773 75268
3.75856 75295
3.75892 75322
3.75916 75349
3.75964 75376
3.76 75403
3.76035 75430
3.76083 75457
3.76418 75484
3.76478 75511
3.76502 75538
3.76526 75565
3.76573 75592
3.79251 75619
3.79298 75646
3.79334 75673
3.79358 75700
3.79394 75727
3.7943 75754
3.79454 75781
3.79478 75808
3.79514 75835
3.79585 75862
3.79621 75889
3.79669 75916
3.79705 75943
3.79765 75970
3.7986 75997
3.79884 76024
3.7992 76051
3.79956 76078
3.80004 76105
3.80039 76132
3.80087 76159
3.80422 76186
3.80482 76213
3.80506 76240
3.80541 76267
3.80589 76294
3.83278 76321
3.83326 76348
3.8335 76375
3.83374 76402
3.83422 76429
3.83446 76456
3.8347 76483
3.83494 76510
3.83541 76537
3.83613 76564
3.83649 76591
3.83685 76618
3.83733 76645
3.8378 76672
3.83876 76699
3.839 76726
3.83948 76753
3.83984 76780
3.84019 76807
3.84067 76833
3.84115 76859
3.84438 76885
3.84498 76911
3.84521 76937
3.84569 76963
3.84617 76989
3.8733 77015
3.87366 77041
3.8739 77067
3.87414 77093
3.87462 77119
3.87486 77145
3.87509 77171
3.87533 77197
3.87581 77223
3.87653 77249
3.87689 77275
3.87725 77301
3.87772 77327
3.8782 77353
3.87904 77379
3.8794 77405
3.87987 77431
3.88023 77457
3.88059 77483
3.88107 77509
3.88155 77535
3.88466 77561
3.88525 77587
3.88561 77613
3.88609 77639
3.88657 77665
3.91346 77691
3.91382 77717
3.91406 77743
3.9143 77769
3.91477 77795
3.91501 77821
3.91525 77847
3.91549 77873
3.91597 77899
3.91669 77925
3.91705 77951
3.9174 77977
3.91788 78003
3.91836 78029
3.9192 78055
3.91956 78081
3.92003 78107
3.92039 78133
3.92075 78159
3.92123 78185
3.92171 78211
3.92481 78237
3.92541 78263
3.92577 78289
3.92625 78315
3.92673 78341
3.95386 78367
3.95422 78393
3.95446 78419
3.95469 78445
3.95517 78471
3.95541 78497
3.95565 78523
3.95589 78549
3.95625 78575
3.95673 78601
3.95732 78627
3.9578 78653
3.95816 78679
3.95852 78705
3.95912 78731
3.95995 78757
3.96031 78783
3.96067 78809
3.96115 78835
3.96151 78861
3.96199 78887
3.96234 78913
3.96557 78939
3.96617 78965
3.96653 78991
3.967 79017
3.96736 79043
3.99485 79069
3.99509 79095
3.99533 79121
3.99569 79147
3.99605 79173
3.99629 79199
3.99653 79225
3.99677 79251
3.99724 79277
3.99772 79303
3.99832 79329
3.99868 79355
3.99916 79381
3.99939 79407
4.00011 79433
4.00083 79459
4.00131 79485
4.00167 79511
4.00202 79537
4.0025 79563
4.00298 79589
4.00334 79615
4.00645 79641
4.00704 79667
4.00752 79693
4.008 79719
4.00824 79745
4.03597 79771
4.03621 79796
4.03645 79821
4.03692 79846
4.03716 79871
4.0374 79896
4.03764 79921
4.038 79946
4.03836 79971
4.03884 79996
4.03943 80021
4.03979 80046
4.04027 80071
4.04051 80096
4.04124 80121
4.04183 80146
4.04219 80171
4.04243 80196
4.04267 80221
4.04291 80246
4.04315 80271
4.04339 80296
4.04554 80321
4.04614 80346
4.04649 80371
4.04673 80396
4.04697 80421
4.05295 80446
4.05319 80471
4.05343 80496
4.05367 80521
4.0539 80546
4.05402 80571
