0.0 0
0.00801856 0.008
0.0174658 0.008125
0.018661 0.00835938
0.0198562 0.00868945
0.0210514 0.00922827
0.0245182 0.0100747
0.0257134 0.00994039
0.026311 0.00982284
0.0277453 0.00971999
0.029299 0.00987999
0.0298966 0.00989499
0.0313309 0.00990812
0.0328846 0.0100446
0.0333627 0.00991402
0.0349165 0.00979977
0.0356336 0.0098248
0.0362312 0.0098467
0.0383826 0.00999086
0.0400558 0.010367
0.0405339 0.0104461
0.0413706 0.0106404
0.0436414 0.0110603
0.044 0.0111778
0.0456733 0.0114056
0.0461514 0.0117299
0.046749 0.0118886
0.0492589 0.0122775
0.0498565 0.0126179
0.0503346 0.0129156
0.0509322 0.0130512
0.0542787 0.0136698
0.0546373 0.013961
0.0564301 0.0142159
0.0569082 0.0144389
0.0575058 0.0147591
0.058701 0.0150392
0.0615694 0.0156593
0.061928 0.0159519
0.0624061 0.0163329
0.065155 0.0170413
0.0656331 0.0174111
0.0659917 0.0176097
0.0665893 0.0179085
0.0671869 0.0182949
0.0707725 0.0186331
0.0712506 0.0190539
0.0717286 0.0194222
0.0720872 0.0197444
0.0726848 0.0200264
0.0732824 0.0203981
0.0778242 0.0207233
0.0780632 0.0211329
0.0785413 0.0214913
0.0815293 0.0219299
0.0820074 0.0224386
0.0822464 0.0228838
0.083083 0.0232733
0.0845173 0.0237392
0.0851149 0.0241468
0.088581 0.0245034
0.089059 0.0249405
0.0894176 0.0253229
0.0898957 0.0255326
0.0937203 0.026216
0.0943179 0.026564
0.094796 0.0268685
0.0952741 0.0272599
0.0955131 0.0276024
0.0963498 0.0279021
0.0968278 0.0281644
0.097545 0.0283938
0.103043 0.0289696
0.103521 0.0294734
0.10376 0.0297892
0.104238 0.0301906
0.104597 0.0305417
0.104836 0.030724
0.105672 0.0310085
0.10615 0.0313825
0.106628 0.0315846
0.113561 0.0321366
0.113919 0.0326195
0.114278 0.0330421
0.114756 0.0334118
0.11882 0.0342353
0.119417 0.0347059
0.119776 0.0349927
0.120134 0.0353686
0.120612 0.0356975
0.121449 0.0359853
0.123003 0.0364872
0.12372 0.0368013
0.124198 0.0370761
0.129576 0.0379416
0.129935 0.0383239
0.130413 0.0386584
0.130772 0.0389511
0.13125 0.0393322
0.131728 0.0396657
0.136628 0.0405825
0.137226 0.0410097
0.137823 0.0412585
0.138301 0.0416012
0.138779 0.041901
0.139138 0.0421634
0.139496 0.042393
0.140334 0.0427188
0.210969 0.040629
0.219216 0.0393004
0.219694 0.0381378
0.220172 0.0372456
0.220651 0.0364649
0.221248 0.0357818
0.221846 0.0351841
0.222443 0.034786
0.223041 0.0345628
0.225192 0.0344924
0.225909 0.0343059
0.226985 0.0342676
0.227583 0.0342342
0.22818 0.0343299
0.228897 0.0344137
0.241567 0.035987
0.242164 0.0368636
0.242642 0.0376306
0.242881 0.0383018
0.24312 0.0390141
0.243359 0.0396373
0.243598 0.0401827
0.243837 0.0406598
0.244076 0.0412023
0.244316 0.0416771
0.244555 0.0420924
0.244794 0.0424559
0.245033 0.0428989
0.245272 0.0432865
0.245511 0.0436257
0.245989 0.0425475
0.250052 0.0411041
0.250411 0.0397161
0.251009 0.0385015
0.251726 0.0373139
0.253877 0.0361496
0.254953 0.0351309
0.256148 0.0342396
0.26798 0.0332096
0.268578 0.0323084
0.268817 0.0315199
0.269056 0.0308299
0.269295 0.0302261
0.269534 0.0296979
0.269773 0.0292356
0.270012 0.0288312
0.270251 0.0284773
0.27049 0.0281676
0.270729 0.0278967
0.270968 0.0275346
0.271208 0.0273428
0.271447 0.0271749
0.271925 0.0270281
0.275988 0.0267745
0.276347 0.0266777
0.276825 0.026468
0.277542 0.0264095
0.279574 0.0263583
0.280769 0.0263135
0.281964 0.0261493
0.294155 0.0262557
0.294633 0.0262237
0.294872 0.0261957
0.295112 0.0261713
0.295351 0.0261499
0.29559 0.0261311
0.295829 0.0261147
0.296068 0.0261004
0.296307 0.0260878
0.296546 0.0260769
0.296785 0.0260673
0.297024 0.0261839
0.297263 0.0261609
0.297502 0.0261408
0.2981 0.0262482
0.302044 0.0263421
0.302402 0.0262994
0.30288 0.026262
0.303478 0.0262292
0.305629 0.0262006
0.306824 0.0261755
0.30802 0.0262786
0.320689 0.0262437
0.321167 0.0263383
0.321406 0.026421
0.321645 0.0263684
0.321884 0.0263223
0.322123 0.026407
0.322362 0.0264811
0.322601 0.026421
0.32284 0.0263684
0.323079 0.0264473
0.323318 0.0265164
0.323557 0.0265769
0.323796 0.0265048
0.324035 0.0265667
0.324513 0.0266208
0.328577 0.0270432
0.328816 0.0269128
0.329294 0.0269237
0.330011 0.0270582
0.332163 0.027301
0.333238 0.0273883
0.334434 0.0274648
0.347103 0.0289067
0.3477 0.0286684
0.347939 0.0283348
0.348178 0.028168
0.348417 0.028022
0.348656 0.0278942
0.348896 0.0276574
0.349135 0.0275753
0.349374 0.0275034
0.349613 0.0274404
0.349852 0.0272604
0.350091 0.0272278
0.35033 0.0271994
0.350569 0.0271744
0.351047 0.0271526
0.354991 0.0275085
0.35535 0.027445
0.355828 0.0273894
0.356545 0.0273407
0.358696 0.0274231
0.359772 0.0273702
0.360967 0.0273239
0.373517 0.0287834
0.374114 0.0285605
0.374353 0.0283654
0.374592 0.0281948
0.374831 0.0279204
0.37507 0.0278054
0.375309 0.0277047
0.375548 0.0276166
0.375788 0.0274145
0.376027 0.0273627
0.376266 0.0273174
0.376505 0.0272777
0.376744 0.027118
0.376983 0.0269782
0.377341 0.026981
0.3777 0.0268583
0.381883 0.026876
0.382242 0.0268915
0.38272 0.0269051
0.383317 0.026917
0.385469 0.0269273
0.386664 0.0269364
0.387859 0.0269444
0.400767 0.0269513
0.401245 0.0269574
0.401484 0.0269627
0.401723 0.0269674
0.401962 0.0269715
0.402201 0.026975
0.40244 0.0269782
0.40268 0.0269809
0.402919 0.0269833
0.403158 0.0269854
0.403397 0.0269872
0.403636 0.0269888
0.403875 0.0269902
0.404114 0.0271164
0.404472 0.0271019
0.40495 0.0270891
0.409134 0.027203
0.409492 0.0271776
0.40997 0.0271554
0.410568 0.027136
0.412719 0.027119
0.413914 0.0271041
0.41511 0.0272161
0.428257 0.0273141
0.428735 0.0272748
0.428974 0.0272405
0.429213 0.0273354
0.429452 0.0274185
0.429691 0.0273662
0.42993 0.0273204
0.430169 0.0274054
0.430408 0.0274797
0.430647 0.0274197
0.430886 0.0273673
0.431125 0.0274463
0.431364 0.0275156
0.431603 0.0275761
0.431842 0.0275041
0.43244 0.0275661
0.436743 0.0281203
0.436982 0.0279803
0.43746 0.0279827
0.438177 0.0281099
0.440448 0.0283462
0.441524 0.0284279
0.442838 0.0284994
0.456105 0.030062
0.456703 0.0298042
0.456942 0.0295787
0.457181 0.0295064
0.45742 0.0293181
0.457659 0.0291533
0.457898 0.0290091
0.458137 0.029008
0.458376 0.028882
0.458615 0.0287717
0.458854 0.0286753
0.459093 0.0287159
0.459332 0.0286264
0.459571 0.0285481
0.45981 0.0284796
0.460288 0.0285446
0.464471 0.0289766
0.46483 0.0288545
0.465308 0.0288727
0.466025 0.0288886
0.468176 0.0290275
0.469252 0.0290241
0.470567 0.0290211
0.483595 0.0305184
0.484192 0.0302036
0.484431 0.0299282
0.48467 0.0296871
0.484909 0.0293513
0.485148 0.0291823
0.485387 0.0290346
0.485626 0.0289052
0.485865 0.0286671
0.486104 0.0285837
0.486344 0.0285107
0.486583 0.0284469
0.486822 0.028266
0.487061 0.0282328
0.4873 0.0282037
0.487658 0.0281782
0.488017 0.0281559
0.492439 0.0281364
0.492798 0.0281194
0.493156 0.0281045
0.493873 0.0279664
0.496025 0.0279706
0.49722 0.0279743
0.498415 0.0279775
0.511682 0.0279803
0.512279 0.0279828
0.512518 0.0279849
0.512757 0.0279868
0.512996 0.0279885
0.513236 0.0279899
0.513475 0.0279912
0.513714 0.0279923
0.513953 0.0279932
0.514192 0.0279941
0.514431 0.0279948
0.51467 0.0279955
0.514909 0.027996
0.515148 0.0279965
0.515387 0.027997
0.515865 0.0279973
0.516224 0.0279977
0.520765 0.027998
0.521124 0.0281232
0.521602 0.0281078
0.5222 0.0282193
0.524351 0.0281919
0.525546 0.0281679
0.526741 0.0281469
0.540247 0.0282536
0.540845 0.0282219
0.541084 0.0283191
0.541323 0.0284042
0.541562 0.0284787
0.541801 0.0284189
0.54204 0.0284915
0.542279 0.0285551
0.542518 0.0286107
0.542757 0.0285344
0.542996 0.0284676
0.543235 0.0285341
0.543474 0.0285923
0.543713 0.0285183
0.543952 0.0284535
0.54443 0.0285218
0.544908 0.0284566
0.54957 0.0290245
0.549809 0.0290215
0.550287 0.0290188
0.551004 0.0291414
0.553155 0.0293737
0.554231 0.029452
0.555546 0.0295205
0.569051 0.0312055
0.569649 0.0309298
0.570008 0.0308136
0.570247 0.0305869
0.570486 0.0303885
0.570725 0.0302149
0.570964 0.0300631
0.571203 0.0299302
0.571442 0.0298139
0.571681 0.0297122
0.57192 0.0296232
0.572159 0.0296703
0.572398 0.0295865
0.572637 0.0295132
0.572876 0.029449
0.573235 0.0295179
0.573713 0.0294532
0.578493 0.0300215
0.578852 0.0298938
0.57933 0.0299071
0.580047 0.0299187
0.582199 0.0300539
0.583274 0.0300471
0.584589 0.0300412
0.597856 0.0315361
0.598453 0.0312191
0.598931 0.0309417
0.59917 0.030699
0.599409 0.0304866
0.599648 0.0303008
0.599888 0.0301382
0.600127 0.0301209
0.600366 0.0299808
0.600605 0.0298582
0.600844 0.0297509
0.601083 0.0297821
0.601322 0.0296843
0.601561 0.0295988
0.6018 0.0295239
0.602158 0.0295834
0.602517 0.0295105
0.607178 0.0300717
0.607537 0.0299377
0.608015 0.0299455
0.608373 0.0298273
0.609091 0.0297239
0.611242 0.0296334
0.612437 0.0295542
0.613632 0.029485
0.627138 0.0295493
0.627736 0.0294807
0.628094 0.0295456
0.628333 0.0294774
0.628572 0.0294177
0.628811 0.0293655
0.62905 0.0294448
0.629289 0.0293892
0.629528 0.0293406
0.629768 0.029298
0.630007 0.0293857
0.630246 0.0293375
0.630485 0.0292953
0.630724 0.0292584
0.630963 0.0292261
0.631441 0.0291978
0.631799 0.0291731
0.6367 0.0291515
0.637058 0.0292575
0.637536 0.0292253
0.638014 0.0293222
0.638612 0.0292819
0.640763 0.0292467
0.641959 0.0292158
0.643154 0.0293139
0.656899 0.0292746
0.657496 0.0293653
0.657735 0.0293196
0.657974 0.0292797
0.658213 0.0293697
0.658452 0.0294485
0.658691 0.0293924
0.65893 0.0293434
0.659169 0.0294255
0.659408 0.0294973
0.659648 0.0294351
0.659887 0.0293807
0.660126 0.0294581
0.660365 0.0295259
0.660604 0.0295851
0.661082 0.029637
0.66156 0.0296824
0.66658 0.0297221
0.666938 0.0296318
0.667416 0.0296778
0.667894 0.0295931
0.668492 0.029644
0.670763 0.0299385
0.671839 0.0300712
0.673153 0.0303123
0.686898 0.0318982
0.687496 0.031786
0.687854 0.0315627
0.688093 0.0314924
0.688332 0.0314308
0.688571 0.031252
0.68881 0.0310955
0.689049 0.0310835
0.689288 0.0310731
0.689528 0.030939
0.689767 0.0308216
0.690006 0.0308439
0.690245 0.0308634
0.690484 0.0307555
0.690723 0.030661
0.691081 0.0307034
0.691559 0.0306155
0.696579 0.0311635
0.696938 0.0310181
0.697416 0.0310158
0.697894 0.0308889
0.698611 0.0309028
0.700882 0.0310399
0.701958 0.0310349
0.703272 0.0311556
0.716898 0.0326361
0.717495 0.0324316
0.717973 0.0321276
0.718212 0.0319867
0.718451 0.0317384
0.71869 0.0315211
0.718929 0.0313309
0.719168 0.0312896
0.719408 0.0311284
0.719647 0.0309873
0.719886 0.0308639
0.720125 0.0308809
0.720364 0.0307708
0.720603 0.0306744
0.720842 0.0305901
0.7212 0.0306414
0.721559 0.0305612
0.726579 0.0311161
0.727057 0.0311015
0.727535 0.0310889
0.728013 0.0310777
0.72873 0.031068
0.731001 0.0313095
0.732077 0.0313958
0.732435 0.0313464
0.73363 0.0311781
0.747375 0.0311558
0.747973 0.0310113
0.748331 0.0310099
0.74857 0.0308837
0.748809 0.0307732
0.749048 0.0308016
0.749288 0.0308264
0.749527 0.0307231
0.749766 0.0306327
0.750005 0.0306786
0.750244 0.0307188
0.750483 0.0306289
0.750722 0.0305503
0.750961 0.0304815
0.7512 0.0305463
0.751678 0.030478
0.752036 0.0305433
0.757056 0.0306004
0.757534 0.0305253
0.758012 0.0305847
0.758491 0.0305116
0.759088 0.0305726
0.761479 0.030501
0.762554 0.0304384
0.762913 0.0303836
0.764228 0.0304607
0.778331 0.0305281
0.778928 0.0305871
0.779168 0.0306387
0.779407 0.0306838
0.779646 0.0307234
0.779885 0.0306329
0.780124 0.0306788
0.780363 0.030719
0.780602 0.0307541
0.780841 0.0306598
0.78108 0.0307024
0.781319 0.0307396
0.781558 0.0307721
0.781797 0.0308006
0.782036 0.0308255
0.782514 0.0308473
0.782992 0.0307414
0.788012 0.0307737
0.788371 0.030802
0.788849 0.0307018
0.789327 0.030739
0.789924 0.0306467
0.792434 0.0306908
0.79351 0.0307295
0.793868 0.0307633
0.795303 0.0307929
0.809645 0.0308188
0.810123 0.0309664
0.810482 0.0310956
0.810721 0.0310837
0.81096 0.0310732
0.811199 0.0311891
0.811438 0.0312904
0.811677 0.0312541
0.811916 0.0312224
0.812155 0.0313196
0.812394 0.0314046
0.812633 0.031354
0.812872 0.0313098
0.813111 0.0313961
0.81335 0.0314716
0.813709 0.0314126
0.814187 0.031486
0.819207 0.0321753
0.819565 0.0320284
0.820043 0.0320248
0.820521 0.0320217
0.821239 0.032019
0.823629 0.0322666
0.824705 0.0322333
0.825063 0.0322041
0.826497 0.0323036
0.84084 0.0338907
0.841318 0.0336543
0.841796 0.0333225
0.842035 0.0331572
0.842274 0.0330126
0.842513 0.032886
0.842752 0.0326502
0.842991 0.032444
0.84323 0.0323885
0.843469 0.0323399
0.843708 0.0321724
0.843947 0.0320259
0.844186 0.0320226
0.844425 0.0320198
0.844664 0.0318923
0.845023 0.0319058
0.845382 0.0319176
0.850401 0.0324279
0.85088 0.0322494
0.851358 0.0322182
0.851836 0.0320659
0.852553 0.0320577
0.854943 0.0321755
0.856138 0.0322785
0.856497 0.0322437
0.857931 0.0322133
0.872154 0.0339366
0.872632 0.0336945
0.87311 0.0334827
0.873349 0.0332974
0.873588 0.0330102
0.873827 0.0327589
0.874066 0.0326641
0.874305 0.0325811
0.874544 0.0325084
0.874784 0.0323199
0.875023 0.0322799
0.875262 0.0322449
0.875501 0.0322143
0.87574 0.0320625
0.875979 0.0319297
0.876337 0.0319385
0.876696 0.0318212
0.877054 0.0318435
0.882074 0.0318631
0.882552 0.0318802
0.88303 0.0318952
0.883508 0.0319083
0.884106 0.0319197
0.886496 0.0319298
0.887811 0.0318135
0.88817 0.0318369
0.889604 0.0318572
0.904305 0.0318751
0.904783 0.0318907
0.905142 0.0319044
0.905381 0.0319163
0.90562 0.0319268
0.905859 0.0319359
0.906098 0.0319439
0.906337 0.0319509
0.906576 0.0319571
0.906815 0.0319624
0.907054 0.0319671
0.907293 0.0319712
0.907532 0.0319748
0.907771 0.031978
0.90801 0.0321057
0.908369 0.0320925
0.908727 0.032081
0.909205 0.0320708
0.914225 0.032062
0.914584 0.0320542
0.915062 0.0320475
0.91554 0.0320415
0.916137 0.0320363
0.918528 0.0320318
0.919843 0.0320278
0.920321 0.0320243
0.921755 0.0320213
0.936814 0.0320186
0.937292 0.0321413
0.937651 0.0321236
0.93789 0.0321082
0.938129 0.0322197
0.938368 0.0323172
0.938607 0.0324026
0.938846 0.0323522
0.939085 0.0324332
0.939324 0.0325041
0.939563 0.032566
0.939802 0.0324953
0.940041 0.0325584
0.94028 0.0326136
0.94052 0.0326619
0.940759 0.0325791
0.941237 0.0326318
0.941595 0.0326778
0.946615 0.0332181
0.946974 0.0330658
0.947452 0.0330576
0.94793 0.0329254
0.948647 0.0329347
0.951037 0.0331929
0.952232 0.0332938
0.952711 0.033257
0.954145 0.0333499
0.969204 0.0351812
0.969682 0.0349085
0.97016 0.03467
0.9704 0.0344612
0.970639 0.0342786
0.970878 0.0339937
0.971117 0.0338695
0.971356 0.0337608
0.971595 0.0336657
0.971834 0.0334575
0.972073 0.0334003
0.972312 0.0333503
0.972551 0.0333065
0.97279 0.0331432
0.973029 0.0331253
0.973268 0.0331096
0.973746 0.0330959
0.973985 0.0329589
0.979005 0.0335891
0.979483 0.0335154
0.979961 0.033451
0.980439 0.0333946
0.981156 0.0334703
0.983547 0.0336615
0.984742 0.0335788
0.98522 0.0335065
0.986774 0.0335682
1.00171 0.0352471
1.00219 0.0349662
1.00267 0.0347205
1.00291 0.0343804
1.00315 0.0342079
1.00339 0.0340569
1.00363 0.0339248
1.00387 0.0336842
1.0041 0.0335986
1.00434 0.0335238
1.00458 0.0334583
1.00482 0.033276
1.00506 0.0332415
1.0053 0.0332113
1.00554 0.0331849
1.00578 0.0330368
1.00626 0.0330322
1.00649 0.0330282
1.00685 0.0330247
1.01187 0.0328966
1.01235 0.0329095
1.01283 0.0329208
1.01331 0.0329307
1.0139 0.0328144
1.0163 0.0328376
1.01761 0.0328579
1.01809 0.0328756
1.01964 0.0328912
1.03506 0.0330298
1.03554 0.0330261
1.0359 0.0330228
1.03614 0.033145
1.03637 0.0331268
1.03661 0.033111
1.03685 0.0330971
1.03709 0.03321
1.03733 0.0331837
1.03757 0.0331608
1.03781 0.0331407
1.03805 0.0332481
1.03829 0.0332171
1.03853 0.0331899
1.03876 0.0331662
1.039 0.0332704
1.03948 0.0332366
1.03972 0.033207
1.0402 0.0333062
1.04522 0.0333929
1.04558 0.0333438
1.04606 0.0334258
1.04653 0.0333726
1.04713 0.033451
1.04952 0.0333946
1.05084 0.0333453
1.05131 0.0333021
1.05287 0.0332644
1.06876 0.0332313
1.06924 0.0333274
1.0696 0.0334115
1.06984 0.03336
1.07008 0.03344
1.07032 0.03351
1.07056 0.0335713
1.0708 0.0334999
1.07104 0.0335624
1.07127 0.0336171
1.07151 0.0336649
1.07175 0.0337068
1.07199 0.0336185
1.07223 0.0336662
1.07247 0.0337079
1.07271 0.0337444
1.07307 0.0337764
1.07343 0.0338043
1.07378 0.0338288
1.0788 0.0343502
1.07916 0.0343064
1.07964 0.0342681
1.08012 0.0342346
1.08084 0.0342053
1.08323 0.0344296
1.08442 0.0345009
1.0849 0.0344383
1.08657 0.0345085
1.10235 0.0364449
1.10283 0.0361393
1.10331 0.0358719
1.10354 0.0356379
1.10378 0.0354332
1.10402 0.035254
1.10426 0.0350973
1.1045 0.0349601
1.10474 0.0348401
1.10498 0.0346101
1.10522 0.0345338
1.10546 0.0344671
1.1057 0.0344087
1.10594 0.0343576
1.10617 0.0343129
1.10641 0.0342738
1.10677 0.0342396
1.10713 0.0342096
1.10737 0.0341834
1.11239 0.0347855
1.11287 0.0346873
1.11335 0.0346014
1.11382 0.0345262
1.11454 0.0344604
1.11693 0.0346529
1.11813 0.0346963
1.1186 0.0346092
1.12028 0.0347831
1.13593 0.0365602
1.13641 0.0362402
1.13689 0.0359602
1.13713 0.0357151
1.13737 0.0355007
1.13761 0.0353131
1.13785 0.035024
1.13809 0.034896
1.13833 0.034784
1.13856 0.034686
1.1388 0.0346002
1.13904 0.0345252
1.13928 0.0344596
1.13952 0.0344021
1.13976 0.0343519
1.14 0.0341829
1.14036 0.03416
1.14072 0.03414
1.14095 0.0339975
1.14131 0.0339978
1.14633 0.0339981
1.14681 0.0339983
1.14729 0.0339985
1.14777 0.0339987
1.14848 0.0339989
1.15087 0.033999
1.15219 0.0339991
1.15267 0.0339992
1.15422 0.0339993
1.17036 0.0341244
1.17083 0.0341089
1.17119 0.0342203
1.17143 0.0341927
1.17167 0.0341686
1.17191 0.0341476
1.17215 0.0342541
1.17239 0.0342223
1.17263 0.0341946
1.17287 0.0341702
1.17311 0.034274
1.17334 0.0342397
1.17358 0.0342097
1.17382 0.0341835
1.17406 0.0342856
1.1743 0.0343749
1.17466 0.034328
1.17502 0.034412
1.17526 0.0344855
1.17573 0.0344248
1.18075 0.0343717
1.18111 0.0344503
1.18159 0.034394
1.18219 0.0344697
1.18291 0.034411
1.1853 0.0344846
1.18661 0.0344241
1.18709 0.034496
1.18864 0.034434
1.20502 0.0345048
1.2055 0.0345667
1.20585 0.0344959
1.20609 0.0345589
1.20633 0.034614
1.20657 0.0346623
1.20681 0.0345795
1.20705 0.034632
1.20729 0.034678
1.20753 0.0347183
1.20777 0.0346285
1.20801 0.0346749
1.20824 0.0347156
1.20848 0.0347511
1.20872 0.0346572
1.20896 0.0345751
1.20932 0.0346282
1.20968 0.0346747
1.20992 0.0345903
1.21028 0.0346415
1.21542 0.0353113
1.21577 0.0352724
1.21625 0.0352384
1.21685 0.0352086
1.21769 0.0351825
1.22008 0.0355347
1.22127 0.0355929
1.22175 0.0355187
1.22342 0.0355789
1.24004 0.0376315
1.24051 0.0373026
1.24099 0.0370148
1.24123 0.0368879
1.24147 0.0366519
1.24171 0.0364454
1.24195 0.0362648
1.24219 0.0362317
1.24243 0.0360777
1.24267 0.035943
1.24291 0.0358251
1.24314 0.035847
1.24338 0.0357411
1.24362 0.0356485
1.24386 0.0355674
1.2441 0.0356215
1.24434 0.0356688
1.24482 0.0355852
1.24506 0.035637
1.2453 0.0356824
1.25032 0.0362221
1.25079 0.0360693
1.25127 0.0360607
1.25175 0.0359281
1.25271 0.0359371
1.2551 0.0361949
1.25629 0.0361706
1.25677 0.0360243
1.25844 0.0361462
1.2747 0.0380029
1.27518 0.0376276
1.27565 0.0372991
1.27589 0.0370117
1.27613 0.0367603
1.27637 0.0365402
1.27661 0.0363477
1.27685 0.0361792
1.27709 0.0360318
1.27733 0.0359029
1.27757 0.03579
1.2778 0.0356912
1.27804 0.0356048
1.27828 0.0355292
1.27852 0.0354631
1.27876 0.0354052
1.279 0.0353545
1.27948 0.0353102
1.27972 0.0352714
1.27996 0.0351125
1.28043 0.0350985
1.28545 0.0350861
1.28593 0.0350754
1.28641 0.035066
1.28689 0.0350577
1.28773 0.0350505
1.29012 0.0350442
1.29143 0.0350387
1.29191 0.0350338
1.29346 0.0350296
1.30996 0.0350259
1.31043 0.0350227
1.31091 0.0350198
1.31115 0.0351423
1.31139 0.0351246
1.31163 0.035109
1.31187 0.0350954
1.31211 0.0352084
1.31235 0.0351824
1.31259 0.0351596
1.31282 0.0351396
1.31306 0.0352472
1.3133 0.0352163
1.31354 0.0351892
1.31378 0.0351656
1.31402 0.0352699
1.31438 0.0352362
1.31474 0.0352066
1.31498 0.0351808
1.31533 0.0352832
1.31581 0.0352478
1.32107 0.0353418
1.32143 0.0354241
1.32191 0.0353711
1.32251 0.0354497
1.32322 0.0355185
1.32561 0.0354537
1.32693 0.035397
1.32741 0.0354723
1.32896 0.0354133
1.34569 0.0354866
1.34617 0.0355508
1.34665 0.035607
1.34689 0.0355311
1.34713 0.0355897
1.34737 0.035641
1.3476 0.0356859
1.34784 0.0356001
1.34808 0.0356501
1.34832 0.0356938
1.34856 0.0357321
1.3488 0.0356406
1.34904 0.0356855
1.34928 0.0357248
1.34952 0.0357592
1.34976 0.0356643
1.35011 0.0357063
1.35047 0.035743
1.35071 0.0357751
1.35119 0.0358032
1.35155 0.0358278
1.35705 0.0358493
1.35729 0.0358682
1.35776 0.0358847
1.35836 0.0360241
1.3592 0.0361461
1.36159 0.0363778
1.36278 0.0364556
1.36326 0.0365236
1.36494 0.0365832
1.38167 0.0386353
1.38215 0.0384309
1.38274 0.038127
1.38298 0.0378611
1.38322 0.0377535
1.38346 0.0375343
1.3837 0.0373425
1.38394 0.0371747
1.38418 0.0371529
1.38442 0.0370088
1.38466 0.0368827
1.38489 0.0367723
1.38513 0.0368008
1.38537 0.0367007
1.38561 0.0366131
1.38585 0.0365365
1.38609 0.0365944
1.38657 0.0365201
1.38681 0.0364551
1.38717 0.0365232
1.38752 0.0364578
1.39314 0.0371506
1.3935 0.0370068
1.39398 0.0368809
1.39446 0.0368958
1.39541 0.0369088
1.3978 0.0370452
1.399 0.0370396
1.39948 0.0370346
1.40115 0.0371553
1.41764 0.0391359
1.41812 0.0388689
1.41872 0.0385103
1.41908 0.0383215
1.41932 0.0381563
1.41956 0.0378868
1.41979 0.0376509
1.42003 0.0375696
1.42027 0.0374984
1.42051 0.0373111
1.42075 0.0371472
1.42099 0.0370038
1.42123 0.0370033
1.42147 0.0368779
1.42171 0.0367682
1.42195 0.0366721
1.42219 0.0367131
1.42266 0.036624
1.4229 0.036546
1.42314 0.0366027
1.42362 0.0365274
1.429 0.0370865
1.42936 0.0369507
1.42983 0.0368318
1.43031 0.0368528
1.43079 0.0367462
1.43163 0.036653
1.43402 0.0366963
1.43533 0.0367343
1.43581 0.0366425
1.43736 0.0365622
1.4541 0.0366169
1.45458 0.0365398
1.45517 0.0365973
1.45541 0.0365227
1.45565 0.0364573
1.45589 0.0364002
1.45613 0.0364751
1.45637 0.0364157
1.45661 0.0363638
1.45685 0.0363183
1.45708 0.0364035
1.45732 0.0364781
1.45756 0.0364183
1.4578 0.036366
1.45804 0.0364453
1.45828 0.0365146
1.45864 0.0364503
1.459 0.036394
1.45924 0.0364698
1.45959 0.036411
1.45995 0.0363597
1.46557 0.0364397
1.46605 0.0365097
1.46653 0.036571
1.46701 0.0366246
1.46748 0.0366716
1.46832 0.0367126
1.47071 0.0366235
1.47202 0.0366706
1.4725 0.0367118
1.47406 0.0367478
1.49103 0.0367793
1.49151 0.0368069
1.49198 0.036706
1.49222 0.0367428
1.49246 0.0367749
1.4927 0.0368031
1.49294 0.0367027
1.49318 0.0367398
1.49342 0.0367724
1.49366 0.0368008
1.4939 0.0367007
1.49414 0.0367381
1.49438 0.0367709
1.49461 0.0367995
1.49485 0.0366996
1.49509 0.0367371
1.49545 0.03677
1.49581 0.0367987
1.49605 0.0368239
1.49653 0.0368459
1.49677 0.0368652
1.50262 0.036882
1.5031 0.0368968
1.50358 0.0369097
1.50406 0.036921
1.50441 0.0369308
1.50537 0.0369395
1.50788 0.037197
1.50908 0.0374224
1.50955 0.0373696
1.51123 0.0375734
1.5282 0.0396267
1.52868 0.0392984
1.52928 0.0391361
1.52951 0.0389941
1.52975 0.0387448
1.52999 0.0385267
1.53023 0.0384609
1.53047 0.0384033
1.53071 0.0382279
1.53095 0.0380744
1.53119 0.0380651
1.53143 0.0380569
1.53167 0.0379248
1.5319 0.0378092
1.53214 0.0378331
1.53238 0.0378539
1.53262 0.0377472
1.5331 0.0377788
1.53334 0.0378064
1.5337 0.0377056
1.53406 0.0377424
1.53979 0.0383996
1.54027 0.0383497
1.54075 0.038181
1.54123 0.0381583
1.54171 0.0380136
1.54266 0.0380119
1.54517 0.0382604
1.54637 0.0383528
1.54684 0.0381837
1.54852 0.0382858
1.56537 0.04025
1.56585 0.0398438
1.56645 0.0396133
1.5668 0.0392866
1.56704 0.0391258
1.56728 0.0389851
1.56752 0.038862
1.56776 0.0386292
1.568 0.0384256
1.56824 0.0383724
1.56848 0.0383258
1.56872 0.0381601
1.56896 0.0380151
1.56919 0.0380132
1.56943 0.0380115
1.56967 0.0378851
1.56991 0.0377745
1.57039 0.0378027
1.57063 0.0377023
1.57087 0.0376145
1.57135 0.0376627
1.57696 0.0382049
1.57744 0.0381793
1.57804 0.0381569
1.57852 0.0381372
1.579 0.0379951
1.57995 0.0379957
1.58246 0.0382462
1.58366 0.0382155
1.58413 0.0381885
1.58581 0.03829
1.58617 0.0382537
1.60302 0.038222
1.6035 0.0381942
1.60409 0.03817
1.60433 0.0381487
1.60457 0.0380051
1.60481 0.0378795
1.60505 0.0378946
1.60529 0.0379077
1.60553 0.0379193
1.60577 0.0378044
1.60601 0.0378288
1.60625 0.0378502
1.60648 0.0378689
1.60672 0.0377603
1.60696 0.0376653
1.6072 0.0377071
1.60756 0.0377437
1.60792 0.0376508
1.60816 0.0376944
1.60852 0.0377326
1.60888 0.037641
1.61461 0.0376859
1.61509 0.0377252
1.61569 0.0376345
1.61617 0.0376802
1.61652 0.0377202
1.61748 0.0377552
1.62011 0.0377858
1.62131 0.0378125
1.62178 0.037711
1.62346 0.0377471
1.62382 0.0376537
1.64115 0.037697
1.64162 0.0377349
1.6421 0.037768
1.64234 0.037797
1.64258 0.0378224
1.64282 0.0378446
1.64306 0.037864
1.6433 0.037881
1.64354 0.0378959
1.64378 0.0379089
1.64401 0.0379203
1.64425 0.0379302
1.64449 0.037939
1.64473 0.0379466
1.64497 0.0379533
1.64521 0.0379591
1.64557 0.0379642
1.64593 0.0379687
1.64617 0.0379726
1.64664 0.037976
1.64688 0.037979
1.65274 0.0379816
1.6531 0.0379839
1.6537 0.0379859
1.65417 0.0379877
1.65453 0.0379892
1.65549 0.0379906
1.65824 0.0379918
1.65943 0.0379928
1.65991 0.0379937
1.66158 0.0379945
1.66194 0.0379952
1.67963 0.0379958
1.67999 0.0379963
1.68059 0.0381218
1.68083 0.0381065
1.68107 0.0382182
1.6813 0.0383159
1.68154 0.0384015
1.68178 0.0383513
1.68202 0.0384324
1.68226 0.0385033
1.6825 0.0385654
1.68274 0.0384947
1.68298 0.0384329
1.68322 0.0385038
1.68346 0.0385658
1.68369 0.0386201
1.68393 0.0385426
1.68441 0.0385997
1.68465 0.0386498
1.68501 0.0386936
1.68537 0.0387319
1.69111 0.0395154
1.69158 0.039451
1.69206 0.0393946
1.69254 0.0393453
1.69302 0.0393021
1.69397 0.0392643
1.6966 0.0394813
1.6978 0.0394211
1.69828 0.0393685
1.69995 0.0394474
1.70019 0.0393915
1.718 0.0414676
1.71836 0.0411591
1.71895 0.0408892
1.71931 0.0406531
1.71955 0.0404464
1.71979 0.0401406
1.72003 0.0399981
1.72027 0.0398733
1.72051 0.0397641
1.72075 0.0395436
1.72099 0.0393507
1.72122 0.0393068
1.72146 0.0392685
1.7217 0.0392349
1.72194 0.0390806
1.72218 0.0390705
1.72242 0.0390617
1.7229 0.039054
1.72314 0.0390472
1.72338 0.0390413
1.72385 0.0389111
1.72947 0.0395473
1.72995 0.0393538
1.73055 0.0393096
1.73102 0.0392709
1.7315 0.039237
1.73246 0.0392074
1.73509 0.0395565
1.7364 0.0396119
1.73688 0.0395354
1.73855 0.0395935
1.73879 0.0395193
1.75648 0.0415794
1.75684 0.041257
1.75744 0.0409749
1.7578 0.040728
1.75804 0.040512
1.75828 0.040323
1.75851 0.0401576
1.75875 0.0398879
1.75899 0.0396519
1.75923 0.0395704
1.75947 0.0394991
1.75971 0.0394367
1.75995 0.0392571
1.76019 0.039225
1.76043 0.0391969
1.76067 0.0391723
1.7609 0.0390257
1.76138 0.0390225
1.76162 0.0390197
1.76186 0.0388922
1.76222 0.0389057
1.76258 0.0389175
1.76832 0.0389278
1.76879 0.0389368
1.76939 0.0389447
1.76987 0.0388266
1.77023 0.0388483
1.77118 0.0388673
1.77393 0.0387589
1.77525 0.038789
1.77573 0.0388154
1.7774 0.0388385
1.77764 0.0388586
1.7958 0.0388763
1.79616 0.0390168
1.79676 0.0390147
1.797 0.0390128
1.79724 0.0390112
1.79748 0.0390098
1.79772 0.0390086
1.79796 0.0390075
1.7982 0.0391316
1.79843 0.0391151
1.79867 0.0391007
1.79891 0.0390882
1.79915 0.0392021
1.79939 0.0391769
1.79963 0.0391548
1.79987 0.0391354
1.80011 0.0392435
1.80059 0.039213
1.80082 0.0391864
1.80106 0.0392881
1.80154 0.0392521
1.80178 0.0392206
1.80764 0.039193
1.808 0.0391689
1.80859 0.0391478
1.80907 0.0392543
1.80943 0.0392225
1.81039 0.0391947
1.81314 0.0392954
1.81445 0.0392584
1.81493 0.0392261
1.81672 0.0391979
1.81696 0.0391731
1.83549 0.0392765
1.83584 0.0392419
1.83644 0.0393367
1.83668 0.0394196
1.83692 0.0393672
1.83716 0.0394463
1.8374 0.0395155
1.83764 0.039576
1.83788 0.039629
1.83811 0.0396754
1.83835 0.039716
1.83859 0.0397515
1.83883 0.0397825
1.83907 0.0398097
1.83931 0.0398335
1.83955 0.0398543
1.83979 0.0398725
1.84015 0.0398885
1.84051 0.0399024
1.84074 0.0399146
1.8411 0.0399253
1.84146 0.0399346
1.8472 0.0406928
1.84768 0.0406062
1.84815 0.0406554
1.84863 0.0405735
1.84911 0.0405018
1.85007 0.0405641
1.8527 0.0407436
1.85401 0.0407756
1.85449 0.0406787
1.85628 0.0408438
1.85652 0.0407384
1.87505 0.0430211
1.8754 0.0426434
1.876 0.042438
1.87636 0.0421332
1.8766 0.0418666
1.87684 0.0416333
1.87708 0.0414291
1.87732 0.0412505
1.87756 0.0410942
1.8778 0.0409574
1.87803 0.0408377
1.87827 0.040733
1.87851 0.0406414
1.87875 0.0405612
1.87899 0.0403661
1.87923 0.0403203
1.87947 0.0402803
1.87983 0.0402452
1.88019 0.0402146
1.88042 0.0401877
1.88066 0.0401643
1.88114 0.0401437
1.88676 0.0407508
1.88724 0.0406569
1.88784 0.0405748
1.88831 0.040503
1.88879 0.0404401
1.88975 0.0403851
1.89238 0.0405869
1.89369 0.0406386
1.89417 0.0405588
1.89608 0.0407389
1.89632 0.0406465
1.91473 0.0428157
1.91509 0.0424638
1.91568 0.0421558
1.91604 0.0418863
1.91628 0.0416505
1.91652 0.0414442
1.91676 0.0412637
1.917 0.0409807
1.91724 0.0408581
1.91748 0.0407509
1.91772 0.040657
1.91795 0.0404499
1.91819 0.0403936
1.91843 0.0403444
1.91867 0.0403014
1.91891 0.0402637
1.91915 0.0402307
1.91951 0.0402019
1.91987 0.0401767
1.92011 0.0401546
1.92034 0.0401353
1.9207 0.0401183
1.92106 0.0401036
1.9268 0.0400906
1.92728 0.0400793
1.92787 0.0400694
1.92835 0.0400607
1.92871 0.0400531
1.92967 0.0400465
1.93242 0.0400407
1.93373 0.0400356
1.93421 0.0400311
1.93612 0.0400272
1.93636 0.0400238
1.95524 0.0401459
1.9556 0.0401276
1.9562 0.0402367
1.95644 0.0402071
1.95668 0.0401812
1.95692 0.0401586
1.95716 0.0402637
1.9574 0.0403558
1.95763 0.0403113
1.95787 0.0402724
1.95811 0.0403633
1.95835 0.0404429
1.95859 0.0403876
1.95883 0.0403391
1.95907 0.0404217
1.95931 0.040494
1.95955 0.0404323
1.95991 0.0403782
1.96026 0.0404559
1.9605 0.0403989
1.96074 0.0403491
1.96122 0.0404304
1.96146 0.0403766
1.96732 0.0404546
1.96767 0.0403977
1.96827 0.040473
1.96875 0.0404139
1.96911 0.0404872
1.97006 0.0405513
1.97281 0.0404824
1.97413 0.0405471
1.97461 0.0404787
1.97652 0.0404188
1.97676 0.0403665
1.996 0.0404457
1.99636 0.040515
1.99696 0.0404506
1.9972 0.0405193
1.99743 0.0405794
1.99767 0.0406319
1.99791 0.0405529
1.99815 0.0406088
1.99839 0.0406577
1.99863 0.0407005
1.99887 0.0406129
1.99911 0.0406613
1.99935 0.0407037
1.99959 0.0407407
1.99983 0.0407731
2.00006 0.0408015
2.0003 0.0408263
2.00054 0.040848
2.00102 0.040992
2.00126 0.040993
2.0015 0.0409939
2.00186 0.0409946
2.00222 0.0409953
2.00807 0.0417459
2.00855 0.0416527
2.00903 0.0416961
2.00951 0.0416091
2.00998 0.0415329
2.01094 0.0414663
2.01357 0.041658
2.01488 0.0417008
2.01536 0.0416132
2.01728 0.0417865
2.01763 0.0416882
2.03688 0.0439772
2.03724 0.043605
2.03783 0.0432794
2.03819 0.0431195
2.03843 0.0428545
2.03867 0.0426227
2.03891 0.0424199
2.03915 0.0423674
2.03939 0.0421965
2.03963 0.0420469
2.03986 0.041916
2.0401 0.0419265
2.04034 0.0418107
2.04058 0.0417094
2.04082 0.0416207
2.04106 0.0416681
2.0413 0.0415846
2.04154 0.0415115
2.04202 0.0415726
2.04225 0.041501
2.04249 0.0414384
2.04273 0.0413836
2.04321 0.0414606
2.04883 0.0420281
2.04931 0.0418996
2.0499 0.0417871
2.05038 0.0416887
2.05086 0.0416026
2.05182 0.0416523
2.05445 0.0419458
2.05576 0.0419525
2.05624 0.0419585
2.05815 0.0420887
2.05851 0.0419526
2.07751 0.0442085
2.07787 0.0438074
2.07847 0.0434565
2.07883 0.0431494
2.07907 0.0428808
2.07931 0.0426457
2.07955 0.04244
2.07978 0.04226
2.08002 0.0421025
2.08026 0.0419647
2.0805 0.0418441
2.08074 0.0417386
2.08098 0.0415212
2.08122 0.0414561
2.08146 0.0413991
2.0817 0.0413492
2.08194 0.0411805
2.08217 0.041158
2.08265 0.0411382
2.08301 0.041121
2.08325 0.0411058
2.08349 0.0410926
2.08385 0.041081
2.08421 0.0410709
2.08994 0.041062
2.09042 0.0410543
2.09102 0.0411725
2.0915 0.0411509
2.09186 0.0411321
2.09281 0.0411156
2.09568 0.0411011
2.097 0.0410885
2.09747 0.0410774
2.09939 0.0410677
2.09962 0.0410593
2.11899 0.0410519
2.11935 0.0411704
2.11994 0.0411491
2.12018 0.0412554
2.12042 0.0412235
2.12066 0.0411956
2.1209 0.0411711
2.12114 0.0412747
2.12138 0.0412404
2.12162 0.0412103
2.12186 0.041184
2.12209 0.041286
2.12233 0.0413753
2.12257 0.0413284
2.12281 0.0412873
2.12305 0.0413764
2.12329 0.0414544
2.12365 0.0413976
2.12413 0.0414729
2.12448 0.0414138
2.12472 0.041362
2.12496 0.0413168
2.12544 0.0414022
2.1258 0.0413519
2.13154 0.0414329
2.13189 0.0413788
2.13249 0.0413315
2.13309 0.041415
2.13345 0.0414881
2.1344 0.0415521
2.13727 0.0416081
2.13859 0.0416571
2.13907 0.0417
2.14098 0.0416125
2.14122 0.0416609
2.16082 0.0417033
2.16118 0.0417404
2.16177 0.0417728
2.16201 0.0418012
2.16225 0.0418261
2.16249 0.0418478
2.16273 0.0418668
2.16297 0.0417585
2.16321 0.0417887
2.16345 0.0418151
2.16369 0.0418382
2.16393 0.0417334
2.16417 0.0417667
2.1644 0.0417959
2.16464 0.0418214
2.16488 0.0417187
2.16512 0.0417539
2.16548 0.0417847
2.16596 0.0416866
2.16632 0.0417258
2.16656 0.04176
2.16679 0.04179
2.16715 0.0419413
2.16751 0.0419486
2.17337 0.042705
2.17385 0.0426169
2.17432 0.0426648
2.17492 0.0425817
2.17528 0.042509
2.17624 0.0425704
2.17911 0.0428741
2.18042 0.0428898
2.1809 0.0427786
2.18281 0.0428063
2.18317 0.0428305
2.20277 0.0451017
2.20325 0.044839
2.20385 0.0444841
2.2042 0.0442986
2.20444 0.0440113
2.20468 0.0437598
2.20492 0.0435399
2.20516 0.0434724
2.2054 0.0434133
2.20564 0.0432367
2.20588 0.0430821
2.20612 0.0430718
2.20636 0.0430628
2.20659 0.04293
2.20683 0.0428137
2.20707 0.042837
2.20731 0.0428574
2.20755 0.0427502
2.20803 0.0427814
2.20851 0.0428088
2.20875 0.0427077
2.20899 0.0426192
2.20922 0.0426668
2.2097 0.0425835
2.21544 0.0432605
2.21592 0.043103
2.21652 0.0430901
2.21699 0.0429538
2.21747 0.0429596
2.21843 0.0429646
2.2213 0.0432191
2.22261 0.0431917
2.22309 0.0431677
2.225 0.0433968
2.22536 0.0433472
2.24472 0.0455538
2.2452 0.0452345
2.2458 0.0448302
2.24616 0.0446014
2.2464 0.0442763
2.24663 0.0439917
2.24687 0.0437428
2.24711 0.0436499
2.24735 0.0434437
2.24759 0.0432632
2.24783 0.0431053
2.24807 0.0430922
2.24831 0.0429556
2.24855 0.0428362
2.24879 0.0427317
2.24902 0.0427652
2.24926 0.0426695
2.2495 0.0425859
2.24998 0.0425126
2.25046 0.0424485
2.2507 0.0423925
2.25094 0.0423434
2.25118 0.0424255
2.25141 0.0423723
2.25189 0.0423258
2.25775 0.042285
2.25823 0.0423744
2.25883 0.0423276
2.2593 0.0424117
2.25966 0.0423602
2.26062 0.0423152
2.26361 0.0422758
2.26492 0.0422413
2.2654 0.0422111
2.26731 0.0421847
2.26755 0.0421617
2.28715 0.0422664
2.28763 0.0422331
2.28823 0.042329
2.28859 0.0422879
2.28882 0.0422519
2.28906 0.0423454
2.2893 0.0424272
2.28954 0.0423738
2.28978 0.0423271
2.29002 0.0424112
2.29026 0.0424848
2.2905 0.0424242
2.29074 0.0423712
2.29098 0.0423248
2.29122 0.0424092
2.29145 0.042358
2.29169 0.0423133
2.29205 0.0423991
2.29253 0.0424742
2.29289 0.042415
2.29313 0.0424881
2.29337 0.0425521
2.29361 0.0424831
2.29396 0.0424227
2.29444 0.0424948
2.30054 0.042558
2.3009 0.0424882
2.30149 0.0425522
2.30209 0.0426082
2.30245 0.0426572
2.30341 0.0427
2.30627 0.0427375
2.30759 0.0427703
2.30807 0.042799
2.30998 0.0426992
2.31022 0.0427368
2.33006 0.0427697
2.33054 0.0427985
2.33113 0.0428236
2.33149 0.0428457
2.33173 0.042865
2.33197 0.0427569
2.33221 0.0427872
2.33245 0.0428138
2.33269 0.0428371
2.33293 0.0427325
2.33317 0.0427659
2.33341 0.0427952
2.33364 0.0428208
2.33388 0.0428432
2.33412 0.0428628
2.33436 0.0428799
2.3346 0.0428949
2.33496 0.0427831
2.33544 0.0428102
2.3358 0.0428339
2.33604 0.0428547
2.33627 0.0428728
2.33651 0.0428887
2.33699 0.0429026
2.33735 0.0429148
2.34356 0.0429255
2.34392 0.0429348
2.34452 0.0430679
2.34512 0.0431844
2.34548 0.0431614
2.34643 0.0432662
2.3493 0.0436079
2.35062 0.0436569
2.35109 0.0436998
2.35301 0.0438623
2.35337 0.0438796
2.37321 0.0462696
2.37368 0.0458609
2.37428 0.0456283
2.37476 0.0452998
2.375 0.0450123
2.37524 0.0448857
2.37548 0.044775
2.37572 0.0445532
2.37595 0.044359
2.37619 0.0443141
2.37643 0.0442749
2.37667 0.0441155
2.37691 0.0439761
2.37715 0.0439791
2.37739 0.0439817
2.37763 0.043859
2.37787 0.0437516
2.37811 0.0437826
2.37858 0.0438098
2.37906 0.0438336
2.3793 0.0438544
2.37954 0.0437476
2.37978 0.0436541
2.38014 0.0436974
2.3805 0.0437352
2.38695 0.0443933
2.38743 0.0443441
2.38791 0.0443011
2.38838 0.0442635
2.38886 0.0441055
2.38982 0.0440924
2.39269 0.0443308
2.394 0.0444145
2.39448 0.0443626
2.39639 0.0444423
2.39675 0.044262
2.41635 0.0466043
2.41683 0.0461537
2.41743 0.0458845
2.41791 0.045524
2.41826 0.0453335
2.4185 0.0451668
2.41874 0.0448959
2.41898 0.0446589
2.41922 0.0445766
2.41946 0.0445045
2.4197 0.0443164
2.41994 0.0441519
2.42018 0.0441329
2.42042 0.0441163
2.42066 0.0439767
2.42089 0.0438547
2.42113 0.0438728
2.42137 0.0438887
2.42185 0.0437776
2.42233 0.0438054
2.42257 0.0437047
2.42281 0.0436167
2.42305 0.0436646
2.42328 0.0437065
2.42376 0.0436182
2.42998 0.0442909
2.43046 0.0442545
2.43093 0.0440977
2.43141 0.0440855
2.43189 0.0439498
2.43285 0.0439561
2.4332 0.0439616
2.43619 0.0439664
2.43751 0.0438456
2.43799 0.0437399
2.4399 0.0436474
2.44014 0.0436915
2.45998 0.043605
2.46046 0.0436544
2.46105 0.0436976
2.46153 0.0437354
2.46177 0.0436435
2.46201 0.043688
2.46225 0.043727
2.46249 0.0437612
2.46273 0.043666
2.46297 0.0435828
2.4632 0.0436349
2.46344 0.0436806
2.46368 0.0435955
2.46392 0.043521
2.46416 0.0435809
2.4644 0.0436333
2.46464 0.0435541
2.465 0.0434849
2.46548 0.0435493
2.46583 0.0434806
2.46607 0.0435455
2.46631 0.0436023
2.46655 0.043527
2.46691 0.0434612
2.46727 0.0435285
2.4736 0.0435875
2.47396 0.043514
2.47456 0.0435748
2.47504 0.0436279
2.4754 0.0436744
2.47635 0.0437151
2.47695 0.0436257
2.47994 0.0435475
2.48125 0.0436041
2.48173 0.0436536
2.48364 0.0436969
2.48388 0.0436098
2.50408 0.0437835
2.50456 0.0438106
2.50516 0.0438343
2.50551 0.043855
2.50575 0.0438731
2.50599 0.043764
2.50623 0.0437935
2.50647 0.0438193
2.50671 0.0438419
2.50695 0.0438616
2.50719 0.0438789
2.50743 0.0438941
2.50767 0.0439073
2.5079 0.0439189
2.50814 0.043929
2.50838 0.0439379
2.50862 0.0439457
2.50898 0.0439525
2.50946 0.0439584
2.50982 0.0439636
2.51006 0.0439681
2.5103 0.0439721
2.51053 0.0439756
2.51101 0.0441037
2.51125 0.0440907
2.51771 0.0440794
2.51794 0.0440694
2.51854 0.0440608
2.51902 0.0440532
2.51938 0.0440465
2.52033 0.0440407
2.52093 0.0440356
2.52416 0.0441562
2.52547 0.0441366
2.52583 0.0441196
2.52763 0.0443546
2.52798 0.0443103
2.58739 0.0428965
2.58762 0.0416594
2.5881 0.040577
2.59276 0.0401299
2.59312 0.0391136
2.59336 0.0380994
2.6224 0.037837
2.62264 0.0376074
2.62288 0.0374065
2.62312 0.0373557
2.6236 0.0373112
2.62384 0.0372723
2.6242 0.0373633
2.6248 0.0374428
2.62515 0.0376375
2.62563 0.0378078
2.62611 0.0380818
2.62683 0.0381966
2.62719 0.038422
2.62766 0.0386193
2.62814 0.0387919
2.63089 0.0386929
2.63113 0.0386063
2.63137 0.0385305
2.65312 0.0375892
2.65336 0.0367655
2.6536 0.0360448
2.65396 0.0352892
2.65432 0.0347531
2.65456 0.0342839
2.65491 0.0337484
2.65551 0.0334049
2.65587 0.0329793
2.65647 0.0327319
2.65707 0.0325154
2.65766 0.032326
2.65826 0.0322852
2.65862 0.0321246
2.6591 0.032109
2.66173 0.0322204
2.66209 0.0321928
2.66232 0.0320437
2.68456 0.0346633
2.68479 0.0342053
2.68503 0.0339297
2.68527 0.0336885
2.68575 0.0334774
2.68599 0.0331677
2.68623 0.0330218
2.68695 0.032894
2.68718 0.0327823
2.68778 0.0326845
2.68838 0.0325989
2.68898 0.0323991
2.68946 0.0323492
2.68981 0.0321805
2.69029 0.032158
2.69304 0.0323882
2.6934 0.0323397
2.69364 0.0321722
2.71575 0.0347757
2.71599 0.0343037
2.71623 0.0340158
2.71647 0.0336388
2.71683 0.0333089
2.71718 0.0331453
2.71742 0.0330022
2.71814 0.0328769
2.71838 0.0327673
2.71886 0.0325464
2.71957 0.0324781
2.72017 0.0324183
2.72053 0.032366
2.72101 0.0323203
2.72125 0.0322802
2.72173 0.0321202
2.72471 0.0319802
2.72495 0.0318577
2.72519 0.0318754
2.74742 0.031891
2.74766 0.0319046
2.7479 0.0317916
2.74814 0.0318176
2.74862 0.0318404
2.74886 0.0317354
2.7491 0.0317684
2.74981 0.0316724
2.75017 0.0317133
2.75065 0.0317492
2.75125 0.0317805
2.75196 0.031683
2.75232 0.0317226
2.75268 0.0316323
2.75304 0.0316782
2.75352 0.0317185
2.75651 0.0317536
2.75675 0.0317844
2.7571 0.0318114
2.77957 0.031835
2.77981 0.0318556
2.78005 0.0319986
2.78041 0.0319988
2.78077 0.031999
2.78101 0.0321241
2.78125 0.0321086
2.78196 0.032095
2.78232 0.0320831
2.78292 0.0320727
2.78352 0.0320636
2.78412 0.0321807
2.78459 0.0321581
2.78483 0.0321383
2.78531 0.032121
2.78579 0.0321059
2.78866 0.0324677
2.78902 0.0325342
2.78925 0.0325924
2.81208 0.0353934
2.81244 0.0350942
2.81268 0.0348324
2.81292 0.0344784
2.8134 0.0342936
2.81364 0.0341319
2.81388 0.0338654
2.81459 0.0337572
2.81483 0.0336626
2.81543 0.0335797
2.81603 0.0336323
2.81674 0.0335532
2.8171 0.0334841
2.81746 0.0334236
2.81782 0.0333706
2.8183 0.0333243
2.82117 0.0336588
2.82153 0.0335764
2.82176 0.0333794
2.84447 0.0360819
2.84483 0.0355717
2.84507 0.0352502
2.84531 0.034969
2.84567 0.0347228
2.84603 0.0345075
2.84627 0.034319
2.84698 0.0341542
2.84722 0.0340099
2.8477 0.0338837
2.84842 0.0337732
2.84913 0.0336765
2.84937 0.033592
2.84985 0.033393
2.85009 0.0333439
2.85057 0.0333009
2.85356 0.0335133
2.85403 0.0334491
2.85427 0.033393
2.85463 0.0333438
2.87734 0.0333009
2.8777 0.0332633
2.87794 0.0331053
2.87818 0.0330922
2.87866 0.0330807
2.87889 0.0329456
2.87913 0.0329524
2.87985 0.0329583
2.88021 0.0329635
2.88069 0.0329681
2.88129 0.0329721
2.882 0.0329756
2.88236 0.0329786
2.88272 0.0329813
2.88308 0.0329836
2.88356 0.0329857
2.88654 0.0329875
2.88702 0.032989
2.88726 0.0329904
2.88774 0.0329916
2.91069 0.0329927
2.91105 0.0331186
2.91128 0.0332287
2.91164 0.0332002
2.912 0.0333001
2.91224 0.0333876
2.91248 0.0333392
2.9132 0.0334218
2.91356 0.033369
2.91415 0.0334479
2.91475 0.0333919
2.91535 0.0333429
2.91583 0.0333001
2.91607 0.0333876
2.91654 0.0333391
2.91702 0.0334217
2.91989 0.033369
2.92037 0.0333229
2.92073 0.0332825
2.9212 0.0333722
2.94427 0.0363257
2.94475 0.036035
2.94499 0.0356556
2.94523 0.0354486
2.94571 0.0352676
2.94595 0.0349841
2.94618 0.0348611
2.9469 0.0347535
2.94714 0.0346593
2.94774 0.0345769
2.94834 0.0345048
2.94905 0.0345667
2.94941 0.0344958
2.94977 0.0344339
2.95013 0.0343796
2.95061 0.0343322
2.95348 0.0345406
2.95395 0.0344731
2.95431 0.0344139
2.95467 0.0343622
2.97786 0.0370669
2.97834 0.0366836
2.97869 0.0363481
2.97893 0.0360546
2.97929 0.0357978
2.97965 0.035573
2.97989 0.0353764
2.98049 0.0352044
2.98085 0.0350538
2.98132 0.0349221
2.98204 0.0349318
2.98276 0.0348153
2.983 0.0345884
2.98347 0.0345149
2.98371 0.0344505
2.98419 0.0343942
2.98718 0.0347199
2.98766 0.0346299
2.98802 0.0346762
2.98826 0.0345917
3.01156 0.0373927
3.01204 0.0370936
3.0124 0.0367069
3.01264 0.0363686
3.01288 0.0360725
3.01335 0.0358134
3.01359 0.0355867
3.01383 0.0353884
3.01455 0.0352148
3.01479 0.035063
3.01539 0.0349301
3.01598 0.0346889
3.0167 0.0346027
3.01706 0.0346524
3.01742 0.0345709
3.01778 0.0344995
3.01826 0.0344371
3.02124 0.0343824
3.02172 0.0343346
3.02196 0.0341678
3.02232 0.0341468
3.04598 0.0341285
3.04646 0.0341124
3.0467 0.0340984
3.04694 0.0340861
3.0473 0.0342003
3.04766 0.0341753
3.0479 0.0341534
3.04825 0.0342592
3.04897 0.0342268
3.04933 0.0343234
3.04993 0.034283
3.05053 0.0343726
3.05112 0.0344511
3.0516 0.0343947
3.05184 0.0343453
3.05232 0.0344272
3.0528 0.0343738
3.05566 0.034327
3.05614 0.0344112
3.05638 0.0344848
3.05686 0.0344242
3.08076 0.0344962
3.08124 0.0345591
3.08148 0.0346142
3.08172 0.0346625
3.0822 0.0348297
3.08244 0.0348509
3.08268 0.0348696
3.08304 0.0350109
3.08387 0.0350095
3.08411 0.0351333
3.08471 0.0351167
3.08531 0.0352271
3.08602 0.0353237
3.08638 0.0352832
3.08674 0.0352478
3.0871 0.0353418
3.08758 0.0352991
3.09045 0.0356367
3.09092 0.0355571
3.09128 0.0354875
3.09164 0.0354266
3.11542 0.0383732
3.1159 0.0379516
3.11626 0.0375826
3.1165 0.0372598
3.11686 0.0369773
3.11722 0.0367302
3.11746 0.0365139
3.1177 0.0363247
3.11853 0.0361591
3.11889 0.0360142
3.11937 0.0358874
3.12009 0.0359015
3.1208 0.0357888
3.12104 0.0356902
3.12152 0.0356039
3.12188 0.0355284
3.12236 0.0354624
3.12535 0.0357796
3.12582 0.0356821
3.12618 0.0357219
3.12642 0.0356316
3.15044 0.0385527
3.15092 0.0381086
3.15128 0.037845
3.15152 0.0374894
3.15176 0.0371782
3.15224 0.0370309
3.15248 0.0367771
3.15272 0.0365549
3.15295 0.0363606
3.15379 0.0361905
3.15415 0.0361667
3.15463 0.0360208
3.15534 0.0358932
3.15606 0.0359066
3.1563 0.0357933
3.15678 0.0356941
3.15714 0.0357323
3.15762 0.0356408
3.1606 0.0355607
3.16108 0.0356156
3.16132 0.0355387
3.16168 0.0354713
3.18606 0.0355374
3.18654 0.0355952
3.18678 0.0355208
3.18702 0.0355807
3.18738 0.0356331
3.18773 0.035554
3.18797 0.0354847
3.18821 0.0355491
3.18857 0.0356055
3.18941 0.0356548
3.18977 0.035573
3.19024 0.0356263
3.19084 0.035548
3.19156 0.0354795
3.19192 0.0354196
3.19228 0.0354922
3.19275 0.0354306
3.19323 0.0355018
3.19622 0.0355641
3.1967 0.0354936
3.19694 0.0354319
3.19742 0.0355029
3.22204 0.035565
3.22251 0.0356194
3.22275 0.035667
3.22299 0.0355836
3.22347 0.0356356
3.22371 0.0356812
3.22395 0.035721
3.22419 0.0357559
3.22467 0.0357864
3.22538 0.0359381
3.22562 0.0359459
3.22622 0.0360776
3.22682 0.0360679
3.22753 0.0361844
3.22789 0.0361614
3.22825 0.0362662
3.22873 0.0362329
3.22921 0.0363288
3.2322 0.0366627
3.23267 0.0365799
3.23303 0.0366324
3.23339 0.0366783
3.25789 0.0395935
3.25837 0.0391444
3.25873 0.0387513
3.25897 0.0384074
3.25933 0.0382315
3.25969 0.0379525
3.25992 0.0377085
3.26016 0.0376199
3.26052 0.0374174
3.26124 0.0373652
3.2616 0.0371946
3.26208 0.0371703
3.26279 0.037024
3.26351 0.037021
3.26375 0.0368934
3.26423 0.0369067
3.26459 0.0367934
3.26506 0.0368192
3.26829 0.0370918
3.26877 0.0369553
3.26913 0.0369609
3.26937 0.0368408
3.29411 0.0398607
3.29459 0.0395031
3.29494 0.0390652
3.29518 0.0388071
3.29542 0.0385812
3.2959 0.0382585
3.29614 0.0381012
3.29638 0.0379636
3.29662 0.0377181
3.29733 0.0376283
3.29781 0.0374248
3.29817 0.0373717
3.29853 0.0372002
3.29925 0.0371752
3.29996 0.0370283
3.3002 0.0370248
3.30068 0.0368967
3.30104 0.0369096
3.30152 0.0367959
3.30474 0.0366964
3.30522 0.0367344
3.30546 0.0366426
3.30582 0.0365622
3.33092 0.036492
3.3314 0.0365555
3.33164 0.036611
3.33188 0.0365347
3.33223 0.0365928
3.33259 0.0366437
3.33283 0.0365632
3.33307 0.0366178
3.33343 0.0366656
3.33415 0.0367074
3.33451 0.036744
3.33498 0.036651
3.33534 0.0366946
3.33594 0.0366078
3.33666 0.0366568
3.33702 0.0366997
3.33737 0.0367372
3.33785 0.0366451
3.33833 0.0366895
3.34144 0.0367283
3.34192 0.0366372
3.34215 0.0366826
3.34263 0.0367223
3.36809 0.036882
3.36857 0.0368967
3.36881 0.0369096
3.36905 0.0370459
3.36952 0.0370402
3.36976 0.0370352
3.37 0.0371558
3.37024 0.0371363
3.37072 0.0371193
3.37144 0.0371044
3.37168 0.0370913
3.37215 0.0372049
3.37263 0.0371793
3.37311 0.0372819
3.37383 0.0373716
3.37419 0.0374502
3.37454 0.0373939
3.37502 0.0374697
3.3755 0.037536
3.37849 0.037844
3.37897 0.0377385
3.37933 0.0377712
3.37968 0.0376748
3.40514 0.0408404
3.40562 0.0403604
3.40598 0.0399403
3.40622 0.0396978
3.40658 0.0393606
3.40693 0.0390655
3.40717 0.0389323
3.40741 0.0386908
3.40777 0.0384794
3.40849 0.0384195
3.40885 0.0382421
3.40921 0.0382118
3.40968 0.0380603
3.41028 0.0380528
3.411 0.0379212
3.41124 0.037931
3.41172 0.0378147
3.41207 0.0378378
3.41255 0.0377331
3.41566 0.0380165
3.41614 0.0380144
3.4165 0.0380126
3.41673 0.037886
3.44231 0.0410253
3.44279 0.0405221
3.44315 0.0402068
3.44339 0.039931
3.44363 0.0395646
3.4441 0.039369
3.44434 0.0391979
3.44458 0.0389232
3.44482 0.0386828
3.44554 0.0385974
3.44602 0.0385227
3.44638 0.0384574
3.44673 0.0382752
3.44745 0.0382408
3.44829 0.0382107
3.44853 0.0381844
3.44877 0.0380363
3.44924 0.0380318
3.4496 0.0379028
3.45008 0.037915
3.45331 0.0379256
3.45379 0.0378099
3.45403 0.0378337
3.45438 0.0378544
3.48008 0.0378726
3.48056 0.0378886
3.4808 0.0377775
3.48104 0.0378053
3.4814 0.0378296
3.48175 0.0377259
3.48199 0.0376352
3.48223 0.0376808
3.48259 0.0377207
3.48331 0.0377556
3.48367 0.0376612
3.48414 0.0377035
3.4845 0.0377406
3.4851 0.037773
3.48606 0.0378014
3.4863 0.0378262
3.48665 0.0378479
3.48701 0.0378669
3.48749 0.0378836
3.48797 0.0377731
3.49108 0.0378015
3.49155 0.0378263
3.49179 0.037723
3.49227 0.0377576
3.51821 0.0377879
3.51869 0.0378144
3.51892 0.0378376
3.51916 0.0378579
3.51964 0.0378757
3.51988 0.0378912
3.52012 0.0380298
3.52036 0.0380261
3.52084 0.0380228
3.52155 0.03802
3.52179 0.0380175
3.52227 0.0380153
3.52275 0.0380134
3.52323 0.0380117
3.52418 0.0380102
3.52442 0.038009
3.5249 0.0380078
3.52526 0.0380069
3.52562 0.038006
3.5261 0.0381303
3.5292 0.038614
3.52968 0.0385372
3.53004 0.0385951
3.5304 0.0386457
3.55669 0.041815
3.55717 0.0414631
3.55753 0.0411552
3.55777 0.0408858
3.55813 0.0406501
3.55849 0.0404438
3.55872 0.0402633
3.55896 0.0399804
3.55932 0.0398579
3.56004 0.0398756
3.5604 0.0397662
3.56076 0.0396704
3.56123 0.0395866
3.56183 0.0395133
3.56267 0.0394491
3.56303 0.039393
3.56339 0.0393439
3.56374 0.0393009
3.56422 0.0392633
3.56458 0.0392304
3.56769 0.0394516
3.56817 0.0393951
3.56853 0.0393457
3.56876 0.0391775
3.59506 0.0424053
3.59554 0.0419797
3.5959 0.0414822
3.59613 0.0411719
3.59637 0.0409004
3.59685 0.0405379
3.59709 0.0403456
3.59733 0.0401774
3.59757 0.0400303
3.59829 0.0399015
3.59876 0.0396638
3.59912 0.0395808
3.59948 0.0395082
3.6002 0.0394447
3.60103 0.0395141
3.60139 0.0394498
3.60163 0.0392686
3.60211 0.039235
3.60247 0.0392057
3.60283 0.0390549
3.60331 0.0390481
3.60653 0.0390421
3.60701 0.0390368
3.60725 0.0390322
3.60761 0.0390282
3.63402 0.0390247
3.6345 0.0390216
3.63474 0.0390189
3.63498 0.0388915
3.63534 0.0389051
3.6357 0.0389169
3.63593 0.0388023
3.63617 0.038827
3.63653 0.0388487
3.63725 0.0388676
3.63761 0.0388841
3.63809 0.0388986
3.63844 0.0389113
3.63904 0.0389224
3.64 0.0388071
3.64024 0.0388312
3.6406 0.0388523
3.64095 0.0387458
3.64143 0.0387775
3.64179 0.0388053
3.64227 0.0388297
3.6455 0.038851
3.64597 0.0387446
3.64621 0.0387765
3.64669 0.0388045
3.67334 0.0388289
3.67382 0.0388503
3.67406 0.038994
3.6743 0.0391197
3.67478 0.0391048
3.67502 0.0392167
3.67526 0.0393146
3.6755 0.0392753
3.67597 0.0392409
3.67669 0.0392108
3.67693 0.0391844
3.67741 0.0391614
3.67789 0.0391412
3.67836 0.0391235
3.67932 0.0392331
3.67956 0.039204
3.68004 0.0393035
3.6804 0.0393905
3.68075 0.0393417
3.68123 0.039424
3.68171 0.039371
3.68494 0.0393246
3.68542 0.039409
3.68565 0.0394829
3.68601 0.0395475
3.71291 0.0428541
3.71338 0.0424973
3.71386 0.0421852
3.7141 0.041912
3.71446 0.041673
3.71482 0.0414639
3.71506 0.0412809
3.7153 0.0411208
3.71565 0.0409807
3.71637 0.0409831
3.71673 0.0408602
3.71709 0.0408777
3.71757 0.040768
3.71816 0.040797
3.719 0.0408224
3.71936 0.0407196
3.71972 0.0406296
3.72008 0.0405509
3.72055 0.040482
3.72091 0.0404218
3.72139 0.0403691
3.72462 0.0406979
3.7251 0.0407357
3.72534 0.0406437
3.72557 0.0405633
3.75247 0.0437429
3.75294 0.043275
3.75342 0.0428656
3.75366 0.0425074
3.7539 0.042069
3.75438 0.0418104
3.75462 0.0415841
3.75486 0.0412611
3.7551 0.0411034
3.75581 0.0409655
3.75629 0.0408448
3.75665 0.0407392
3.75701 0.0406468
3.75773 0.040566
3.75856 0.0404952
3.75892 0.0403083
3.75916 0.0402698
3.75964 0.040236
3.76 0.0400815
3.76035 0.0400713
3.76083 0.0400624
3.76418 0.0404296
3.76478 0.0403759
3.76502 0.0403289
3.76526 0.0402878
3.76573 0.0402518
3.79251 0.0402204
3.79298 0.0401928
3.79334 0.0401687
3.79358 0.0401476
3.79394 0.0401292
3.7943 0.040113
3.79454 0.0400989
3.79478 0.0400865
3.79514 0.0400757
3.79585 0.0400662
3.79621 0.040058
3.79669 0.0400507
3.79705 0.0400444
3.79765 0.0400388
3.7986 0.040034
3.79884 0.0400297
3.7992 0.040026
3.79956 0.0400228
3.80004 0.0401449
3.80039 0.0401268
3.80087 0.0401109
3.80422 0.0400971
3.80482 0.0400849
3.80506 0.0400743
3.80541 0.040065
3.80589 0.0400569
3.83278 0.0400498
3.83326 0.0401686
3.8335 0.0401475
3.83374 0.0401291
3.83422 0.0402379
3.83446 0.0402082
3.8347 0.0401822
3.83494 0.0401594
3.83541 0.0401395
3.83613 0.040247
3.83649 0.0402162
3.83685 0.0401891
3.83733 0.0401655
3.8378 0.0401448
3.83876 0.0401267
3.839 0.0401109
3.83948 0.040097
3.83984 0.0400849
3.84019 0.0400743
3.84067 0.040065
3.84115 0.0401819
3.84438 0.0401591
3.84498 0.0401392
3.84521 0.0401218
3.84569 0.0401066
3.84617 0.0402183
3.8733 0.040316
3.87366 0.0404015
3.8739 0.0403513
3.87414 0.0404324
3.87462 0.0405033
3.87486 0.0404404
3.87509 0.0405104
3.87533 0.0405716
3.87581 0.0406251
3.87653 0.040672
3.87689 0.040588
3.87725 0.0406395
3.87772 0.0406846
3.8782 0.040724
3.87904 0.0408835
3.8794 0.040898
3.87987 0.0409108
3.88023 0.0409219
3.88059 0.0409317
3.88107 0.0409402
3.88155 0.0409477
3.88466 0.0412042
3.88525 0.0411787
3.88561 0.0411564
3.88609 0.0411368
3.88657 0.0411197
3.91346 0.0443548
3.91382 0.0438104
3.91406 0.0434591
3.9143 0.0431517
3.91477 0.0427578
3.91501 0.042538
3.91525 0.0423458
3.91549 0.0420526
3.91597 0.041796
3.91669 0.0416965
3.91705 0.0416094
3.9174 0.0415332
3.91788 0.0413416
3.91836 0.0412989
3.9192 0.0412615
3.91956 0.0411038
3.92003 0.0410909
3.92039 0.0410795
3.92075 0.0409446
3.92123 0.0409515
3.92171 0.0408326
3.92481 0.0411035
3.92541 0.0410905
3.92577 0.0409542
3.92625 0.04096
3.92673 0.04084
3.95386 0.04411
3.95422 0.0437212
3.95446 0.0433811
3.95469 0.0429584
3.95517 0.0427136
3.95541 0.0424994
3.95565 0.042187
3.95589 0.0419136
3.95625 0.0417994
3.95673 0.0416995
3.95732 0.0416121
3.9578 0.0414105
3.95816 0.0413592
3.95852 0.0413143
3.95912 0.041275
3.95995 0.0411157
3.96031 0.0411012
3.96067 0.0409635
3.96115 0.0409681
3.96151 0.0409721
3.96199 0.0408506
3.96234 0.0408693
3.96557 0.0408856
3.96617 0.0408999
3.96653 0.0409124
3.967 0.0409234
3.96736 0.0409329
3.99485 0.0409413
3.99509 0.0409487
3.99533 0.0409551
3.99569 0.0409607
3.99605 0.0409656
3.99629 0.0409699
3.99653 0.0409737
3.99677 0.040977
3.99724 0.0409798
3.99772 0.0409824
3.99832 0.0409846
3.99868 0.0409865
3.99916 0.0409882
3.99939 0.0409897
4.00011 0.0409909
4.00083 0.0409921
4.00131 0.0409931
4.00167 0.0409939
4.00202 0.0409947
4.0025 0.0409954
4.00298 0.0409959
4.00334 0.0409964
4.00645 0.0409969
4.00704 0.0409973
4.00752 0.0409976
4.008 0.0409979
4.00824 0.0409982
4.03597 0.0409984
4.03621 0.0409986
4.03645 0.0409988
4.03692 0.0409989
4.03716 0.0409991
4.0374 0.0409992
4.03764 0.0409993
4.038 0.0409994
4.03836 0.0411244
4.03884 0.0411089
4.03943 0.0412203
4.03979 0.0411927
4.04027 0.0412937
4.04051 0.0412569
4.04124 0.0413498
4.04183 0.0413061
4.04219 0.0413928
4.04243 0.0413437
4.04267 0.0413008
4.04291 0.0411382
4.04315 0.0411209
4.04339 0.0411058
4.04554 0.0412176
4.04614 0.0410654
4.04649 0.0408072
4.04673 0.0405813
4.04697 0.0402586
4.05295 0.0407263
4.05319 0.0378855
4.05343 0.0352748
4.05367 0.0329905
4.0539 0.0309917
4.05402 0.0292427
