0.0 0
0.0001056 0.0001056
0.000350131 0.000122966
0.000938915 0.000181193
0.000974963 0.000236647
0.00210447 0.00035276
0.00214051 0.000458865
0.00218858 0.000553208
0.00222463 0.000640265
0.00444759 0.000853121
0.00448363 0.00104388
0.00451968 0.00121079
0.00455573 0.00136134
0.00461581 0.00149458
0.00465186 0.00161566
0.00468791 0.00172162
0.00472396 0.00181883
0.00697095 0.0019069
0.0103234 0.00181871
0.0103474 0.00174155
0.0103595 0.00167405
0.0112727 0.00158345
0.0113087 0.00150568
0.0113207 0.00143913
0.0113448 0.0013824
0.0123421 0.00134328
0.0123781 0.00130905
0.0124022 0.0012806
0.0124262 0.0012557
0.0124502 0.00123692
0.0136158 0.00124152
0.0136639 0.00124704
0.0136879 0.00125188
0.0137239 0.00125761
0.01376 0.00126412
0.013784 0.00127283
0.0150217 0.00128946
0.0150697 0.00130401
0.0150938 0.00131674
0.0151298 0.00132788
0.0151659 0.00133763
0.0152019 0.00134766
0.0166558 0.00138348
0.0166799 0.00141782
0.0167159 0.00144637
0.01674 0.00147134
0.016776 0.0014932
0.0168121 0.00151232
0.0168481 0.00152906
0.0185424 0.00157374
0.0185664 0.00161283
0.0185904 0.00165005
0.0186145 0.00168111
0.0186385 0.00170828
0.0186745 0.00173206
0.0187106 0.00175287
0.0187466 0.00177108
0.0206452 0.00181254
0.0206692 0.00184883
0.0206932 0.00188057
0.0207293 0.00190985
0.0207533 0.00193547
0.0207773 0.00196089
0.0208014 0.00198164
0.0208374 0.00199979
0.0208735 0.00201566
0.0229282 0.00204909
0.0229522 0.00207833
0.0229763 0.00210392
0.0230123 0.00212631
0.0230363 0.0021459
0.0230604 0.00216304
0.0230844 0.00217804
0.0231084 0.00218966
0.0231445 0.00219983
0.0253554 0.00222826
0.0253795 0.00225313
0.0254035 0.00227489
0.0254395 0.00229393
0.0254636 0.00231059
0.0254996 0.00232668
0.0255237 0.00234075
0.0255357 0.00235156
0.0255597 0.00236402
0.0255837 0.00237342
0.0278307 0.00238616
0.0278788 0.0023973
0.0279148 0.00240705
0.0279389 0.00241558
0.0279749 0.00242304
0.028011 0.00243108
0.028023 0.0024381
0.028035 0.00244275
0.028059 0.00244982
0.028071 0.00245451
0.030258 0.0024511
0.0303301 0.00244661
0.0303541 0.00244269
0.0303901 0.00243925
0.0304262 0.00243625
0.0304382 0.00243362
0.0304502 0.00243132
0.0304622 0.0024278
0.0304742 0.00242473
0.0325891 0.00241302
0.0326852 0.00240278
0.0327212 0.00239382
0.0327693 0.00238749
0.0327813 0.00238194
0.0327933 0.00237709
0.0328053 0.00237434
0.0328174 0.00237194
0.0328294 0.00236984
0.0347519 0.00234397
0.0349081 0.00231833
0.0349202 0.00229739
0.0349322 0.00227908
0.0349442 0.00226305
0.0349562 0.00224903
0.0349682 0.00223676
0.0349802 0.00222602
0.0366985 0.00219109
0.0368427 0.00215752
0.0368547 0.00212815
0.0368668 0.00210245
0.0368788 0.00207997
0.0368908 0.00206029
0.0369028 0.00204307
0.038585 0.0020235
0.0387413 0.00200638
0.0387533 0.00199139
0.0387653 0.00197828
0.0387773 0.00196681
0.0387893 0.00195677
0.0388133 0.00195099
0.0402433 0.00191439
0.0403874 0.00187787
0.0403995 0.0018459
0.0404115 0.00181943
0.0404355 0.00179778
0.0404475 0.00177733
0.0418774 0.00175943
0.0420457 0.00174678
0.0420577 0.00173571
0.0420697 0.00172602
0.0420937 0.00172055
0.0421057 0.00171426
0.0421177 0.00170875
0.0437639 0.00173097
0.0439562 0.00175342
0.0439802 0.00177456
0.0439922 0.00179306
0.0440163 0.00180925
0.0440283 0.00182491
0.0440403 0.00183862
0.0440643 0.00185212
0.0457225 0.00186543
0.0459148 0.00187257
0.0459388 0.00187882
0.0459509 0.00188428
0.0459629 0.00189057
0.0459749 0.00189607
0.0459869 0.00189938
0.0474769 0.00188125
0.0476571 0.00186088
0.0476691 0.00184305
0.0476812 0.00182746
0.0476932 0.00181381
0.0477052 0.00180187
0.0491591 0.00178692
0.0493874 0.00177984
0.0493994 0.00177365
0.0494115 0.00176973
0.0494235 0.0017663
0.0494355 0.00176331
0.0494595 0.00176218
0.0510697 0.00178073
0.051346 0.00180296
0.0513581 0.00182242
0.0513701 0.00183944
0.0513821 0.00185584
0.0513941 0.00187019
0.0514181 0.00188424
0.0514301 0.00189504
0.0529682 0.00189547
0.0532205 0.00188985
0.0532325 0.00188492
0.0532446 0.00188212
0.0532686 0.00188117
0.0532806 0.00187883
0.0532926 0.00187679
0.0546384 0.00185096
0.0548547 0.00182236
0.0548667 0.00179734
0.0548908 0.00177544
0.0549028 0.00175628
0.0549148 0.00173952
0.0563447 0.00173536
0.056597 0.00173623
0.056609 0.00173699
0.0566331 0.00174066
0.0566451 0.00174237
0.0566571 0.00174386
0.0566691 0.00174517
0.0582673 0.00176735
0.0585797 0.00179426
0.0586037 0.00181931
0.0586277 0.00184122
0.0586518 0.00186341
0.0586638 0.00188282
0.0586758 0.0018998
0.0586998 0.00191616
0.0601778 0.00191546
0.0604662 0.00190583
0.0604782 0.00189591
0.0604902 0.00188872
0.0605022 0.00188244
0.0605263 0.00187844
0.0605383 0.00187344
0.0618841 0.00185254
0.0621364 0.00182825
0.0621484 0.001807
0.0621604 0.0017884
0.0621725 0.00177062
0.0621845 0.00175507
0.0635543 0.00174446
0.0638547 0.00174119
0.0638667 0.00173833
0.0638787 0.00173732
0.0638907 0.00173645
0.0639028 0.00173568
0.0639268 0.00173651
0.0654769 0.00175976
0.0658253 0.00178612
0.0658373 0.00180918
0.0658493 0.00182936
0.0658614 0.00184852
0.0658734 0.00186529
0.0658974 0.00188146
0.0659094 0.0018941
0.0673513 0.00189165
0.0676758 0.0018835
0.0676878 0.00187637
0.0676998 0.00187163
0.0677118 0.00186748
0.0677238 0.00186235
0.0677359 0.00185786
0.0690216 0.0018344
0.06931 0.00180787
0.069322 0.00178466
0.069334 0.00176434
0.069346 0.00174657
0.069358 0.00173102
0.0707038 0.00172492
0.0710403 0.00172559
0.0710523 0.00172618
0.0710643 0.0017282
0.0710763 0.00172996
0.0710883 0.00173151
0.0711124 0.00173436
0.0726023 0.00175488
0.0729869 0.00177884
0.0730109 0.00180131
0.0730229 0.00182097
0.0730349 0.00183968
0.0730469 0.00185605
0.073071 0.00187187
0.073083 0.00188422
0.0745489 0.00189201
0.0749094 0.00189132
0.0749214 0.00189072
0.0749334 0.0018917
0.0749575 0.00189405
0.0749695 0.00189461
0.0749815 0.0018951
0.0762672 0.001873
0.0765917 0.00184615
0.0766157 0.00182566
0.0766277 0.00180623
0.0766397 0.00178923
0.0766517 0.00177435
0.0778653 0.00175232
0.0782378 0.00173906
0.0782739 0.00172895
0.0782859 0.00172161
0.0782979 0.00171519
0.0783099 0.00170956
0.078334 0.00170615
0.0796918 0.00172118
0.0801123 0.00174035
0.0801604 0.00175862
0.0801844 0.00177611
0.0801965 0.00179291
0.0802085 0.00180761
0.0802325 0.00182198
0.0802445 0.00183305
0.0817345 0.00185926
0.082143 0.00187168
0.0821551 0.00188254
0.0821671 0.00189355
0.0821791 0.00190319
0.0821911 0.00191011
0.0822031 0.00191617
0.0835369 0.00190195
0.0838854 0.0018805
0.0838974 0.00186172
0.0839094 0.00184529
0.0839214 0.00183092
0.0839334 0.00181834
0.0851591 0.00179382
0.0855916 0.00178288
0.0856037 0.0017733
0.0856157 0.00176642
0.0856277 0.00176041
0.0856397 0.00175514
0.0856637 0.00175204
0.0869975 0.00176284
0.0874902 0.0017798
0.0875022 0.00179464
0.0875142 0.00180762
0.0875262 0.00182049
0.0875382 0.00183175
0.0875623 0.0018431
0.0875743 0.00185153
0.0889801 0.00186792
0.0894007 0.00187024
0.0894127 0.00187227
0.0894247 0.00187556
0.0894368 0.00187843
0.0894488 0.00187944
0.0894608 0.00188032
0.0907585 0.00186758
0.091131 0.00184892
0.091143 0.00183259
0.091155 0.0018183
0.0911671 0.0018058
0.0911791 0.00179486
0.0923446 0.00176876
0.0927171 0.00174593
0.0927291 0.00172595
0.0927412 0.00170997
0.0927532 0.00169599
0.0927652 0.00168376
0.0927892 0.00167456
0.094111 0.00168603
0.0944955 0.00169757
0.0945195 0.00170917
0.0945315 0.00171932
0.0945436 0.00172971
0.0945556 0.0017388
0.0945796 0.00174825
0.0945916 0.00175502
0.0961177 0.00178647
0.0965022 0.001814
0.0965382 0.00183958
0.0965502 0.00186197
0.0965622 0.00188156
0.0965743 0.0018987
0.0965983 0.0019167
0.0966103 0.00193095
0.0966223 0.00194342
0.0979561 0.0019303
0.0983526 0.00191431
0.0983646 0.00190032
0.0983767 0.00188808
0.0983887 0.00187587
0.0984007 0.00186668
0.0984127 0.00185865
0.0984367 0.00185312
0.0995542 0.00182124
0.100011 0.00179786
0.100023 0.0017774
0.100035 0.001761
0.100047 0.00174665
0.100059 0.00173409
0.100071 0.0017216
0.101321 0.00172719
0.101861 0.0017426
0.101885 0.00175759
0.101897 0.0017707
0.101909 0.00178367
0.101921 0.00179502
0.101933 0.00180496
0.101957 0.00181515
0.103315 0.00183759
0.103796 0.00184971
0.103832 0.00186032
0.103844 0.0018696
0.103856 0.00187772
0.103868 0.00188483
0.103892 0.00189105
0.105118 0.00187997
0.105574 0.00186727
0.10561 0.00185465
0.105622 0.00184361
0.105634 0.00183395
0.105658 0.0018255
0.106728 0.00179858
0.106752 0.00177803
0.107196 0.00175855
0.107244 0.001743
0.107256 0.0017294
0.107268 0.00171749
0.107293 0.00170708
0.108494 0.00171449
0.108518 0.00172097
0.108542 0.00172965
0.109035 0.00174325
0.109083 0.00175515
0.109107 0.00176706
0.109119 0.00177749
0.109143 0.00178661
0.110513 0.00181562
0.110537 0.001841
0.110561 0.00186321
0.111017 0.00187814
0.11109 0.0018912
0.111102 0.00190263
0.111126 0.00191263
0.112327 0.00190035
0.112351 0.00188961
0.112375 0.00188021
0.112399 0.00187499
0.11282 0.00186592
0.112892 0.00185347
0.113949 0.00182456
0.113973 0.00179926
0.113997 0.00178012
0.114009 0.00176188
0.114034 0.00174592
0.11443 0.00172894
0.114526 0.0017171
0.115692 0.00172025
0.115716 0.00172301
0.11574 0.00172542
0.115752 0.00172904
0.115776 0.0017337
0.115788 0.00173628
0.116196 0.00174004
0.116317 0.00174633
0.11765 0.00177286
0.117674 0.00179608
0.117698 0.0018164
0.11771 0.00183417
0.117734 0.00184973
0.117746 0.00186484
0.11777 0.00187956
0.118203 0.00189545
0.118347 0.00191236
0.119549 0.00191063
0.119561 0.00190311
0.119585 0.00189653
0.119597 0.00189077
0.119621 0.00188873
0.119633 0.00188545
0.120066 0.00188258
0.12021 0.00188007
0.121279 0.00186135
0.121291 0.00184046
0.121303 0.00182369
0.121315 0.00180751
0.121327 0.00179335
0.121712 0.00177495
0.121832 0.00175585
0.122865 0.00173464
0.122877 0.00171607
0.122889 0.00169982
0.122901 0.00168711
0.122913 0.00167599
0.122937 0.00166776
0.123358 0.00166506
0.123478 0.0016627
0.12468 0.00168167
0.124692 0.00169826
0.124704 0.00171278
0.124716 0.00172548
0.124728 0.0017366
0.124752 0.00174933
0.124764 0.00175897
0.125244 0.00177491
0.125365 0.00178886
0.126698 0.00181759
0.12671 0.00183972
0.126722 0.00185909
0.126746 0.00187603
0.126758 0.00189236
0.12677 0.00190665
0.127191 0.00191164
0.127275 0.0019115
0.128525 0.00190087
0.128549 0.00188856
0.128561 0.00187779
0.128573 0.00186987
0.128585 0.00186294
0.128945 0.00184936
0.128993 0.00183298
0.130159 0.00180813
0.130183 0.00178488
0.130195 0.00176454
0.130207 0.00174674
0.130628 0.00173868
0.130676 0.00173162
0.131997 0.00174498
0.132033 0.00175816
0.132045 0.0017697
0.132058 0.0017813
0.132082 0.00179295
0.13255 0.00180915
0.132598 0.00182332
0.133908 0.00183423
0.133944 0.00184226
0.133956 0.00184929
0.13398 0.00185545
0.134425 0.00185783
0.134461 0.00185841
0.135626 0.00184089
0.135662 0.00182407
0.135686 0.00180934
0.136107 0.00179345
0.136155 0.00178105
0.136167 0.0017717
0.137272 0.00175602
0.137308 0.00174229
0.137345 0.00173178
0.137825 0.00173009
0.137873 0.00172861
0.137885 0.00172732
0.137909 0.0017292
0.139147 0.00174736
0.139183 0.00176325
0.139231 0.00177866
0.139784 0.00180115
0.139832 0.00182083
0.139844 0.00183805
0.139868 0.00185312
0.141094 0.00186481
0.141166 0.00187353
0.141658 0.00187365
0.141694 0.00187225
0.141706 0.00187103
0.14173 0.00187296
0.141742 0.00187316
0.14286 0.0018598
0.143377 0.00183761
0.143401 0.00182119
0.143425 0.00180833
0.143437 0.00179557
0.143449 0.00178441
0.144494 0.00176563
0.145095 0.00175971
0.145119 0.00175453
0.145155 0.0017515
0.145167 0.00175036
0.145179 0.00174935
0.145203 0.00174997
0.146381 0.00176704
0.147053 0.00179099
0.147078 0.00181194
0.147126 0.00183177
0.147138 0.00184913
0.14715 0.00186582
0.147174 0.00188192
0.147186 0.00189451
0.148303 0.00189802
0.148964 0.00189057
0.148976 0.00188405
0.148988 0.00187835
0.149012 0.00187637
0.149024 0.00187313
0.149036 0.0018703
0.150045 0.0018543
0.15061 0.00182678
0.150622 0.00180271
0.150646 0.00178164
0.15067 0.00176471
0.150682 0.00174989
0.151704 0.00173843
0.152341 0.00173742
0.152365 0.00173803
0.152377 0.00174007
0.152389 0.00174035
0.152413 0.00174059
0.152425 0.00174081
0.15359 0.00175902
0.154311 0.00178547
0.154347 0.00181012
0.154359 0.00183168
0.154371 0.00185205
0.154395 0.00187138
0.154407 0.00188679
0.154419 0.00190027
0.155561 0.00190907
0.156222 0.00190324
0.156234 0.00189815
0.156246 0.00189519
0.156258 0.0018911
0.15627 0.00188752
0.156282 0.00188439
0.157327 0.00186964
0.157904 0.00184471
0.157916 0.0018229
0.157928 0.00180381
0.15794 0.00178711
0.157952 0.0017725
0.158997 0.00175972
0.159646 0.00175754
0.15967 0.00175714
0.159682 0.00175829
0.159694 0.0017593
0.159706 0.00176018
0.15973 0.00176245
0.160908 0.00178096
0.161629 0.00180617
0.161665 0.00182973
0.161677 0.00185035
0.161689 0.00186989
0.161701 0.00188699
0.161725 0.00190345
0.161737 0.00191635
0.162855 0.00192013
0.163515 0.00190992
0.163527 0.00190099
0.163539 0.00189467
0.163563 0.00189065
0.163575 0.00188562
0.163587 0.00188123
0.164609 0.00186537
0.165186 0.00183947
0.165198 0.00181681
0.165222 0.00179699
0.165234 0.00177964
0.165246 0.00176446
0.166159 0.00173766
0.166832 0.00172623
0.166856 0.00171772
0.16688 0.00171329
0.166892 0.0017079
0.166904 0.00170319
0.166916 0.00169907
0.167937 0.00170898
0.168694 0.00172817
0.16873 0.00174646
0.168754 0.00176246
0.168766 0.00177797
0.168778 0.00179154
0.16879 0.00180341
0.168814 0.0018153
0.16998 0.00184373
0.170677 0.00186109
0.170737 0.00187478
0.170749 0.00188826
0.170761 0.00190006
0.170785 0.00191188
0.170797 0.00192073
0.171818 0.00191044
0.172407 0.00188792
0.172479 0.00186822
0.172491 0.00185098
0.172515 0.0018359
0.172527 0.0018227
0.173477 0.00180213
0.174077 0.00178565
0.174162 0.00177272
0.174174 0.00176291
0.174198 0.00175583
0.17421 0.00174814
0.174222 0.0017414
0.175279 0.00174902
0.175964 0.00176621
0.17606 0.00178275
0.176084 0.00179872
0.176108 0.0018157
0.17612 0.00182906
0.176132 0.00184075
0.176144 0.00185097
0.177346 0.00187795
0.177911 0.00188653
0.178031 0.00189103
0.178043 0.00189497
0.178055 0.00189992
0.178067 0.00190425
0.178091 0.00190954
0.179136 0.00189465
0.179629 0.0018726
0.179737 0.00185031
0.179749 0.0018308
0.179761 0.00181373
0.179785 0.0017988
0.180758 0.00177672
0.181311 0.00176491
0.181443 0.00175758
0.181455 0.00175116
0.181467 0.00174705
0.181491 0.00174496
0.181503 0.00174163
0.182621 0.00175673
0.183246 0.00177896
0.18339 0.00179992
0.183414 0.00181975
0.183426 0.00183711
0.18345 0.0018553
0.183462 0.00186971
0.183474 0.00188233
0.184603 0.00189487
0.185276 0.00189082
0.185288 0.00188727
0.1853 0.00188568
0.185312 0.00188278
0.185324 0.00188024
0.185336 0.00187802
0.186394 0.00186706
0.186995 0.00184696
0.187007 0.00182938
0.187019 0.00181399
0.187031 0.00180052
0.187043 0.00178874
0.18798 0.00176341
0.188593 0.00174275
0.188617 0.00172618
0.188629 0.00171317
0.188641 0.0017018
0.188653 0.00169184
0.188677 0.00168463
0.18977 0.00169785
0.190443 0.00171693
0.190479 0.00173512
0.190491 0.00175104
0.190503 0.00176647
0.190515 0.00177998
0.190539 0.00179329
0.190551 0.00180344
0.191813 0.00183335
0.192426 0.00185201
0.192474 0.00186684
0.192486 0.00188131
0.192498 0.00189398
0.19251 0.00190356
0.192522 0.00191194
0.193627 0.00189975
0.194168 0.00188007
0.194216 0.00186135
0.194228 0.00184497
0.19424 0.00183063
0.194252 0.00181809
0.195226 0.0017906
0.195826 0.00177405
0.195874 0.00175957
0.195899 0.0017499
0.195911 0.00174144
0.195923 0.00173404
0.195947 0.00172907
0.197052 0.00174124
0.197749 0.0017639
0.197797 0.00178374
0.197833 0.00180259
0.197845 0.00182059
0.197857 0.00183634
0.197881 0.00185162
0.197893 0.00186349
0.199059 0.00188139
0.199732 0.00188353
0.199744 0.00188541
0.199756 0.00188855
0.19978 0.0018928
0.199792 0.00189502
0.199804 0.00189696
0.200861 0.00188514
0.201462 0.00186428
0.201474 0.00184603
0.201498 0.00183006
0.20151 0.00181609
0.201522 0.00180386
0.202435 0.00177514
0.203096 0.00175752
0.20312 0.00174361
0.203144 0.00173443
0.203156 0.0017249
0.203168 0.00171657
0.20318 0.00170927
0.204238 0.00172091
0.204947 0.00173711
0.204983 0.00175278
0.205007 0.00176649
0.205019 0.00177999
0.205031 0.0017918
0.205043 0.00180214
0.205067 0.00181268
0.206292 0.00184294
0.206917 0.0018589
0.206989 0.00187287
0.207013 0.00188809
0.207025 0.00190141
0.207037 0.00191306
0.207049 0.00192176
0.208323 0.00193538
0.208876 0.00193828
0.208972 0.00194082
0.208996 0.00194455
0.209008 0.0019478
0.20902 0.00195066
0.210354 0.00196066
0.210822 0.0019589
0.210931 0.00195586
0.210943 0.0019532
0.210955 0.00195087
0.21218 0.00193532
0.212649 0.00192171
0.212781 0.0019113
0.212793 0.00190219
0.212817 0.00189723
0.214115 0.0019019
0.214571 0.00190448
0.214692 0.00190373
0.214716 0.00190308
0.215881 0.00188599
0.21635 0.00187254
0.216506 0.00186227
0.217768 0.0018653
0.21778 0.00186945
0.218332 0.0018836
0.218489 0.00189598
0.219606 0.00188879
0.220171 0.00188249
0.220327 0.00187699
0.220351 0.00187517
0.221396 0.00186458
0.222105 0.0018538
0.222129 0.00184437
0.223163 0.00183462
0.223187 0.00182909
0.22398 0.00183476
0.224016 0.00184123
0.225133 0.0018574
0.225169 0.00187306
0.225194 0.00188976
0.226023 0.00190888
0.227128 0.0019196
0.227164 0.00192898
0.227188 0.00193719
0.227969 0.00193837
0.229099 0.00193789
0.229123 0.00193748
0.229147 0.00194012
0.229856 0.00193342
0.230961 0.00192155
0.230973 0.00190966
0.231622 0.00189174
0.232643 0.00186556
0.232655 0.00184264
0.233352 0.0018286
0.234518 0.00183433
0.23453 0.00183935
0.234554 0.00184675
0.235359 0.00186674
0.236657 0.00190075
0.236669 0.00192751
0.237354 0.0019359
0.237378 0.00194625
0.238603 0.00194629
0.239228 0.00193732
0.239252 0.00192947
0.240382 0.00191058
0.240922 0.00188354
0.240946 0.00185988
0.242064 0.00183767
0.242809 0.00184378
0.242833 0.00184912
0.242857 0.0018568
0.244227 0.00189506
0.244972 0.00192853
0.24502 0.00195783
0.24621 0.00196093
0.246234 0.00196665
0.246858 0.00195663
0.247988 0.00193435
0.248012 0.00191485
0.248613 0.00189478
0.249814 0.00188324
0.249838 0.00187613
0.250535 0.00188194
0.252025 0.00192306
0.252049 0.00195905
0.252602 0.00197251
0.253936 0.00196476
0.25396 0.00195799
0.255774 0.00194304
0.255798 0.00193297
0.25581 0.00192266
0.257336 0.00187458
0.257348 0.00183402
0.257372 0.00180002
0.259151 0.00180032
0.259175 0.00180358
0.259187 0.00180494
0.261386 0.00185869
0.26141 0.00190573
0.261422 0.00194688
0.263308 0.00194384
0.263332 0.00194118
0.265111 0.00192383
0.265135 0.00191166
0.265147 0.0018995
0.266793 0.00186934
0.266805 0.00184445
0.266829 0.00182417
0.268788 0.00184398
0.268812 0.00186432
0.268836 0.00188211
0.27077 0.00189468
0.270806 0.00190417
0.27083 0.00191548
0.272525 0.00189534
0.272561 0.00187471
0.272597 0.00186116
0.274255 0.0018448
0.274291 0.00183049
0.274339 0.00181947
0.274363 0.00181283
0.276382 0.00185208
0.276418 0.00188642
0.276466 0.00191647
0.27649 0.00194277
0.278268 0.00193574
0.278304 0.00192958
0.278364 0.0019257
0.278376 0.0019208
0.280059 0.0019045
0.280143 0.00188873
0.280155 0.00187494
0.280179 0.00186587
0.281729 0.00184141
0.281813 0.00182001
0.281837 0.00180279
0.281849 0.00178622
0.281873 0.00177473
0.283772 0.00180822
0.283868 0.00183904
0.283892 0.001866
0.283904 0.00188959
0.283928 0.00191023
0.285802 0.00192529
0.28591 0.00193697
0.285922 0.00194718
0.285934 0.00195762
0.285946 0.00196525
0.287665 0.00195241
0.287749 0.00193666
0.287761 0.00192288
0.287773 0.00191082
0.289323 0.00187925
0.289419 0.00185162
0.289431 0.00182894
0.289443 0.0018091
0.291245 0.00182328
0.291342 0.00183569
0.291366 0.00184805
0.291378 0.00186037
0.291402 0.00187265
0.293372 0.00190442
0.29348 0.00193072
0.293492 0.00195373
0.293504 0.00197236
0.295331 0.00197065
0.295439 0.00196764
0.295451 0.00196651
0.295463 0.00196552
0.297061 0.00193612
0.297169 0.00190889
0.297181 0.00188506
0.298755 0.00186121
0.29878 0.00184335
0.298888 0.00182771
0.2989 0.00181403
0.300882 0.00185313
0.300918 0.00188885
0.300954 0.0019246
0.301063 0.00195589
0.301075 0.00198326
0.302901 0.00198769
0.302937 0.00198706
0.303045 0.00198651
0.303069 0.00198752
0.304727 0.00196739
0.304824 0.00194376
0.304848 0.00192609
0.30486 0.00190913
0.306374 0.00187626
0.30647 0.0018445
0.306494 0.00181821
0.306506 0.0017967
0.308308 0.00181394
0.308416 0.00183052
0.30844 0.00184503
0.308464 0.00185922
0.310423 0.00189117
0.310531 0.00191612
0.310555 0.00194096
0.310567 0.00196119
0.312273 0.00194735
0.312394 0.00193374
0.312406 0.00192183
0.312418 0.0019129
0.314088 0.00190059
0.314208 0.00188832
0.31422 0.00187758
0.315698 0.00184415
0.315806 0.00181339
0.315818 0.00178649
0.317476 0.00178547
0.317621 0.00178909
0.317633 0.00179376
0.317657 0.00179934
0.319711 0.0018538
0.319844 0.00189994
0.319868 0.00193882
0.321718 0.0019473
0.321742 0.00195772
0.321886 0.00196835
0.323508 0.0019461
0.323532 0.00192664
0.323677 0.0019096
0.325215 0.00188419
0.325239 0.00186195
0.325395 0.00184399
0.327269 0.00187033
0.327293 0.00189639
0.327305 0.00191768
0.327486 0.00193932
0.329336 0.00195525
0.329372 0.00196919
0.329396 0.00198438
0.329552 0.00199468
0.331079 0.00196313
0.331115 0.00193253
0.331271 0.00190575
0.331295 0.00188532
0.332833 0.00186895
0.332857 0.00185312
0.333061 0.00184527
0.333085 0.00183841
0.33484 0.00185944
0.334864 0.00188085
0.334876 0.00189808
0.335104 0.00191616
0.33514 0.00193348
0.336738 0.00192911
0.336762 0.00192379
0.336954 0.00191462
0.336978 0.0019096
0.337002 0.00190371
0.338456 0.00188054
0.338625 0.00185425
0.338649 0.00183124
0.338685 0.00181262
0.340163 0.00179932
0.340187 0.00179069
0.340391 0.00178765
0.340415 0.00178499
0.340463 0.00178416
0.342253 0.00182249
0.342277 0.00185602
0.342301 0.00188837
0.34253 0.00191968
0.342554 0.00194708
0.342602 0.00197105
0.344224 0.001971
0.34426 0.00196945
0.344428 0.00196058
0.344452 0.00195282
0.344512 0.00194754
0.34605 0.0019324
0.346243 0.00191765
0.346267 0.00190475
0.346291 0.00189646
0.346327 0.0018862
0.347757 0.00186371
0.347913 0.00183652
0.347937 0.00181273
0.347973 0.00179191
0.349595 0.00179773
0.349619 0.00180582
0.349787 0.00181441
0.349823 0.00182342
0.34986 0.00183131
0.351794 0.00187726
0.351938 0.00191146
0.351974 0.00194138
0.351998 0.00196606
0.352022 0.00199067
0.353777 0.00198966
0.353921 0.00198428
0.353933 0.00197807
0.353957 0.00197263
0.355591 0.00195285
0.355711 0.00193104
0.355723 0.00191045
0.355747 0.00189544
0.357321 0.0018748
0.35743 0.00185374
0.357454 0.0018353
0.35934 0.00185823
0.359376 0.00188279
0.359496 0.00190578
0.35952 0.0019259
0.361347 0.001936
0.361467 0.00194033
0.361503 0.00194562
0.361527 0.00195325
0.363233 0.00194491
0.363353 0.0019331
0.363378 0.00192277
0.364916 0.0018927
0.365036 0.00186639
0.36506 0.00184337
0.366802 0.00184877
0.366946 0.00185649
0.36697 0.00186625
0.366982 0.00187329
0.368953 0.00190798
0.369097 0.00193534
0.369109 0.00195928
0.369133 0.00198322
0.370851 0.00197264
0.370984 0.00196037
0.370996 0.00194813
0.372606 0.00192391
0.372726 0.00190121
0.372738 0.00188135
0.37436 0.00186547
0.374504 0.00185458
0.374528 0.00184656
0.374552 0.00184254
0.376511 0.00188108
0.376691 0.00191931
0.376715 0.00195276
0.376751 0.00198353
0.376775 0.00201346
0.378506 0.00201111
0.378674 0.00200454
0.37871 0.0019988
0.378734 0.00199378
0.38026 0.00196385
0.380452 0.00193615
0.380488 0.00191343
0.380512 0.00189654
0.382026 0.00188027
0.382231 0.00186753
0.382279 0.00185789
0.382315 0.00185095
0.382339 0.00184789
0.384105 0.00187675
0.384345 0.0019065
0.384406 0.00193404
0.384454 0.00195964
0.384478 0.00198204
0.386304 0.00197912
0.386364 0.00197655
0.386424 0.00197581
0.386448 0.00197817
0.386472 0.00198023
0.388082 0.00194748
0.38813 0.00191733
0.388155 0.00189095
0.388179 0.00186786
0.389705 0.00183114
0.389729 0.00179901
0.389753 0.0017739
0.389777 0.00175193
0.391699 0.00178227
0.391735 0.00181032
0.391759 0.00183486
0.391783 0.00185934
0.391795 0.00187926
0.393706 0.00189519
0.393754 0.00190762
0.393766 0.001917
0.393778 0.0019252
0.395532 0.00191285
0.395592 0.00190205
0.395604 0.0018941
0.395616 0.00188714
0.397275 0.00186904
0.397335 0.0018517
0.397347 0.00183652
0.397371 0.00182625
0.399017 0.00181576
0.399077 0.00180658
0.399089 0.00179854
0.399113 0.00179152
0.399137 0.00178837
0.401144 0.00183068
0.401204 0.0018677
0.401216 0.00190009
0.40124 0.00192843
0.401276 0.00195473
0.40309 0.00195371
0.403162 0.00195282
0.403187 0.00195204
0.403199 0.00195287
0.403211 0.00195058
0.404881 0.00193055
0.404965 0.00191153
0.404977 0.00189488
0.404989 0.00188032
0.406551 0.00185406
0.406575 0.00183408
0.406659 0.0018166
0.406683 0.00180281
0.406695 0.00179074
0.40857 0.00181923
0.408606 0.00184567
0.408702 0.0018703
0.408738 0.00189636
0.40875 0.00191766
0.408762 0.00193629
0.410588 0.00194659
0.410697 0.0019526
0.410721 0.00195635
0.410733 0.00195964
0.410745 0.00196251
0.412427 0.00194701
0.412535 0.00193043
0.412547 0.00191593
0.412559 0.00190474
0.412583 0.00189646
0.414169 0.00187719
0.414289 0.00186033
0.414301 0.00184558
0.414313 0.00183117
0.416032 0.00183508
0.416056 0.00184151
0.416176 0.00184713
0.416188 0.00185206
0.4162 0.00185636
0.418146 0.00188867
0.418255 0.00191243
0.418279 0.00193472
0.418291 0.00195423
0.420093 0.00195328
0.420189 0.00194794
0.420213 0.00194626
0.420237 0.0019463
0.421859 0.00192381
0.421944 0.00189962
0.421968 0.00187846
0.421992 0.00186294
0.42371 0.00186138
0.423806 0.00186152
0.42383 0.00186164
0.423854 0.00186174
0.425897 0.00190239
0.425969 0.00193195
0.425993 0.00196081
0.426005 0.00198457
0.427891 0.00198583
0.427976 0.00198543
0.427988 0.00198508
0.429682 0.00196074
0.429766 0.00193945
0.429778 0.00192081
0.431292 0.00188198
0.431448 0.00185701
0.431472 0.00183817
0.431496 0.00182318
0.433299 0.00184612
0.433491 0.00187069
0.433527 0.0018937
0.433563 0.00191533
0.433587 0.00193726
0.435293 0.00194444
0.435486 0.00194621
0.435522 0.00194776
0.435546 0.00194911
0.437108 0.00193228
0.437312 0.00191454
0.437336 0.00189902
0.437348 0.00188694
0.43879 0.00186135
0.438982 0.00183446
0.438994 0.00181092
0.440712 0.00182488
0.440737 0.00184009
0.440941 0.00185491
0.440953 0.00186787
0.442803 0.00189573
0.443044 0.00192161
0.443056 0.00194576
0.44308 0.0019684
0.444762 0.00196717
0.444966 0.00196009
0.44499 0.0019539
0.446492 0.00192595
0.446684 0.00189999
0.446708 0.00187728
0.448259 0.00186341
0.448511 0.00185879
0.448535 0.00185775
0.448547 0.00185534
0.450433 0.00189528
0.450722 0.00193474
0.450746 0.00196776
0.45238 0.00196511
0.452404 0.0019658
0.452692 0.0019664
0.454158 0.0019429
0.454182 0.00192233
0.454519 0.00191034
0.455805 0.00187733
0.455829 0.00184843
0.456165 0.00182315
0.457667 0.00182506
0.457703 0.00183124
0.458064 0.00183965
0.459686 0.00186203
0.459734 0.00188312
0.460094 0.00190156
0.461524 0.00189367
0.461873 0.00187926
0.461897 0.00186965
0.463255 0.00185223
0.463627 0.00183699
0.463651 0.00182666
0.465189 0.00184015
0.465634 0.00186096
0.465658 0.00187918
0.465694 0.00189962
0.467136 0.00190549
0.46758 0.00190762
0.467616 0.00190949
0.468854 0.00188559
0.469263 0.00186017
0.469311 0.00183943
0.470596 0.00182729
0.471053 0.00182268
0.471089 0.00182315
0.471125 0.00182205
0.472699 0.00185715
0.473228 0.00189686
0.473264 0.00193162
0.474658 0.00193499
0.47467 0.00193944
0.47515 0.00193733
0.475198 0.00193699
0.476424 0.00191416
0.476905 0.00189418
0.476929 0.0018797
0.476965 0.00186553
0.478587 0.00184262
0.478611 0.00182257
0.478647 0.00180503
0.478671 0.00179269
0.48069 0.00183145
0.480714 0.00186537
0.48075 0.00189505
0.480786 0.00192252
0.48081 0.00194956
0.482684 0.0019552
0.482732 0.00195863
0.482756 0.00196013
0.482793 0.00196294
0.484475 0.00194137
0.484535 0.00192099
0.484559 0.00190617
0.484583 0.0018917
0.486169 0.00186702
0.486241 0.00184692
0.486265 0.00182934
0.486289 0.00181696
0.486301 0.00180463
0.487935 0.00179984
0.488019 0.00179716
0.488044 0.00179481
0.488068 0.00179275
0.48808 0.00179095
0.488104 0.00179238
0.490062 0.00183419
0.490158 0.00187227
0.490194 0.0019071
0.490218 0.00193757
0.49023 0.00196423
0.490254 0.00198756
0.490278 0.00201097
0.492009 0.00200293
0.492141 0.00199288
0.492153 0.00198559
0.492177 0.00198072
0.492201 0.00197645
0.492225 0.00197272
0.493823 0.00195293
0.493943 0.00193261
0.493967 0.00191483
0.493991 0.00189928
0.494015 0.00188566
0.495505 0.00186024
0.49565 0.00183799
0.495674 0.00181852
0.495698 0.00180449
0.49571 0.00179071
0.497368 0.00179968
0.497524 0.00180903
0.49756 0.00181872
0.497584 0.00182719
0.497596 0.00183611
0.49762 0.00184541
0.499423 0.00187157
0.499603 0.00189297
0.499627 0.00191169
0.499639 0.00192807
0.499663 0.0019424
0.501333 0.00193841
0.501513 0.00193193
0.501525 0.00192625
0.501537 0.00192278
0.50155 0.00191825
0.5031 0.00189926
0.503256 0.00187814
0.503268 0.00185966
0.50328 0.00184349
0.504758 0.00182033
0.504782 0.00180307
0.504962 0.00179097
0.504974 0.00178038
0.504986 0.00177112
0.506825 0.00180807
0.506861 0.00184191
0.506885 0.00187452
0.507077 0.00190456
0.507101 0.00193234
0.507113 0.00195665
0.508843 0.0019644
0.508879 0.00196819
0.509035 0.00196699
0.509072 0.00196744
0.509084 0.00196784
0.510682 0.00195166
0.510862 0.00193601
0.510898 0.00192231
0.51091 0.00191183
0.510934 0.00190416
0.5124 0.00188092
0.512568 0.00185459
0.512592 0.00183304
0.512616 0.00181419
0.51407 0.00179619
0.514106 0.00178495
0.514298 0.00177812
0.514323 0.00177214
0.514359 0.00176842
0.516077 0.0017982
0.516137 0.00182726
0.516377 0.0018587
0.516401 0.00188921
0.516413 0.00191441
0.516449 0.00193645
0.518096 0.00194673
0.518336 0.00194822
0.51836 0.00194951
0.518372 0.00195065
0.51842 0.00195315
0.519922 0.00193731
0.520162 0.00192044
0.520174 0.00190569
0.520222 0.00189278
0.520246 0.00188448
0.52164 0.00186371
0.521845 0.00183952
0.521905 0.00181986
0.521929 0.00180266
0.523587 0.00182065
0.523851 0.0018439
0.523875 0.00186725
0.523923 0.00188618
0.523947 0.00190274
0.525642 0.00192174
0.525858 0.00192935
0.525906 0.00193601
0.52593 0.00194184
0.525942 0.00194844
0.527528 0.0019407
0.527744 0.00192792
0.527768 0.00191673
0.52778 0.00190695
0.529318 0.00189238
0.529511 0.00187362
0.529523 0.00185871
0.529547 0.00184716
0.531109 0.00184007
0.531349 0.00183986
0.531361 0.00183969
0.531385 0.00183953
0.531397 0.0018409
0.533164 0.00186763
0.533392 0.00188951
0.533416 0.00190716
0.533428 0.0019226
0.535062 0.00191959
0.535278 0.00191546
0.535314 0.00191184
0.535338 0.00191168
0.536792 0.001889
0.537009 0.00186917
0.537057 0.00185031
0.538583 0.00184282
0.538883 0.00184677
0.538907 0.00185324
0.538955 0.0018589
0.540806 0.00190441
0.541046 0.00193672
0.541106 0.00196349
0.542752 0.00196138
0.542776 0.00196253
0.543017 0.00196354
0.544567 0.0019449
0.544591 0.00192859
0.544819 0.00191282
0.546213 0.00187949
0.546237 0.00185033
0.546513 0.00183082
0.548208 0.0018513
0.548232 0.00187222
0.548256 0.00189053
0.548592 0.00191406
0.550274 0.00193314
0.550298 0.00194684
0.550599 0.00195432
0.550623 0.00196387
0.552065 0.00194218
0.552353 0.0019187
0.552365 0.00189665
0.553747 0.00186985
0.553783 0.0018509
0.554071 0.00183433
0.554083 0.00181982
0.555802 0.00184919
0.55585 0.00187638
0.555874 0.00190318
0.556198 0.00193114
0.55621 0.0019556
0.557844 0.00196649
0.557881 0.00197151
0.558193 0.0019744
0.558205 0.00197693
0.559695 0.00196113
0.559995 0.00194129
0.560007 0.00192543
0.560031 0.00191305
0.561329 0.00187819
0.561642 0.00184769
0.561666 0.001821
0.563252 0.00183369
0.563276 0.00184781
0.563648 0.00186766
0.563684 0.00188654
0.565378 0.00191658
0.565691 0.00193235
0.565715 0.00194915
0.565739 0.00196234
0.567277 0.00195437
0.567553 0.00193988
0.567577 0.0019272
0.569055 0.00190859
0.569308 0.00188931
0.569332 0.00187244
0.570786 0.00185467
0.571122 0.00184964
0.571146 0.00184824
0.571158 0.00184551
0.572913 0.00188068
0.573321 0.00192046
0.573345 0.00195377
0.574907 0.00195888
0.574931 0.00196635
0.57534 0.00197289
0.576674 0.00194708
0.576698 0.00192449
0.577106 0.00190472
0.578368 0.00187841
0.578392 0.00185539
0.5788 0.00183525
0.580411 0.00186118
0.580435 0.00188688
0.580447 0.00190786
0.580927 0.00193523
0.582525 0.00195768
0.582561 0.00197732
0.582982 0.001987
0.583006 0.00199847
0.584424 0.00198598
0.584808 0.00196603
0.584832 0.00194858
0.58619 0.0019258
0.586539 0.00190136
0.586551 0.00187848
0.587908 0.00185846
0.588305 0.00184694
0.588329 0.00183987
0.588353 0.00183519
0.589999 0.00186714
0.59048 0.00190561
0.590504 0.00193927
0.59054 0.00197022
0.590564 0.00200031
0.591994 0.0019996
0.592402 0.00198697
0.592439 0.00197591
0.592463 0.00196624
0.593832 0.00195027
0.594229 0.00193028
0.594253 0.0019158
0.594265 0.00190162
0.595539 0.0018772
0.595887 0.00184682
0.595899 0.00182024
0.597449 0.00183153
0.597473 0.00184441
0.59787 0.00186169
0.597894 0.00187831
0.599552 0.00190637
0.599864 0.00191741
0.599888 0.00193006
0.599912 0.00194114
0.601475 0.00193882
0.601751 0.00192928
0.601775 0.00192093
0.601787 0.00191512
0.603277 0.00190103
0.603517 0.00188119
0.603529 0.00186383
0.604875 0.00183062
0.604911 0.00180606
0.605175 0.00178758
0.6052 0.00177291
0.606822 0.00179462
0.60687 0.00181512
0.606894 0.00183606
0.607206 0.00186039
0.60723 0.00188168
0.608816 0.0018958
0.608876 0.00190665
0.609153 0.00191165
0.609177 0.00191602
0.610691 0.00191082
0.610979 0.00190027
0.611003 0.00189405
0.611015 0.0018871
0.612505 0.00187801
0.612746 0.00186105
0.612758 0.00184621
0.612782 0.00183623
0.614163 0.00181397
0.614428 0.001796
0.614452 0.00178028
0.61605 0.00179356
0.616074 0.00180818
0.616386 0.00182698
0.616422 0.00184494
0.618213 0.00188468
0.618477 0.00191044
0.618513 0.00193298
0.618537 0.00195571
0.620147 0.00195307
0.620412 0.00194625
0.620436 0.00194029
0.621986 0.00192756
0.622214 0.00191191
0.622238 0.00189822
0.623632 0.00186672
0.62386 0.00183615
0.623884 0.0018124
0.625446 0.00181265
0.625723 0.00181888
0.625747 0.00182433
0.625771 0.0018321
0.627657 0.00187946
0.627874 0.00191038
0.627898 0.00193743
0.629676 0.00194759
0.62988 0.00195498
0.629904 0.00196144
0.631527 0.00194757
0.631731 0.00193242
0.631743 0.00192068
0.633161 0.00188486
0.633365 0.00185203
0.633389 0.0018263
0.634951 0.00182181
0.635167 0.00181938
0.635191 0.00181726
0.635215 0.0018184
0.637198 0.00187198
0.63745 0.00192336
0.637474 0.00196832
0.637499 0.00200766
0.639493 0.00201204
0.639517 0.00201888
0.639529 0.00202336
0.639553 0.00202728
0.641356 0.00200368
0.641368 0.00198302
0.641392 0.00196795
0.641404 0.00195327
0.64305 0.00191939
0.643074 0.00188974
0.643086 0.00186381
0.644804 0.00185012
0.64484 0.00183965
0.644852 0.00183049
0.647003 0.00187654
0.647039 0.00191684
0.647063 0.0019551
0.647087 0.00199009
0.648914 0.00198014
0.64895 0.00196844
0.648986 0.0019597
0.649022 0.00195656
0.65074 0.00194029
0.650776 0.00192155
0.650812 0.00190516
0.652362 0.00186978
0.652398 0.00183883
0.652422 0.00181024
0.654273 0.00182278
0.654309 0.00183375
0.654345 0.00184786
0.654369 0.0018602
0.656436 0.00189803
0.656484 0.00192813
0.656508 0.00195447
0.656532 0.00198052
0.65843 0.00198229
0.658466 0.00197933
0.65849 0.00197674
0.660209 0.00195194
0.660245 0.00193024
0.660269 0.00191126
0.661927 0.00188714
0.661963 0.00186603
0.661999 0.00185207
0.662023 0.00183985
0.66409 0.00188023
0.664138 0.00191706
0.664186 0.00195079
0.66421 0.00198031
0.664246 0.00201064
0.666049 0.00200413
0.666121 0.00199544
0.666145 0.00198783
0.666169 0.00197967
0.667827 0.00195451
0.667911 0.00193099
0.667935 0.00191341
0.667959 0.00189803
0.669485 0.00186805
0.669569 0.00184182
0.669593 0.00181887
0.669617 0.00179879
0.669641 0.00178422
0.671552 0.00181954
0.671648 0.00185194
0.671684 0.00188179
0.671708 0.00190792
0.671732 0.00193078
0.671756 0.00195378
0.673547 0.00195889
0.673655 0.00196036
0.673667 0.00196014
0.673679 0.00195844
0.673703 0.00195696
0.675373 0.00194064
0.675469 0.00192336
0.675481 0.00190824
0.675493 0.00189351
0.675517 0.00188362
0.677103 0.00186446
0.677211 0.00184769
0.677223 0.00183301
0.677235 0.00181867
0.678978 0.00182565
0.679146 0.00183927
0.679158 0.00185268
0.67917 0.00186442
0.679194 0.00187619
0.681129 0.00191053
0.681249 0.00193306
0.681261 0.00195277
0.681285 0.00197002
0.681297 0.00198662
0.683135 0.00198913
0.683267 0.00199132
0.683292 0.00199324
0.683304 0.00199492
0.684986 0.00197686
0.685094 0.00195505
0.685106 0.00193747
0.68513 0.00192359
0.686548 0.0018784
0.686656 0.00183736
0.68668 0.00180145
0.68841 0.00180908
0.688446 0.00182026
0.688567 0.00183154
0.688591 0.00184142
0.690609 0.00188611
0.690729 0.0019207
0.690753 0.00195398
0.690765 0.00198159
0.69252 0.00197271
0.69264 0.00196194
0.692652 0.00195251
0.692676 0.00194726
0.694298 0.00192615
0.694406 0.00190467
0.69443 0.00188588
0.696125 0.00187845
0.696149 0.00187495
0.696257 0.00187189
0.696293 0.00187071
0.698287 0.00190723
0.698384 0.00193468
0.69842 0.0019587
0.698444 0.00198272
0.700222 0.0019767
0.700342 0.00196993
0.700366 0.00196401
0.701976 0.0019378
0.702085 0.00191337
0.702109 0.00189199
0.703659 0.00186577
0.703791 0.00184583
0.703815 0.00182838
0.703851 0.00181763
0.705785 0.00185628
0.705942 0.0018931
0.705978 0.00192682
0.706026 0.00195783
0.70605 0.00198797
0.707768 0.0019873
0.70796 0.00198672
0.707996 0.00198471
0.70802 0.00198294
0.709583 0.00196188
0.709763 0.00193744
0.709787 0.00191605
0.709823 0.00190184
0.711253 0.00187289
0.711421 0.00184305
0.711457 0.00181694
0.713103 0.00182113
0.713127 0.0018278
0.713319 0.00183664
0.713344 0.00184287
0.715278 0.00188438
0.715446 0.00191468
0.715458 0.0019397
0.71547 0.00196309
0.717225 0.00196103
0.717345 0.00195171
0.717357 0.00194356
0.719003 0.00192291
0.719123 0.00190484
0.719135 0.00188903
0.720733 0.00186919
0.720854 0.00185183
0.720878 0.00183964
0.720902 0.00183048
0.722848 0.00186602
0.72298 0.00189862
0.723004 0.00192715
0.72304 0.00195361
0.723076 0.00198127
0.724819 0.00197994
0.724987 0.00198028
0.725023 0.00198057
0.725047 0.00197933
0.726585 0.00195271
0.726801 0.00193091
0.726825 0.00191485
0.72685 0.00190079
0.728364 0.00188549
0.728568 0.0018706
0.728592 0.00185757
0.728628 0.00184767
0.728652 0.00184201
0.730418 0.0018686
0.730671 0.00189787
0.730707 0.00192499
0.730743 0.00194872
0.730779 0.00197098
0.730803 0.00199347
0.732437 0.00199662
0.732689 0.00199037
0.732713 0.0019879
0.732737 0.00198423
0.732761 0.00198103
0.734287 0.00196471
0.73448 0.00193991
0.734516 0.00191972
0.734528 0.00190055
0.734552 0.00188678
0.736006 0.00186572
0.736198 0.00184278
0.73621 0.00182271
0.736222 0.00180365
0.737952 0.00182152
0.738169 0.00184016
0.738181 0.00185797
0.738193 0.00187355
0.738217 0.00188869
0.740031 0.00191245
0.740271 0.00193474
0.740283 0.00195424
0.740295 0.00196981
0.740319 0.00198643
0.742002 0.00198446
0.742218 0.00197822
0.74223 0.00197277
0.742242 0.00196649
0.743732 0.00193696
0.743948 0.00190963
0.74396 0.00188721
0.743972 0.0018676
0.74551 0.00185645
0.745763 0.00185119
0.745787 0.0018481
0.745799 0.00184539
0.745823 0.00184602
0.747697 0.00188863
0.747986 0.00193042
0.747998 0.00196399
0.748022 0.00199335
0.749668 0.00199051
0.749968 0.00198953
0.749992 0.00198716
0.750016 0.0019881
0.75147 0.00196489
0.751783 0.00194608
0.751819 0.00192812
0.753092 0.00188987
0.753405 0.00185641
0.753441 0.00182713
0.755051 0.00184356
0.7554 0.00186245
0.75546 0.00188198
0.755484 0.00190207
0.757082 0.00191815
0.75743 0.00192471
0.757454 0.00193045
0.758932 0.00192045
0.759245 0.00190719
0.759257 0.00189409
0.760651 0.00187212
0.760951 0.00184988
0.760975 0.00183344
0.762585 0.00184608
0.762982 0.00186915
0.763006 0.00188935
0.76303 0.00191002
0.764736 0.00194013
0.765072 0.00195595
0.765096 0.0019698
0.766695 0.0019684
0.766983 0.00196117
0.767007 0.00195484
0.768509 0.00193729
0.768785 0.00191742
0.768809 0.00190304
0.770119 0.00186643
0.770492 0.00184341
0.770528 0.00182777
0.771982 0.00183211
0.772474 0.00185092
0.772522 0.00186889
0.772546 0.00188761
0.77406 0.00191151
0.774517 0.0019219
0.774541 0.00193099
0.775935 0.00192393
0.776331 0.00191024
0.776355 0.00189826
0.777665 0.00187727
0.778026 0.00185139
0.77805 0.00183174
0.779432 0.00182357
0.779912 0.00183144
0.779936 0.00183832
0.77996 0.00184735
0.78163 0.00189129
0.782051 0.00192224
0.782075 0.00194631
0.783613 0.00195085
0.783625 0.00195633
0.784022 0.00195811
0.785403 0.00193715
0.785415 0.0019188
0.785824 0.00190425
0.787074 0.001875
0.787086 0.0018494
0.787554 0.00183451
0.789104 0.00185904
0.789116 0.00188049
0.78914 0.00190227
0.789669 0.00192884
0.791123 0.00194007
0.791147 0.0019484
0.79164 0.00195117
0.791664 0.00195661
0.792998 0.00194634
0.79343 0.00192685
0.793466 0.00191129
0.794668 0.00188116
0.795052 0.00184878
0.7951 0.00182196
0.79653 0.00182702
0.797011 0.00184347
0.797035 0.00186087
0.797083 0.00187609
0.798717 0.00191494
0.799138 0.00193842
0.799198 0.00196047
0.799222 0.00198277
0.800664 0.00197825
0.80106 0.00196378
0.801096 0.00195261
0.802466 0.00193384
0.802815 0.0019114
0.802851 0.00189177
0.804233 0.00187609
0.804689 0.00187589
0.804713 0.00187872
0.804737 0.00187969
0.806419 0.00191809
0.806888 0.0019532
0.806912 0.00198091
0.808402 0.00198113
0.808426 0.00198432
0.808871 0.00198411
0.810144 0.00195389
0.810168 0.00192744
0.810637 0.0019073
0.811839 0.00188067
0.811851 0.00185587
0.812391 0.00184318
0.813881 0.00186812
0.813893 0.00189145
0.813917 0.00191336
0.814566 0.00194605
0.8159 0.00195513
0.815936 0.00196307
0.816513 0.00196101
0.816537 0.00196221
0.817739 0.00194674
0.818279 0.00192419
0.818303 0.00190446
0.819409 0.00187518
0.819961 0.00185107
0.819986 0.00182996
0.821343 0.00184304
0.822004 0.001868
0.82204 0.00189434
0.822052 0.00191589
0.823434 0.00193775
0.824071 0.00194937
0.824083 0.00195954
0.824107 0.00197144
0.825369 0.00196683
0.825933 0.00195228
0.825957 0.00193956
0.827111 0.0019149
0.827616 0.00188582
0.82764 0.00186037
0.828925 0.00185462
0.829562 0.00186612
0.829586 0.00187918
0.82961 0.00189061
0.831148 0.00193216
0.831641 0.00194748
0.831653 0.00195938
0.831677 0.0019728
0.833131 0.00197403
0.83354 0.00196309
0.833564 0.00195352
0.834957 0.00193763
0.83533 0.00191923
0.835354 0.00190312
0.836628 0.00187401
0.837036 0.00185004
0.837072 0.00183357
0.838526 0.00184169
0.839031 0.00186081
0.839079 0.00187904
0.839103 0.001898
0.840581 0.00191759
0.841038 0.00192272
0.841062 0.0019272
0.842371 0.0019101
0.842828 0.00189514
0.842852 0.00188204
0.844114 0.00186458
0.844606 0.0018538
0.844618 0.00184587
0.84463 0.00183743
0.846 0.00184357
0.846661 0.00186996
0.846673 0.00189306
0.846685 0.00191327
0.846709 0.00193396
0.848103 0.00195506
0.848608 0.0019525
0.84862 0.00195026
0.848644 0.0019483
0.850014 0.00194358
0.850506 0.00193644
0.850518 0.0019317
0.85053 0.00192605
0.851816 0.0019106
0.852297 0.00189407
0.852309 0.00187961
0.852321 0.00186845
0.853522 0.00184818
0.854087 0.00184096
0.854111 0.00183614
0.854123 0.00183192
0.855493 0.00184926
0.855517 0.00186743
0.85613 0.00188934
0.856154 0.00190851
0.856166 0.00192529
0.857403 0.00192344
0.858004 0.00191733
0.85804 0.00191347
0.858052 0.0019101
0.858076 0.00191016
0.859218 0.00189819
0.859795 0.00188021
0.859819 0.00186598
0.859831 0.00185202
0.860924 0.0018338
0.861489 0.00181335
0.861501 0.00179546
0.861513 0.00178131
0.862762 0.00178845
0.863495 0.00181573
0.863507 0.0018396
0.863519 0.00186048
0.863544 0.00188176
0.864973 0.00192291
0.865574 0.00194089
0.865586 0.00195662
0.865598 0.00196888
0.866932 0.0019676
0.867401 0.00194845
0.867413 0.0019332
0.867425 0.00191985
0.868722 0.00190367
0.869167 0.001885
0.869179 0.00186867
0.869203 0.00185738
0.870609 0.00186102
0.871186 0.00188073
0.87121 0.00189947
0.871234 0.00191588
0.872748 0.00194375
0.87324 0.00195462
0.873276 0.00196863
0.873288 0.0019794
0.874694 0.0019753
0.875163 0.0019642
0.875175 0.00195449
0.875187 0.00194749
0.876473 0.00192635
0.876941 0.00190635
0.876953 0.00188885
0.878143 0.00186152
0.878167 0.00184061
0.878792 0.00184184
0.878804 0.00184292
0.880282 0.00187991
0.880306 0.00191228
0.880955 0.0019436
0.882168 0.00193647
0.882192 0.00193323
0.882204 0.00192889
0.882913 0.0019326
0.884007 0.00191783
0.884019 0.0019049
0.88468 0.00188758
0.885653 0.00185741
0.885665 0.00183101
0.886254 0.00179889
0.887527 0.00180834
0.887551 0.00181961
0.887576 0.00183098
0.888272 0.00185444
0.88969 0.001893
0.889738 0.00192673
0.890363 0.00194724
0.890375 0.00196668
0.891661 0.00196718
0.892178 0.00194808
0.89219 0.00193137
0.893415 0.00190924
0.893932 0.00188988
0.893944 0.00187294
0.895278 0.00187163
0.895987 0.00189452
0.895999 0.00191454
0.896023 0.00193507
0.897405 0.00195904
0.897969 0.00196049
0.897993 0.00196175
0.899327 0.00195685
0.899844 0.00194656
0.899856 0.00193605
0.901094 0.00191484
0.90161 0.00189477
0.901634 0.00188022
0.902776 0.00185548
0.903545 0.00186536
0.903581 0.00187551
0.903605 0.0018874
0.904927 0.00192034
0.905624 0.00194014
0.90566 0.00195446
0.906885 0.00195498
0.907594 0.00195694
0.90763 0.00195865
0.908688 0.00193912
0.909385 0.00192052
0.910418 0.00189675
0.910442 0.00187894
0.911175 0.00186787
0.912509 0.00189574
0.912545 0.00192162
0.912569 0.00194727
0.913362 0.00197722
0.914443 0.00197189
0.914479 0.00196422
0.915357 0.00196803
0.915381 0.00197436
0.916318 0.00196188
0.917111 0.00193593
0.917147 0.00191474
0.918024 0.00188868
0.918805 0.00186437
0.918841 0.00184311
0.919911 0.00184853
0.920896 0.00187882
0.920932 0.00190531
0.920956 0.0019315
0.922061 0.00195892
0.922915 0.00196189
0.922939 0.00196448
0.922963 0.00196975
0.924044 0.00197136
0.924741 0.00195024
0.924765 0.00193176
0.925798 0.00190958
0.926423 0.00188116
0.926459 0.0018578
0.927661 0.00185838
0.928406 0.00187392
0.928454 0.00188901
0.92849 0.00190672
0.9298 0.00193574
0.930509 0.00195061
0.930545 0.00196363
0.930569 0.00197802
0.931782 0.0019786
0.932419 0.00196558
0.932443 0.0019542
0.933537 0.00192921
0.934101 0.00189834
0.934126 0.00187133
0.935195 0.00184469
0.935964 0.00184691
0.935988 0.00185186
0.936012 0.00185619
0.93731 0.00188852
0.938163 0.00192732
0.938187 0.00195827
0.939304 0.00196282
0.939316 0.0019683
0.940121 0.00196708
0.941119 0.001948
0.941131 0.0019313
0.941924 0.00191519
0.942897 0.00189809
0.942909 0.00188312
0.943774 0.00187904
0.944928 0.001898
0.94494 0.00191609
0.944964 0.00193342
0.945817 0.00194708
0.946826 0.00193951
0.946838 0.00193138
0.947668 0.00192127
0.948581 0.0019004
0.948593 0.00188214
0.949326 0.00185415
0.950143 0.00181614
0.950155 0.00178438
0.950948 0.0017641
0.951981 0.0017734
0.951993 0.00178153
0.952017 0.00179164
0.953027 0.00182753
0.954204 0.00187696
0.954228 0.00191871
0.955057 0.00193271
0.955081 0.00194796
0.956175 0.00195079
0.956908 0.00193825
0.95692 0.00192578
0.957965 0.00190885
0.958638 0.00188653
0.95865 0.001867
0.95966 0.00184541
0.960465 0.00184304
0.960489 0.00184246
0.960513 0.00184497
0.961786 0.0018802
0.962724 0.00192755
0.962748 0.00196598
0.963817 0.00197407
0.963841 0.00198415
0.964766 0.00199147
0.965692 0.00197685
0.965716 0.00196405
0.966605 0.00194835
0.967422 0.0019211
0.967446 0.00189725
0.968275 0.00186887
0.969104 0.00184254
0.969128 0.0018225
0.970089 0.00182149
0.971159 0.00185064
0.971183 0.00187616
0.971207 0.00190148
0.972324 0.00194317
0.973262 0.00196012
0.973298 0.00197645
0.974283 0.00197422
0.975136 0.00196175
0.97516 0.00194934
0.976097 0.00193248
0.97689 0.0019072
0.976914 0.0018881
0.977768 0.00186086
0.978645 0.00184454
0.978657 0.00183176
0.97963 0.0018356
0.980651 0.00185699
0.980663 0.0018757
0.981709 0.00190108
0.982586 0.00190527
0.98261 0.00191043
0.983547 0.00190143
0.9844 0.00189056
0.984424 0.00188104
0.985242 0.00185769
0.986071 0.00183125
0.986083 0.00180962
0.986984 0.00180121
0.988005 0.00181788
0.988029 0.00183397
0.988053 0.00185105
0.989147 0.00189003
0.990096 0.00191512
0.990132 0.00193558
0.991033 0.00192944
0.991057 0.00192708
0.992067 0.00193252
0.99286 0.00191926
0.992884 0.00190766
0.993809 0.00188699
0.994518 0.00185839
0.99453 0.00183187
0.995503 0.00181466
0.996392 0.00182214
0.996404 0.00182869
0.996428 0.00183742
0.997642 0.0018751
0.998579 0.00191407
0.998615 0.00194818
0.999661 0.00195699
0.999697 0.00196921
1.00057 0.00197239
1.00148 0.00195264
1.00151 0.00193536
1.00238 0.00191874
1.00325 0.0019012
1.00329 0.00188584
1.00412 0.0018679
1.0052 0.00187774
1.00525 0.00188784
1.00527 0.00189969
1.00621 0.00192358
1.00723 0.00193697
1.00729 0.00194718
1.00808 0.0019381
1.00811 0.00193315
1.00906 0.00191981
1.00981 0.00189612
1.00984 0.00187539
1.01076 0.00185425
1.01162 0.00184777
1.01164 0.0018421
1.01277 0.00186267
1.01378 0.0019002
1.0138 0.00193303
1.01383 0.00196477
1.01474 0.0019655
1.01569 0.00195562
1.01571 0.00194699
1.01656 0.00193041
1.01746 0.0019099
1.01748 0.00189196
1.01826 0.00186875
1.01919 0.00184844
1.01921 0.00183367
1.0202 0.00184629
1.02127 0.00187535
1.0213 0.00190227
1.02133 0.00192884
1.02232 0.00195359
1.02324 0.00195121
1.02327 0.00195063
1.02328 0.00195163
1.02423 0.00194649
1.02507 0.00192848
1.02509 0.00191272
1.02599 0.00189292
1.02677 0.00186809
1.02678 0.00184636
1.02774 0.00183486
1.02873 0.00185032
1.02874 0.00186536
1.02876 0.00188002
1.02988 0.00191237
1.03077 0.00192867
1.03079 0.00194142
1.03182 0.00194056
1.03184 0.00194282
1.03272 0.00194329
1.03356 0.00191817
1.03359 0.00189769
1.03362 0.00188277
1.03448 0.00186822
1.03531 0.00184948
1.03534 0.00183308
1.03626 0.00182624
1.03629 0.00182326
1.03728 0.00184168
1.03731 0.0018578
1.03842 0.00189593
1.03845 0.0019293
1.03847 0.0019615
1.03931 0.00197015
1.04042 0.00197321
1.04043 0.00197439
1.04046 0.00197542
1.04121 0.00196581
1.04219 0.00193938
1.0422 0.00191775
1.04221 0.00189732
1.04293 0.00187494
1.04386 0.00184785
1.04387 0.00182414
1.04388 0.0018049
1.04478 0.0018106
1.04593 0.00184412
1.04595 0.00187345
1.04596 0.00189911
1.04697 0.00193509
1.04783 0.00193052
1.04786 0.00192802
1.04787 0.00192584
1.04884 0.00191942
1.04966 0.00190479
1.04968 0.001895
1.04971 0.00188793
1.05066 0.00187874
1.05138 0.00185568
1.0514 0.0018355
1.05143 0.00182085
1.05229 0.00179751
1.0532 0.00179812
1.05323 0.00179866
1.0542 0.00181264
1.05423 0.00182788
1.05533 0.00186525
1.05535 0.00189795
1.05616 0.00190553
1.05721 0.00190165
1.05723 0.00190126
1.05724 0.00189942
1.05794 0.00188428
1.05901 0.00187104
1.05903 0.00186096
1.05906 0.00185514
1.05976 0.00185155
1.06097 0.00186493
1.06099 0.00187664
1.06103 0.00188839
1.06183 0.00191069
1.06283 0.00190466
1.06284 0.00189788
1.06288 0.00189196
1.06373 0.00189278
1.06454 0.00186796
1.06456 0.00184475
1.0646 0.00182894
1.0654 0.0018091
1.06621 0.00178873
1.06625 0.00177242
1.06718 0.00177316
1.0672 0.00177681
1.06822 0.00180705
1.06827 0.0018335
1.06941 0.00188369
1.06944 0.0019276
1.06946 0.00196902
1.07033 0.00198575
1.07138 0.00198386
1.07142 0.0019837
1.07146 0.00198507
1.07225 0.00197726
1.0732 0.0019524
1.07322 0.00193365
1.07325 0.00191574
1.07399 0.00189406
1.07493 0.00187059
1.07495 0.00185005
1.07498 0.00183508
1.07583 0.0018355
1.07701 0.00186591
1.07704 0.00189402
1.07708 0.00192011
1.07799 0.00195046
1.07901 0.00195749
1.07905 0.00196363
1.07909 0.00196901
1.08001 0.00197522
1.08091 0.00196113
1.08092 0.0019503
1.08095 0.00193932
1.08181 0.0019222
1.08257 0.0018877
1.0826 0.00185751
1.08262 0.0018341
1.08347 0.00181211
1.08437 0.0018109
1.08441 0.00181134
1.08445 0.00181322
1.08543 0.0018314
1.08547 0.0018518
1.08656 0.00189369
1.0866 0.00193034
1.08744 0.00193988
1.08747 0.00194823
1.0885 0.00194652
1.08853 0.00194503
1.08925 0.0019242
1.08928 0.00190897
1.09026 0.00189114
1.0903 0.00187554
1.09109 0.0018679
1.09223 0.00188074
1.09226 0.00189498
1.09229 0.00190744
1.09322 0.00193486
1.09414 0.00192882
1.09418 0.00192353
1.0942 0.00192191
1.0951 0.00191748
1.09591 0.00189408
1.09593 0.00187361
1.0968 0.00185119
1.09762 0.00183308
1.09764 0.00181723
1.0987 0.00182739
1.09967 0.0018558
1.09969 0.00188368
1.09971 0.00190656
1.10075 0.00192508
1.10165 0.00192927
1.10166 0.00193294
1.10168 0.00193765
1.10266 0.00193426
1.10349 0.00192078
1.1035 0.00190899
1.10443 0.00189116
1.10519 0.00186654
1.10521 0.00184651
1.10613 0.00182898
1.10705 0.00183317
1.10707 0.00183983
1.1071 0.00184567
1.10825 0.00187931
1.10919 0.00191175
1.10921 0.00193714
1.11018 0.00193682
1.11021 0.00193954
1.11111 0.00193742
1.11195 0.00191603
1.11197 0.00189732
1.11286 0.00187945
1.11373 0.00186681
1.11375 0.00185576
1.1148 0.00186561
1.11583 0.00189526
1.11587 0.0019257
1.11588 0.00195085
1.11683 0.00196083
1.11779 0.00195604
1.1178 0.00195186
1.11783 0.0019512
1.11864 0.0019341
1.11959 0.00191614
1.11962 0.00190042
1.12036 0.00187765
1.12126 0.00185172
1.12127 0.00182753
1.12214 0.00182139
1.12325 0.00184154
1.12326 0.00186068
1.12328 0.00187893
1.12437 0.00192343
1.12534 0.00194435
1.12537 0.00196266
1.12632 0.00196065
1.12635 0.00196189
1.1272 0.00194947
1.12816 0.00193559
1.12818 0.00192345
1.12821 0.00191583
1.12898 0.00189864
1.12985 0.00187009
1.12988 0.00184511
1.13067 0.00182625
1.1307 0.00181275
1.1317 0.00181747
1.13173 0.00182159
1.13274 0.00185224
1.13277 0.00188055
1.1328 0.00190833
1.13381 0.00193264
1.13466 0.00193138
1.13471 0.00193178
1.13473 0.00193213
1.13579 0.00193844
1.13656 0.00192744
1.13658 0.00191782
1.13662 0.00191391
1.1376 0.00190147
1.1383 0.00187857
1.13834 0.00185854
1.13919 0.00182448
1.13998 0.0018067
1.14003 0.00179265
1.14099 0.00179386
1.14198 0.00181896
1.14204 0.00184243
1.14206 0.00186596
1.14326 0.00191659
1.14409 0.00194137
1.14417 0.00196155
1.14525 0.00196418
1.14527 0.00196949
1.146 0.00196213
1.14706 0.00194366
1.14709 0.00192751
1.14773 0.00190285
1.1487 0.00186927
1.14872 0.00183988
1.14944 0.00182318
1.15062 0.0018356
1.15064 0.00184948
1.15067 0.00186162
1.15153 0.00189026
1.15274 0.00191983
1.15278 0.00194421
1.15359 0.00195802
1.15361 0.00197311
1.15463 0.00196229
1.1554 0.0019438
1.15542 0.00192763
1.15637 0.00190447
1.15711 0.00187969
1.15714 0.00185951
1.15809 0.00184186
1.15892 0.00183843
1.15894 0.00183843
1.15898 0.00183843
1.16021 0.00187298
1.16117 0.00191973
1.1612 0.00195764
1.1622 0.00196226
1.16223 0.00196932
1.16325 0.001983
1.16403 0.00196342
1.16405 0.0019463
1.16504 0.00192681
1.16569 0.00189323
1.16571 0.00186385
1.16672 0.00184115
1.16755 0.00184382
1.16758 0.00184765
1.16761 0.00185401
1.16885 0.00188811
1.16976 0.00192847
1.16981 0.00196227
1.17085 0.00196782
1.17088 0.00197568
1.17174 0.00197655
1.17268 0.00195779
1.1727 0.00194137
1.17358 0.0019285
1.17435 0.00189622
1.17437 0.00186797
1.17523 0.00184024
1.176 0.00181298
1.17602 0.00179214
1.17694 0.0017829
1.17794 0.00180336
1.17797 0.00182127
1.17799 0.00183994
1.17912 0.00188181
1.18001 0.00190492
1.18004 0.00192365
1.18107 0.00192652
1.182 0.00193503
1.18203 0.00194098
1.18284 0.00192066
1.18377 0.00190137
1.18456 0.00187848
1.18459 0.00186146
1.1855 0.00184507
1.1865 0.00185626
1.18652 0.00186604
1.18655 0.00187762
1.18762 0.00190727
1.18865 0.00193771
1.18867 0.00196135
1.18963 0.00196852
1.18966 0.00197779
1.19061 0.0019754
1.19145 0.00195527
1.19147 0.00193766
1.19246 0.00192676
1.19319 0.00190371
1.19321 0.00188353
1.19412 0.00185537
1.19491 0.00183523
1.19493 0.00182061
1.19589 0.00181533
1.19692 0.00183925
1.19694 0.00186017
1.19696 0.00188149
1.19811 0.00192267
1.19901 0.00194369
1.19905 0.00196207
