0.0 0
0.0001056 4294967295
0.000350131 4294967295
0.000938915 4294967295
0.000974963 4294967295
0.00210447 4294967295
0.00214051 4294967295
0.00218858 4294967295
0.00222463 4294967295
0.00444759 4294967295
0.00444759 13140
0.00448363 13140
0.00451968 13140
0.00455573 13140
0.00461581 13140
0.00465186 13140
0.00468791 13140
0.00472396 13140
0.00697095 13140
0.00697095 13140
0.00697095 14158
0.00707929 5110
0.00707929 5110
0.0103234 5110
0.0103474 5110
0.0103595 5110
0.0112727 5110
0.0113087 5110
0.0113207 5110
0.0113448 5110
0.0123421 5110
0.0123781 5110
0.0124022 5110
0.0124262 5110
0.0124502 5110
0.0136158 5110
0.0136639 5110
0.0136879 5110
0.0137239 5110
0.01376 5110
0.013784 5110
0.0150217 5110
0.0150697 5110
0.0150938 5110
0.0151298 5110
0.0151659 5110
0.0152019 5110
0.0166558 5110
0.0166799 5110
0.0167159 5110
0.01674 5110
0.016776 5110
0.0168121 5110
0.0168481 5110
0.0185424 5110
0.0185424 5110
0.0185424 12603
0.0185664 12603
0.0185904 12603
0.0186145 12603
0.0186385 12603
0.0186745 12603
0.0187106 12603
0.0187466 12603
0.0206452 12603
0.0206452 12603
0.0206452 13307
0.0206692 13307
0.0206932 13307
0.0207293 13307
0.0207533 13307
0.0207773 13307
0.0208014 13307
0.0208374 13307
0.0208735 13307
0.0229282 13307
0.0229282 13307
0.0229282 13641
0.0229522 13641
0.0229763 13641
0.0230123 13641
0.0230363 13641
0.0230604 13641
0.0230844 13641
0.0231084 13641
0.0231445 13641
0.0253554 13641
0.0253554 13641
0.0253554 13521
0.0253795 13521
0.0254035 13521
0.0254395 13521
0.0254636 13521
0.0254996 13521
0.0255237 13521
0.0255357 13521
0.0255597 13521
0.0255837 13521
0.0278307 13521
0.0278307 13521
0.0278307 13174
0.0278788 13174
0.0279148 13174
0.0279389 13174
0.0279749 13174
0.028011 13174
0.028023 13174
0.028035 13174
0.028059 13174
0.028071 13174
0.030258 13174
0.030258 13174
0.030258 12228
0.0303301 12228
0.0303541 12228
0.0303901 12228
0.0304262 12228
0.0304382 12228
0.0304502 12228
0.0304622 12228
0.0304742 12228
0.0325891 12228
0.0325891 12228
0.0325891 11119
0.0326852 11119
0.0327212 11119
0.0327693 11119
0.0327813 11119
0.0327933 11119
0.0328053 11119
0.0328174 11119
0.0328294 11119
0.0347519 11119
0.0347519 11119
0.0347519 10077
0.0349081 10077
0.0349202 10077
0.0349322 10077
0.0349442 10077
0.0349562 10077
0.0349682 10077
0.0349802 10077
0.0366985 10077
0.0366985 10077
0.0366985 9013
0.0368427 9013
0.0368547 9013
0.0368668 9013
0.0368788 9013
0.0368908 9013
0.0369028 9013
0.038585 9013
0.038585 9013
0.038585 7978
0.0387413 7978
0.0387533 7978
0.0387653 7978
0.0387773 7978
0.0387893 7978
0.0388133 7978
0.0402433 7978
0.0403874 7978
0.0403995 7978
0.0404115 7978
0.0404355 7978
0.0404475 7978
0.0418774 7978
0.0420457 7978
0.0420577 7978
0.0420697 7978
0.0420937 7978
0.0421057 7978
0.0421177 7978
0.0437639 7978
0.0437639 7978
0.0437639 9333
0.0439562 9333
0.0439802 9333
0.0439922 9333
0.0440163 9333
0.0440283 9333
0.0440403 9333
0.0440643 9333
0.0457225 9333
0.0457225 9333
0.0457225 8276
0.0459148 8276
0.0459388 8276
0.0459509 8276
0.0459629 8276
0.0459749 8276
0.0459869 8276
0.0474769 8276
0.0476571 8276
0.0476691 8276
0.0476812 8276
0.0476932 8276
0.0477052 8276
0.0491591 8276
0.0493874 8276
0.0493994 8276
0.0494115 8276
0.0494235 8276
0.0494355 8276
0.0494595 8276
0.0510697 8276
0.0510697 8276
0.0510697 9442
0.051346 9442
0.0513581 9442
0.0513701 9442
0.0513821 9442
0.0513941 9442
0.0514181 9442
0.0514301 9442
0.0529682 9442
0.0529682 9442
0.0529682 8314
0.0532205 8314
0.0532325 8314
0.0532446 8314
0.0532686 8314
0.0532806 8314
0.0532926 8314
0.0546384 8314
0.0548547 8314
0.0548667 8314
0.0548908 8314
0.0549028 8314
0.0549148 8314
0.0563447 8314
0.056597 8314
0.056609 8314
0.0566331 8314
0.0566451 8314
0.0566571 8314
0.0566691 8314
0.0582673 8314
0.0582673 8314
0.0582673 9502
0.0585797 9502
0.0586037 9502
0.0586277 9502
0.0586518 9502
0.0586638 9502
0.0586758 9502
0.0586998 9502
0.0601778 9502
0.0601778 9502
0.0601778 8337
0.0604662 8337
0.0604782 8337
0.0604902 8337
0.0605022 8337
0.0605263 8337
0.0605383 8337
0.0618841 8337
0.0621364 8337
0.0621484 8337
0.0621604 8337
0.0621725 8337
0.0621845 8337
0.0635543 8337
0.0638547 8337
0.0638667 8337
0.0638787 8337
0.0638907 8337
0.0639028 8337
0.0639268 8337
0.0654769 8337
0.0654769 8337
0.0654769 9506
0.0658253 9506
0.0658373 9506
0.0658493 9506
0.0658614 9506
0.0658734 9506
0.0658974 9506
0.0659094 9506
0.0673513 9506
0.0673513 9506
0.0673513 8332
0.0676758 8332
0.0676878 8332
0.0676998 8332
0.0677118 8332
0.0677238 8332
0.0677359 8332
0.0690216 8332
0.06931 8332
0.069322 8332
0.069334 8332
0.069346 8332
0.069358 8332
0.0707038 8332
0.0710403 8332
0.0710523 8332
0.0710643 8332
0.0710763 8332
0.0710883 8332
0.0711124 8332
0.0726023 8332
0.0726023 8332
0.0726023 9439
0.0729869 9439
0.0730109 9439
0.0730229 9439
0.0730349 9439
0.0730469 9439
0.073071 9439
0.073083 9439
0.0745489 9439
0.0745489 9439
0.0745489 8232
0.0749094 8232
0.0749214 8232
0.0749334 8232
0.0749575 8232
0.0749695 8232
0.0749815 8232
0.0762672 8232
0.0765917 8232
0.0766157 8232
0.0766277 8232
0.0766397 8232
0.0766517 8232
0.0778653 8232
0.0782378 8232
0.0782739 8232
0.0782859 8232
0.0782979 8232
0.0783099 8232
0.078334 8232
0.0796918 8232
0.0796918 8232
0.0796918 9410
0.0801123 9410
0.0801604 9410
0.0801844 9410
0.0801965 9410
0.0802085 9410
0.0802325 9410
0.0802445 9410
0.0817345 9410
0.0817345 9410
0.0817345 8335
0.082143 8335
0.0821551 8335
0.0821671 8335
0.0821791 8335
0.0821911 8335
0.0822031 8335
0.0835369 8335
0.0838854 8335
0.0838974 8335
0.0839094 8335
0.0839214 8335
0.0839334 8335
0.0851591 8335
0.0855916 8335
0.0856037 8335
0.0856157 8335
0.0856277 8335
0.0856397 8335
0.0856637 8335
0.0869975 8335
0.0869975 8335
0.0869975 9469
0.0874902 9469
0.0875022 9469
0.0875142 9469
0.0875262 9469
0.0875382 9469
0.0875623 9469
0.0875743 9469
0.0889801 9469
0.0889801 9469
0.0889801 8329
0.0894007 8329
0.0894127 8329
0.0894247 8329
0.0894368 8329
0.0894488 8329
0.0894608 8329
0.0907585 8329
0.091131 8329
0.091143 8329
0.091155 8329
0.0911671 8329
0.0911791 8329
0.0923446 8329
0.0927171 8329
0.0927291 8329
0.0927412 8329
0.0927532 8329
0.0927652 8329
0.0927892 8329
0.094111 8329
0.0944955 8329
0.0945195 8329
0.0945315 8329
0.0945436 8329
0.0945556 8329
0.0945796 8329
0.0945916 8329
0.0961177 8329
0.0961177 8329
0.0961177 10708
0.0965022 10708
0.0965382 10708
0.0965502 10708
0.0965622 10708
0.0965743 10708
0.0965983 10708
0.0966103 10708
0.0966223 10708
0.0979561 10708
0.0979561 10708
0.0979561 9461
0.0983526 9461
0.0983646 9461
0.0983767 9461
0.0983887 9461
0.0984007 9461
0.0984127 9461
0.0984367 9461
0.0995542 9461
0.100011 9461
0.100023 9461
0.100035 9461
0.100047 9461
0.100059 9461
0.100071 9461
0.101321 9461
0.101861 9461
0.101861 9461
0.101861 9962
0.101885 9962
0.101897 9962
0.101909 9962
0.101921 9962
0.101933 9962
0.101957 9962
0.103315 9962
0.103796 9962
0.103796 9962
0.103796 8995
0.103832 8995
0.103844 8995
0.103856 8995
0.103868 8995
0.103892 8995
0.105118 8995
0.105574 8995
0.10561 8995
0.105622 8995
0.105634 8995
0.105658 8995
0.106728 8995
0.106752 8995
0.107196 8995
0.107244 8995
0.107256 8995
0.107268 8995
0.107293 8995
0.108494 8995
0.108518 8995
0.108542 8995
0.109035 8995
0.109035 8995
0.109035 10486
0.109083 10486
0.109107 10486
0.109119 10486
0.109143 10486
0.110513 10486
0.110537 10486
0.110561 10486
0.111017 10486
0.111017 10486
0.111017 9293
0.11109 9293
0.111102 9293
0.111126 9293
0.112327 9293
0.112351 9293
0.112375 9293
0.112399 9293
0.11282 9293
0.112892 9293
0.113949 9293
0.113973 9293
0.113997 9293
0.114009 9293
0.114034 9293
0.11443 9293
0.114526 9293
0.115692 9293
0.115716 9293
0.11574 9293
0.115752 9293
0.115776 9293
0.115788 9293
0.116196 9293
0.116317 9293
0.11765 9293
0.11765 9293
0.11765 10890
0.117674 10890
0.117698 10890
0.11771 10890
0.117734 10890
0.117746 10890
0.11777 10890
0.118203 10890
0.118347 10890
0.119549 10890
0.119549 10890
0.119549 9691
0.119561 9691
0.119585 9691
0.119597 9691
0.119621 9691
0.119633 9691
0.120066 9691
0.12021 9691
0.121279 9691
0.121291 9691
0.121303 9691
0.121315 9691
0.121327 9691
0.121712 9691
0.121832 9691
0.122865 9691
0.122877 9691
0.122889 9691
0.122901 9691
0.122913 9691
0.122937 9691
0.123358 9691
0.123478 9691
0.12468 9691
0.12468 9691
0.12468 10768
0.124692 10768
0.124704 10768
0.124716 10768
0.124728 10768
0.124752 10768
0.124764 10768
0.125244 10768
0.125365 10768
0.126698 10768
0.126698 10768
0.126698 9481
0.12671 9481
0.126722 9481
0.126746 9481
0.126758 9481
0.12677 9481
0.127191 9481
0.127275 9481
0.128525 9481
0.128525 9481
0.128525 8318
0.128549 8318
0.128561 8318
0.128573 8318
0.128585 8318
0.128945 8318
0.128993 8318
0.130159 8318
0.130183 8318
0.130195 8318
0.130207 8318
0.130628 8318
0.130676 8318
0.131997 8318
0.131997 8318
0.131997 8602
0.132033 8602
0.132045 8602
0.132058 8602
0.132082 8602
0.13255 8602
0.132598 8602
0.133908 8602
0.133908 8602
0.133908 7676
0.133944 7676
0.133956 7676
0.13398 7676
0.134425 7676
0.134461 7676
0.135626 7676
0.135662 7676
0.135686 7676
0.136107 7676
0.136155 7676
0.136167 7676
0.137272 7676
0.137308 7676
0.137345 7676
0.137825 7676
0.137873 7676
0.137885 7676
0.137909 7676
0.139147 7676
0.139147 7676
0.139147 9121
0.139183 9121
0.139231 9121
0.139784 9121
0.139832 9121
0.139844 9121
0.139868 9121
0.141094 9121
0.141094 9121
0.141094 8007
0.141166 8007
0.141658 8007
0.141694 8007
0.141706 8007
0.14173 8007
0.141742 8007
0.14286 8007
0.143377 8007
0.143401 8007
0.143425 8007
0.143437 8007
0.143449 8007
0.144494 8007
0.145095 8007
0.145119 8007
0.145155 8007
0.145167 8007
0.145179 8007
0.145203 8007
0.146381 8007
0.146381 8007
0.146381 9338
0.147053 9338
0.147078 9338
0.147126 9338
0.147138 9338
0.14715 9338
0.147174 9338
0.147186 9338
0.148303 9338
0.148303 9338
0.148303 8273
0.148964 8273
0.148976 8273
0.148988 8273
0.149012 8273
0.149024 8273
0.149036 8273
0.150045 8273
0.15061 8273
0.150622 8273
0.150646 8273
0.15067 8273
0.150682 8273
0.151704 8273
0.152341 8273
0.152365 8273
0.152377 8273
0.152389 8273
0.152413 8273
0.152425 8273
0.15359 8273
0.15359 8273
0.15359 9435
0.154311 9435
0.154347 9435
0.154359 9435
0.154371 9435
0.154395 9435
0.154407 9435
0.154419 9435
0.155561 9435
0.155561 9435
0.155561 8304
0.156222 8304
0.156234 8304
0.156246 8304
0.156258 8304
0.15627 8304
0.156282 8304
0.157327 8304
0.157904 8304
0.157916 8304
0.157928 8304
0.15794 8304
0.157952 8304
0.158997 8304
0.159646 8304
0.15967 8304
0.159682 8304
0.159694 8304
0.159706 8304
0.15973 8304
0.160908 8304
0.160908 8304
0.160908 9493
0.161629 9493
0.161665 9493
0.161677 9493
0.161689 9493
0.161701 9493
0.161725 9493
0.161737 9493
0.162855 9493
0.162855 9493
0.162855 8328
0.163515 8328
0.163527 8328
0.163539 8328
0.163563 8328
0.163575 8328
0.163587 8328
0.164609 8328
0.165186 8328
0.165198 8328
0.165222 8328
0.165234 8328
0.165246 8328
0.166159 8328
0.166832 8328
0.166856 8328
0.16688 8328
0.166892 8328
0.166904 8328
0.166916 8328
0.167937 8328
0.168694 8328
0.168694 8328
0.168694 9694
0.16873 9694
0.168754 9694
0.168766 9694
0.168778 9694
0.16879 9694
0.168814 9694
0.16998 9694
0.170677 9694
0.170677 9694
0.170677 8504
0.170737 8504
0.170749 8504
0.170761 8504
0.170785 8504
0.170797 8504
0.171818 8504
0.172407 8504
0.172479 8504
0.172491 8504
0.172515 8504
0.172527 8504
0.173477 8504
0.174077 8504
0.174162 8504
0.174174 8504
0.174198 8504
0.17421 8504
0.174222 8504
0.175279 8504
0.175964 8504
0.175964 8504
0.175964 9501
0.17606 9501
0.176084 9501
0.176108 9501
0.17612 9501
0.176132 9501
0.176144 9501
0.177346 9501
0.177911 9501
0.177911 9501
0.177911 8305
0.178031 8305
0.178043 8305
0.178055 8305
0.178067 8305
0.178091 8305
0.179136 8305
0.179629 8305
0.179737 8305
0.179749 8305
0.179761 8305
0.179785 8305
0.180758 8305
0.181311 8305
0.181443 8305
0.181455 8305
0.181467 8305
0.181491 8305
0.181503 8305
0.182621 8305
0.182621 8305
0.182621 9402
0.183246 9402
0.18339 9402
0.183414 9402
0.183426 9402
0.18345 9402
0.183462 9402
0.183474 9402
0.184603 9402
0.184603 9402
0.184603 8354
0.185276 8354
0.185288 8354
0.1853 8354
0.185312 8354
0.185324 8354
0.185336 8354
0.186394 8354
0.186995 8354
0.187007 8354
0.187019 8354
0.187031 8354
0.187043 8354
0.18798 8354
0.188593 8354
0.188617 8354
0.188629 8354
0.188641 8354
0.188653 8354
0.188677 8354
0.18977 8354
0.190443 8354
0.190443 8354
0.190443 9710
0.190479 9710
0.190491 9710
0.190503 9710
0.190515 9710
0.190539 9710
0.190551 9710
0.191813 9710
0.192426 9710
0.192426 9710
0.192426 8568
0.192474 8568
0.192486 8568
0.192498 8568
0.19251 8568
0.192522 8568
0.193627 8568
0.194168 8568
0.194216 8568
0.194228 8568
0.19424 8568
0.194252 8568
0.195226 8568
0.195826 8568
0.195874 8568
0.195899 8568
0.195911 8568
0.195923 8568
0.195947 8568
0.197052 8568
0.197052 8568
0.197052 9507
0.197749 9507
0.197797 9507
0.197833 9507
0.197845 9507
0.197857 9507
0.197881 9507
0.197893 9507
0.199059 9507
0.199059 9507
0.199059 8346
0.199732 8346
0.199744 8346
0.199756 8346
0.19978 8346
0.199792 8346
0.199804 8346
0.200861 8346
0.201462 8346
0.201474 8346
0.201498 8346
0.20151 8346
0.201522 8346
0.202435 8346
0.203096 8346
0.20312 8346
0.203144 8346
0.203156 8346
0.203168 8346
0.20318 8346
0.204238 8346
0.204947 8346
0.204947 8346
0.204947 9588
0.204983 9588
0.205007 9588
0.205019 9588
0.205031 9588
0.205043 9588
0.205067 9588
0.206292 9588
0.206917 9588
0.206917 9588
0.206917 8391
0.206989 8391
0.207013 8391
0.207025 8391
0.207037 8391
0.207049 8391
0.208323 8391
0.208876 8391
0.208876 8391
0.208876 7333
0.208972 7333
0.208996 7333
0.209008 7333
0.20902 7333
0.210354 7333
0.210822 7333
0.210822 7333
0.210822 6399
0.210931 6399
0.210943 6399
0.210955 6399
0.21218 6399
0.212649 6399
0.212649 6399
0.212649 5468
0.212781 5468
0.212793 5468
0.212817 5468
0.214115 5468
0.214571 5468
0.214571 5468
0.214571 4882
0.214692 4882
0.214716 4882
0.215881 4882
0.21635 4882
0.216506 4882
0.217768 4882
0.217768 4882
0.217768 4875
0.21778 4875
0.218332 4875
0.218489 4875
0.219606 4875
0.219606 4875
0.219606 4345
0.220171 4345
0.220327 4345
0.220351 4345
0.221396 4345
0.222105 4345
0.222129 4345
0.223163 4345
0.223187 4345
0.22398 4345
0.22398 4345
0.22398 5388
0.224016 5388
0.225133 5388
0.225169 5388
0.225194 5388
0.226023 5388
0.226023 5388
0.226023 4853
0.227128 4853
0.227164 4853
0.227188 4853
0.227969 4853
0.227969 4853
0.227969 4293
0.229099 4293
0.229123 4293
0.229147 4293
0.229856 4293
0.229856 4293
0.229856 3901
0.230961 3901
0.230973 3901
0.231622 3901
0.232643 3901
0.232655 3901
0.233352 3901
0.234518 3901
0.234518 3901
0.234518 4644
0.23453 4644
0.234554 4644
0.235359 4644
0.236657 4644
0.236657 4644
0.236657 4139
0.236669 4139
0.237354 4139
0.237378 4139
0.238603 4139
0.238603 4139
0.238603 3847
0.239228 3847
0.239252 3847
0.240382 3847
0.240922 3847
0.240946 3847
0.242064 3847
0.242809 3847
0.242809 3847
0.242809 4571
0.242833 4571
0.242857 4571
0.244227 4571
0.244972 4571
0.244972 4571
0.244972 4126
0.24502 4126
0.24621 4126
0.246234 4126
0.246858 4126
0.246858 4126
0.246858 3803
0.247988 3803
0.248012 3803
0.248613 3803
0.249814 3803
0.249838 3803
0.249838 3803
0.249838 4192
0.250535 4192
0.252025 4192
0.252049 4192
0.252049 4192
0.252049 3780
0.252602 3780
0.253936 3780
0.25396 3780
0.25396 3780
0.25396 3467
0.255774 3467
0.255798 3467
0.25581 3467
0.25581 3467
0.25581 3234
0.257336 3234
0.257348 3234
0.257372 3234
0.259151 3234
0.259175 3234
0.259175 3234
0.259175 3947
0.259187 3947
0.261386 3947
0.26141 3947
0.26141 3947
0.26141 3638
0.261422 3638
0.263308 3638
0.263332 3638
0.263332 3638
0.263332 3384
0.265111 3384
0.265135 3384
0.265147 3384
0.265147 3384
0.265147 3256
0.266793 3256
0.266805 3256
0.266829 3256
0.268788 3256
0.268788 3256
0.268788 3713
0.268812 3713
0.268836 3713
0.27077 3713
0.27077 3713
0.27077 3497
0.270806 3497
0.27083 3497
0.272525 3497
0.272561 3497
0.272597 3497
0.274255 3497
0.274291 3497
0.274339 3497
0.274363 3497
0.276382 3497
0.276382 3497
0.276382 5455
0.276418 5455
0.276466 5455
0.27649 5455
0.278268 5455
0.278268 5455
0.278268 4893
0.278304 4893
0.278364 4893
0.278376 4893
0.280059 4893
0.280143 4893
0.280155 4893
0.280179 4893
0.281729 4893
0.281813 4893
0.281837 4893
0.281849 4893
0.281873 4893
0.283772 4893
0.283772 4893
0.283772 6623
0.283868 6623
0.283892 6623
0.283904 6623
0.283928 6623
0.285802 6623
0.285802 6623
0.285802 5859
0.28591 5859
0.285922 5859
0.285934 5859
0.285946 5859
0.287665 5859
0.287665 5859
0.287665 5316
0.287749 5316
0.287761 5316
0.287773 5316
0.289323 5316
0.289419 5316
0.289431 5316
0.289443 5316
0.291245 5316
0.291245 5316
0.291245 5711
0.291342 5711
0.291366 5711
0.291378 5711
0.291402 5711
0.293372 5711
0.293372 5711
0.293372 5203
0.29348 5203
0.293492 5203
0.293504 5203
0.295331 5203
0.295331 5203
0.295331 4543
0.295439 4543
0.295451 4543
0.295463 4543
0.297061 4543
0.297169 4543
0.297181 4543
0.298755 4543
0.29878 4543
0.298888 4543
0.2989 4543
0.300882 4543
0.300882 4543
0.300882 5945
0.300918 5945
0.300954 5945
0.301063 5945
0.301075 5945
0.302901 5945
0.302901 5945
0.302901 5316
0.302937 5316
0.303045 5316
0.303069 5316
0.304727 5316
0.304727 5316
0.304727 4593
0.304824 4593
0.304848 4593
0.30486 4593
0.306374 4593
0.30647 4593
0.306494 4593
0.306506 4593
0.308308 4593
0.308308 4593
0.308308 5435
0.308416 5435
0.30844 5435
0.308464 5435
0.310423 5435
0.310423 5435
0.310423 4876
0.310531 4876
0.310555 4876
0.310567 4876
0.312273 4876
0.312273 4876
0.312273 4410
0.312394 4410
0.312406 4410
0.312418 4410
0.314088 4410
0.314088 4410
0.314088 4108
0.314208 4108
0.31422 4108
0.315698 4108
0.315806 4108
0.315818 4108
0.317476 4108
0.317621 4108
0.317621 4108
0.317621 4961
0.317633 4961
0.317657 4961
0.319711 4961
0.319844 4961
0.319844 4961
0.319844 4554
0.319868 4554
0.321718 4554
0.321742 4554
0.321886 4554
0.321886 4554
0.321886 4268
0.323508 4268
0.323532 4268
0.323677 4268
0.325215 4268
0.325239 4268
0.325395 4268
0.327269 4268
0.327269 4268
0.327269 5112
0.327293 5112
0.327305 5112
0.327486 5112
0.329336 5112
0.329336 5112
0.329336 4703
0.329372 4703
0.329396 4703
0.329552 4703
0.331079 4703
0.331115 4703
0.331271 4703
0.331295 4703
0.332833 4703
0.332857 4703
0.333061 4703
0.333085 4703
0.33484 4703
0.33484 4703
0.33484 6485
0.334864 6485
0.334876 6485
0.335104 6485
0.33514 6485
0.336738 6485
0.336738 6485
0.336738 5875
0.336762 5875
0.336954 5875
0.336978 5875
0.337002 5875
0.338456 5875
0.338625 5875
0.338649 5875
0.338685 5875
0.340163 5875
0.340187 5875
0.340391 5875
0.340415 5875
0.340463 5875
0.342253 5875
0.342253 5875
0.342253 7311
0.342277 7311
0.342301 7311
0.34253 7311
0.342554 7311
0.342602 7311
0.344224 7311
0.344224 7311
0.344224 6594
0.34426 6594
0.344428 6594
0.344452 6594
0.344512 6594
0.34605 6594
0.34605 6594
0.34605 5741
0.346243 5741
0.346267 5741
0.346291 5741
0.346327 5741
0.347757 5741
0.347913 5741
0.347937 5741
0.347973 5741
0.349595 5741
0.349595 5741
0.349595 6085
0.349619 6085
0.349787 6085
0.349823 6085
0.34986 6085
0.351794 6085
0.351794 6085
0.351794 5351
0.351938 5351
0.351974 5351
0.351998 5351
0.352022 5351
0.353777 5351
0.353777 5351
0.353777 4872
0.353921 4872
0.353933 4872
0.353957 4872
0.355591 4872
0.355591 4872
0.355591 4264
0.355711 4264
0.355723 4264
0.355747 4264
0.357321 4264
0.35743 4264
0.357454 4264
0.35934 4264
0.35934 4264
0.35934 4930
0.359376 4930
0.359496 4930
0.35952 4930
0.361347 4930
0.361347 4930
0.361347 4461
0.361467 4461
0.361503 4461
0.361527 4461
0.363233 4461
0.363233 4461
0.363233 4153
0.363353 4153
0.363378 4153
0.364916 4153
0.365036 4153
0.36506 4153
0.366802 4153
0.366802 4153
0.366802 4579
0.366946 4579
0.36697 4579
0.366982 4579
0.368953 4579
0.368953 4579
0.368953 4157
0.369097 4157
0.369109 4157
0.369133 4157
0.370851 4157
0.370851 4157
0.370851 3898
0.370984 3898
0.370996 3898
0.372606 3898
0.372726 3898
0.372738 3898
0.37436 3898
0.374504 3898
0.374528 3898
0.374552 3898
0.376511 3898
0.376511 3898
0.376511 5427
0.376691 5427
0.376715 5427
0.376751 5427
0.376775 5427
0.378506 5427
0.378506 5427
0.378506 4958
0.378674 4958
0.37871 4958
0.378734 4958
0.38026 4958
0.380452 4958
0.380488 4958
0.380512 4958
0.382026 4958
0.382231 4958
0.382279 4958
0.382315 4958
0.382339 4958
0.382339 4958
0.382339 6337
0.384105 6337
0.384345 6337
0.384406 6337
0.384454 6337
0.384478 6337
0.384478 6337
0.384478 5531
0.386304 5531
0.386364 5531
0.386424 5531
0.386448 5531
0.386472 5531
0.386472 5531
0.386472 5000
0.388082 5000
0.38813 5000
0.388155 5000
0.388179 5000
0.389705 5000
0.389729 5000
0.389753 5000
0.389777 5000
0.391699 5000
0.391699 5000
0.391699 5901
0.391735 5901
0.391759 5901
0.391783 5901
0.391795 5901
0.393706 5901
0.393706 5901
0.393706 5394
0.393754 5394
0.393766 5394
0.393778 5394
0.395532 5394
0.395532 5394
0.395532 4803
0.395592 4803
0.395604 4803
0.395616 4803
0.397275 4803
0.397335 4803
0.397347 4803
0.397371 4803
0.399017 4803
0.399077 4803
0.399089 4803
0.399113 4803
0.399137 4803
0.401144 4803
0.401144 4803
0.401144 6531
0.401204 6531
0.401216 6531
0.40124 6531
0.401276 6531
0.40309 6531
0.40309 6531
0.40309 5761
0.403162 5761
0.403187 5761
0.403199 5761
0.403211 5761
0.404881 5761
0.404965 5761
0.404977 5761
0.404989 5761
0.406551 5761
0.406575 5761
0.406659 5761
0.406683 5761
0.406695 5761
0.40857 5761
0.40857 5761
0.40857 7173
0.408606 7173
0.408702 7173
0.408738 7173
0.40875 7173
0.408762 7173
0.410588 7173
0.410588 7173
0.410588 6386
0.410697 6386
0.410721 6386
0.410733 6386
0.410745 6386
0.412427 6386
0.412427 6386
0.412427 5626
0.412535 5626
0.412547 5626
0.412559 5626
0.412583 5626
0.414169 5626
0.414289 5626
0.414301 5626
0.414313 5626
0.416032 5626
0.416032 5626
0.416032 5949
0.416056 5949
0.416176 5949
0.416188 5949
0.4162 5949
0.418146 5949
0.418146 5949
0.418146 5267
0.418255 5267
0.418279 5267
0.418291 5267
0.420093 5267
0.420093 5267
0.420093 4605
0.420189 4605
0.420213 4605
0.420237 4605
0.421859 4605
0.421944 4605
0.421968 4605
0.421992 4605
0.42371 4605
0.42371 4605
0.42371 5235
0.423806 5235
0.42383 5235
0.423854 5235
0.425897 5235
0.425897 5235
0.425897 4518
0.425969 4518
0.425993 4518
0.426005 4518
0.427891 4518
0.427891 4518
0.427891 4093
0.427976 4093
0.427988 4093
0.429682 4093
0.429766 4093
0.429778 4093
0.431292 4093
0.431448 4093
0.431472 4093
0.431496 4093
0.433299 4093
0.433299 4093
0.433299 5456
0.433491 5456
0.433527 5456
0.433563 5456
0.433587 5456
0.435293 5456
0.435293 5456
0.435293 4927
0.435486 4927
0.435522 4927
0.435546 4927
0.437108 4927
0.437108 4927
0.437108 4362
0.437312 4362
0.437336 4362
0.437348 4362
0.43879 4362
0.438982 4362
0.438994 4362
0.440712 4362
0.440712 4362
0.440712 5069
0.440737 5069
0.440941 5069
0.440953 5069
0.442803 5069
0.442803 5069
0.442803 4548
0.443044 4548
0.443056 4548
0.44308 4548
0.444762 4548
0.444762 4548
0.444762 4209
0.444966 4209
0.44499 4209
0.446492 4209
0.446684 4209
0.446708 4209
0.448259 4209
0.448511 4209
0.448511 4209
0.448511 4838
0.448535 4838
0.448547 4838
0.450433 4838
0.450722 4838
0.450722 4838
0.450722 4356
0.450746 4356
0.45238 4356
0.452404 4356
0.452692 4356
0.452692 4356
0.452692 4053
0.454158 4053
0.454182 4053
0.454519 4053
0.454519 4053
0.454519 3708
0.455805 3708
0.455829 3708
0.456165 3708
0.457667 3708
0.457667 3708
0.457667 4040
0.457703 4040
0.458064 4040
0.459686 4040
0.459686 4040
0.459686 3770
0.459734 3770
0.460094 3770
0.461524 3770
0.461524 3770
0.461524 3518
0.461873 3518
0.461897 3518
0.463255 3518
0.463627 3518
0.463651 3518
0.465189 3518
0.465189 3518
0.465189 4550
0.465634 4550
0.465658 4550
0.465694 4550
0.467136 4550
0.467136 4550
0.467136 4332
0.46758 4332
0.467616 4332
0.468854 4332
0.469263 4332
0.469311 4332
0.470596 4332
0.471053 4332
0.471089 4332
0.471089 4332
0.471089 5323
0.471125 5323
0.472699 5323
0.473228 5323
0.473264 5323
0.473264 5323
0.473264 4790
0.474658 4790
0.47467 4790
0.47515 4790
0.475198 4790
0.475198 4790
0.475198 4423
0.476424 4423
0.476905 4423
0.476929 4423
0.476965 4423
0.478587 4423
0.478611 4423
0.478647 4423
0.478671 4423
0.48069 4423
0.48069 4423
0.48069 5692
0.480714 5692
0.48075 5692
0.480786 5692
0.48081 5692
0.482684 5692
0.482684 5692
0.482684 5342
0.482732 5342
0.482756 5342
0.482793 5342
0.484475 5342
0.484535 5342
0.484559 5342
0.484583 5342
0.486169 5342
0.486241 5342
0.486265 5342
0.486289 5342
0.486301 5342
0.487935 5342
0.488019 5342
0.488044 5342
0.488068 5342
0.48808 5342
0.488104 5342
0.490062 5342
0.490062 5342
0.490062 8045
0.490158 8045
0.490194 8045
0.490218 8045
0.49023 8045
0.490254 8045
0.490278 8045
0.492009 8045
0.492009 8045
0.492009 7303
0.492141 7303
0.492153 7303
0.492177 7303
0.492201 7303
0.492225 7303
0.493823 7303
0.493823 7303
0.493823 6536
0.493943 6536
0.493967 6536
0.493991 6536
0.494015 6536
0.495505 6536
0.49565 6536
0.495674 6536
0.495698 6536
0.49571 6536
0.497368 6536
0.497368 6536
0.497368 7107
0.497524 7107
0.49756 7107
0.497584 7107
0.497596 7107
0.49762 7107
0.499423 7107
0.499423 7107
0.499423 6555
0.499603 6555
0.499627 6555
0.499639 6555
0.499663 6555
0.501333 6555
0.501333 6555
0.501333 5903
0.501513 5903
0.501525 5903
0.501537 5903
0.50155 5903
0.5031 5903
0.503256 5903
0.503268 5903
0.50328 5903
0.504758 5903
0.504782 5903
0.504962 5903
0.504974 5903
0.504986 5903
0.506825 5903
0.506825 5903
0.506825 7311
0.506861 7311
0.506885 7311
0.507077 7311
0.507101 7311
0.507113 7311
0.508843 7311
0.508843 7311
0.508843 6584
0.508879 6584
0.509035 6584
0.509072 6584
0.509084 6584
0.510682 6584
0.510682 6584
0.510682 5726
0.510862 5726
0.510898 5726
0.51091 5726
0.510934 5726
0.5124 5726
0.512568 5726
0.512592 5726
0.512616 5726
0.51407 5726
0.514106 5726
0.514298 5726
0.514323 5726
0.514359 5726
0.516077 5726
0.516077 5726
0.516077 7093
0.516137 7093
0.516377 7093
0.516401 7093
0.516413 7093
0.516449 7093
0.518096 7093
0.518096 7093
0.518096 6288
0.518336 6288
0.51836 6288
0.518372 6288
0.51842 6288
0.519922 6288
0.519922 6288
0.519922 5528
0.520162 5528
0.520174 5528
0.520222 5528
0.520246 5528
0.52164 5528
0.521845 5528
0.521905 5528
0.521929 5528
0.523587 5528
0.523587 5528
0.523587 6172
0.523851 6172
0.523875 6172
0.523923 6172
0.523947 6172
0.525642 6172
0.525642 6172
0.525642 5602
0.525858 5602
0.525906 5602
0.52593 5602
0.525942 5602
0.527528 5602
0.527528 5602
0.527528 5085
0.527744 5085
0.527768 5085
0.52778 5085
0.529318 5085
0.529511 5085
0.529523 5085
0.529547 5085
0.531109 5085
0.531349 5085
0.531349 5085
0.531349 5751
0.531361 5751
0.531385 5751
0.531397 5751
0.533164 5751
0.533392 5751
0.533392 5751
0.533392 5180
0.533416 5180
0.533428 5180
0.535062 5180
0.535278 5180
0.535278 5180
0.535278 4498
0.535314 4498
0.535338 4498
0.536792 4498
0.537009 4498
0.537057 4498
0.538583 4498
0.538883 4498
0.538883 4498
0.538883 4963
0.538907 4963
0.538955 4963
0.540806 4963
0.541046 4963
0.541046 4963
0.541046 4427
0.541106 4427
0.542752 4427
0.542776 4427
0.543017 4427
0.543017 4427
0.543017 4093
0.544567 4093
0.544591 4093
0.544819 4093
0.546213 4093
0.546237 4093
0.546513 4093
0.548208 4093
0.548208 4093
0.548208 4736
0.548232 4736
0.548256 4736
0.548592 4736
0.550274 4736
0.550274 4736
0.550274 4262
0.550298 4262
0.550599 4262
0.550623 4262
0.552065 4262
0.552353 4262
0.552365 4262
0.553747 4262
0.553783 4262
0.554071 4262
0.554083 4262
0.555802 4262
0.555802 4262
0.555802 5796
0.55585 5796
0.555874 5796
0.556198 5796
0.55621 5796
0.557844 5796
0.557844 5796
0.557844 5196
0.557881 5196
0.558193 5196
0.558205 5196
0.559695 5196
0.559695 5196
0.559695 4501
0.559995 4501
0.560007 4501
0.560031 4501
0.561329 4501
0.561642 4501
0.561666 4501
0.563252 4501
0.563252 4501
0.563252 5029
0.563276 5029
0.563648 5029
0.563684 5029
0.565378 5029
0.565378 5029
0.565378 4511
0.565691 4511
0.565715 4511
0.565739 4511
0.567277 4511
0.567277 4511
0.567277 4178
0.567553 4178
0.567577 4178
0.569055 4178
0.569308 4178
0.569332 4178
0.570786 4178
0.571122 4178
0.571122 4178
0.571122 4811
0.571146 4811
0.571158 4811
0.572913 4811
0.573321 4811
0.573321 4811
0.573321 4333
0.573345 4333
0.574907 4333
0.574931 4333
0.57534 4333
0.57534 4333
0.57534 4033
0.576674 4033
0.576698 4033
0.577106 4033
0.578368 4033
0.578392 4033
0.5788 4033
0.580411 4033
0.580411 4033
0.580411 4894
0.580435 4894
0.580447 4894
0.580927 4894
0.582525 4894
0.582525 4894
0.582525 4489
0.582561 4489
0.582982 4489
0.583006 4489
0.584424 4489
0.584424 4489
0.584424 4209
0.584808 4209
0.584832 4209
0.58619 4209
0.586539 4209
0.586551 4209
0.587908 4209
0.588305 4209
0.588329 4209
0.588353 4209
0.589999 4209
0.589999 4209
0.589999 5625
0.59048 5625
0.590504 5625
0.59054 5625
0.590564 5625
0.591994 5625
0.591994 5625
0.591994 5119
0.592402 5119
0.592439 5119
0.592463 5119
0.593832 5119
0.593832 5119
0.593832 4549
0.594229 4549
0.594253 4549
0.594265 4549
0.595539 4549
0.595887 4549
0.595899 4549
0.597449 4549
0.597449 4549
0.597449 5261
0.597473 5261
0.59787 5261
0.597894 5261
0.599552 5261
0.599552 5261
0.599552 4742
0.599864 4742
0.599888 4742
0.599912 4742
0.601475 4742
0.601475 4742
0.601475 4386
0.601751 4386
0.601775 4386
0.601787 4386
0.603277 4386
0.603517 4386
0.603529 4386
0.604875 4386
0.604911 4386
0.605175 4386
0.6052 4386
0.606822 4386
0.606822 4386
0.606822 5898
0.60687 5898
0.606894 5898
0.607206 5898
0.60723 5898
0.608816 5898
0.608816 5898
0.608816 5259
0.608876 5259
0.609153 5259
0.609177 5259
0.610691 5259
0.610691 5259
0.610691 4617
0.610979 4617
0.611003 4617
0.611015 4617
0.612505 4617
0.612505 4617
0.612505 4147
0.612746 4147
0.612758 4147
0.612782 4147
0.614163 4147
0.614428 4147
0.614452 4147
0.61605 4147
0.61605 4147
0.61605 4890
0.616074 4890
0.616386 4890
0.616422 4890
0.618213 4890
0.618213 4890
0.618213 4445
0.618477 4445
0.618513 4445
0.618537 4445
0.620147 4445
0.620147 4445
0.620147 4150
0.620412 4150
0.620436 4150
0.621986 4150
0.621986 4150
0.621986 3633
0.622214 3633
0.622238 3633
0.623632 3633
0.62386 3633
0.623884 3633
0.625446 3633
0.625446 3633
0.625446 4533
0.625723 4533
0.625747 4533
0.625771 4533
0.627657 4533
0.627657 4533
0.627657 4272
0.627874 4272
0.627898 4272
0.629676 4272
0.629676 4272
0.629676 3816
0.62988 3816
0.629904 3816
0.631527 3816
0.631527 3816
0.631527 3481
0.631731 3481
0.631743 3481
0.633161 3481
0.633365 3481
0.633389 3481
0.634951 3481
0.635167 3481
0.635191 3481
0.635215 3481
0.635215 3481
0.635215 5118
0.637198 5118
0.63745 5118
0.637474 5118
0.637499 5118
0.637499 5118
0.637499 4591
0.639493 4591
0.639517 4591
0.639529 4591
0.639553 4591
0.639553 4591
0.639553 4245
0.641356 4245
0.641368 4245
0.641392 4245
0.641404 4245
0.641404 4245
0.641404 3948
0.64305 3948
0.643074 3948
0.643086 3948
0.644804 3948
0.64484 3948
0.644852 3948
0.647003 3948
0.647003 3948
0.647003 4912
0.647039 4912
0.647063 4912
0.647087 4912
0.648914 4912
0.648914 4912
0.648914 4477
0.64895 4477
0.648986 4477
0.649022 4477
0.65074 4477
0.65074 4477
0.65074 4184
0.650776 4184
0.650812 4184
0.652362 4184
0.652398 4184
0.652422 4184
0.654273 4184
0.654273 4184
0.654273 4802
0.654309 4802
0.654345 4802
0.654369 4802
0.656436 4802
0.656436 4802
0.656436 4442
0.656484 4442
0.656508 4442
0.656532 4442
0.65843 4442
0.65843 4442
0.65843 4187
0.658466 4187
0.65849 4187
0.660209 4187
0.660245 4187
0.660269 4187
0.661927 4187
0.661963 4187
0.661999 4187
0.662023 4187
0.66409 4187
0.66409 4187
0.66409 5617
0.664138 5617
0.664186 5617
0.66421 5617
0.664246 5617
0.666049 5617
0.666049 5617
0.666049 5115
0.666121 5115
0.666145 5115
0.666169 5115
0.667827 5115
0.667911 5115
0.667935 5115
0.667959 5115
0.669485 5115
0.669569 5115
0.669593 5115
0.669617 5115
0.669641 5115
0.671552 5115
0.671552 5115
0.671552 6683
0.671648 6683
0.671684 6683
0.671708 6683
0.671732 6683
0.671756 6683
0.673547 6683
0.673547 6683
0.673547 6053
0.673655 6053
0.673667 6053
0.673679 6053
0.673703 6053
0.675373 6053
0.675373 6053
0.675373 5398
0.675469 5398
0.675481 5398
0.675493 5398
0.675517 5398
0.677103 5398
0.677211 5398
0.677223 5398
0.677235 5398
0.678978 5398
0.678978 5398
0.678978 6116
0.679146 6116
0.679158 6116
0.67917 6116
0.679194 6116
0.681129 6116
0.681129 6116
0.681129 5574
0.681249 5574
0.681261 5574
0.681285 5574
0.681297 5574
0.683135 5574
0.683135 5574
0.683135 5074
0.683267 5074
0.683292 5074
0.683304 5074
0.684986 5074
0.684986 5074
0.684986 4510
0.685094 4510
0.685106 4510
0.68513 4510
0.686548 4510
0.686656 4510
0.68668 4510
0.68841 4510
0.68841 4510
0.68841 5126
0.688446 5126
0.688567 5126
0.688591 5126
0.690609 5126
0.690609 5126
0.690609 4573
0.690729 4573
0.690753 4573
0.690765 4573
0.69252 4573
0.69252 4573
0.69252 4218
0.69264 4218
0.692652 4218
0.692676 4218
0.694298 4218
0.694406 4218
0.69443 4218
0.696125 4218
0.696125 4218
0.696125 4803
0.696149 4803
0.696257 4803
0.696293 4803
0.698287 4803
0.698287 4803
0.698287 4246
0.698384 4246
0.69842 4246
0.698444 4246
0.700222 4246
0.700222 4246
0.700222 3921
0.700342 3921
0.700366 3921
0.701976 3921
0.702085 3921
0.702109 3921
0.703659 3921
0.703791 3921
0.703815 3921
0.703851 3921
0.705785 3921
0.705785 3921
0.705785 5418
0.705942 5418
0.705978 5418
0.706026 5418
0.70605 5418
0.707768 5418
0.707768 5418
0.707768 4940
0.70796 4940
0.707996 4940
0.70802 4940
0.709583 4940
0.709583 4940
0.709583 4324
0.709763 4324
0.709787 4324
0.709823 4324
0.711253 4324
0.711421 4324
0.711457 4324
0.713103 4324
0.713103 4324
0.713103 4980
0.713127 4980
0.713319 4980
0.713344 4980
0.715278 4980
0.715278 4980
0.715278 4507
0.715446 4507
0.715458 4507
0.71547 4507
0.717225 4507
0.717225 4507
0.717225 4194
0.717345 4194
0.717357 4194
0.719003 4194
0.719123 4194
0.719135 4194
0.720733 4194
0.720854 4194
0.720878 4194
0.720902 4194
0.722848 4194
0.722848 4194
0.722848 5596
0.72298 5596
0.723004 5596
0.72304 5596
0.723076 5596
0.724819 5596
0.724819 5596
0.724819 5084
0.724987 5084
0.725023 5084
0.725047 5084
0.726585 5084
0.726801 5084
0.726825 5084
0.72685 5084
0.728364 5084
0.728568 5084
0.728592 5084
0.728628 5084
0.728652 5084
0.730418 5084
0.730418 5084
0.730418 6653
0.730671 6653
0.730707 6653
0.730743 6653
0.730779 6653
0.730803 6653
0.732437 6653
0.732437 6653
0.732437 6020
0.732689 6020
0.732713 6020
0.732737 6020
0.732761 6020
0.734287 6020
0.734287 6020
0.734287 5366
0.73448 5366
0.734516 5366
0.734528 5366
0.734552 5366
0.736006 5366
0.736198 5366
0.73621 5366
0.736222 5366
0.737952 5366
0.737952 5366
0.737952 6089
0.738169 6089
0.738181 6089
0.738193 6089
0.738217 6089
0.740031 6089
0.740031 6089
0.740031 5548
0.740271 5548
0.740283 5548
0.740295 5548
0.740319 5548
0.742002 5548
0.742002 5548
0.742002 5051
0.742218 5051
0.74223 5051
0.742242 5051
0.743732 5051
0.743948 5051
0.74396 5051
0.743972 5051
0.74551 5051
0.745763 5051
0.745763 5051
0.745763 5732
0.745787 5732
0.745799 5732
0.745823 5732
0.747697 5732
0.747986 5732
0.747986 5732
0.747986 5166
0.747998 5166
0.748022 5166
0.749668 5166
0.749968 5166
0.749968 5166
0.749968 4488
0.749992 4488
0.750016 4488
0.75147 4488
0.751783 4488
0.751783 4488
0.751783 4148
0.751819 4148
0.753092 4148
0.753405 4148
0.753441 4148
0.755051 4148
0.755051 4148
0.755051 4408
0.7554 4408
0.75546 4408
0.755484 4408
0.757082 4408
0.757082 4408
0.757082 4204
0.75743 4204
0.757454 4204
0.758932 4204
0.758932 4204
0.758932 3715
0.759245 3715
0.759257 3715
0.760651 3715
0.760951 3715
0.760975 3715
0.762585 3715
0.762585 3715
0.762585 4531
0.762982 4531
0.763006 4531
0.76303 4531
0.764736 4531
0.764736 4531
0.764736 4242
0.765072 4242
0.765096 4242
0.766695 4242
0.766695 4242
0.766695 3777
0.766983 3777
0.767007 3777
0.768509 3777
0.768509 3777
0.768509 3444
0.768785 3444
0.768809 3444
0.770119 3444
0.770492 3444
0.770528 3444
0.771982 3444
0.771982 3444
0.771982 4445
0.772474 4445
0.772522 4445
0.772546 4445
0.77406 4445
0.77406 4445
0.77406 4214
0.774517 4214
0.774541 4214
0.775935 4214
0.775935 4214
0.775935 3776
0.776331 3776
0.776355 3776
0.777665 3776
0.778026 3776
0.77805 3776
0.779432 3776
0.779912 3776
0.779912 3776
0.779912 4680
0.779936 4680
0.77996 4680
0.78163 4680
0.782051 4680
0.782051 4680
0.782051 4296
0.782075 4296
0.783613 4296
0.783625 4296
0.784022 4296
0.784022 4296
0.784022 3977
0.785403 3977
0.785415 3977
0.785824 3977
0.787074 3977
0.787086 3977
0.787554 3977
0.789104 3977
0.789104 3977
0.789104 4929
0.789116 4929
0.78914 4929
0.789669 4929
0.791123 4929
0.791123 4929
0.791123 4491
0.791147 4491
0.79164 4491
0.791664 4491
0.792998 4491
0.792998 4491
0.792998 4196
0.79343 4196
0.793466 4196
0.794668 4196
0.795052 4196
0.7951 4196
0.79653 4196
0.79653 4196
0.79653 4811
0.797011 4811
0.797035 4811
0.797083 4811
0.798717 4811
0.798717 4811
0.798717 4451
0.799138 4451
0.799198 4451
0.799222 4451
0.800664 4451
0.800664 4451
0.800664 4194
0.80106 4194
0.801096 4194
0.802466 4194
0.802815 4194
0.802851 4194
0.804233 4194
0.804689 4194
0.804689 4194
0.804689 4861
0.804713 4861
0.804737 4861
0.806419 4861
0.806888 4861
0.806888 4861
0.806888 4392
0.806912 4392
0.808402 4392
0.808426 4392
0.808871 4392
0.808871 4392
0.808871 4091
0.810144 4091
0.810168 4091
0.810637 4091
0.811839 4091
0.811851 4091
0.812391 4091
0.813881 4091
0.813881 4091
0.813881 4946
0.813893 4946
0.813917 4946
0.814566 4946
0.8159 4946
0.8159 4946
0.8159 4540
0.815936 4540
0.816513 4540
0.816537 4540
0.817739 4540
0.817739 4540
0.817739 4255
0.818279 4255
0.818303 4255
0.819409 4255
0.819961 4255
0.819986 4255
0.821343 4255
0.821343 4255
0.821343 4867
0.822004 4867
0.82204 4867
0.822052 4867
0.823434 4867
0.823434 4867
0.823434 4505
0.824071 4505
0.824083 4505
0.824107 4505
0.825369 4505
0.825369 4505
0.825369 4245
0.825933 4245
0.825957 4245
0.827111 4245
0.827616 4245
0.82764 4245
0.828925 4245
0.828925 4245
0.828925 4682
0.829562 4682
0.829586 4682
0.82961 4682
0.831148 4682
0.831148 4682
0.831148 4259
0.831641 4259
0.831653 4259
0.831677 4259
0.833131 4259
0.833131 4259
0.833131 3990
0.83354 3990
0.833564 3990
0.834957 3990
0.834957 3990
0.834957 3500
0.83533 3500
0.835354 3500
0.836628 3500
0.837036 3500
0.837072 3500
0.838526 3500
0.838526 3500
0.838526 4427
0.839031 4427
0.839079 4427
0.839103 4427
0.840581 4427
0.840581 4427
0.840581 4173
0.841038 4173
0.841062 4173
0.842371 4173
0.842828 4173
0.842852 4173
0.844114 4173
0.844606 4173
0.844618 4173
0.84463 4173
0.846 4173
0.846 4173
0.846 5712
0.846661 5712
0.846673 5712
0.846685 5712
0.846709 5712
0.848103 5712
0.848103 5712
0.848103 5178
0.848608 5178
0.84862 5178
0.848644 5178
0.850014 5178
0.850014 5178
0.850014 4590
0.850506 4590
0.850518 4590
0.85053 4590
0.851816 4590
0.852297 4590
0.852309 4590
0.852321 4590
0.853522 4590
0.854087 4590
0.854111 4590
0.854123 4590
0.855493 4590
0.855493 4590
0.855493 6174
0.855517 6174
0.85613 6174
0.856154 6174
0.856166 6174
0.857403 6174
0.857403 6174
0.857403 5423
0.858004 5423
0.85804 5423
0.858052 5423
0.858076 5423
0.859218 5423
0.859218 5423
0.859218 4930
0.859795 4930
0.859819 4930
0.859831 4930
0.860924 4930
0.861489 4930
0.861501 4930
0.861513 4930
0.862762 4930
0.862762 4930
0.862762 5654
0.863495 5654
0.863507 5654
0.863519 5654
0.863544 5654
0.864973 5654
0.864973 5654
0.864973 5177
0.865574 5177
0.865586 5177
0.865598 5177
0.866932 5177
0.866932 5177
0.866932 4615
0.867401 4615
0.867413 4615
0.867425 4615
0.868722 4615
0.869167 4615
0.869179 4615
0.869203 4615
0.870609 4615
0.870609 4615
0.870609 5293
0.871186 5293
0.87121 5293
0.871234 5293
0.872748 5293
0.872748 5293
0.872748 4591
0.87324 4591
0.873276 4591
0.873288 4591
0.874694 4591
0.874694 4591
0.874694 4164
0.875163 4164
0.875175 4164
0.875187 4164
0.876473 4164
0.876941 4164
0.876953 4164
0.878143 4164
0.878167 4164
0.878792 4164
0.878792 4164
0.878792 5203
0.878804 5203
0.880282 5203
0.880306 5203
0.880955 5203
0.880955 5203
0.880955 4528
0.882168 4528
0.882192 4528
0.882204 4528
0.882913 4528
0.882913 4528
0.882913 4056
0.884007 4056
0.884019 4056
0.88468 4056
0.885653 4056
0.885665 4056
0.886254 4056
0.887527 4056
0.887527 4056
0.887527 4746
0.887551 4746
0.887576 4746
0.888272 4746
0.88969 4746
0.88969 4746
0.88969 4225
0.889738 4225
0.890363 4225
0.890375 4225
0.891661 4225
0.891661 4225
0.891661 3916
0.892178 3916
0.89219 3916
0.893415 3916
0.893932 3916
0.893944 3916
0.895278 3916
0.895278 3916
0.895278 4370
0.895987 4370
0.895999 4370
0.896023 4370
0.897405 4370
0.897405 4370
0.897405 3966
0.897969 3966
0.897993 3966
0.899327 3966
0.899327 3966
0.899327 3478
0.899844 3478
0.899856 3478
0.901094 3478
0.90161 3478
0.901634 3478
0.902776 3478
0.903545 3478
0.903545 3478
0.903545 4409
0.903581 4409
0.903605 4409
0.904927 4409
0.905624 4409
0.905624 4409
0.905624 4019
0.90566 4019
0.906885 4019
0.907594 4019
0.907594 4019
0.907594 3481
0.90763 3481
0.908688 3481
0.909385 3481
0.910418 3481
0.910442 3481
0.911175 3481
0.912509 3481
0.912509 3481
0.912509 4565
0.912545 4565
0.912569 4565
0.913362 4565
0.914443 4565
0.914443 4565
0.914443 4228
0.914479 4228
0.915357 4228
0.915381 4228
0.916318 4228
0.916318 4228
0.916318 3938
0.917111 3938
0.917147 3938
0.918024 3938
0.918805 3938
0.918841 3938
0.919911 3938
0.919911 3938
0.919911 4568
0.920896 4568
0.920932 4568
0.920956 4568
0.922061 4568
0.922061 4568
0.922061 4291
0.922915 4291
0.922939 4291
0.922963 4291
0.924044 4291
0.924044 4291
0.924044 4017
0.924741 4017
0.924765 4017
0.925798 4017
0.926423 4017
0.926459 4017
0.927661 4017
0.927661 4017
0.927661 4647
0.928406 4647
0.928454 4647
0.92849 4647
0.9298 4647
0.9298 4647
0.9298 4371
0.930509 4371
0.930545 4371
0.930569 4371
0.931782 4371
0.931782 4371
0.931782 4089
0.932419 4089
0.932443 4089
0.933537 4089
0.934101 4089
0.934126 4089
0.935195 4089
0.935964 4089
0.935964 4089
0.935964 4858
0.935988 4858
0.936012 4858
0.93731 4858
0.938163 4858
0.938163 4858
0.938163 4360
0.938187 4360
0.939304 4360
0.939316 4360
0.940121 4360
0.940121 4360
0.940121 4049
0.941119 4049
0.941131 4049
0.941924 4049
0.942897 4049
0.942909 4049
0.943774 4049
0.943774 4049
0.943774 4486
0.944928 4486
0.94494 4486
0.944964 4486
0.945817 4486
0.945817 4486
0.945817 4072
0.946826 4072
0.946838 4072
0.947668 4072
0.947668 4072
0.947668 3570
0.948581 3570
0.948593 3570
0.949326 3570
0.950143 3570
0.950155 3570
0.950948 3570
0.951981 3570
0.951981 3570
0.951981 4656
0.951993 4656
0.952017 4656
0.953027 4656
0.954204 4656
0.954204 4656
0.954204 4327
0.954228 4327
0.955057 4327
0.955081 4327
0.956175 4327
0.956175 4327
0.956175 4028
0.956908 4028
0.95692 4028
0.957965 4028
0.958638 4028
0.95865 4028
0.95966 4028
0.960465 4028
0.960465 4028
0.960465 4796
0.960489 4796
0.960513 4796
0.961786 4796
0.962724 4796
0.962724 4796
0.962724 4297
0.962748 4297
0.963817 4297
0.963841 4297
0.964766 4297
0.964766 4297
0.964766 3992
0.965692 3992
0.965716 3992
0.966605 3992
0.966605 3992
0.966605 3488
0.967422 3488
0.967446 3488
0.968275 3488
0.969104 3488
0.969128 3488
0.970089 3488
0.970089 3488
0.970089 4412
0.971159 4412
0.971183 4412
0.971207 4412
0.972324 4412
0.972324 4412
0.972324 4155
0.973262 4155
0.973298 4155
0.974283 4155
0.974283 4155
0.974283 3711
0.975136 3711
0.97516 3711
0.976097 3711
0.976097 3711
0.976097 3393
0.97689 3393
0.976914 3393
0.977768 3393
0.978645 3393
0.978657 3393
0.97963 3393
0.97963 3393
0.97963 4407
0.980651 4407
0.980663 4407
0.981709 4407
0.981709 4407
0.981709 3924
0.982586 3924
0.98261 3924
0.983547 3924
0.983547 3924
0.983547 3622
0.9844 3622
0.984424 3622
0.985242 3622
0.986071 3622
0.986083 3622
0.986984 3622
0.988005 3622
0.988005 3622
0.988005 4611
0.988029 4611
0.988053 4611
0.989147 4611
0.990096 4611
0.990096 4611
0.990096 4250
0.990132 4250
0.991033 4250
0.991057 4250
0.992067 4250
0.992067 4250
0.992067 3946
0.99286 3946
0.992884 3946
0.993809 3946
0.994518 3946
0.99453 3946
0.995503 3946
0.996392 3946
0.996392 3946
0.996392 4720
0.996404 4720
0.996428 4720
0.997642 4720
0.998579 4720
0.998579 4720
0.998579 4224
0.998615 4224
0.999661 4224
0.999697 4224
1.00057 4224
1.00057 4224
1.00057 3927
1.00148 3927
1.00151 3927
1.00238 3927
1.00325 3927
1.00329 3927
1.00412 3927
1.0052 3927
1.0052 3927
1.0052 4638
1.00525 4638
1.00527 4638
1.00621 4638
1.00723 4638
1.00723 4638
1.00723 4191
1.00729 4191
1.00808 4191
1.00811 4191
1.00906 4191
1.00906 4191
1.00906 3859
1.00981 3859
1.00984 3859
1.01076 3859
1.01162 3859
1.01164 3859
1.01277 3859
1.01277 3859
1.01277 4482
1.01378 4482
1.0138 4482
1.01383 4482
1.01474 4482
1.01474 4482
1.01474 4199
1.01569 4199
1.01571 4199
1.01656 4199
1.01656 4199
1.01656 3680
1.01746 3680
1.01748 3680
1.01826 3680
1.01919 3680
1.01921 3680
1.0202 3680
1.0202 3680
1.0202 4573
1.02127 4573
1.0213 4573
1.02133 4573
1.02232 4573
1.02232 4573
1.02232 4312
1.02324 4312
1.02327 4312
1.02328 4312
1.02423 4312
1.02423 4312
1.02423 4110
1.02507 4110
1.02509 4110
1.02599 4110
1.02677 4110
1.02678 4110
1.02774 4110
1.02873 4110
1.02873 4110
1.02873 5007
1.02874 5007
1.02876 5007
1.02988 5007
1.03077 5007
1.03077 5007
1.03077 4616
1.03079 4616
1.03182 4616
1.03184 4616
1.03272 4616
1.03272 4616
1.03272 4331
1.03356 4331
1.03359 4331
1.03362 4331
1.03448 4331
1.03531 4331
1.03534 4331
1.03626 4331
1.03629 4331
1.03728 4331
1.03728 4331
1.03728 5651
1.03731 5651
1.03842 5651
1.03845 5651
1.03847 5651
1.03931 5651
1.03931 5651
1.03931 5318
1.04042 5318
1.04043 5318
1.04046 5318
1.04121 5318
1.04121 5318
1.04121 4724
1.04219 4724
1.0422 4724
1.04221 4724
1.04293 4724
1.04386 4724
1.04387 4724
1.04388 4724
1.04478 4724
1.04478 4724
1.04478 5612
1.04593 5612
1.04595 5612
1.04596 5612
1.04697 5612
1.04697 5612
1.04697 5078
1.04783 5078
1.04786 5078
1.04787 5078
1.04884 5078
1.04884 5078
1.04884 4599
1.04966 4599
1.04968 4599
1.04971 4599
1.05066 4599
1.05066 4599
1.05066 4340
1.05138 4340
1.0514 4340
1.05143 4340
1.05229 4340
1.0532 4340
1.05323 4340
1.0542 4340
1.0542 4340
1.0542 5189
1.05423 5189
1.05533 5189
1.05535 5189
1.05616 5189
1.05616 5189
1.05616 4719
1.05721 4719
1.05723 4719
1.05724 4719
1.05794 4719
1.05901 4719
1.05903 4719
1.05906 4719
1.05976 4719
1.05976 4719
1.05976 5461
1.06097 5461
1.06099 5461
1.06103 5461
1.06183 5461
1.06183 5461
1.06183 4867
1.06283 4867
1.06284 4867
1.06288 4867
1.06373 4867
1.06373 4867
1.06373 4384
1.06454 4384
1.06456 4384
1.0646 4384
1.0654 4384
1.06621 4384
1.06625 4384
1.06718 4384
1.0672 4384
1.06822 4384
1.06822 4384
1.06822 5658
1.06827 5658
1.06941 5658
1.06944 5658
1.06946 5658
1.07033 5658
1.07033 5658
1.07033 5205
1.07138 5205
1.07142 5205
1.07146 5205
1.07225 5205
1.07225 5205
1.07225 4652
1.0732 4652
1.07322 4652
1.07325 4652
1.07399 4652
1.07493 4652
1.07495 4652
1.07498 4652
1.07583 4652
1.07583 4652
1.07583 5578
1.07701 5578
1.07704 5578
1.07708 5578
1.07799 5578
1.07799 5578
1.07799 5059
1.07901 5059
1.07905 5059
1.07909 5059
1.08001 5059
1.08001 5059
1.08001 4589
1.08091 4589
1.08092 4589
1.08095 4589
1.08181 4589
1.08257 4589
1.0826 4589
1.08262 4589
1.08347 4589
1.08437 4589
1.08441 4589
1.08441 4589
1.08441 5829
1.08445 5829
1.08543 5829
1.08547 5829
1.08656 5829
1.0866 5829
1.0866 5829
1.0866 5278
1.08744 5278
1.08747 5278
1.0885 5278
1.08853 5278
1.08853 5278
1.08853 4674
1.08925 4674
1.08928 4674
1.09026 4674
1.0903 4674
1.09109 4674
1.09109 4674
1.09109 4776
1.09223 4776
1.09226 4776
1.09229 4776
1.09322 4776
1.09322 4776
1.09322 4416
1.09414 4416
1.09418 4416
1.0942 4416
1.0951 4416
1.0951 4416
1.0951 4162
1.09591 4162
1.09593 4162
1.0968 4162
1.09762 4162
1.09764 4162
1.0987 4162
1.0987 4162
1.0987 4799
1.09967 4799
1.09969 4799
1.09971 4799
1.10075 4799
1.10075 4799
1.10075 4446
1.10165 4446
1.10166 4446
1.10168 4446
1.10266 4446
1.10266 4446
1.10266 4193
1.10349 4193
1.1035 4193
1.10443 4193
1.10519 4193
1.10521 4193
1.10613 4193
1.10705 4193
1.10705 4193
1.10705 4862
1.10707 4862
1.1071 4862
1.10825 4862
1.10919 4862
1.10919 4862
1.10919 4394
1.10921 4394
1.11018 4394
1.11021 4394
1.11111 4394
1.11111 4394
1.11111 4093
1.11195 4093
1.11197 4093
1.11286 4093
1.11373 4093
1.11375 4093
1.1148 4093
1.1148 4093
1.1148 4717
1.11583 4717
1.11587 4717
1.11588 4717
1.11683 4717
1.11683 4717
1.11683 4361
1.11779 4361
1.1178 4361
1.11783 4361
1.11864 4361
1.11864 4361
1.11864 4113
1.11959 4113
1.11962 4113
1.12036 4113
1.12126 4113
1.12127 4113
1.12214 4113
1.12325 4113
1.12325 4113
1.12325 4989
1.12326 4989
1.12328 4989
1.12437 4989
1.12534 4989
1.12534 4989
1.12534 4591
1.12537 4591
1.12632 4591
1.12635 4591
1.1272 4591
1.1272 4591
1.1272 4306
1.12816 4306
1.12818 4306
1.12821 4306
1.12898 4306
1.12985 4306
1.12988 4306
1.13067 4306
1.1307 4306
1.1317 4306
1.1317 4306
1.1317 5391
1.13173 5391
1.13274 5391
1.13277 5391
1.1328 5391
1.13381 5391
1.13381 5391
1.13381 4955
1.13466 4955
1.13471 4955
1.13473 4955
1.13579 4955
1.13579 4955
1.13579 4355
1.13656 4355
1.13658 4355
1.13662 4355
1.1376 4355
1.1376 4355
1.1376 4000
1.1383 4000
1.13834 4000
1.13919 4000
1.13998 4000
1.14003 4000
1.14099 4000
1.14198 4000
1.14198 4000
1.14198 4859
1.14204 4859
1.14206 4859
1.14326 4859
1.14409 4859
1.14409 4859
1.14409 4469
1.14417 4469
1.14525 4469
1.14527 4469
1.146 4469
1.146 4469
1.146 4127
1.14706 4127
1.14709 4127
1.14773 4127
1.1487 4127
1.14872 4127
1.14944 4127
1.15062 4127
1.15062 4127
1.15062 4865
1.15064 4865
1.15067 4865
1.15153 4865
1.15274 4865
1.15274 4865
1.15274 4356
1.15278 4356
1.15359 4356
1.15361 4356
1.15463 4356
1.15463 4356
1.15463 4041
1.1554 4041
1.15542 4041
1.15637 4041
1.15711 4041
1.15714 4041
1.15809 4041
1.15892 4041
1.15892 4041
1.15892 4700
1.15894 4700
1.15898 4700
1.16021 4700
1.16117 4700
1.16117 4700
1.16117 4230
1.1612 4230
1.1622 4230
1.16223 4230
1.16325 4230
1.16325 4230
1.16325 3944
1.16403 3944
1.16405 3944
1.16504 3944
1.16569 3944
1.16571 3944
1.16672 3944
1.16755 3944
1.16755 3944
1.16755 4657
1.16758 4657
1.16761 4657
1.16885 4657
1.16976 4657
1.16976 4657
1.16976 4210
1.16981 4210
1.17085 4210
1.17088 4210
1.17174 4210
1.17174 4210
1.17174 3876
1.17268 3876
1.1727 3876
1.17358 3876
1.17358 3876
1.17358 3422
1.17435 3422
1.17437 3422
1.17523 3422
1.176 3422
1.17602 3422
1.17694 3422
1.17794 3422
1.17794 3422
1.17794 4551
1.17797 4551
1.17799 4551
1.17912 4551
1.18001 4551
1.18001 4551
1.18001 4227
1.18004 4227
1.18107 4227
1.182 4227
1.182 4227
1.182 3690
1.18203 3690
1.18284 3690
1.18377 3690
1.18456 3690
1.18459 3690
1.1855 3690
1.1865 3690
1.1865 3690
1.1865 4741
1.18652 4741
1.18655 4741
1.18762 4741
1.18865 4741
1.18865 4741
1.18865 4408
1.18867 4408
1.18963 4408
1.18966 4408
1.19061 4408
1.19061 4408
1.19061 4098
1.19145 4098
1.19147 4098
1.19246 4098
1.19246 4098
1.19246 3635
1.19319 3635
1.19321 3635
1.19412 3635
1.19491 3635
1.19493 3635
1.19589 3635
1.19692 3635
1.19692 3635
1.19692 4729
1.19694 4729
1.19696 4729
1.19811 4729
1.19901 4729
1.19901 4729
1.19901 4408
1.19905 4408
