0.0 0
4.56e-05 1460
4.56e-05 1460
0.000226797 2920
0.000707437 4380
0.000719453 5840
0.0016567 7300
0.00168073 8760
0.00169275 10220
0.00171678 11680
0.00355523 13140
0.00355523 13140
0.00357926 13302
0.00360329 13462
0.00362732 13620
0.00363934 13776
0.00366337 13930
0.0036874 14083
0.00371144 14234
0.00601851 14383
0.00601851 14158
0.00601851 14158
0.00603053 14308
0.00604254 14456
0.00606657 14603
0.0060906 14748
0.00610262 14892
0.00803739 14892
0.00803739 5840
0.0102361 6205
0.0102361 5744
0.0102361 5744
0.0102602 6115
0.0102722 6463
0.0118343 6792
0.0118703 7105
0.0118943 7405
0.0119063 7692
0.0133122 7969
0.0133603 8236
0.0133843 8494
0.0133963 8744
0.0134083 8987
0.0149945 9224
0.0150545 9455
0.0150786 9680
0.0150906 9900
0.0151026 10115
0.0151146 10325
0.0169411 10531
0.0169411 9710
0.0169411 9710
0.0170131 9929
0.0170372 10143
0.0170492 10353
0.0170612 10558
0.0170732 10759
0.0170852 10957
0.0190318 11151
0.0190318 9987
0.0190318 9987
0.019128 10200
0.01914 10408
0.019152 10612
0.019164 10812
0.019176 11009
0.019188 11202
0.0213269 11392
0.0213269 9921
0.0213269 9921
0.021423 10135
0.021435 10345
0.0214471 10551
0.0214591 10753
0.0214711 10951
0.0214831 11145
0.023634 11336
0.023634 9363
0.023634 9363
0.0237301 9590
0.0237421 9812
0.0237541 10029
0.0237661 10241
0.0237782 10449
0.0237902 10653
0.0260612 10853
0.0260612 8743
0.0260612 8743
0.0261573 8986
0.0261693 9223
0.0261814 9454
0.0261934 9679
0.0262054 9899
0.0262174 10114
0.0283923 10324
0.0283923 8120
0.0283923 8120
0.0284764 8382
0.0284884 8636
0.0285004 8882
0.0285125 9121
0.0285245 9354
0.0305792 9581
0.0305792 7364
0.0305792 7364
0.0306633 7653
0.0306753 7931
0.0306874 8199
0.0306994 8458
0.0307114 8710
0.0325739 8954
0.0325739 6591
0.0325739 6591
0.032646 6914
0.032658 7222
0.03267 7517
0.032682 7800
0.0344363 8073
0.0344363 5823
0.0344363 5823
0.0345084 6189
0.0345205 6533
0.0345325 6859
0.0345445 7169
0.0361667 7466
0.0362267 7751
0.0362387 8026
0.0362508 8291
0.0377407 8548
0.0377528 8797
0.0378249 9039
0.0378369 9274
0.0378489 9503
0.0396513 9727
0.0396513 7217
0.0396513 7217
0.0396633 7512
0.0396753 7795
0.0397594 8068
0.0397715 8332
0.0397835 8587
0.041658 8835
0.041658 6422
0.041658 6422
0.04167 6753
0.0417421 7068
0.0417541 7369
0.0417661 7658
0.0433883 7936
0.0434604 8204
0.0434724 8463
0.0434844 8714
0.0434964 8958
0.0451426 9195
0.0451426 6711
0.0451426 6711
0.0452267 7028
0.0452387 7331
0.0452507 7621
0.0452628 7900
0.0452748 8169
0.0471853 8429
0.0471853 6031
0.0471853 6031
0.0472574 6384
0.0472694 6717
0.0472815 7034
0.0472935 7337
0.0489757 7627
0.0489757 5354
0.0489757 5354
0.0490358 5752
0.0490478 6122
0.0490598 6470
0.0490718 6799
0.0506219 7112
0.05067 7411
0.050682 7698
0.050694 7974
0.0523762 8241
0.0523762 5810
0.0523762 5810
0.0524363 6176
0.0524483 6521
0.0524603 6847
0.0524724 7158
0.054443 7455
0.054443 5160
0.054443 5160
0.0544911 5573
0.0545031 5955
0.0545151 6312
0.0562454 6649
0.0562454 4448
0.0562454 4448
0.0562814 4927
0.0562935 5359
0.0563055 5756
0.0578796 6126
0.0579156 6473
0.0579276 6802
0.0595137 7115
0.0595258 7414
0.0595738 7701
0.0595858 7977
0.0614603 8244
0.0614603 5837
0.0614603 5837
0.0614723 6202
0.0614844 6545
0.0615565 6870
0.0615685 7180
0.0633709 7476
0.0633709 5196
0.0633709 5196
0.0633829 5606
0.063443 5986
0.063455 6342
0.0650771 6678
0.0651372 6997
0.0651492 7301
0.0651613 7592
0.0667233 7872
0.0667954 8142
0.0668075 8403
0.0668195 8656
0.0668315 8902
0.068706 9141
0.068706 6627
0.068706 6627
0.0687901 6948
0.0688021 7254
0.0688141 7547
0.0688261 7829
0.0688382 8101
0.0705805 8364
0.0705805 5897
0.0705805 5897
0.0706526 6258
0.0706646 6598
0.0706766 6921
0.0706886 7228
0.0722507 7522
0.0723228 7805
0.0723348 8078
0.0723468 8341
0.074005 8596
0.074005 6116
0.074005 6116
0.0740171 6464
0.0741132 6793
0.0741252 7106
0.0741372 7405
0.0760958 7692
0.0760958 5332
0.0760958 5332
0.0761679 5731
0.0761799 6102
0.0761919 6451
0.076204 6781
0.0779823 7095
0.0779823 4832
0.0779823 4832
0.0780424 5273
0.0780544 5677
0.0780664 6052
0.0795805 6404
0.0796285 6736
0.0796405 7052
0.0796526 7354
0.0813468 7643
0.0813468 5313
0.0813468 5313
0.0814069 5714
0.0814189 6087
0.0814309 6437
0.0814429 6768
0.0834015 7082
0.0834015 4755
0.0834015 4755
0.0834616 5203
0.0834736 5612
0.0834857 5991
0.0851679 6346
0.0851679 4193
0.0851679 4193
0.085228 4701
0.08524 5154
0.085252 5567
0.0868261 5949
0.0868742 6307
0.0868862 6644
0.0884843 6964
0.0884963 7270
0.0885564 7563
0.0885684 7844
0.0904429 8115
0.0904429 5631
0.0904429 5631
0.0904549 6009
0.090515 6363
0.090527 6697
0.0905391 7015
0.0923174 7318
0.0923174 4977
0.0923174 4977
0.0923655 5405
0.0923775 5799
0.0923895 6166
0.0939155 6511
0.0939756 6838
0.0939876 7149
0.0939997 7447
0.0956459 7733
0.0957179 8008
0.09573 8274
0.095742 8531
0.095754 8780
0.0976886 9022
0.0976886 6560
0.0976886 6560
0.0977727 6884
0.0977847 7193
0.0977967 7489
0.0978087 7773
0.0978207 8047
0.099479 8311
0.099479 5815
0.099479 5815
0.0995511 6181
0.0995631 6525
0.0995751 6851
0.0995871 7162
0.101101 7459
0.101161 7744
0.101173 8019
0.101185 8284
0.102711 8541
0.102723 8790
0.102783 9032
0.102795 9268
0.102807 9497
0.104634 9721
0.104634 7048
0.104634 7048
0.104646 7350
0.104658 7640
0.104718 7919
0.10473 8188
0.104742 8448
0.10658 8700
0.10658 6173
0.10658 6173
0.106592 6518
0.106653 6845
0.106665 7156
0.106677 7453
0.108311 7739
0.108383 8014
0.108395 8279
0.108407 8536
0.108419 8785
0.109873 9027
0.109933 9263
0.109945 9493
0.109957 9717
0.109969 9936
0.109981 10150
0.111747 10360
0.111747 7704
0.111747 7704
0.111819 7980
0.111831 8247
0.111843 8505
0.111855 8755
0.111867 8998
0.113742 9234
0.113742 6726
0.113742 6726
0.113814 7042
0.113826 7344
0.113838 7634
0.11385 7913
0.113862 8182
0.115496 8442
0.115496 6028
0.115496 6028
0.115556 6381
0.115568 6715
0.11558 7032
0.115592 7335
0.117046 7625
0.117106 7904
0.117118 8173
0.11713 8433
0.117142 8685
0.118909 8930
0.118909 6642
0.118909 6642
0.118993 6962
0.119005 7268
0.119017 7561
0.119029 7842
0.120891 8113
0.120891 5911
0.120891 5911
0.120952 6271
0.120964 6610
0.120976 6932
0.120988 7239
0.122658 7533
0.122658 5280
0.122658 5280
0.122718 5683
0.12273 6058
0.122742 6409
0.124208 6741
0.124268 7057
0.12428 7359
0.124292 7648
0.126022 7926
0.126022 5610
0.126022 5610
0.126106 5989
0.126118 6344
0.12613 6680
0.126142 6999
0.128077 7303
0.128077 5056
0.128077 5056
0.128137 5477
0.128149 5866
0.128161 6229
0.129867 6571
0.129867 4471
0.129867 4471
0.129928 4947
0.12994 5377
0.129952 5773
0.131478 6142
0.131526 6489
0.131538 6817
0.133292 7129
0.133292 4951
0.133292 4951
0.133304 5381
0.133352 5777
0.133364 6145
0.135287 6491
0.135287 4355
0.135287 4355
0.135347 4844
0.135359 5284
0.135371 5687
0.137065 6061
0.137065 4002
0.137065 4002
0.137113 4534
0.137125 5004
0.138699 5429
0.138747 5821
0.138759 6187
0.14055 6531
0.14055 4427
0.14055 4427
0.140622 4908
0.140634 5342
0.140646 5741
0.142496 6112
0.142496 4012
0.142496 4012
0.142544 4543
0.142556 5012
0.144287 5437
0.144287 3515
0.144287 3515
0.144335 4121
0.144347 4638
0.145897 5097
0.145945 5515
0.145957 5901
0.147639 6262
0.147711 6602
0.147711 4436
0.147711 4436
0.147723 4916
0.147735 5349
0.149706 5747
0.149766 6117
0.149766 4044
0.149766 4044
0.149778 4571
0.15152 5037
0.15158 5460
0.15158 3503
0.15158 3503
0.151592 4111
0.153142 4629
0.15319 5089
0.154837 5507
0.154849 5894
0.154897 6255
0.156879 6595
0.156879 4581
0.156879 4581
0.156891 5046
0.156903 5468
0.156951 5857
0.158742 6220
0.158742 4245
0.158742 4245
0.158754 4747
0.158802 5196
0.158814 5606
0.160376 5986
0.160436 6342
0.160448 6678
0.162046 6997
0.162058 7301
0.16213 7592
0.162142 7872
0.164041 8142
0.164041 5786
0.164041 5786
0.164053 6154
0.164065 6500
0.164149 6827
0.164161 7139
0.165915 7437
0.165915 5150
0.165915 5150
0.165927 5563
0.166 5946
0.166012 6304
0.167574 6642
0.167646 6962
0.167658 7268
0.16767 7561
0.169352 7842
0.169352 5492
0.169352 5492
0.169436 5880
0.169448 6242
0.16946 6583
0.169472 6906
0.171419 7214
0.171419 4948
0.171419 4948
0.171491 5378
0.171503 5774
0.171515 6143
0.173197 6489
0.173197 4375
0.173197 4375
0.173257 4862
0.173269 5300
0.173281 5702
0.174771 6075
0.174831 6425
0.174843 6756
0.176634 7071
0.176634 4841
0.176634 4841
0.176646 5281
0.176718 5684
0.17673 6059
0.17858 6410
0.17858 4245
0.17858 4245
0.17864 4747
0.178652 5196
0.178664 5606
0.180311 5986
0.180371 6342
0.180383 6678
0.181909 6997
0.181921 7301
0.181993 7592
0.182005 7872
0.183831 8142
0.183831 5723
0.183831 5723
0.183843 6095
0.183855 6444
0.183927 6774
0.183939 7088
0.185694 7388
0.185694 5099
0.185694 5099
0.185706 5517
0.185778 5903
0.18579 6264
0.187352 6604
0.187412 6926
0.187424 7233
0.187436 7527
0.189046 7810
0.189118 8082
0.18913 8345
0.189142 8600
0.189154 8847
0.191017 9087
0.191017 6554
0.191017 6554
0.191101 6879
0.191113 7188
0.191125 7484
0.191137 7768
0.191149 8042
0.192903 8307
0.192903 5890
0.192903 5890
0.192975 6251
0.192987 6592
0.192999 6915
0.193012 7223
0.19461 7518
0.194682 7801
0.194694 8074
0.194706 8338
0.196364 8593
0.196364 6144
0.196364 6144
0.196376 6490
0.19646 6818
0.196472 7130
0.196484 7428
0.198395 7714
0.198395 5371
0.198395 5371
0.198467 5767
0.198479 6136
0.198491 6483
0.198503 6811
0.200185 7123
0.200185 4872
0.200185 4872
0.200245 5309
0.200257 5710
0.200269 6083
0.201795 6433
0.201855 6764
0.201867 7079
0.201879 7380
0.203526 7668
0.203598 7945
0.20361 8213
0.203622 8472
0.203634 8723
0.205568 8967
0.205568 6424
0.205568 6424
0.20564 6755
0.205652 7070
0.205664 7371
0.205676 7660
0.207443 7938
0.207443 5595
0.207443 5595
0.207515 5975
0.207527 6331
0.207539 6667
0.207551 6986
0.209017 7291
0.209089 7583
0.209101 7864
0.209113 8135
0.210723 8397
0.210795 8650
0.210807 8896
0.210819 9135
0.210831 9368
0.21279 9595
0.21279 6998
0.21279 6998
0.212862 7302
0.212874 7593
0.212886 7873
0.212898 8143
0.21291 8404
0.214616 8657
0.214616 6200
0.214616 6200
0.214676 6543
0.214688 6868
0.2147 7178
0.214712 7474
0.216299 7759
0.216371 8033
0.216383 8298
0.216395 8554
0.216407 8803
0.217969 9045
0.218053 9280
0.218065 9509
0.218077 9733
0.218089 9952
0.218101 10166
0.219951 10375
0.219951 7768
0.219951 7768
0.220048 8042
0.22006 8307
0.220072 8563
0.220084 8811
0.220096 9052
0.221802 9287
0.221802 6809
0.221802 6809
0.221886 7122
0.221898 7421
0.22191 7708
0.221922 7984
0.221934 8250
0.223496 8508
0.223568 8758
0.22358 9001
0.223592 9237
0.223604 9467
0.22519 9692
0.225286 9911
0.225298 10126
0.225311 10336
0.225323 10542
0.225335 10744
0.227209 10942
0.227209 8262
0.227209 8262
0.227329 8520
0.227341 8770
0.227353 9013
0.227365 9249
0.227377 9479
0.227389 9703
0.229084 9922
0.229084 7333
0.229084 7333
0.22918 7623
0.229192 7902
0.229204 8171
0.229216 8431
0.229228 8683
0.230766 8928
0.230838 9166
0.23085 9398
0.230862 9624
0.230874 9845
0.232376 10061
0.232388 10272
0.23246 10479
0.232472 10682
0.232484 10881
0.232496 11076
0.234226 11268
0.234226 8454
0.234226 8454
0.234238 8706
0.23425 8950
0.234335 9188
0.234347 9419
0.234359 9645
0.234371 9866
0.236209 10082
0.236209 7406
0.236209 7406
0.236221 7693
0.236305 7970
0.236317 8237
0.236329 8495
0.236341 8745
0.237987 8988
0.237987 6470
0.237987 6470
0.238072 6799
0.238084 7112
0.238096 7411
0.238108 7698
0.239525 7974
0.239598 8241
0.23961 8499
0.239622 8749
0.239634 8992
0.241316 9229
0.241316 6683
0.241316 6683
0.2414 7001
0.241412 7305
0.241424 7596
0.241436 7876
0.241448 8146
0.243383 8407
0.243383 5970
0.243383 5970
0.243455 6327
0.243467 6663
0.243479 6982
0.243491 7287
0.245161 7579
0.245161 5282
0.245161 5282
0.245221 5685
0.245233 6059
0.245245 6410
0.246723 6742
0.246783 7058
0.246795 7360
0.246807 7649
0.248586 7927
0.248586 5575
0.248586 5575
0.248658 5957
0.24867 6314
0.248682 6651
0.248694 6971
0.250568 7276
0.250568 5025
0.250568 5025
0.250628 5449
0.25064 5840
0.250652 6205
0.25231 6548
0.252371 6873
0.252383 7183
0.252395 7479
0.253981 7764
0.254053 8038
0.254065 8303
0.254077 8559
0.254089 8808
0.255963 9050
0.255963 6488
0.255963 6488
0.256047 6816
0.256059 7128
0.256071 7427
0.256083 7714
0.256096 7990
0.257874 8256
0.257874 5823
0.257874 5823
0.257946 6189
0.257958 6533
0.25797 6859
0.257982 7169
0.259472 7466
0.259532 7751
0.259544 8026
0.259556 8291
0.261202 8548
0.261214 8797
0.261274 9039
0.261286 9274
0.261298 9503
0.263257 9727
0.263257 7098
0.263257 7098
0.263269 7398
0.263281 7686
0.263353 7963
0.263365 8230
0.263377 8489
0.265047 8740
0.265047 6237
0.265047 6237
0.265059 6578
0.26512 6902
0.265132 7210
0.265144 7505
0.266718 7789
0.26679 8062
0.266802 8326
0.266814 8582
0.266826 8830
0.268616 9071
0.268616 6522
0.268616 6522
0.2687 6848
0.268712 7159
0.268724 7456
0.268736 7741
0.268748 8016
0.270527 8281
0.270527 5855
0.270527 5855
0.270599 6219
0.270611 6561
0.270623 6885
0.270635 7194
0.272257 7490
0.272317 7774
0.272329 8048
0.272341 8312
0.273759 8568
0.273771 8816
0.273831 9057
0.273843 9292
0.273855 9521
0.275622 9744
0.275622 7125
0.275622 7125
0.275634 7424
0.275646 7711
0.275706 7987
0.275718 8253
0.27573 8511
0.277592 8761
0.277592 6263
0.277592 6263
0.277604 6603
0.277664 6925
0.277676 7232
0.277688 7526
0.279334 7809
0.279407 8081
0.279419 8344
0.279431 8599
0.279443 8846
0.280909 9086
0.280969 9320
0.280981 9548
0.280993 9771
0.281005 9989
0.281017 10202
0.282783 10410
0.282783 7784
0.282783 7784
0.282855 8057
0.282867 8321
0.282879 8577
0.282891 8825
0.282903 9066
0.28473 9301
0.28473 6811
0.28473 6811
0.284802 7123
0.284814 7422
0.284826 7709
0.284838 7985
0.28485 8251
0.286544 8509
0.286544 6107
0.286544 6107
0.286604 6456
0.286616 6786
0.286628 7100
0.28664 7400
0.288106 7688
0.288166 7965
0.288178 8232
0.28819 8490
0.288202 8741
0.289897 8984
0.289897 6472
0.289897 6472
0.289969 6801
0.289981 7114
0.289993 7413
0.290005 7700
0.291963 7976
0.291963 5636
0.291963 5636
0.292023 6014
0.292035 6368
0.292047 6702
0.292059 7020
0.293718 7323
0.293718 4991
0.293718 4991
0.293778 5418
0.29379 5811
0.293802 6177
0.295304 6522
0.295352 6848
0.295364 7159
0.295376 7456
0.297202 7741
0.297202 5629
0.297202 5629
0.29725 6007
0.297262 6361
0.297274 6696
0.297286 7014
0.299173 7317
0.299173 5217
0.299173 5217
0.299233 5625
0.299245 6003
0.299257 6358
0.300927 6693
0.300927 4599
0.300927 4599
0.300987 5062
0.300999 5483
0.301011 5871
0.302453 6234
0.302501 6575
0.302513 6899
0.302525 7207
0.304244 7502
0.304244 5490
0.304244 5490
0.304304 5878
0.304316 6240
0.304328 6581
0.306274 6904
0.306274 4953
0.306274 4953
0.306334 5383
0.306346 5778
0.306358 6146
0.308065 6492
0.308065 4486
0.308065 4486
0.308125 4961
0.308137 5390
0.308149 5785
0.309783 6153
0.309831 6499
0.309843 6826
0.311441 7138
0.311453 7436
0.311513 7722
0.311525 7998
0.313424 8264
0.313424 5993
0.313424 5993
0.313436 6348
0.313448 6683
0.31352 7001
0.313532 7305
0.315322 7596
0.315322 5401
0.315322 5401
0.315334 5795
0.315394 6162
0.315406 6507
0.315418 6834
0.316993 7145
0.317053 7443
0.317065 7729
0.317077 8004
0.318543 8270
0.318615 8527
0.318627 8776
0.318639 9018
0.318651 9254
0.320453 9484
0.320453 6949
0.320453 6949
0.320537 7255
0.320549 7548
0.320561 7830
0.320573 8102
0.320585 8365
0.322424 8619
0.322424 6244
0.322424 6244
0.322496 6585
0.322508 6908
0.32252 7216
0.322532 7511
0.324178 7794
0.324178 5434
0.324178 5434
0.32425 5826
0.324262 6191
0.324274 6535
0.324286 6861
0.325716 7171
0.325788 7468
0.3258 7753
0.325812 8027
0.327471 8292
0.327471 6086
0.327471 6086
0.327543 6436
0.327555 6767
0.327567 7081
0.327579 7382
0.329525 7670
0.329525 5468
0.329525 5468
0.329573 5857
0.329585 6220
0.329597 6562
0.329609 6886
0.331328 7195
0.331328 5033
0.331328 5033
0.331364 5456
0.331376 5846
0.331388 6210
0.332974 6553
0.33301 6878
0.333022 7187
0.333034 7483
0.334872 7767
0.334872 5517
0.334872 5517
0.334908 5903
0.33492 6264
0.334932 6604
0.334944 6926
0.336759 7233
0.336759 4954
0.336759 4954
0.336795 5384
0.336807 5779
0.336819 6147
0.338453 6493
0.338489 6821
0.338501 7133
0.338513 7431
0.340063 7717
0.340099 7993
0.340111 8259
0.340123 8517
0.340135 8767
0.341962 9010
0.341962 6585
0.341962 6585
0.34201 6908
0.342022 7216
0.342034 7511
0.342046 7794
0.342058 8067
0.343993 8331
0.343993 5855
0.343993 5855
0.344041 6219
0.344053 6561
0.344065 6885
0.344077 7194
0.345747 7490
0.345747 5169
0.345747 5169
0.345807 5581
0.345819 5962
0.345831 6319
0.347309 6656
0.347369 6976
0.347381 7281
0.347393 7573
0.349159 7854
0.349159 5518
0.349159 5518
0.349232 5904
0.349244 6265
0.349256 6605
0.349268 6927
0.351142 7234
0.351142 4905
0.351142 4905
0.351202 5339
0.351214 5738
0.351226 6109
0.352896 6457
0.352896 4306
0.352896 4306
0.352956 4801
0.352968 5244
0.352981 5650
0.354495 6027
0.354543 6380
0.354555 6714
0.356333 7031
0.356333 5005
0.356333 5005
0.356345 5430
0.356393 5822
0.356405 6188
0.358304 6532
0.358304 4482
0.358304 4482
0.358364 4957
0.358376 5387
0.358388 5782
0.360082 6150
0.360082 4148
0.360082 4148
0.360142 4661
0.360154 5118
0.361692 5534
0.36174 5919
0.361752 6279
0.363458 6618
0.363458 4564
0.363458 4564
0.363507 5031
0.363519 5454
0.363531 5844
0.365465 6208
0.365465 4139
0.365465 4139
0.365501 4654
0.365513 5112
0.365525 5528
0.367268 5913
0.367268 3880
0.367268 3880
0.367304 4429
0.367316 4910
0.368902 5344
0.368938 5742
0.36895 6113
0.370608 6461
0.370668 6790
0.37068 7103
0.370692 7403
0.372615 7690
0.372615 5411
0.372615 5411
0.372699 5804
0.372711 6171
0.372723 6516
0.372735 6843
0.374441 7154
0.374441 4943
0.374441 4943
0.374525 5374
0.374537 5770
0.374549 6139
0.376063 6486
0.376147 6814
0.376159 7126
0.376171 7425
0.377745 7712
0.37783 7988
0.377842 8254
0.377854 8512
0.377866 8762
0.379752 9005
0.379752 6499
0.379752 6499
0.379848 6826
0.37986 7138
0.379872 7436
0.379884 7722
0.379896 7998
0.381651 8264
0.381651 5863
0.381651 5863
0.381723 6226
0.381735 6568
0.381747 6892
0.381759 7201
0.383333 7497
0.383405 7781
0.383417 8054
0.383429 8318
0.385039 8574
0.385051 8822
0.385123 9063
0.385135 9298
0.385147 9527
0.387058 9750
0.387058 7149
0.387058 7149
0.38707 7447
0.387082 7733
0.387154 8008
0.387166 8274
0.387178 8531
0.38892 8780
0.38892 6292
0.38892 6292
0.388932 6630
0.389016 6951
0.389029 7257
0.389041 7550
0.390603 7832
0.390675 8104
0.390687 8367
0.390699 8621
0.390711 8868
0.392201 9108
0.392285 9342
0.392297 9570
0.392309 9792
0.392321 10009
0.392333 10221
0.394135 10429
0.394135 7813
0.394135 7813
0.394243 8085
0.394255 8348
0.394267 8603
0.39428 8850
0.394292 9090
0.394304 9324
0.396082 9552
0.396082 7007
0.396082 7007
0.396166 7311
0.396178 7602
0.39619 7882
0.396202 8152
0.396214 8413
0.397788 8666
0.39786 8911
0.397872 9150
0.397884 9382
0.397896 9609
0.39941 9830
0.399482 10046
0.399494 10258
0.399506 10465
0.399518 10668
0.39953 10867
0.401369 11063
0.401369 8249
0.401369 8249
0.401453 8507
0.401465 8757
0.401477 9000
0.401489 9236
0.401501 9466
0.401513 9691
0.403292 9910
0.403292 7269
0.403292 7269
0.403376 7562
0.403388 7843
0.4034 8114
0.403412 8376
0.403424 8630
0.405022 8876
0.405094 9116
0.405106 9349
0.405118 9577
0.40513 9799
0.406548 10016
0.40656 10228
0.406644 10436
0.406656 10640
0.406668 10840
0.40668 11036
0.40841 11229
0.40841 8455
0.40841 8455
0.408422 8707
0.408434 8951
0.408518 9189
0.40853 9420
0.408542 9646
0.408555 9866
0.410393 10082
0.410393 7537
0.410393 7537
0.410405 7819
0.410477 8091
0.410489 8354
0.410501 8609
0.410513 8856
0.412123 9096
0.412207 9330
0.412219 9558
0.412231 9781
0.412243 9998
0.412255 10211
0.413745 10419
0.41383 10623
0.413842 10823
0.413854 11019
0.413866 11212
0.413878 11402
0.415668 11588
0.415668 8775
0.415668 8775
0.41568 9017
0.415776 9253
0.415788 9483
0.4158 9707
0.415812 9926
0.415824 10140
0.417579 10350
0.417579 7725
0.417579 7725
0.417663 8000
0.417675 8266
0.417687 8523
0.417699 8773
0.417711 9015
0.419333 9251
0.419333 6629
0.419333 6629
0.419417 6950
0.419429 7256
0.419441 7549
0.419453 7831
0.419465 8103
0.420883 8366
0.420955 8620
0.420967 8867
0.420979 9107
0.420991 9341
0.422649 9569
0.422649 7185
0.422649 7185
0.422733 7481
0.422745 7765
0.422757 8039
0.422769 8304
0.422781 8560
0.424728 8809
0.424728 6531
0.424728 6531
0.4248 6857
0.424812 7167
0.424824 7464
0.424836 7749
0.426506 8024
0.426506 5714
0.426506 5714
0.426579 6087
0.426591 6437
0.426603 6768
0.426615 7082
0.428177 7382
0.428237 7670
0.428249 7947
0.428261 8215
0.429979 8474
0.429979 6082
0.429979 6082
0.429991 6432
0.430063 6763
0.430075 7078
0.430087 7379
0.431986 7667
0.431986 5357
0.431986 5357
0.432058 5754
0.43207 6124
0.432082 6472
0.432094 6801
0.4338 7114
0.4338 4882
0.4338 4882
0.43386 5318
0.433872 5718
0.433884 6090
0.43535 6440
0.43541 6770
0.435422 7084
0.435434 7384
0.437141 7672
0.437141 5365
0.437141 5365
0.437213 5762
0.437225 6131
0.437237 6478
0.437249 6807
0.439183 7120
0.439183 4807
0.439183 4807
0.439243 5250
0.439255 5656
0.439267 6032
0.440938 6385
0.440938 4241
0.440938 4241
0.440998 4743
0.44101 5192
0.441022 5602
0.44256 5982
0.442608 6338
0.44262 6674
0.444362 6993
0.444362 4962
0.444362 4962
0.444374 5391
0.444434 5786
0.444446 6154
0.446405 6500
0.446405 4447
0.446405 4447
0.446465 4926
0.446477 5358
0.446489 5755
0.448231 6125
0.448231 4120
0.448231 4120
0.448279 4637
0.448291 5096
0.449854 5514
0.449902 5900
0.449914 6261
0.451656 6601
0.451656 4543
0.451656 4543
0.451716 5012
0.451728 5437
0.45174 5829
0.453711 6194
0.453711 4121
0.453711 4121
0.453759 4638
0.453771 5097
0.455489 5515
0.455489 3612
0.455489 3612
0.455537 4202
0.455549 4709
0.457099 5161
0.457147 5574
0.457159 5956
0.458902 6313
0.458902 4253
0.458902 4253
0.458962 4754
0.458974 5202
0.458986 5611
0.46098 5990
0.46098 3909
0.46098 3909
0.461028 4454
0.46104 4932
0.462771 5364
0.462771 3449
0.462771 3449
0.462819 4067
0.462831 4591
0.464405 5055
0.464453 5476
0.464465 5865
0.466147 6228
0.466207 6570
0.466207 4396
0.466207 4396
0.466219 4880
0.466231 5316
0.468226 5716
0.468286 6088
0.468286 4009
0.468286 4009
0.468298 4540
0.470016 5009
0.470076 5434
0.470076 3474
0.470076 3474
0.470088 4087
0.471687 4608
0.471735 5070
0.473405 5490
0.473417 5878
0.473465 6240
0.475424 6581
0.475424 4560
0.475424 4560
0.475436 5027
0.475448 5451
0.475508 5842
0.477286 6206
0.477286 4225
0.477286 4225
0.477298 4729
0.477346 5179
0.477358 5590
0.47898 5971
0.47904 6327
0.479052 6663
0.480578 6982
0.48059 7287
0.480675 7579
0.480687 7860
0.482513 8131
0.482513 5768
0.482513 5768
0.482525 6137
0.482633 6484
0.482645 6812
0.482657 7124
0.484412 7423
0.484412 5150
0.484412 5150
0.484496 5563
0.484508 5946
0.48452 6304
0.486142 6642
0.486214 6962
0.486226 7268
0.486238 7561
0.487656 7842
0.487728 8113
0.48774 8375
0.487752 8629
0.487764 8876
0.48953 9116
0.48953 6654
0.48953 6654
0.489602 6974
0.489614 7279
0.489626 7571
0.489638 7852
0.48965 8123
0.491525 8385
0.491525 6000
0.491525 6000
0.491609 6355
0.491621 6690
0.491633 7008
0.491645 7312
0.493291 7603
0.493291 5338
0.493291 5338
0.493363 5737
0.493375 6108
0.493387 6456
0.493399 6786
0.494829 7100
0.494889 7400
0.494901 7688
0.494914 7965
0.496632 8232
0.496632 6060
0.496632 6060
0.496692 6411
0.496704 6743
0.496716 7059
0.496728 7360
0.498662 7649
0.498662 5518
0.498662 5518
0.498735 5904
0.498747 6265
0.498759 6605
0.498771 6927
0.500453 7234
0.500453 5025
0.500453 5025
0.500513 5449
0.500525 5840
0.500537 6205
0.502099 6548
0.502159 6873
0.502171 7183
0.502183 7479
0.503853 7764
0.503853 5452
0.503853 5452
0.503926 5842
0.503938 6206
0.50395 6549
0.503962 6874
0.505884 7184
0.505884 4939
0.505884 4939
0.505944 5370
0.505956 5766
0.505968 6135
0.507674 6482
0.507674 4380
0.507674 4380
0.507735 4866
0.507747 5304
0.507759 5705
0.509309 6078
0.509357 6428
0.509369 6759
0.511003 7074
0.511015 7375
0.511075 7664
0.511087 7942
0.512986 8210
0.512986 5792
0.512986 5792
0.512998 6160
0.51301 6506
0.513082 6833
0.513094 7144
0.514836 7442
0.514836 5120
0.514836 5120
0.514848 5536
0.514908 5921
0.51492 6281
0.51647 6620
0.51653 6941
0.516542 7248
0.516554 7542
0.518128 7824
0.518201 8096
0.518213 8359
0.518225 8614
0.518237 8861
0.520135 9101
0.520135 6602
0.520135 6602
0.520219 6924
0.520231 7231
0.520243 7525
0.520255 7808
0.520267 8081
0.521986 8344
0.521986 5935
0.521986 5935
0.522058 6294
0.52207 6632
0.522082 6953
0.522094 7259
0.523656 7552
0.523716 7834
0.523728 8106
0.52374 8368
0.52541 8622
0.52541 6092
0.52541 6092
0.525422 6441
0.525494 6771
0.525506 7085
0.525518 7385
0.527453 7673
0.527453 5341
0.527453 5341
0.527489 5740
0.527501 6111
0.527513 6459
0.527525 6789
0.529243 7102
0.529243 4857
0.529243 4857
0.529279 5295
0.529291 5697
0.529303 6071
0.530841 6422
0.530877 6753
0.530889 7068
0.530901 7369
0.532668 7658
0.532668 5341
0.532668 5341
0.532704 5740
0.532716 6111
0.532728 6459
0.53274 6789
0.534662 7102
0.534662 4783
0.534662 4783
0.53471 5228
0.534723 5635
0.534735 6013
0.536381 6367
0.536429 6701
0.536441 7019
0.536453 7322
0.538063 7613
0.538111 7892
0.538123 8162
0.538135 8423
0.538147 8676
0.540046 8921
0.540046 6441
0.540046 6441
0.540094 6771
0.540106 7085
0.540118 7385
0.54013 7673
0.54186 7950
0.54186 5630
0.54186 5630
0.541908 6008
0.54192 6362
0.541932 6697
0.541944 7015
0.54347 7318
0.54353 7609
0.543542 7889
0.543554 8159
0.545116 8420
0.545128 8673
0.545212 8918
0.545224 9157
0.545237 9389
0.547111 9616
0.547111 7002
0.547111 7002
0.547123 7306
0.547219 7597
0.547231 7877
0.547243 8147
0.547255 8408
0.548973 8661
0.548973 6237
0.548973 6237
0.549046 6578
0.549058 6902
0.54907 7210
0.549082 7505
0.55062 7789
0.550692 8062
0.550704 8326
0.550716 8582
0.550728 8830
0.552302 9071
0.552374 9305
0.552386 9534
0.552398 9757
0.55241 9975
0.552422 10188
0.554285 10397
0.554285 7668
0.554285 7668
0.554357 7945
0.554369 8213
0.554381 8472
0.554393 8723
0.554405 8967
0.556123 9204
0.556123 6631
0.556123 6631
0.556207 6952
0.556219 7258
0.556231 7551
0.556243 7833
0.556255 8105
0.557793 8367
0.557865 8621
0.557877 8868
0.557889 9108
0.557901 9342
0.559475 9570
0.55956 9792
0.559572 10009
0.559584 10221
0.559596 10429
0.559608 10633
0.56147 10833
0.56147 8040
0.56147 8040
0.561566 8305
0.561578 8561
0.56159 8809
0.561602 9050
0.561614 9285
0.561626 9514
0.563297 9738
0.563297 7056
0.563297 7056
0.563381 7358
0.563393 7647
0.563405 7925
0.563417 8193
0.563429 8453
0.564955 8705
0.565027 8949
0.565039 9187
0.565051 9419
0.565063 9645
0.566673 9866
0.566757 10082
0.566769 10293
0.566781 10500
0.566793 10703
0.566805 10902
0.568644 11097
0.568644 8274
0.568644 8274
0.56874 8531
0.568752 8780
0.568764 9022
0.568776 9258
0.568788 9488
0.5688 9712
0.570458 9931
0.570458 7355
0.570458 7355
0.570542 7644
0.570554 7922
0.570566 8191
0.570578 8451
0.57059 8703
0.572092 8947
0.572164 9185
0.572176 9417
0.572188 9643
0.5722 9864
0.573811 10080
0.573823 10291
0.573895 10498
0.573907 10701
0.573919 10900
0.573931 11095
0.575793 11287
0.575793 8487
0.575793 8487
0.575805 8738
0.575817 8981
0.575889 9218
0.575901 9449
0.575913 9674
0.575925 9894
0.57762 10109
0.57762 7495
0.57762 7495
0.577632 7779
0.577704 8053
0.577716 8317
0.577728 8573
0.57774 8821
0.579302 9062
0.579386 9297
0.579398 9526
0.57941 9749
0.579422 9967
0.579434 10180
0.581056 10389
0.581056 7661
0.581056 7661
0.581152 7939
0.581164 8207
0.581176 8466
0.581188 8717
0.5812 8961
0.583027 9198
0.583027 6647
0.583027 6647
0.583111 6967
0.583123 7272
0.583135 7565
0.583147 7846
0.583159 8117
0.584817 8379
0.584817 5829
0.584817 5829
0.584889 6194
0.584901 6538
0.584913 6864
0.584925 7174
0.586415 7471
0.586475 7756
0.586487 8030
0.586499 8295
0.58829 8551
0.58829 6013
0.58829 6013
0.588302 6367
0.588362 6701
0.588374 7019
0.588386 7322
0.590272 7613
0.590272 5222
0.590272 5222
0.590333 5630
0.590345 6008
0.590357 6362
0.590369 6697
0.591943 7015
0.592003 7318
0.592015 7609
0.592027 7889
0.593625 8159
0.593697 8420
0.593709 8673
0.593721 8918
0.593733 9157
0.595644 9389
0.595644 6701
0.595644 6701
0.595728 7019
0.59574 7322
0.595752 7613
0.595764 7892
0.595776 8162
0.597482 8423
0.597482 5917
0.597482 5917
0.597554 6277
0.597566 6616
0.597578 6938
0.59759 7245
0.599128 7539
0.5992 7821
0.599212 8093
0.599224 8356
0.600678 8611
0.60069 8858
0.600774 9098
0.600786 9332
0.600798 9560
0.602565 9782
0.602565 7115
0.602565 7115
0.602577 7414
0.602589 7701
0.602685 7977
0.602697 8244
0.602709 8502
0.604523 8752
0.604523 6228
0.604523 6228
0.604535 6570
0.604632 6894
0.604644 7203
0.604656 7498
0.606242 7782
0.606314 8055
0.606326 8319
0.606338 8575
0.60635 8823
0.607864 9064
0.607948 9299
0.60796 9528
0.607972 9751
0.607984 9969
0.607996 10182
0.609798 10391
0.609798 7743
0.609798 7743
0.609895 8018
0.609907 8283
0.609919 8540
0.609931 8789
0.609943 9031
0.611685 9267
0.611685 6763
0.611685 6763
0.611769 7078
0.611781 7379
0.611793 7667
0.611805 7945
0.611817 8213
0.613367 8472
0.613439 8723
0.613451 8967
0.613463 9204
0.613475 9435
0.615037 9660
0.615122 9880
0.615134 10095
0.615146 10306
0.615158 10512
0.61517 10714
0.617008 10912
0.617008 8211
0.617008 8211
0.617104 8470
0.617116 8721
0.617128 8965
0.61714 9202
0.617152 9433
0.617164 9658
0.618895 9878
0.618895 7277
0.618895 7277
0.618979 7569
0.618991 7850
0.619003 8121
0.619015 8383
0.619027 8637
0.620589 8883
0.620661 9122
0.620673 9355
0.620685 9582
0.620697 9804
0.622355 10021
0.622355 7330
0.622355 7330
0.622367 7620
0.622451 7899
0.622463 8168
0.622475 8428
0.622487 8680
0.62435 8925
0.62435 6382
0.62435 6382
0.62441 6716
0.624422 7033
0.624434 7336
0.624446 7626
0.62614 7905
0.62614 5547
0.62614 5547
0.626176 5931
0.626188 6290
0.6262 6628
0.626212 6949
0.627762 7255
0.627798 7548
0.62781 7830
0.627822 8102
0.629589 8365
0.629589 5910
0.629589 5910
0.629637 6270
0.629649 6609
0.629661 6931
0.629673 7238
0.631487 7532
0.631487 5224
0.631487 5224
0.631535 5632
0.631547 6010
0.631559 6364
0.633218 6698
0.633278 7016
0.63329 7319
0.633302 7610
0.634744 7890
0.634816 8160
0.634828 8421
0.63484 8674
0.634852 8919
0.636618 9157
0.636618 6628
0.636618 6628
0.636702 6949
0.636714 7255
0.636726 7548
0.636738 7830
0.63675 8102
0.638565 8365
0.638565 5889
0.638565 5889
0.638637 6250
0.638649 6591
0.638661 6914
0.638673 7222
0.640319 7517
0.640319 5196
0.640319 5196
0.640391 5606
0.640403 5986
0.640415 6342
0.641857 6678
0.641917 6997
0.641929 7301
0.641941 7592
0.643684 7872
0.643684 5797
0.643684 5797
0.643756 6164
0.643768 6509
0.64378 6836
0.643792 7147
0.645678 7445
0.645678 5373
0.645678 5373
0.64575 5769
0.645762 6138
0.645774 6485
0.647469 6813
0.647469 4734
0.647469 4734
0.647529 5184
0.647541 5595
0.647553 5975
0.649079 6331
0.649139 6667
0.649151 6986
0.649163 7291
0.650929 7583
0.650929 5389
0.650929 5389
0.651001 5784
0.651013 6152
0.651025 6498
0.652888 6826
0.652888 4761
0.652888 4761
0.652948 5208
0.65296 5617
0.652972 5996
0.654618 6351
0.654678 6686
0.65469 7004
0.654702 7308
0.65618 7599
0.656252 7879
0.656264 8149
0.656276 8410
0.656288 8663
0.658103 8909
0.658103 6475
0.658103 6475
0.658187 6804
0.658199 7117
0.658211 7416
0.658223 7703
0.660049 7979
0.660049 5697
0.660049 5697
0.660121 6071
0.660134 6422
0.660146 6753
0.660158 7068
0.66178 7369
0.661852 7658
0.661864 7936
0.661876 8204
0.663306 8463
0.663318 8714
0.663402 8958
0.663414 9195
0.663426 9426
0.66512 9652
0.66512 7112
0.66512 7112
0.665132 7411
0.665216 7698
0.665228 7974
0.66524 8241
0.665252 8499
0.667127 8749
0.667127 6324
0.667127 6324
0.667211 6661
0.667223 6981
0.667235 7286
0.667247 7578
0.668905 7859
0.668905 5571
0.668905 5571
0.668977 5953
0.668989 6311
0.669001 6648
0.669013 6968
0.670575 7273
0.670635 7566
0.670648 7847
0.67066 8118
0.672342 8380
0.672342 5976
0.672342 5976
0.672402 6332
0.672414 6668
0.672426 6987
0.672438 7292
0.674384 7584
0.674384 5307
0.674384 5307
0.674421 5708
0.674433 6081
0.674445 6431
0.676187 6762
0.676187 4568
0.676187 4568
0.676223 5034
0.676235 5457
0.676247 5847
0.677869 6211
0.677905 6554
0.677917 6879
0.677929 7188
0.679491 7484
0.679527 7768
0.679539 8042
0.679551 8307
0.68139 8563
0.68139 6197
0.68139 6197
0.681402 6540
0.68145 6865
0.681462 7175
0.681474 7472
0.683384 7757
0.683384 5505
0.683384 5505
0.683421 5892
0.683433 6253
0.683445 6593
0.683457 6916
0.685139 7224
0.685139 4943
0.685139 4943
0.685175 5374
0.685187 5770
0.685199 6139
0.686689 6486
0.686737 6814
0.686749 7126
0.686761 7425
0.688539 7712
0.688539 5625
0.688539 5625
0.688587 6003
0.688599 6358
0.688611 6693
0.688623 7011
0.69051 7315
0.69051 5231
0.69051 5231
0.690558 5638
0.69057 6016
0.690582 6370
0.692228 6704
0.692288 7021
0.6923 7324
0.692312 7615
0.693754 7894
0.693826 8164
0.693838 8425
0.69385 8678
0.693862 8923
0.695617 9161
0.695617 6783
0.695617 6783
0.695689 7097
0.695701 7397
0.695713 7685
0.695725 7962
0.695737 8229
0.697659 8488
0.697659 6100
0.697659 6100
0.697732 6449
0.697744 6779
0.697756 7093
0.697768 7393
0.699414 7681
0.699414 5415
0.699414 5415
0.699474 5808
0.699486 6175
0.699498 6520
0.69951 6846
0.701 7157
0.70106 7454
0.701072 7739
0.701084 8014
0.702874 8279
0.702874 6190
0.702874 6190
0.702959 6534
0.702971 6860
0.702983 7170
0.702995 7467
0.704893 7752
0.704893 5676
0.704893 5676
0.704953 6051
0.704965 6403
0.704977 6735
0.704989 7051
0.706671 7353
0.706671 5177
0.706671 5177
0.706732 5588
0.706744 5969
0.706756 6326
0.708306 6662
0.708366 6981
0.708378 7286
0.70839 7578
0.710144 7859
0.710144 5585
0.710144 5585
0.710228 5966
0.71024 6323
0.710252 6660
0.710264 6980
0.712151 7285
0.712151 5062
0.712151 5062
0.712211 5483
0.712223 5871
0.712235 6234
0.713917 6575
0.713917 4489
0.713917 4489
0.713977 4963
0.713989 5392
0.714001 5787
0.715599 6155
0.715647 6501
0.715659 6828
0.717462 7140
0.717462 4972
0.717462 4972
0.717474 5400
0.717522 5794
0.717534 6161
0.71936 6506
0.71936 4376
0.71936 4376
0.71942 4863
0.719432 5301
0.719444 5703
0.721151 6076
0.721151 4021
0.721151 4021
0.721199 4551
0.721211 5019
0.722761 5443
0.722809 5834
0.722821 6199
0.724539 6542
0.724539 4443
0.724539 4443
0.724599 4922
0.724611 5355
0.724623 5753
0.726534 6123
0.726534 4026
0.726534 4026
0.726582 4555
0.726594 5022
0.728288 5446
0.728288 3527
0.728288 3527
0.728336 4131
0.728348 4647
0.72991 5105
0.729958 5522
0.72997 5908
0.731665 6268
0.731665 4184
0.731665 4184
0.731737 4693
0.731749 5147
0.731761 5561
0.733659 5944
0.733659 3847
0.733659 3847
0.733707 4401
0.733719 4885
0.73545 5321
0.73545 3395
0.73545 3395
0.735498 4022
0.73551 4551
0.737072 5019
0.73712 5443
0.737132 5834
0.738838 6199
0.738838 4089
0.738838 4089
0.738898 4610
0.73891 5072
0.740821 5492
0.740821 3516
0.740821 3516
0.740869 4122
0.740881 4639
0.742623 5098
0.742623 3177
0.742623 3177
0.742671 3847
0.742683 4401
0.744233 4885
0.744282 5321
0.744294 5721
0.74588 6093
0.745928 6442
0.74594 6772
0.747874 7086
0.747874 4841
0.747874 4841
0.747886 5281
0.747934 5684
0.747946 6059
0.749785 6410
0.749785 4300
0.749785 4300
0.749845 4795
0.749857 5239
0.749869 5645
0.751455 6022
0.751503 6375
0.751515 6709
0.753029 7026
0.753041 7329
0.753089 7619
0.753101 7898
0.75494 8167
0.75494 5795
0.75494 5795
0.754952 6162
0.754964 6507
0.755012 6834
0.755024 7145
0.75691 7443
0.75691 5184
0.75691 5184
0.756922 5595
0.75697 5975
0.756982 6331
0.758641 6667
0.758701 6986
0.758713 7291
0.758725 7583
0.760323 7864
0.760407 8135
0.760419 8397
0.760431 8650
0.760443 8896
0.762306 9135
0.762306 6632
0.762306 6632
0.762414 6953
0.762426 7259
0.762438 7552
0.76245 7834
0.762462 8106
0.764096 8368
0.764096 5969
0.764096 5969
0.76418 6326
0.764192 6662
0.764204 6981
0.764216 7286
0.765766 7578
0.765826 7859
0.765838 8130
0.76585 8392
0.767617 8646
0.767617 6467
0.767617 6467
0.767629 6796
0.767689 7109
0.767701 7408
0.767713 7695
0.769563 7972
0.769563 5782
0.769563 5782
0.769635 6150
0.769647 6496
0.769659 6824
0.769671 7136
0.77133 7434
0.77133 5287
0.77133 5287
0.77139 5690
0.771402 6064
0.771414 6415
0.77288 6747
0.77294 7062
0.772952 7363
0.772964 7652
0.774718 7930
0.774718 5970
0.774718 5970
0.77479 6327
0.774802 6663
0.774814 6982
0.774826 7287
0.776725 7579
0.776725 5586
0.776725 5586
0.776785 5967
0.776797 6324
0.776809 6661
0.778503 6981
0.778503 4945
0.778503 4945
0.778563 5376
0.778575 5772
0.778587 6141
0.780065 6488
0.780113 6816
0.780125 7128
0.780137 7427
0.781796 7714
0.781844 7990
0.781856 8256
0.781868 8514
0.78188 8764
0.783838 9007
0.783838 6746
0.783838 6746
0.783898 7061
0.78391 7362
0.783922 7651
0.783934 7929
0.783946 8197
0.785665 8457
0.785665 6202
0.785665 6202
0.785725 6545
0.785737 6870
0.785749 7180
0.785761 7476
0.787287 7761
0.787347 8035
0.787359 8300
0.787371 8556
0.787383 8805
0.789077 9047
0.789077 6612
0.789077 6612
0.789149 6934
0.789161 7241
0.789173 7535
0.789185 7817
0.789197 8089
0.791156 8352
0.791156 5871
0.791156 5871
0.791216 6234
0.791228 6575
0.79124 6899
0.791252 7207
0.792946 7502
0.792946 5178
0.792946 5178
0.793006 5589
0.793018 5970
0.79303 6327
0.794544 6663
0.794593 6982
0.794605 7287
0.794617 7579
0.796347 7860
0.796347 5523
0.796347 5523
0.796395 5908
0.796407 6268
0.796419 6608
0.796431 6930
0.798426 7237
0.798426 4907
0.798426 4907
0.798486 5341
0.798498 5740
0.79851 6111
0.800216 6459
0.800216 4308
0.800216 4308
0.800264 4802
0.800276 5245
0.800288 5651
0.801862 6028
0.80191 6381
0.801922 6715
0.803701 7032
0.803701 4772
0.803701 4772
0.803713 5218
0.803785 5626
0.803797 6004
0.805671 6359
0.805671 4177
0.805671 4177
0.805719 4687
0.805731 5141
0.805743 5555
0.807414 5938
0.807462 6296
0.807474 6634
0.809072 6955
0.809084 7261
0.809156 7554
0.809168 7836
0.811066 8108
0.811066 5666
0.811066 5666
0.811078 6042
0.811175 6394
0.811187 6727
0.811199 7043
0.812929 7345
0.812929 5041
0.812929 5041
0.813001 5463
0.813013 5853
0.813025 6217
0.814539 6559
0.814599 6883
0.814611 7192
0.814623 7488
0.816342 7772
0.816342 5436
0.816342 5436
0.816414 5828
0.816426 6193
0.816438 6537
0.81645 6863
0.818372 7173
0.818372 4844
0.818372 4844
0.818432 5284
0.818444 5687
0.818456 6061
0.820151 6412
0.820151 4260
0.820151 4260
0.820211 4760
0.820223 5207
0.820235 5616
0.821677 5995
0.821725 6350
0.821737 6685
0.823323 7003
0.823335 7307
0.823395 7598
0.823407 7878
0.825329 8148
0.825329 5676
0.825329 5676
0.825341 6051
0.825354 6403
0.825426 6735
0.825438 7051
0.827192 7353
0.827192 5001
0.827192 5001
0.827204 5427
0.827264 5819
0.827276 6185
0.828802 6529
0.828862 6855
0.828874 7165
0.828886 7462
0.830604 7747
0.830604 5412
0.830604 5412
0.830677 5805
0.830689 6172
0.830701 6517
0.830713 6844
0.832647 7155
0.832647 4909
0.832647 4909
0.832707 5343
0.832719 5741
0.832731 6112
0.834414 6460
0.834414 4287
0.834414 4287
0.834474 4784
0.834486 5229
0.834498 5636
0.835988 6014
0.836036 6368
0.836048 6702
0.83767 7020
0.837682 7323
0.837742 7614
0.837754 7893
0.839701 8163
0.839701 5746
0.839701 5746
0.839713 6116
0.839725 6464
0.839797 6793
0.839809 7106
0.841539 7405
0.841539 5118
0.841539 5118
0.841551 5534
0.841611 5919
0.841623 6279
0.843245 6618
0.843305 6940
0.843317 7247
0.843329 7541
0.844855 7823
0.844928 8095
0.84494 8358
0.844952 8613
0.844964 8860
0.846802 9100
0.846802 6570
0.846802 6570
0.846886 6894
0.846898 7203
0.84691 7498
0.846922 7782
0.846934 8055
0.848689 8319
0.848689 5904
0.848689 5904
0.848761 6265
0.848773 6605
0.848785 6927
0.848797 7234
0.850335 7528
0.850395 7811
0.850407 8083
0.850419 8346
0.852029 8601
0.852041 8848
0.852113 9088
0.852125 9322
0.852137 9550
0.85406 9773
0.85406 7167
0.85406 7167
0.854072 7464
0.854084 7749
0.854168 8024
0.85418 8289
0.854192 8546
0.85591 8795
0.85591 6304
0.85591 6304
0.855922 6642
0.855994 6962
0.856006 7268
0.856018 7561
0.85764 7842
0.857713 8113
0.857725 8375
0.857737 8629
0.857749 8876
0.859215 9116
0.859299 9349
0.859311 9577
0.859323 9799
0.859335 10016
0.859347 10228
0.861089 10436
0.861089 7819
0.861089 7819
0.861173 8091
0.861185 8354
0.861197 8609
0.861209 8856
0.861221 9096
0.861233 9330
0.862988 9558
0.862988 7012
0.862988 7012
0.863072 7315
0.863084 7606
0.863096 7886
0.863108 8156
0.86312 8417
0.864694 8670
0.864766 8915
0.864778 9154
0.86479 9386
0.864802 9613
0.866244 9834
0.866328 10050
0.86634 10262
0.866352 10469
0.866364 10672
0.866376 10871
0.868142 11067
0.868142 8253
0.868142 8253
0.868239 8511
0.868251 8761
0.868263 9004
0.868275 9240
0.868287 9470
0.868299 9695
0.870173 9914
0.870173 7272
0.870173 7272
0.870257 7565
0.870269 7846
0.870281 8117
0.870293 8379
0.870305 8633
0.871891 8879
0.871964 9119
0.871976 9352
0.871988 9579
0.872 9801
0.873478 10018
0.87349 10230
0.873574 10438
0.873586 10642
0.873598 10842
0.87361 11038
0.875388 11231
0.875388 8457
0.875388 8457
0.8754 8709
0.875412 8953
0.875508 9191
0.87552 9422
0.875532 9648
0.875544 9868
0.877335 10084
0.877335 7539
0.877335 7539
0.877347 7821
0.877431 8093
0.877443 8356
0.877455 8611
0.877467 8858
0.879101 9098
0.879101 6529
0.879101 6529
0.879173 6855
0.879185 7165
0.879197 7462
0.879209 7747
0.879221 8022
0.880651 8287
0.880735 8544
0.880747 8793
0.880759 9035
0.880771 9270
0.882502 9499
0.882502 7141
0.882502 7141
0.88261 7439
0.882622 7725
0.882634 8000
0.882646 8266
0.882658 8523
0.884508 8773
0.884508 6512
0.884508 6512
0.884592 6839
0.884604 7150
0.884616 7448
0.884628 7734
0.886251 8009
0.886323 8275
0.886335 8532
0.886347 8781
0.886359 9023
0.887897 9259
0.887957 9489
0.887969 9713
0.887981 9932
0.887993 10146
0.888005 10356
0.889747 10561
0.889747 7969
0.889747 7969
0.889831 8236
0.889843 8494
0.889855 8744
0.889867 8987
0.889879 9224
0.889891 9455
0.89167 9680
0.89167 7062
0.89167 7062
0.891742 7363
0.891754 7652
0.891766 7930
0.891778 8198
0.89179 8458
0.893376 8710
0.893436 8954
0.893448 9192
0.89346 9423
0.893472 9649
0.89507 9869
0.89513 10084
0.895142 10295
0.895154 10502
0.895166 10704
0.895178 10903
0.897065 11098
0.897065 8320
0.897065 8320
0.897137 8576
0.897149 8824
0.897161 9065
0.897173 9300
0.897185 9529
0.897197 9752
0.898915 9970
0.898915 7423
0.898915 7423
0.898988 7710
0.899 7986
0.899012 8252
0.899024 8510
0.899036 8760
0.900622 9003
0.900694 9239
0.900706 9469
0.900718 9694
0.90073 9913
0.900742 10128
0.902268 10338
0.902352 10544
0.902364 10746
0.902376 10944
0.902388 11138
0.9024 11329
0.904251 11517
0.904251 8694
0.904251 8694
0.904263 8939
0.904359 9177
0.904371 9409
0.904383 9635
0.904395 9856
0.904407 10072
0.906209 10283
0.906209 7653
0.906209 7653
0.906293 7931
0.906305 8199
0.906317 8458
0.906329 8710
0.906341 8954
0.907891 9192
0.907964 9423
0.907976 9649
0.907988 9869
0.908 10084
0.908012 10295
0.909526 10502
0.90961 10704
0.909622 10903
0.909634 11098
0.909646 11290
0.909658 11478
0.90967 11663
0.911472 11845
0.911472 8955
0.911472 8955
0.911568 9193
0.91158 9424
0.911592 9650
0.911604 9870
0.911616 10085
0.911628 10296
0.913359 10503
0.913359 7882
0.913359 7882
0.913443 8152
0.913455 8413
0.913467 8666
0.913479 8911
0.913491 9150
0.913503 9382
0.915089 9609
0.915161 9830
0.915173 10046
0.915185 10258
0.915197 10465
0.915209 10668
0.916615 10867
0.916687 11063
0.916699 11255
0.916711 11444
0.916723 11630
0.916735 11813
0.916747 11993
0.918453 12170
0.918453 9232
0.918453 9232
0.918526 9462
0.918538 9687
0.91855 9907
0.918562 10122
0.918574 10332
0.918586 10538
0.918598 10740
0.920484 10938
0.920484 8178
0.920484 8178
0.920556 8438
0.920568 8690
0.92058 8935
0.920592 9173
0.920604 9405
0.920616 9631
0.922239 9852
0.922239 7070
0.922239 7070
0.922323 7371
0.922335 7660
0.922347 7938
0.922359 8206
0.922371 8465
0.923861 8716
0.923933 8960
0.923945 9197
0.923957 9428
0.923969 9654
0.925699 9874
0.925699 7423
0.925699 7423
0.925783 7710
0.925795 7986
0.925807 8252
0.925819 8510
0.925831 8760
0.927706 9003
0.927706 6683
0.927706 6683
0.927778 7001
0.92779 7305
0.927802 7596
0.927814 7876
0.927826 8146
0.929472 8407
0.929472 5994
0.929472 5994
0.929544 6349
0.929556 6684
0.929568 7002
0.92958 7306
0.93101 7597
0.93107 7877
0.931082 8147
0.931094 8408
0.931106 8661
0.932753 8907
0.932837 9146
0.932837 6660
0.932837 6660
0.932849 6980
0.932861 7285
0.932873 7577
0.934819 7858
0.934831 8129
0.934915 8391
0.934915 5991
0.934915 5991
0.934927 6346
0.934939 6681
0.936634 7000
0.936646 7304
0.936718 7595
0.936718 5321
0.936718 5321
0.93673 5721
0.938328 6093
0.93834 6442
0.938352 6772
0.938412 7086
0.94025 7386
0.94025 5226
0.94025 5226
0.940263 5633
0.940275 6011
0.940335 6365
0.942161 6699
0.942161 4571
0.942161 4571
0.942173 5037
0.942185 5460
0.942257 5850
0.943927 6214
0.943927 4169
0.943927 4169
0.943939 4680
0.943999 5135
0.944012 5550
0.945441 5934
0.945501 6293
0.945514 6631
0.94722 6952
0.94722 4876
0.94722 4876
0.947232 5313
0.947304 5714
0.947316 6087
0.949287 6437
0.949287 4358
0.949287 4358
0.949347 4847
0.949359 5286
0.949371 5689
0.951077 6063
0.951077 4038
0.951077 4038
0.951137 4565
0.951149 5031
0.952675 5454
0.952723 5844
0.952735 6208
0.954453 6551
0.954453 4472
0.954453 4472
0.954501 4948
0.954513 5378
0.954526 5774
0.95652 6143
0.95652 4057
0.95652 4057
0.95658 4582
0.956592 5047
0.958311 5469
0.958311 3557
0.958311 3557
0.958359 4156
0.958371 4668
0.959969 5124
0.960017 5540
0.960029 5924
0.961735 6283
0.961735 4209
0.961735 4209
0.961807 4715
0.961819 5167
0.961831 5579
0.963766 5961
0.963766 3870
0.963766 3870
0.963814 4420
0.963826 4902
0.965592 5336
0.965592 3415
0.965592 3415
0.96564 4039
0.965652 4566
0.967262 5032
0.967311 5455
0.967323 5845
0.968945 6209
0.969005 6552
0.969017 6877
0.969029 7186
0.970963 7482
0.970963 5176
0.970963 5176
0.971023 5587
0.971035 5968
0.971048 6325
0.97279 6662
0.97279 4529
0.97279 4529
0.97285 4999
0.972862 5425
0.972874 5817
0.974436 6183
0.974496 6527
0.974508 6853
0.976058 7164
0.97607 7461
0.97613 7746
0.976142 8021
0.977969 8286
0.977969 5909
0.977969 5909
0.977981 6269
0.977993 6609
0.978053 6931
0.978065 7238
0.979891 7532
0.979891 5232
0.979891 5232
0.979903 5639
0.979975 6017
0.979987 6371
0.98161 6705
0.98167 7022
0.981682 7325
0.981694 7616
0.98322 7895
0.983304 8164
0.983316 8425
0.983328 8678
0.98334 8923
0.98519 9161
0.98519 6693
0.98519 6693
0.985298 7011
0.98531 7315
0.985323 7606
0.985335 7886
0.985347 8156
0.987077 8417
0.987077 6028
0.987077 6028
0.987161 6381
0.987173 6715
0.987185 7032
0.987197 7335
0.988735 7625
0.988807 7904
0.988819 8173
0.988831 8433
0.988843 8685
0.990537 8930
0.990537 6439
0.990537 6439
0.99061 6770
0.990622 7084
0.990634 7384
0.990646 7672
0.992532 7949
0.992532 5622
0.992532 5622
0.992604 6001
0.992616 6356
0.992628 6691
0.99264 7009
0.994262 7313
0.994322 7604
0.994335 7884
0.994347 8154
0.995824 8415
0.995837 8668
0.995909 8913
0.995921 9152
0.995933 9384
0.997723 9611
0.997723 7027
0.997723 7027
0.997735 7330
0.997831 7620
0.997843 7899
0.997855 8168
0.997867 8428
0.999706 8680
0.999706 6221
0.999706 6221
0.99979 6563
0.999802 6887
0.999814 7196
0.999826 7492
1.00141 7776
1.00148 8050
1.0015 8314
1.00151 8570
1.00152 8818
1.00308 9059
1.00317 9294
1.00318 9523
1.00319 9746
1.0032 9964
1.00321 10177
1.0051 10386
1.0051 7750
1.0051 7750
1.00518 8025
1.0052 8290
1.00521 8547
1.00522 8796
1.00523 9038
1.00693 9273
1.00693 6777
1.00693 6777
1.00701 7091
1.00702 7391
1.00704 7679
1.00705 7956
1.00706 8223
1.00863 8482
1.00871 8733
1.00872 8977
1.00873 9214
1.00874 9445
1.0104 9670
1.0104 7047
1.0104 7047
1.01048 7349
1.0105 7639
1.01051 7918
1.01052 8187
1.01053 8447
1.01239 8699
1.01239 6215
1.01239 6215
1.01247 6557
1.01248 6882
1.01249 7191
1.0125 7487
1.01414 7771
1.01421 8045
1.01422 8309
1.01423 8565
1.01425 8813
1.01576 9054
1.01582 9289
1.01583 9518
1.01584 9741
1.01586 9959
1.01587 10173
1.01768 10382
1.01768 7635
1.01768 7635
1.01775 7914
1.01777 8183
1.01778 8443
1.01779 8695
1.0178 8940
1.0195 9178
1.0195 6595
1.0195 6595
1.01957 6918
1.01958 7226
1.01959 7520
1.0196 7803
1.01962 8076
1.02119 8339
1.02125 8594
1.02126 8842
1.02127 9083
1.02129 9317
1.02273 9545
1.02279 9768
1.0228 9986
1.02281 10199
1.02282 10408
1.02284 10612
1.02459 10812
1.02459 8008
1.02459 8008
1.02466 8274
1.02467 8531
1.02469 8780
1.0247 9022
1.02471 9258
1.02472 9488
1.02659 9712
1.02659 7024
1.02659 7024
1.02666 7327
1.02667 7617
1.02668 7896
1.02669 8165
1.02671 8426
1.02833 8678
1.0284 8923
1.02841 9161
1.02842 9393
1.02844 9619
1.02995 9840
1.03005 10056
1.03006 10267
1.03007 10474
1.03008 10677
1.03009 10876
1.03187 11071
1.03187 8242
1.03187 8242
1.03199 8500
1.032 8750
1.03202 8993
1.03203 9230
1.03204 9460
1.03205 9685
1.0338 9905
1.0338 7177
1.0338 7177
1.03389 7474
1.0339 7759
1.03392 8033
1.03393 8298
1.03394 8554
1.03548 8803
1.03555 9045
1.03556 9280
1.03557 9509
1.03559 9733
1.0372 9952
1.03721 10166
1.0373 10375
1.0373 7560
1.0373 7560
1.03732 7841
1.03733 8112
1.03734 8374
1.03926 8628
1.03927 8875
1.03939 9115
1.03939 6549
1.03939 6549
1.03941 6874
1.03942 7184
1.04106 7480
1.04108 7764
1.04109 8038
1.04121 8303
1.04121 5853
1.04121 5853
1.04272 6217
1.04273 6559
1.04275 6883
1.04276 7192
1.04287 7488
1.0446 7772
1.0446 5618
1.0446 5618
1.04461 5997
1.04462 6352
1.04473 6687
1.04474 7005
1.04648 7309
1.04648 5181
1.04648 5181
1.0465 5592
1.0466 5973
1.04662 6329
1.04825 6665
1.04825 4556
1.04825 4556
1.04835 5023
1.04836 5447
1.04837 5838
1.04979 6203
1.04988 6546
1.0499 6871
1.05161 7181
1.05161 5184
1.05161 5184
1.05163 5595
1.05171 5975
1.05172 6331
1.05359 6667
1.05359 4699
1.05359 4699
1.05368 5152
1.05369 5565
1.05371 5948
1.05536 6306
1.05536 4364
1.05536 4364
1.05544 4852
1.05545 5291
1.05546 5693
1.05695 6067
1.05701 6418
1.05702 6750
1.0587 7065
1.0587 5175
1.0587 5175
1.05872 5586
1.0588 5967
1.05881 6324
1.06076 6661
1.06076 4691
1.06076 4691
1.06082 5145
1.06083 5559
1.06084 5942
1.06255 6300
1.06255 4357
1.06255 4357
1.06261 4846
1.06262 5285
1.06263 5688
1.06415 6062
1.0642 6413
1.06421 6745
1.06588 7061
1.06589 7362
1.06594 7651
1.06595 7929
1.06794 8197
1.06794 5883
1.06794 5883
1.06796 6245
1.06797 6586
1.06802 6909
1.06803 7217
1.06978 7512
1.06978 5248
1.06978 5248
1.06979 5654
1.06984 6031
1.06986 6384
1.07138 6717
1.07144 7034
1.07145 7337
1.07147 7627
1.07314 7906
1.07314 5580
1.07314 5580
1.07321 5962
1.07322 6319
1.07323 6656
1.07324 6976
1.07523 7281
1.07523 5028
1.07523 5028
1.07529 5451
1.0753 5842
1.07531 6206
1.07702 6549
1.07702 4445
1.07702 4445
1.07708 4924
1.07709 5356
1.0771 5753
1.0787 6123
1.07875 6471
1.07876 6800
1.08045 7113
1.08045 4930
1.08045 4930
1.08047 5362
1.08054 5759
1.08055 6129
1.08251 6476
1.08251 4337
1.08251 4337
1.08257 4828
1.08258 5269
1.08259 5673
1.08432 6048
1.08432 3986
1.08432 3986
1.08437 4520
1.08438 4991
1.08591 5418
1.08596 5811
1.08597 6177
1.08766 6522
1.08766 4415
1.08766 4415
1.08772 4897
1.08773 5332
1.08775 5731
1.08971 6102
1.08971 4000
1.08971 4000
1.08975 4532
1.08977 5002
1.09148 5428
1.09148 3505
1.09148 3505
1.09153 4113
1.09154 4631
1.09312 5091
1.09317 5509
1.09318 5895
1.09484 6256
1.0949 6596
1.09491 6919
1.09492 7227
1.09684 7521
1.09684 5235
1.09684 5235
1.0969 5642
1.09692 6019
1.09693 6373
1.09862 6707
1.09862 4586
1.09862 4586
1.09868 5050
1.09869 5472
1.09871 5861
1.10026 6224
1.10032 6566
1.10033 6890
1.10034 7199
1.10205 7495
1.10205 5227
1.10205 5227
1.10211 5634
1.10212 6012
1.10213 6366
1.104 6700
1.104 4512
1.104 4512
1.10406 4984
1.10408 5411
1.10409 5804
1.10575 6171
1.10579 6516
1.10581 6843
1.1073 7154
1.10731 7451
1.10737 7737
1.10738 8012
1.10918 8278
1.10918 5890
1.10918 5890
1.1092 6251
1.10921 6592
1.10928 6915
1.10929 7223
1.11111 7518
1.11111 5250
1.11111 5250
1.11112 5656
1.11118 6032
1.11119 6385
1.11279 6718
1.11285 7035
1.11286 7337
1.11287 7627
1.11448 7906
1.11455 8175
1.11457 8435
1.11458 8687
1.11459 8932
1.11644 9170
1.11644 6671
1.11644 6671
1.11653 6990
1.11654 7294
1.11655 7586
1.11656 7866
1.11657 8136
1.11832 8397
1.11832 5939
1.11832 5939
1.11839 6297
1.1184 6635
1.11841 6956
1.11842 7262
1.11999 7555
1.12005 7837
1.12006 8108
1.12007 8370
1.1216 8624
1.12161 8871
1.12168 9111
1.12169 9344
1.1217 9572
1.12353 9794
1.12353 7162
1.12353 7162
1.12354 7459
1.12355 7744
1.12364 8019
1.12365 8284
1.12366 8541
1.12545 8790
1.12545 6285
1.12545 6285
1.12547 6624
1.12554 6945
1.12555 7251
1.12556 7544
1.12714 7826
1.12721 8098
1.12722 8361
1.12723 8615
1.12724 8862
1.12891 9102
1.12891 6555
1.12891 6555
1.129 6880
1.12901 7189
1.12902 7485
1.12903 7769
1.12905 8043
1.13096 8308
1.13096 5884
1.13096 5884
1.13103 6246
1.13104 6587
1.13105 6910
1.13106 7218
1.13275 7513
1.13275 5223
1.13275 5223
1.13281 5631
1.13282 6009
1.13283 6363
1.13426 6697
1.13432 7015
1.13433 7318
1.13434 7609
1.13605 7889
1.13605 5575
1.13605 5575
1.13612 5957
1.13614 6314
1.13615 6651
1.13616 6971
1.13811 7276
1.13811 5048
1.13811 5048
1.13817 5470
1.13818 5859
1.13819 6222
1.13988 6564
1.13988 4400
1.13988 4400
1.13994 4884
1.13996 5320
1.13997 5720
1.14151 6092
1.14155 6441
1.14157 6771
1.14312 7085
1.14313 7385
1.14319 7673
1.1432 7950
1.14509 8218
1.14509 5828
1.14509 5828
1.1451 6193
1.14511 6537
1.14518 6863
1.1452 7173
1.14702 7470
1.14702 5200
1.14702 5200
1.14703 5609
1.14709 5989
1.14711 6344
1.14872 6680
1.14878 6999
1.14879 7303
1.1488 7594
1.15036 7874
1.15043 8144
1.15045 8405
1.15046 8658
1.15047 8904
1.15234 9143
1.15234 6635
1.15234 6635
1.15243 6956
1.15244 7262
1.15245 7555
1.15247 7837
1.15248 8108
1.15423 8370
1.15423 5907
1.15423 5907
1.1543 6267
1.15432 6607
1.15433 6929
1.15434 7236
1.15591 7530
1.15597 7813
1.15599 8085
1.156 8348
1.1576 8603
1.15761 8850
1.15768 9090
1.15769 9324
1.1577 9552
1.15961 9775
1.15961 7136
1.15961 7136
1.15963 7434
1.15964 7720
1.15972 7996
1.15973 8262
1.15975 8520
1.16147 8770
1.16147 6261
1.16147 6261
1.16148 6601
1.16155 6923
1.16156 7230
1.16157 7524
1.16316 7807
1.16323 8080
1.16324 8343
1.16326 8598
1.16327 8845
1.16475 9085
1.16483 9319
1.16484 9547
1.16485 9770
1.16487 9988
1.16488 10201
1.16667 10409
1.16667 7775
1.16667 7775
1.16675 8049
1.16676 8313
1.16678 8569
1.16679 8817
1.1668 9058
1.16859 9293
1.16859 6798
1.16859 6798
1.16867 7111
1.16869 7410
1.1687 7697
1.16871 7973
1.16872 8240
1.17027 8498
1.17034 8748
1.17036 8991
1.17037 9228
1.17038 9458
1.17186 9683
1.17194 9903
1.17196 10118
1.17197 10328
1.17198 10534
1.17199 10736
1.17377 10934
1.17377 8242
1.17377 8242
1.17387 8500
1.17388 8750
1.17389 8993
1.1739 9230
1.17391 9460
1.17393 9685
1.17578 9905
1.17578 7309
1.17578 7309
1.17586 7600
1.17587 7880
1.17588 8150
1.1759 8411
1.17591 8664
1.17753 8910
1.17753 6442
1.17753 6442
1.1776 6772
1.17761 7086
1.17763 7386
1.17764 7674
1.17908 7951
1.17916 8219
1.17918 8478
1.17919 8729
1.1792 8973
1.18094 9210
1.18094 6981
1.18094 6981
1.18105 7286
1.18106 7578
1.18108 7859
1.18109 8130
1.1811 8392
1.1829 8646
1.1829 6414
1.1829 6414
1.18299 6746
1.183 7061
1.18301 7362
1.18302 7651
1.18464 7929
1.18472 8197
1.18473 8457
1.18474 8709
1.18475 8953
1.18625 9191
1.18635 9422
1.18636 9648
1.18637 9868
1.18639 10084
1.1864 10295
1.18815 10502
1.18815 7921
1.18815 7921
1.18827 8190
1.18828 8450
1.1883 8702
1.18831 8946
1.18832 9184
1.18833 9416
1.19009 9642
1.19009 7089
1.19009 7089
1.19018 7389
1.1902 7677
1.19021 7954
1.19022 8221
1.19023 8480
1.19184 8731
1.19184 6290
1.19184 6290
1.19191 6628
1.19193 6949
1.19194 7255
1.19195 7548
1.1934 7830
1.19348 8102
1.19349 8365
1.1935 8619
1.19351 8866
1.19527 9106
1.19527 6875
1.19527 6875
1.19535 7185
1.19536 7481
1.19537 7765
1.19539 8039
1.1954 8304
1.19724 8560
1.19724 6326
1.19724 6326
1.19731 6662
1.19732 6981
1.19733 7286
1.19734 7578
1.19899 7859
1.19899 5691
1.19899 5691
1.19906 6065
1.19908 6416
1.19909 6748
1.1991 7063
