--------------------
shrot flow goodput
--------------------
non-dealy ack
sack
minRto = 200 ms
initiRtt = 1 s
data_mbytes = 128KB*N
base_rtt = 40 us
MTU = 1400B
initialCwnd = 1
buffer size = 100KB (75P)

N gootput F-gootput C-goodput
1 802.466 802.466 802.466
2 897.8 897.8 897.8
5 946.661 946.661 946.661
8 854.831 871.367 839.565
10 880.21 897.075 828.674
15 920.612 930.89 76.7157
20 932.329 940.757 102.316
25 941.073 947.942 126.61
30 947.285 954.376 151.973
33 158.142 955.717 167.197
35 173.958 956.502 177.348
40 198.744 956.114 202.737
44 218.525 955.569 225.297
45 231.635 231.891 231.527
50 248.229 258.387 251.473
55 284.302 284.302 276.619
60 293.986 310.231 301.763
65 330.071 336.173 282.439
70 353.344 362.13 284.518
75 378.274 378.274 296.065
80 393.612 396.516 312.747
85 420.515 421.228 321.998
90 445.365 436.087 327.178
95 470.029 462.568 350.302
100 494.633 495.157 387.756


105 109.608 109.608
110 113.601 113.601
115 117.501 117.501
120 121.961 121.961
125 126.375 126.376
130 130.742 130.742
135 134.923 134.924
140 139.197 139.196
145 143.427 143.426
150 147.613 147.611
155 151.751 151.755
160 155.856 155.857
165 159.917 159.918
170 163.932 163.937
175 167.909 167.909
180 62.8204 62.8204


--------------------
shrot flow goodput
--------------------
non-dealy ack
sack
minRto = 200 ms
initiRtt = 200 ms
data_mbytes = 200KB*N
base_rtt = 40 us
MTU = 1400B
initialCwnd = 1
buffer size = 100KB (75P)

N goodput f-goodput
1 848.495 848.495 848.495
2 914.597 914.597 914.597
5 856.564 882.433 39.9704
8 901.071 915.183 63.8467
10 913.099 924.635 79.795
15 929.881 936.545 119.504
20 937.485 942.919 159.382
25 943.13 947.525 197.233
30 947.142 951.603 236.741
33 246.391 952.456 260.456
35 271.004 952.95 276.27
40 309.617 952.731 315.819
44 340.432 952.369 294.429
45 360.818 361.214 301.024
50 386.706 402.482 391.746
55 442.847 442.847 430.916
60 458.105 483.234 332.966
65 513.894 523.643 375.335
70 550.429 564.072 379.226
75 589.264 579.203 409.969
80 616.669 617.777 434.224
85 655.377 656.208 449.698
90 678.324 673.117 447.745
95 732.228 712.437 487.072
100 751.846 755.188 500.458
105 280.808 280.911
110 762.334 756.526
115 765.129 758.057
120 771.725 764.801
125 777.861 334.471
130 782.292 778.355
135 529.188 785.096
140 792.745 790.274
145 797.539 795.148
150 398.451 397.902
155 810.009 806.475
160 814.023 814.034
165 817.831 664.363
170 682.738 684.684
175 468.542 468.714
180 98.0428 98.0504
185 100.49 100.498
190 102.917 102.925
195 105.329 105.336
200 107.728 107.735

--------------------
query fct
--------------------
non-dealy ack
sack
minRto = 200 ms
initiRtt = 200 ms
data_mbytes = 4MB
base_rtt = 40 us
MTU = 1400B
initialCwnd = 1
buffer size = 100KB (75P)

N FCT F-FCT
1 35.1227 35.1227 35.1227
2 36.0019 36.0019 36.0019
5 35.8739 35.6272 210.171
10 35.8033 35.5794 208.258
15 35.7697 35.5816 206.273
20 35.774 35.5725 205.635
25 35.7338 35.5319 207.365
30 35.6768 35.4336 207.078
33 218.79 35.4426 206.941
35 210.892 35.4331 206.858
40 210.836 35.5317 216.593
44 210.849 35.6251 204.501
45 203.408 220.928 203.197

----------------
average ecn time
----------------
dctcp fdctcp
0.0028 0.002843
0.002899 0.002899
0.002999 0.002999
0.003089 0.003089
0.003179 0.003179
0.003268 0.003268
0.003358 0.003358
0.003447 0.003447
0.003537 0.003537
0.003627 0.003627
0.003716 0.003716
0.013102 0.012631
0.013147 0.012676
0.013191 0.012721
0.013236 0.012766
0.013281 0.012811
0.013326 0.012855
0.013371 0.012900
0.013415 0.012945
0.013460 0.012990
0.013505 0.013035
0.013550 0.013079
0.013595 0.002316
0.013639 0.002327
0.013684 0.002350
0.009686 0.002395
0.009731 0.002439
0.009775 0.002484
0.002551 0.002529
0.002574 0.002574
0.002619 0.002619
0.002663 0.002663
0.002708 0.002708
0.002753 0.002753
0.002798 0.002798


ecn_rtt_num
4	4
4	4
4	4
4	4
4	4
4	4
4	4
4	4
4	4
4	4
4	4
4+	4+
4+	4+
4+	4+
4+	4+
4+	4+
4+	4+
4+	4+
4+	4+
4+	4+
4+	4+
4+	4+
4+	3
4+	3
4+	3
4+	3
4+	3
4+	3
3 rto	3
3	3
3	3
3	3
3	3
3	3
3	3

--------------------
200KB short flow fct
--------------------
FCT	F_FCT
50.934269 35.006752
55.909383 45.155018
29.367357 46.513455
54.162266 36.495883
44.101038 42.394965
45.515216 35.363464
49.592062 47.920573
46.702094 51.115494
27.415375 45.530769
35.091103 39.463457
45.590100 33.554279
36.599112 46.663730
27.827584 26.330087
27.808552 38.129440
45.384556 45.083551
36.575499 39.465681
44.245412 31.964177
36.875682 42.566468
47.912223 38.057622
51.185946 46.702193
26.424854 51.326821
42.501246 39.536036
39.723921 36.325661
38.415335 43.812713
43.727329 30.491981
44.085398 42.279025
35.001107 50.990225
45.517807 30.990462
51.476950 41.058450
32.414299 39.536521
41.150626 32.076365
49.761029 45.194236
44.138960 40.604857
39.329647 39.426225
38.183664 38.006223
33.580250 44.935705
42.735313 46.924711
36.741702 38.043663
54.395406 43.614286
52.790068 40.959481
33.896798 43.518319
51.557244 40.694027
32.288188 45.148785
34.137976 48.225870
35.157924 46.619281
42.788373 40.829719
35.342177 34.921645
39.580742 42.239608
44.024623 47.952941
39.978163 36.539354
43.885194 40.900089
39.450713 28.001941
44.188143 40.743268
39.456580 37.966133
48.134380 46.513240
54.230024 45.107181
39.904387 27.996424
52.875266 47.931661
34.305745 42.106589
40.883679 27.816633
29.458994 40.824334
46.980391 36.667591
27.789981 46.681361
42.689723 40.612776
33.566247 32.322838
39.495290 46.749958
47.058665 39.295978
61.148638 46.753738
35.530772 30.992581
28.032782 36.767013
45.762122 43.788812
39.571948 29.495822
38.391147 43.833867
35.121377 46.585888
41.164311 46.766419
48.428136 45.185864
42.296726 48.321156
49.587188 38.013428
27.846503 45.194924
39.437598 35.393819
45.409371 44.403059
35.078766 46.521914
43.870435 48.303105
58.696557 46.550393
36.555808 46.738304
40.772319 46.621737
30.836536 43.796748
36.441354 37.743017
33.177617 48.216105
27.795649 36.467662
46.740821 36.713542
42.886996 36.723280
42.635358 39.769291
30.745679 35.200558
35.576196 42.274400
48.838319 27.715226
29.479504 43.885321
43.630739 32.064530
43.711645 49.673370
42.630487 42.453458


--------------------
query fct 1MB
--------------------
non-dealy ack
sack
minRto = 200 ms
data_mbytes = 1MB
base_rtt = 100 us
MTU = 1400B
initialCwnd = 1
buffer size = 100KB (75P)

N FCT F-FCT
1 9.31454 9.31454 9.31454
2 9.66271 9.66271 9.66271
5 10.1376 9.95771 10.9396
10 9.96447 9.70609 10.5343
15 9.77785 9.93691 9.88784
20 9.9268 9.65678 210.463
25 9.82498 9.61357 210.603
30 9.78913 9.99953 205.022
35 9.94656 9.70889 205.955
40 9.73212 9.52428 205.594
41 205.667 205.667 205.667
45 204.177 204.177 204.177

--------------------
query fct 3MB
--------------------
non-dealy ack
sack
minRto = 200 ms
data_mbytes = 3MB
base_rtt = 100 us
MTU = 1400B
initialCwnd = 1
buffer size = 100KB (75P)

N FCT F-FCT
1 26.7624 26.7624 26.7624
2 27.1106 27.1106 27.1106
5 27.3815 27.1455 28.9292
10 27.2832 27.0705 207.694
15 27.2415 27.0176 214.145
20 27.2315 27.0188 213.574
25 27.2678 27.0378 213.481
30 27.3055 27.1398 209.618
35 27.2899 27.0548 214.173
40 219.652 27.0179 218.913
41 219.54 27.046 210.221
43 27.2805 27.096 219.57
45 218.161 218.072 207.26

--------------------
query fct 4MB
--------------------
non-dealy ack
sack
minRto = 200 ms
data_mbytes = 4MB
base_rtt = 100 us
MTU = 1400B
initialCwnd = 1
buffer size = 100KB (75P)

N FCT F-FCT
1 35.1769 35.1769 35.1769
2 35.5367 35.5367 35.5367
5 35.7956 35.5597 209.838
10 35.7088 35.4842 208.534
15 35.653 35.4307 214.613
20 35.6478 35.4334 213.868
25 35.6277 35.4143 206.579
30 35.569 35.3674 213.896
35 35.5562 35.3805 221.512
36 223.32 35.3727 209.852
39 209.385 209.385 210.061
45 207.508 207.508 209.639



