1 930.445 0
2 958.16 0
3 964.12 0
4 966.062 0
5 967.231 0
6 937.184 0
7 879.877 0
8 854.668 0
9 841.214 0
10 50.0445 0
11 54.2149 0
12 57.8455 0
13 64.9701 0
14 68.9742 0
15 74.9742 0
16 79.9772 0
17 84.9808 0
18 89.9849 0
19 94.9897 0
20 99.9891 0
21 105.087 0
22 109.994 0
23 113.373 0
24 118.209 0
25 124.571 0
26 128.373 0
27 133.256 0
28 138.135 0
29 143.01 0
30 147.881 0
31 152.748 0
32 157.611 0
33 162.47 0
34 167.325 0
35 172.176 0
36 177.023 0
37 181.866 0
38 186.705 0
39 191.541 0
40 196.372 0
41 201.2 0
42 206.023 0
43 210.843 0
44 215.658 0
45 220.47 0
46 225.278 0
47 230.082 0
48 234.882 0
49 240.535 0
50 249.413 0
51 243.006 0
52 247.729 0
53 247.123 0
54 265.197 0
55 267.786 0
56 271.495 0
57 276.326 0
58 281.156 0
59 285.985 0
60 290.814 0
61 295.642 0
62 300.47 0
63 305.296 0
64 310.123 0
65 314.948 0
66 319.773 0
67 324.598 0
68 330.807 0
69 337.067 0
70 341.93 0
71 346.793 0
72 351.655 0
73 356.516 0
74 364.58 0
75 371.127 0
76 376.051 0
77 380.974 0
78 385.897 0
79 390.819 0
80 397.486 0
