1 930.445 0
2 958.16 0
3 964.12 0
4 966.062 0
5 967.231 0
6 960.06 0
7 918.29 0
8 890.016 0
9 894.79 0
10 901.922 0
11 901.141 0
12 912.837 0
13 919.93 0
14 924.154 0
15 927.567 0
16 931.174 0
17 933.978 0
18 935.422 0
19 937.26 0
20 938.921 0
21 940.428 0
22 941.803 0
23 943.062 0
24 944.651 0
25 945.256 0
26 946.635 0
27 947.904 0
28 949.085 0
29 950.188 0
30 951.22 0
31 952.177 0
32 952.753 0
33 953.635 0
34 170.74 0
35 175.771 0
36 180.804 0
37 185.836 0
38 190.869 0
39 195.903 0
40 200.937 0
41 205.972 0
42 211.008 0
43 216.043 0
44 221.08 0
45 226.117 0
46 231.155 0
47 236.193 0
48 241.232 0
49 246.271 0
50 251.311 0
51 256.351 0
52 261.169 0
53 266.206 0
54 271.244 0
55 276.282 0
56 281.321 0
57 286.361 0
58 291.401 0
59 296.441 0
60 301.482 0
61 306.524 0
62 311.566 0
63 316.609 0
64 321.652 0
65 326.696 0
66 331.741 0
67 338.397 0
68 343.466 0
69 348.537 0
70 353.608 0
71 358.679 0
72 363.751 0
73 368.824 0
74 373.897 0
75 378.971 0
76 374.567 0
77 362.653 0
78 382.697 0
79 387.536 0
80 392.372 0
