1 930.445 0
2 958.16 0
3 964.12 0
4 966.062 0
5 967.231 0
6 960.06 0
7 918.29 0
8 904.847 0
9 916.167 0
10 921.426 0
11 920.61 0
12 929.102 0
13 930.728 0
14 938.676 0
15 942.248 0
16 948.996 0
17 944.961 0
18 950.035 0
19 948.794 0
20 953.097 0
21 954.472 0
22 949.447 0
23 115.634 0
24 954.621 0
25 955.442 0
26 955.617 0
27 955.371 0
28 957.069 0
29 960.518 0
30 957.265 0
31 958.743 0
32 959.457 0
33 165.944 0
34 170.091 0
35 960.749 0
36 181.017 0
37 961.874 0
38 190.959 0
39 963.172 0
40 961.222 0
41 961.964 0
42 210.958 0
43 216.298 0
44 963.32 0
45 225.957 0
46 961.784 0
47 236.528 0
48 231.663 0
49 959.233 0
50 959.447 0
51 255.527 0
52 259.933 0
53 267.478 0
54 269.96 0
55 277.603 0
56 282.666 0
57 287.73 0
58 291.401 0
59 297.858 0
60 302.924 0
61 306.524 0
62 313.056 0
63 316.609 0
64 323.191 0
65 326.696 0
66 331.741 0
67 338.397 0
68 343.466 0
69 346.842 0
70 353.608 0
71 358.679 0
72 363.751 0
73 368.824 0
74 373.897 0
75 378.971 0
76 384.045 0
77 389.12 0
78 394.195 0
79 399.271 0
80 404.348 0
