1 930.445 0
2 958.16 0
3 964.12 0
4 966.062 0
5 967.231 0
6 960.06 0
7 919.706 0
8 919.526 0
9 926.154 0
10 930.509 0
11 926.983 0
12 937.095 0
13 942.295 0
14 946.141 0
15 947.779 0
16 947.933 0
17 949.9 0
18 951.082 0
19 952.141 0
20 953.097 0
21 953.963 0
22 954.752 0
23 955.474 0
24 956.58 0
25 956.717 0
26 958.51 0
27 959.354 0
28 959.764 0
29 960.145 0
30 961.947 0
31 962.585 0
32 962.845 0
33 963.088 0
34 963.318 0
35 962.912 0
36 962.529 0
37 962.167 0
38 961.825 0
39 961.5 0
40 960.92 0
41 960.898 0
42 960.619 0
43 960.353 0
44 960.1 0
45 959.858 0
46 959.626 0
47 959.404 0
48 959.192 0
49 958.988 0
50 958.793 0
51 256.865 0
52 262.417 0
53 267.478 0
54 272.54 0
55 277.603 0
56 282.666 0
57 287.73 0
58 291.401 0
59 297.858 0
60 302.924 0
61 307.99 0
62 313.056 0
63 318.123 0
64 323.191 0
65 328.259 0
66 333.327 0
67 338.397 0
68 343.466 0
69 348.537 0
70 353.608 0
71 358.679 0
72 363.751 0
73 368.824 0
74 373.897 0
75 378.971 0
76 384.045 0
77 389.12 0
78 394.195 0
79 399.271 0
80 404.348 0
