0.0 0
4.56e-05 4294967295
0.000226797 4294967295
0.000587277 4294967295
0.000599293 4294967295
0.00129622 4294967295
0.00132025 4294967295
0.00133227 4294967295
0.0013563 4294967295
0.00271411 4294967295
0.00273814 4294967295
0.00276217 4294967295
0.0027862 4294967295
0.00279822 4294967295
0.00282225 4294967295
0.00284629 4294967295
0.00287032 4294967295
0.00529774 5110
0.00529774 5110
0.0126153 5110
0.0126393 5110
0.0141413 5110
0.0141533 5110
0.0141654 5110
0.0141774 5110
0.0158596 5110
0.0158596 7534
0.0158716 7534
0.0158836 7534
0.0158957 7534
0.0177702 7534
0.0177702 7534
0.0177702 8337
0.0177822 8337
0.0177942 8337
0.0178062 8337
0.0178182 8337
0.0197528 8337
0.0197528 8337
0.0197528 8965
0.0197648 8965
0.0197768 8965
0.0197888 8965
0.0198009 8965
0.0198129 8965
0.0217955 8965
0.0217955 8965
0.0217955 9131
0.0218075 9131
0.0218195 9131
0.0218316 9131
0.0218436 9131
0.0218556 9131
0.0238022 9131
0.0238022 9131
0.0238022 9008
0.0238142 9008
0.0238262 9008
0.0238382 9008
0.0238503 9008
0.0238623 9008
0.0238743 9008
0.0257968 9008
0.0257968 9008
0.0257968 8853
0.0258089 8853
0.0258209 8853
0.0258329 8853
0.0258449 8853
0.0258569 8853
0.0258689 8853
0.0277074 8853
0.0277074 8853
0.0277074 8315
0.0277194 8315
0.0277314 8315
0.0277434 8315
0.0277555 8315
0.0277675 8315
0.0295098 8315
0.0295098 8315
0.0295098 7599
0.0295218 7599
0.0295338 7599
0.0295458 7599
0.0295579 7599
0.0295699 7599
0.0311319 7599
0.031144 7599
0.031156 7599
0.031168 7599
0.03118 7599
0.031192 7599
0.0329704 7599
0.0329704 7599
0.0329704 8376
0.0329824 8376
0.0329944 8376
0.0330064 8376
0.0330185 8376
0.0330305 8376
0.0330425 8376
0.0346887 8376
0.0347007 8376
0.0347127 8376
0.0347247 8376
0.0347367 8376
0.0347488 8376
0.036395 8376
0.036395 8376
0.036395 8985
0.036407 8985
0.036419 8985
0.036431 8985
0.036443 8985
0.036455 8985
0.0364671 8985
0.0382454 8985
0.0382454 8985
0.0382454 8228
0.0382574 8228
0.0382695 8228
0.0382815 8228
0.0382935 8228
0.0383055 8228
0.0383175 8228
0.0399277 8228
0.0399397 8228
0.0399517 8228
0.0399637 8228
0.0399757 8228
0.0399877 8228
0.041694 8228
0.041694 8228
0.041694 8567
0.041706 8567
0.041718 8567
0.0417301 8567
0.0417421 8567
0.0417541 8567
0.0417661 8567
0.0435084 8567
0.0435084 8567
0.0435084 7667
0.0435204 7667
0.0435325 7667
0.0435445 7667
0.0435565 7667
0.0435685 7667
0.0451306 7667
0.0451426 7667
0.0451546 7667
0.0451666 7667
0.0451787 7667
0.0451907 7667
0.0468849 7667
0.0468849 7667
0.0468849 7869
0.0468969 7869
0.046909 7869
0.046921 7869
0.046933 7869
0.046945 7869
0.046957 7869
0.0487474 7869
0.0487474 7869
0.0487474 7035
0.0487594 7035
0.0487714 7035
0.0487835 7035
0.0487955 7035
0.0488075 7035
0.0504176 7035
0.0504296 7035
0.0504417 7035
0.0504537 7035
0.0504657 7035
0.052172 7035
0.052172 7035
0.052172 7172
0.052184 7172
0.052196 7172
0.052208 7172
0.05222 7172
0.052232 7172
0.0539864 7172
0.0539864 7172
0.0539864 6268
0.0539984 6268
0.0540104 6268
0.0540224 6268
0.0540344 6268
0.0555965 6268
0.0556085 6268
0.0556206 6268
0.0556326 6268
0.0556446 6268
0.0573509 6268
0.0573509 6268
0.0573509 6526
0.0573629 6526
0.0573749 6526
0.0573869 6526
0.0573989 6526
0.0574109 6526
0.0591773 6526
0.0591773 6526
0.0591773 5850
0.0591893 5850
0.0592013 5850
0.0592133 5850
0.0592254 5850
0.0608115 5850
0.0608235 5850
0.0608355 5850
0.0608475 5850
0.0625418 5850
0.0625418 5850
0.0625418 6102
0.0625538 6102
0.0625658 6102
0.0625778 6102
0.0625898 6102
0.0643682 6102
0.0643682 6102
0.0643682 5332
0.0643802 5332
0.0643922 5332
0.0644043 5332
0.0644163 5332
0.0660144 5332
0.0660264 5332
0.0660384 5332
0.0660504 5332
0.0678288 5332
0.0678288 5332
0.0678288 5773
0.0678408 5773
0.0678528 5773
0.0678649 5773
0.0678769 5773
0.0695952 5773
0.0696072 5773
0.0696192 5773
0.0696312 5773
0.0712894 5773
0.0712894 5773
0.0712894 6080
0.0713014 6080
0.0713135 6080
0.0713255 6080
0.0713375 6080
0.0731159 6080
0.0731159 6080
0.0731159 5371
0.0731279 5371
0.0731399 5371
0.0731519 5371
0.0731639 5371
0.074762 5371
0.0747741 5371
0.0747861 5371
0.0747981 5371
0.0764923 5371
0.0764923 5371
0.0764923 5808
0.0765044 5808
0.0765164 5808
0.0765284 5808
0.0765404 5808
0.0783188 5808
0.0783308 5808
0.0783428 5808
0.0783548 5808
0.079953 5808
0.079965 5808
0.079977 5808
0.079989 5808
0.080001 5808
0.0817914 5808
0.0817914 5808
0.0817914 7080
0.0818034 7080
0.0818154 7080
0.0818275 7080
0.0818395 7080
0.0818515 7080
0.0835217 7080
0.0835337 7080
0.0835457 7080
0.0835578 7080
0.0835698 7080
0.0851919 7080
0.0852039 7080
0.085216 7080
0.085228 7080
0.08524 7080
0.085252 7080
0.0870905 7080
0.0870905 7080
0.0870905 8319
0.0871025 8319
0.0871145 8319
0.0871265 8319
0.0871385 8319
0.0871505 8319
0.0871626 8319
0.0887847 8319
0.0887967 8319
0.0888087 8319
0.0888208 8319
0.0888328 8319
0.0888448 8319
0.090467 8319
0.090479 8319
0.090491 8319
0.090503 8319
0.090515 8319
0.090527 8319
0.0905391 8319
0.0923655 8319
0.0923655 8319
0.0923655 9621
0.0923775 9621
0.0923895 9621
0.0924015 9621
0.0924135 9621
0.0924256 9621
0.0924376 9621
0.0924496 9621
0.0940597 9621
0.0940718 9621
0.0940838 9621
0.0940958 9621
0.0941078 9621
0.0941198 9621
0.0941318 9621
0.0957179 9621
0.09573 9621
0.095742 9621
0.095754 9621
0.095766 9621
0.095778 9621
0.09579 9621
0.0958021 9621
0.0975804 9621
0.0975804 9621
0.0975804 10784
0.0975924 10784
0.0976045 10784
0.0976165 10784
0.0976285 10784
0.0976405 10784
0.0976525 10784
0.0976645 10784
0.0976766 10784
0.0993107 10784
0.0993227 10784
0.0993348 10784
0.0993468 10784
0.0993588 10784
0.0993708 10784
0.0993828 10784
0.0993948 10784
0.100933 10784
0.100945 10784
0.100957 10784
0.100969 10784
0.100981 10784
0.100993 10784
0.101005 10784
0.101017 10784
0.101029 10784
0.102795 10784
0.102795 10784
0.102795 11954
0.102807 11954
0.102819 11954
0.102831 11954
0.102843 11954
0.102855 11954
0.102867 11954
0.102879 11954
0.102892 11954
0.102904 11954
0.104502 11954
0.104514 11954
0.104526 11954
0.104538 11954
0.10455 11954
0.104562 11954
0.104574 11954
0.104586 11954
0.104598 11954
0.106208 11954
0.106208 11954
0.106208 11718
0.10622 11718
0.106232 11718
0.106244 11718
0.106256 11718
0.106268 11718
0.10628 11718
0.106292 11718
0.106304 11718
0.106316 11718
0.108106 11718
0.108106 11718
0.108106 10240
0.108118 10240
0.10813 10240
0.108142 10240
0.108155 10240
0.108167 10240
0.108179 10240
0.108191 10240
0.108203 10240
0.109801 10240
0.109813 10240
0.109825 10240
0.109837 10240
0.109849 10240
0.109861 10240
0.109873 10240
0.109885 10240
0.111483 10240
0.111483 10240
0.111483 10164
0.111495 10164
0.111507 10164
0.111519 10164
0.111531 10164
0.111543 10164
0.111555 10164
0.111567 10164
0.111579 10164
0.113357 10164
0.113357 10164
0.113357 8993
0.113369 8993
0.113381 8993
0.113393 8993
0.113406 8993
0.113418 8993
0.11343 8993
0.113442 8993
0.115028 8993
0.11504 8993
0.115052 8993
0.115064 8993
0.115076 8993
0.115088 8993
0.1151 8993
0.116782 8993
0.116782 8993
0.116782 8987
0.116794 8987
0.116806 8987
0.116818 8987
0.11683 8987
0.116842 8987
0.116854 8987
0.116866 8987
0.118632 8987
0.118632 8987
0.118632 7837
0.118644 7837
0.118656 7837
0.118669 7837
0.118681 7837
0.118693 7837
0.118705 7837
0.120231 7837
0.120243 7837
0.120255 7837
0.120267 7837
0.120279 7837
0.120291 7837
0.122045 7837
0.122045 7837
0.122045 8128
0.122057 8128
0.122069 8128
0.122081 8128
0.122093 8128
0.122105 8128
0.122117 8128
0.123835 8128
0.123847 8128
0.123859 8128
0.123871 8128
0.123883 8128
0.123895 8128
0.125434 8128
0.125446 8128
0.125458 8128
0.12547 8128
0.125482 8128
0.125494 8128
0.125506 8128
0.127248 8128
0.127248 8128
0.127248 9381
0.12726 9381
0.127272 9381
0.127284 9381
0.127296 9381
0.127308 9381
0.12732 9381
0.127332 9381
0.12893 9381
0.128942 9381
0.128954 9381
0.128966 9381
0.128978 9381
0.12899 9381
0.129002 9381
0.130636 9381
0.130636 9381
0.130636 9441
0.130648 9441
0.13066 9441
0.130672 9441
0.130685 9441
0.130697 9441
0.130709 9441
0.130721 9441
0.132523 9441
0.132523 9441
0.132523 8315
0.132535 8315
0.132547 8315
0.132559 8315
0.132571 8315
0.132583 8315
0.132595 8315
0.134193 8315
0.134205 8315
0.134217 8315
0.134229 8315
0.134241 8315
0.134253 8315
0.135936 8315
0.135936 8315
0.135936 8241
0.135948 8241
0.13596 8241
0.135972 8241
0.135984 8241
0.135996 8241
0.136008 8241
0.137774 8241
0.137774 8241
0.137774 7188
0.137786 7188
0.137798 7188
0.13781 7188
0.137822 7188
0.137834 7188
0.139384 7188
0.139396 7188
0.139408 7188
0.13942 7188
0.139432 7188
0.141114 7188
0.141114 7188
0.141114 7266
0.141126 7266
0.141138 7266
0.14115 7266
0.141162 7266
0.141174 7266
0.142977 7266
0.142977 7266
0.142977 6403
0.142989 6403
0.143001 6403
0.143013 6403
0.143025 6403
0.144623 6403
0.144635 6403
0.144647 6403
0.144659 6403
0.144671 6403
0.146341 6403
0.146341 6403
0.146341 6622
0.146353 6622
0.146365 6622
0.146377 6622
0.146389 6622
0.146401 6622
0.148216 6622
0.148216 6622
0.148216 5805
0.148228 5805
0.14824 5805
0.148252 5805
0.148264 5805
0.14985 5805
0.149862 5805
0.149874 5805
0.149886 5805
0.151592 5805
0.151592 5805
0.151592 5993
0.151604 5993
0.151616 5993
0.151628 5993
0.15164 5993
0.153419 5993
0.153419 5993
0.153419 5203
0.153431 5203
0.153443 5203
0.153455 5203
0.153467 5203
0.155077 5203
0.155089 5203
0.155101 5203
0.155113 5203
0.156843 5203
0.156843 5203
0.156843 5830
0.156855 5830
0.156867 5830
0.156879 5830
0.156891 5830
0.158634 5830
0.158646 5830
0.158658 5830
0.15867 5830
0.160232 5830
0.160244 5830
0.160256 5830
0.160268 5830
0.16028 5830
0.162034 5830
0.162034 5830
0.162034 7227
0.162046 7227
0.162058 7227
0.16207 7227
0.162082 7227
0.162094 7227
0.163813 7227
0.163825 7227
0.163837 7227
0.163849 7227
0.163861 7227
0.165483 7227
0.165495 7227
0.165507 7227
0.165519 7227
0.165531 7227
0.165543 7227
0.167357 7227
0.167357 7227
0.167357 8522
0.167369 8522
0.167381 8522
0.167393 8522
0.167405 8522
0.167417 8522
0.167429 8522
0.16904 8522
0.169052 8522
0.169064 8522
0.169076 8522
0.169088 8522
0.1691 8522
0.170746 8522
0.170746 8522
0.170746 8621
0.170758 8621
0.17077 8621
0.170782 8621
0.170794 8621
0.170806 8621
0.170818 8621
0.172608 8621
0.172608 8621
0.172608 7659
0.17262 7659
0.172632 7659
0.172644 7659
0.172656 7659
0.172668 7659
0.174267 7659
0.174279 7659
0.174291 7659
0.174303 7659
0.174315 7659
0.174327 7659
0.176009 7659
0.176009 7659
0.176009 7816
0.176021 7816
0.176033 7816
0.176045 7816
0.176057 7816
0.176069 7816
0.176081 7816
0.177823 7816
0.177823 7816
0.177823 6963
0.177835 6963
0.177847 6963
0.177859 6963
0.177871 6963
0.177883 6963
0.179445 6963
0.179457 6963
0.179469 6963
0.179481 6963
0.179494 6963
0.181284 6963
0.181284 6963
0.181284 7407
0.181296 7407
0.181308 7407
0.18132 7407
0.181332 7407
0.181344 7407
0.183074 7407
0.183086 7407
0.183098 7407
0.18311 7407
0.183122 7407
0.184684 7407
0.184696 7407
0.184708 7407
0.18472 7407
0.184732 7407
0.184744 7407
0.186523 7407
0.186523 7407
0.186523 8648
0.186535 8648
0.186547 8648
0.186559 8648
0.186571 8648
0.186583 8648
0.186595 8648
0.188265 8648
0.188277 8648
0.188289 8648
0.188301 8648
0.188313 8648
0.188325 8648
0.189935 8648
0.189947 8648
0.189959 8648
0.189971 8648
0.189983 8648
0.189983 8648
0.189983 9342
0.189995 9342
0.190008 9342
0.191798 9342
0.19181 9342
0.191822 9342
0.191834 9342
0.191846 9342
0.191858 9342
0.191858 9342
0.191858 8332
0.193456 8332
0.193468 8332
0.19348 8332
0.193492 8332
0.193504 8332
0.193516 8332
0.193528 8332
0.195234 8332
0.195234 8332
0.195234 7855
0.195246 7855
0.195258 7855
0.195271 7855
0.195283 7855
0.195295 7855
0.197013 7855
0.197025 7855
0.197037 7855
0.197049 7855
0.197061 7855
0.197073 7855
0.198587 7855
0.198599 7855
0.198611 7855
0.198623 7855
0.198635 7855
0.198647 7855
0.198659 7855
0.200365 7855
0.200365 7855
0.200365 9444
0.200377 9444
0.200389 9444
0.200401 9444
0.200413 9444
0.200425 9444
0.200437 9444
0.200449 9444
0.20218 9444
0.202192 9444
0.202204 9444
0.202216 9444
0.202228 9444
0.20224 9444
0.20224 9444
0.20224 9324
0.202252 9324
0.20379 9324
0.203802 9324
0.203814 9324
0.203826 9324
0.203838 9324
0.20385 9324
0.203862 9324
0.205592 9324
0.205592 9324
0.205592 8861
0.205604 8861
0.205616 8861
0.205628 8861
0.20564 8861
0.205652 8861
0.205664 8861
0.207347 8861
0.207359 8861
0.207371 8861
0.207383 8861
0.207395 8861
0.207407 8861
0.209041 8861
0.209053 8861
0.209065 8861
0.209077 8861
0.209089 8861
0.209101 8861
0.209101 8861
0.209101 9986
0.209113 9986
0.210939 9986
0.210951 9986
0.210963 9986
0.210975 9986
0.210987 9986
0.210999 9986
0.211011 9986
0.211011 9986
0.211011 9046
0.212622 9046
0.212634 9046
0.212646 9046
0.212658 9046
0.21267 9046
0.212682 9046
0.212694 9046
0.214352 9046
0.214352 9046
0.214352 8458
0.214364 8458
0.214376 8458
0.214388 8458
0.2144 8458
0.214412 8458
0.214424 8458
0.21625 8458
0.21625 8458
0.21625 7741
0.216262 7741
0.216274 7741
0.216286 7741
0.216299 7741
0.216311 7741
0.217921 7741
0.217933 7741
0.217945 7741
0.217957 7741
0.217969 7741
0.217981 7741
0.219639 7741
0.219639 7741
0.219639 8098
0.219651 8098
0.219663 8098
0.219675 8098
0.219687 8098
0.219699 8098
0.219711 8098
0.221513 8098
0.221513 8098
0.221513 7242
0.221525 7242
0.221537 7242
0.22155 7242
0.221562 7242
0.221574 7242
0.223148 7242
0.22316 7242
0.223172 7242
0.223184 7242
0.223196 7242
0.224854 7242
0.224854 7242
0.224854 7420
0.224866 7420
0.224878 7420
0.22489 7420
0.224902 7420
0.224914 7420
0.226704 7420
0.226704 7420
0.226704 6601
0.226716 6601
0.226728 6601
0.22674 6601
0.226752 6601
0.228339 6601
0.228351 6601
0.228363 6601
0.228375 6601
0.228387 6601
0.230129 6601
0.230129 6601
0.230129 6810
0.230141 6810
0.230153 6810
0.230165 6810
0.230177 6810
0.230189 6810
0.231919 6810
0.231931 6810
0.231943 6810
0.231955 6810
0.231967 6810
0.233566 6810
0.233578 6810
0.23359 6810
0.233602 6810
0.233614 6810
0.233626 6810
0.235428 6810
0.235428 6810
0.235428 8242
0.23544 8242
0.235452 8242
0.235464 8242
0.235476 8242
0.235488 8242
0.2355 8242
0.237122 8242
0.237134 8242
0.237146 8242
0.237158 8242
0.23717 8242
0.237182 8242
0.238792 8242
0.238804 8242
0.238804 8242
0.238804 8533
0.238816 8533
0.238829 8533
0.238841 8533
0.238853 8533
0.238865 8533
0.240691 8533
0.240703 8533
0.240703 8533
0.240703 7593
0.240715 7593
0.240727 7593
0.240739 7593
0.240751 7593
0.242349 7593
0.242361 7593
0.242373 7593
0.242385 7593
0.242397 7593
0.244055 7593
0.244055 7593
0.244055 7337
0.244067 7337
0.24408 7337
0.244092 7337
0.244104 7337
0.244116 7337
0.24593 7337
0.24593 7337
0.24593 6434
0.245942 6434
0.245954 6434
0.245966 6434
0.245978 6434
0.247588 6434
0.2476 6434
0.247612 6434
0.247624 6434
0.247636 6434
0.249282 6434
0.249282 6434
0.249282 6673
0.249294 6673
0.249306 6673
0.249318 6673
0.24933 6673
0.249343 6673
0.251133 6673
0.251133 6673
0.251133 5921
0.251145 5921
0.251157 5921
0.251169 5921
0.251181 5921
0.252767 5921
0.252779 5921
0.252791 5921
0.252803 5921
0.254497 5921
0.254497 5921
0.254497 6128
0.254509 6128
0.254521 6128
0.254533 6128
0.254545 6128
0.256336 6128
0.256336 6128
0.256336 5339
0.256348 5339
0.25636 5339
0.256372 5339
0.256384 5339
0.258006 5339
0.258018 5339
0.25803 5339
0.258042 5339
0.25976 5339
0.25976 5339
0.25976 5771
0.259772 5771
0.259784 5771
0.259796 5771
0.259808 5771
0.261611 5771
0.261623 5771
0.261635 5771
0.261647 5771
0.263209 5771
0.263221 5771
0.263233 5771
0.263245 5771
0.263257 5771
0.265047 5771
0.265047 5771
0.265047 7092
0.265059 7092
0.265071 7092
0.265083 7092
0.265095 7092
0.265108 7092
0.266802 7092
0.266814 7092
0.266826 7092
0.266838 7092
0.26685 7092
0.268424 7092
0.268436 7092
0.268448 7092
0.26846 7092
0.268472 7092
0.268484 7092
0.270286 7092
0.270286 7092
0.270286 8429
0.270298 8429
0.27031 8429
0.270322 8429
0.270334 8429
0.270346 8429
0.270358 8429
0.272041 8429
0.272053 8429
0.272065 8429
0.272077 8429
0.272089 8429
0.272101 8429
0.273639 8429
0.273651 8429
0.273663 8429
0.273675 8429
0.273687 8429
0.273699 8429
0.273711 8429
0.275477 8429
0.275477 8429
0.275477 9613
0.275489 9613
0.275501 9613
0.275513 9613
0.275525 9613
0.275537 9613
0.275549 9613
0.275561 9613
0.277196 9613
0.277208 9613
0.27722 9613
0.277232 9613
0.277244 9613
0.277256 9613
0.277268 9613
0.278842 9613
0.278854 9613
0.278866 9613
0.278878 9613
0.27889 9613
0.278902 9613
0.278914 9613
0.278926 9613
0.280728 9613
0.280728 9613
0.280728 10842
0.28074 10842
0.280752 10842
0.280764 10842
0.280776 10842
0.280788 10842
0.2808 10842
0.280812 10842
0.280824 10842
0.282423 10842
0.282435 10842
0.282447 10842
0.282459 10842
0.282471 10842
0.282483 10842
0.282495 10842
0.282507 10842
0.284129 10842
0.284129 10842
0.284129 10707
0.284141 10707
0.284153 10707
0.284165 10707
0.284177 10707
0.284189 10707
0.284201 10707
0.284213 10707
0.284225 10707
0.286015 10707
0.286015 10707
0.286015 9348
0.286027 9348
0.286039 9348
0.286051 9348
0.286063 9348
0.286075 9348
0.286087 9348
0.286099 9348
0.287698 9348
0.28771 9348
0.287722 9348
0.287734 9348
0.287746 9348
0.287758 9348
0.28777 9348
0.28938 9348
0.28938 9348
0.28938 9308
0.289392 9308
0.289404 9308
0.289416 9308
0.289428 9308
0.28944 9308
0.289452 9308
0.289464 9308
0.291278 9308
0.291278 9308
0.291278 8186
0.29129 8186
0.291302 8186
0.291314 8186
0.291326 8186
0.291338 8186
0.29135 8186
0.292961 8186
0.292973 8186
0.292985 8186
0.292997 8186
0.293009 8186
0.293021 8186
0.294679 8186
0.294679 8186
0.294679 8187
0.294691 8187
0.294703 8187
0.294715 8187
0.294727 8187
0.294739 8187
0.294751 8187
0.296565 8187
0.296565 8187
0.296565 7132
0.296577 7132
0.296589 7132
0.296601 7132
0.296613 7132
0.296625 7132
0.298236 7132
0.298248 7132
0.29826 7132
0.298272 7132
0.298284 7132
0.299894 7132
0.299894 7132
0.299894 7060
0.299906 7060
0.299918 7060
0.29993 7060
0.299942 7060
0.299954 7060
0.301768 7060
0.301768 7060
0.301768 6128
0.30178 6128
0.301792 6128
0.301804 6128
0.301816 6128
0.303451 6128
0.303463 6128
0.303475 6128
0.303487 6128
0.303499 6128
0.305133 6128
0.305133 6128
0.305133 6391
0.305145 6391
0.305157 6391
0.305169 6391
0.305181 6391
0.306995 6391
0.306995 6391
0.306995 5534
0.307007 5534
0.307019 5534
0.307031 5534
0.307043 5534
0.30869 5534
0.308702 5534
0.308714 5534
0.308726 5534
0.310408 5534
0.310408 5534
0.310408 5906
0.31042 5906
0.310432 5906
0.310444 5906
0.310456 5906
0.312258 5906
0.312258 5906
0.312258 5187
0.31227 5187
0.312282 5187
0.312294 5187
0.31388 5187
0.313892 5187
0.313904 5187
0.313916 5187
0.315707 5187
0.315707 5187
0.315707 5485
0.315719 5485
0.315731 5485
0.315743 5485
0.315755 5485
0.317449 5485
0.317461 5485
0.317473 5485
0.317485 5485
0.319071 5485
0.319083 5485
0.319095 5485
0.319107 5485
0.319119 5485
0.32091 5485
0.32091 5485
0.32091 6944
0.320922 6944
0.320934 6944
0.320946 6944
0.320958 6944
0.32097 6944
0.322616 6944
0.322628 6944
0.32264 6944
0.322652 6944
0.322664 6944
0.324286 6944
0.324298 6944
0.324298 6944
0.324298 7398
0.32431 7398
0.324322 7398
0.324334 7398
0.324346 7398
0.326185 7398
0.326197 7398
0.326197 7398
0.326197 6509
0.326209 6509
0.326221 6509
0.326233 6509
0.327855 6509
0.327867 6509
0.327879 6509
0.327891 6509
0.327903 6509
0.329621 6509
0.329621 6509
0.329621 6567
0.329633 6567
0.329645 6567
0.329657 6567
0.329669 6567
0.329681 6567
0.33146 6567
0.331472 6567
0.331484 6567
0.331496 6567
0.331508 6567
0.333034 6567
0.333046 6567
0.333058 6567
0.33307 6567
0.333082 6567
0.333094 6567
0.334848 6567
0.334848 6567
0.334848 8079
0.33486 8079
0.334872 8079
0.334884 8079
0.334896 8079
0.334908 8079
0.33492 8079
0.336651 8079
0.336663 8079
0.336675 8079
0.336687 8079
0.336699 8079
0.336711 8079
0.338249 8079
0.338261 8079
0.338273 8079
0.338285 8079
0.338297 8079
0.338309 8079
0.338321 8079
0.340075 8079
0.340075 8079
0.340075 9448
0.340087 9448
0.340099 9448
0.340111 9448
0.340123 9448
0.340135 9448
0.340147 9448
0.340159 9448
0.341818 9448
0.34183 9448
0.341842 9448
0.341854 9448
0.341866 9448
0.341878 9448
0.34189 9448
0.343464 9448
0.343476 9448
0.343488 9448
0.3435 9448
0.343512 9448
0.343524 9448
0.343536 9448
0.343548 9448
0.345338 9448
0.345338 9448
0.345338 10632
0.34535 10632
0.345362 10632
0.345374 10632
0.345386 10632
0.345398 10632
0.34541 10632
0.345422 10632
0.345434 10632
0.347033 10632
0.347045 10632
0.347057 10632
0.347069 10632
0.347081 10632
0.347093 10632
0.347105 10632
0.347117 10632
0.348751 10632
0.348751 10632
0.348751 10657
0.348763 10657
0.348775 10657
0.348787 10657
0.348799 10657
0.348811 10657
0.348823 10657
0.348835 10657
0.348847 10657
0.350625 10657
0.350625 10657
0.350625 9425
0.350637 9425
0.350649 9425
0.350661 9425
0.350673 9425
0.350685 9425
0.350697 9425
0.350709 9425
0.352272 9425
0.352284 9425
0.352296 9425
0.352308 9425
0.35232 9425
0.352332 9425
0.352344 9425
0.354038 9425
0.354038 9425
0.354038 9319
0.35405 9319
0.354062 9319
0.354074 9319
0.354086 9319
0.354098 9319
0.35411 9319
0.354122 9319
0.355804 9319
0.355816 9319
0.355828 9319
0.35584 9319
0.355852 9319
0.355864 9319
0.355876 9319
0.357438 9319
0.35745 9319
0.357462 9319
0.357474 9319
0.357487 9319
0.357499 9319
0.357511 9319
0.357523 9319
0.359313 9319
0.359313 9319
0.359313 10533
0.359325 10533
0.359337 10533
0.359349 10533
0.359361 10533
0.359373 10533
0.359385 10533
0.359397 10533
0.359409 10533
0.361007 10533
0.361019 10533
0.361031 10533
0.361043 10533
0.361055 10533
0.361067 10533
0.361079 10533
0.361091 10533
0.362713 10533
0.362713 10533
0.362713 10304
0.362725 10304
0.362738 10304
0.36275 10304
0.362762 10304
0.362774 10304
0.362786 10304
0.362798 10304
0.36281 10304
0.364588 10304
0.364588 10304
0.364588 9017
0.3646 9017
0.364612 9017
0.364624 9017
0.364636 9017
0.364648 9017
0.36466 9017
0.364672 9017
0.36627 9017
0.366282 9017
0.366294 9017
0.366306 9017
0.366318 9017
0.36633 9017
0.366342 9017
0.367964 9017
0.367964 9017
0.367964 9060
0.367976 9060
0.367988 9060
0.368001 9060
0.368013 9060
0.368025 9060
0.368037 9060
0.368049 9060
0.369875 9060
0.369875 9060
0.369875 7988
0.369887 7988
0.369899 7988
0.369911 7988
0.369923 7988
0.369935 7988
0.369947 7988
0.371545 7988
0.371557 7988
0.371569 7988
0.371581 7988
0.371593 7988
0.371605 7988
0.373264 7988
0.373264 7988
0.373264 8033
0.373276 8033
0.373288 8033
0.3733 8033
0.373312 8033
0.373324 8033
0.373336 8033
0.375126 8033
0.375126 8033
0.375126 7001
0.375138 7001
0.37515 7001
0.375162 7001
0.375174 7001
0.375186 7001
0.376772 7001
0.376784 7001
0.376796 7001
0.376808 7001
0.37682 7001
0.378563 7001
0.378563 7001
0.378563 7063
0.378575 7063
0.378587 7063
0.378599 7063
0.378611 7063
0.378623 7063
0.380365 7063
0.380377 7063
0.380389 7063
0.380401 7063
0.380413 7063
0.381975 7063
0.381987 7063
0.381999 7063
0.382011 7063
0.382023 7063
0.382035 7063
0.383802 7063
0.383802 7063
0.383802 8222
0.383814 8222
0.383826 8222
0.383838 8222
0.38385 8222
0.383862 8222
0.383874 8222
0.385532 8222
0.385544 8222
0.385556 8222
0.385568 8222
0.38558 8222
0.385592 8222
0.387178 8222
0.38719 8222
0.387202 8222
0.387214 8222
0.387226 8222
0.387238 8222
0.38725 8222
0.389053 8222
0.389053 8222
0.389053 9442
0.389065 9442
0.389077 9442
0.389089 9442
0.389101 9442
0.389113 9442
0.389125 9442
0.389137 9442
0.390759 9442
0.390771 9442
0.390783 9442
0.390795 9442
0.390807 9442
0.390819 9442
0.390831 9442
0.392489 9442
0.392489 9442
0.392489 9358
0.392501 9358
0.392513 9358
0.392525 9358
0.392537 9358
0.392549 9358
0.392561 9358
0.392573 9358
0.394352 9358
0.394352 9358
0.394352 8162
0.394364 8162
0.394376 8162
0.394388 8162
0.3944 8162
0.394412 8162
0.394424 8162
0.395986 8162
0.395998 8162
0.39601 8162
0.396022 8162
0.396034 8162
0.396046 8162
0.397728 8162
0.397728 8162
0.397728 8207
0.39774 8207
0.397752 8207
0.397764 8207
0.397776 8207
0.397788 8207
0.3978 8207
0.399603 8207
0.399603 8207
0.399603 7223
0.399615 7223
0.399627 7223
0.399639 7223
0.399651 7223
0.399663 7223
0.401237 7223
0.401249 7223
0.401261 7223
0.401273 7223
0.401285 7223
0.403003 7223
0.403003 7223
0.403003 7282
0.403015 7282
0.403027 7282
0.403039 7282
0.403051 7282
0.403063 7282
0.404842 7282
0.404842 7282
0.404842 6354
0.404854 6354
0.404866 6354
0.404878 6354
0.40489 6354
0.406452 6354
0.406464 6354
0.406476 6354
0.406488 6354
0.4065 6354
0.408278 6354
0.408278 6354
0.408278 6812
0.40829 6812
0.408302 6812
0.408314 6812
0.408326 6812
0.408338 6812
0.410093 6812
0.410105 6812
0.410117 6812
0.410129 6812
0.410141 6812
0.411679 6812
0.411691 6812
0.411703 6812
0.411715 6812
0.411727 6812
0.411739 6812
0.413493 6812
0.413493 6812
0.413493 8352
0.413505 8352
0.413517 8352
0.413529 8352
0.413541 8352
0.413553 8352
0.413565 8352
0.415271 8352
0.415283 8352
0.415295 8352
0.415308 8352
0.41532 8352
0.415332 8352
0.416882 8352
0.416894 8352
0.416906 8352
0.416918 8352
0.41693 8352
0.416942 8352
0.416954 8352
0.418732 8352
0.418732 8352
0.418732 9625
0.418744 9625
0.418756 9625
0.418768 9625
0.41878 9625
0.418792 9625
0.418804 9625
0.418816 9625
0.420474 9625
0.420486 9625
0.420498 9625
0.42051 9625
0.420522 9625
0.420534 9625
0.420546 9625
0.422121 9625
0.422133 9625
0.422145 9625
0.422157 9625
0.422169 9625
0.422181 9625
0.422193 9625
0.422205 9625
0.423995 9625
0.423995 9625
0.423995 10892
0.424007 10892
0.424019 10892
0.424031 10892
0.424043 10892
0.424055 10892
0.424067 10892
0.424079 10892
0.424091 10892
0.425725 10892
0.425737 10892
0.425749 10892
0.425761 10892
0.425773 10892
0.425785 10892
0.425797 10892
0.425809 10892
0.42742 10892
0.42742 10892
0.42742 10775
0.427432 10775
0.427444 10775
0.427456 10775
0.427468 10775
0.42748 10775
0.427492 10775
0.427504 10775
0.427516 10775
0.42933 10775
0.42933 10775
0.42933 9422
0.429342 9422
0.429354 9422
0.429366 9422
0.429378 9422
0.42939 9422
0.429402 9422
0.429414 9422
0.431024 9422
0.431036 9422
0.431048 9422
0.43106 9422
0.431072 9422
0.431085 9422
0.431097 9422
0.432719 9422
0.432719 9422
0.432719 9376
0.432731 9376
0.432743 9376
0.432755 9376
0.432767 9376
0.432779 9376
0.432791 9376
0.432803 9376
0.434629 9376
0.434629 9376
0.434629 8249
0.434641 8249
0.434653 8249
0.434665 8249
0.434677 8249
0.434689 8249
0.434701 8249
0.436323 8249
0.436336 8249
0.436348 8249
0.43636 8249
0.436372 8249
0.436384 8249
0.437994 8249
0.438006 8249
0.438018 8249
0.43803 8249
0.438042 8249
0.438054 8249
0.438066 8249
0.438066 8249
0.438066 9268
0.439892 9268
0.439904 9268
0.439916 9268
0.439928 9268
0.43994 9268
0.439952 9268
0.439964 9268
0.439976 9268
0.439976 9268
0.439976 8130
0.441574 8130
0.441586 8130
0.441599 8130
0.441611 8130
0.441623 8130
0.441635 8130
0.441647 8130
0.443257 8130
0.443269 8130
0.443281 8130
0.443293 8130
0.443305 8130
0.443317 8130
0.445131 8130
0.445131 8130
0.445131 8672
0.445143 8672
0.445155 8672
0.445167 8672
0.445179 8672
0.445191 8672
0.445203 8672
0.446837 8672
0.44685 8672
0.446862 8672
0.446874 8672
0.446886 8672
0.446898 8672
0.448496 8672
0.448508 8672
0.44852 8672
0.448532 8672
0.448544 8672
0.448544 8672
0.448544 9485
0.448556 9485
0.448568 9485
0.450394 9485
0.450406 9485
0.450418 9485
0.45043 9485
0.450442 9485
0.450454 9485
0.450454 9485
0.450454 8492
0.452028 8492
0.45204 8492
0.452052 8492
0.452064 8492
0.452076 8492
0.452088 8492
0.4521 8492
0.453771 8492
0.453771 8492
0.453771 7963
0.453783 7963
0.453795 7963
0.453807 7963
0.453819 7963
0.453831 7963
0.455657 7963
0.455657 7963
0.455657 7089
0.455669 7089
0.455681 7089
0.455693 7089
0.455705 7089
0.455717 7089
0.457376 7089
0.457388 7089
0.4574 7089
0.457412 7089
0.457424 7089
0.459022 7089
0.459034 7089
0.459046 7089
0.459058 7089
0.45907 7089
0.459082 7089
0.459082 7089
0.459082 8371
0.460896 8371
0.460908 8371
0.46092 8371
0.460932 8371
0.460944 8371
0.460956 8371
0.460968 8371
0.460968 8371
0.460968 7561
0.462554 7561
0.462566 7561
0.462578 7561
0.46259 7561
0.462602 7561
0.462614 7561
0.464333 7561
0.464333 7561
0.464333 7173
0.464345 7173
0.464357 7173
0.464369 7173
0.464381 7173
0.464393 7173
0.466063 7173
0.466075 7173
0.466087 7173
0.466099 7173
0.466111 7173
0.467661 7173
0.467673 7173
0.467685 7173
0.467697 7173
0.467709 7173
0.467721 7173
0.4695 7173
0.4695 7173
0.4695 8638
0.469512 8638
0.469524 8638
0.469536 8638
0.469548 8638
0.46956 8638
0.469572 8638
0.471242 8638
0.471254 8638
0.471266 8638
0.471278 8638
0.47129 8638
0.471302 8638
0.472852 8638
0.472864 8638
0.472876 8638
0.472888 8638
0.4729 8638
0.472912 8638
0.472924 8638
0.474679 8638
0.474679 8638
0.474679 10030
0.474691 10030
0.474703 10030
0.474715 10030
0.474727 10030
0.474739 10030
0.474751 10030
0.474763 10030
0.476397 10030
0.476409 10030
0.476421 10030
0.476433 10030
0.476445 10030
0.476457 10030
0.476469 10030
0.478103 10030
0.478103 10030
0.478103 10035
0.478115 10035
0.478127 10035
0.478139 10035
0.478151 10035
0.478163 10035
0.478175 10035
0.478187 10035
0.479906 10035
0.479918 10035
0.47993 10035
0.479942 10035
0.479954 10035
0.479966 10035
0.479978 10035
0.481528 10035
0.48154 10035
0.481552 10035
0.481564 10035
0.481576 10035
0.481588 10035
0.4816 10035
0.481612 10035
0.483366 10035
0.483366 10035
0.483366 11264
0.483378 11264
0.48339 11264
0.483402 11264
0.483414 11264
0.483426 11264
0.483438 11264
0.48345 11264
0.483462 11264
0.485096 11264
0.485108 11264
0.48512 11264
0.485132 11264
0.485144 11264
0.485157 11264
0.485169 11264
0.485181 11264
0.486719 11264
0.486731 11264
0.486743 11264
0.486755 11264
0.486767 11264
0.486779 11264
0.486791 11264
0.486803 11264
0.486815 11264
0.488557 11264
0.488557 11264
0.488557 12375
0.488569 12375
0.488581 12375
0.488593 12375
0.488605 12375
0.488617 12375
0.488629 12375
0.488641 12375
0.488653 12375
0.488665 12375
0.490299 12375
0.490311 12375
0.490323 12375
0.490335 12375
0.490347 12375
0.490359 12375
0.490371 12375
0.490383 12375
0.490395 12375
0.49191 12375
0.491922 12375
0.491934 12375
0.491946 12375
0.491958 12375
0.49197 12375
0.491982 12375
0.491994 12375
0.492006 12375
0.492018 12375
0.49376 12375
0.49376 12375
0.49376 13494
0.493772 13494
0.493784 13494
0.493796 13494
0.493808 13494
0.49382 13494
0.493832 13494
0.493844 13494
0.493856 13494
0.493868 13494
0.49388 13494
0.495454 13494
0.495466 13494
0.495478 13494
0.49549 13494
0.495502 13494
0.495514 13494
0.495526 13494
0.495538 13494
0.49555 13494
0.495562 13494
0.497209 13494
0.497209 13494
0.497209 13259
0.497221 13259
0.497233 13259
0.497245 13259
0.497257 13259
0.497269 13259
0.497281 13259
0.497293 13259
0.497305 13259
0.497317 13259
0.497329 13259
0.499059 13259
0.499059 13259
0.499059 11769
0.499071 11769
0.499083 11769
0.499095 11769
0.499107 11769
0.499119 11769
0.499131 11769
0.499143 11769
0.499155 11769
0.499167 11769
0.500693 11769
0.500705 11769
0.500717 11769
0.500729 11769
0.500741 11769
0.500753 11769
0.500765 11769
0.500777 11769
0.500789 11769
0.502448 11769
0.502448 11769
0.502448 11369
0.50246 11369
0.502472 11369
0.502484 11369
0.502496 11369
0.502508 11369
0.50252 11369
0.502532 11369
0.502544 11369
0.502556 11369
0.504262 11369
0.504274 11369
0.504286 11369
0.504298 11369
0.50431 11369
0.504322 11369
0.504334 11369
0.504346 11369
0.505824 11369
0.505836 11369
0.505848 11369
0.50586 11369
0.505872 11369
0.505884 11369
0.505896 11369
0.505908 11369
0.50592 11369
0.507614 11369
0.507614 11369
0.507614 12341
0.507626 12341
0.507638 12341
0.50765 12341
0.507662 12341
0.507674 12341
0.507687 12341
0.507699 12341
0.507711 12341
0.507723 12341
0.509393 12341
0.509405 12341
0.509417 12341
0.509429 12341
0.509441 12341
0.509453 12341
0.509465 12341
0.509477 12341
0.509489 12341
0.510979 12341
0.510991 12341
0.511003 12341
0.511015 12341
0.511027 12341
0.511039 12341
0.511051 12341
0.511063 12341
0.511075 12341
0.511087 12341
0.512805 12341
0.512805 12341
0.512805 13202
0.512817 13202
0.512829 13202
0.512841 13202
0.512853 13202
0.512865 13202
0.512877 13202
0.512889 13202
0.512901 13202
0.512913 13202
0.512925 13202
0.514584 13202
0.514596 13202
0.514608 13202
0.51462 13202
0.514632 13202
0.514644 13202
0.514656 13202
0.514668 13202
0.51468 13202
0.514692 13202
0.51617 13202
0.516182 13202
0.516194 13202
0.516206 13202
0.516218 13202
0.51623 13202
0.516242 13202
0.516254 13202
0.516266 13202
0.516278 13202
0.51629 13202
0.517972 13202
0.517972 13202
0.517972 14208
0.517984 14208
0.517996 14208
0.518008 14208
0.51802 14208
0.518032 14208
0.518044 14208
0.518056 14208
0.518068 14208
0.51808 14208
0.518092 14208
0.519739 14208
0.519751 14208
0.519763 14208
0.519775 14208
0.519787 14208
0.519799 14208
0.519811 14208
0.519823 14208
0.519835 14208
0.519847 14208
0.521421 14208
0.521433 14208
0.521445 14208
0.521457 14208
0.521469 14208
0.521481 14208
0.521493 14208
0.521505 14208
0.521517 14208
0.521529 14208
0.521541 14208
0.523307 14208
0.523307 14208
0.523307 14864
0.523319 14864
0.523331 14864
0.523343 14864
0.523355 14864
0.523367 14864
0.523379 14864
0.523391 14864
0.523403 14864
0.523415 14864
0.523427 14864
0.523439 14864
0.525002 14864
0.525014 14864
0.525026 14864
0.525038 14864
0.52505 14864
0.525062 14864
0.525074 14864
0.525086 14864
0.525098 14864
0.52511 14864
0.525122 14864
0.526744 14864
0.526744 14864
0.526744 14193
0.526756 14193
0.526768 14193
0.52678 14193
0.526792 14193
0.526804 14193
0.526816 14193
0.526828 14193
0.52684 14193
0.526852 14193
0.526864 14193
0.526876 14193
0.528594 14193
0.528594 14193
0.528594 12436
0.528606 12436
0.528618 12436
0.52863 12436
0.528642 12436
0.528654 12436
0.528666 12436
0.528678 12436
0.52869 12436
0.528702 12436
0.530217 12436
0.530229 12436
0.530241 12436
0.530253 12436
0.530265 12436
0.530277 12436
0.530289 12436
0.530301 12436
0.530313 12436
0.531995 12436
0.531995 12436
0.531995 11970
0.532007 11970
0.532019 11970
0.532031 11970
0.532043 11970
0.532055 11970
0.532067 11970
0.532079 11970
0.532091 11970
0.532103 11970
0.533773 11970
0.533785 11970
0.533797 11970
0.533809 11970
0.533821 11970
0.533833 11970
0.533845 11970
0.533857 11970
0.533869 11970
0.535431 11970
0.535443 11970
0.535455 11970
0.535468 11970
0.53548 11970
0.535492 11970
0.535504 11970
0.535516 11970
0.535528 11970
0.53554 11970
0.537306 11970
0.537306 11970
0.537306 12838
0.537318 12838
0.53733 12838
0.537342 12838
0.537354 12838
0.537366 12838
0.537378 12838
0.53739 12838
0.537402 12838
0.537414 12838
0.537426 12838
0.539024 12838
0.539036 12838
0.539048 12838
0.53906 12838
0.539072 12838
0.539084 12838
0.539096 12838
0.539108 12838
0.53912 12838
0.540706 12838
0.540718 12838
0.540731 12838
0.540743 12838
0.540755 12838
0.540767 12838
0.540779 12838
0.540791 12838
0.540803 12838
0.540803 12838
0.540803 13453
0.540815 13453
0.542629 13453
0.542641 13453
0.542653 13453
0.542665 13453
0.542677 13453
0.542689 13453
0.542701 13453
0.542713 13453
0.542725 13453
0.542737 13453
0.542737 13453
0.542737 11764
0.544311 11764
0.544323 11764
0.544335 11764
0.544347 11764
0.544359 11764
0.544371 11764
0.544383 11764
0.544395 11764
0.544407 11764
0.544419 11764
0.546042 11764
0.546042 11764
0.546042 10752
0.546054 10752
0.546066 10752
0.546078 10752
0.54609 10752
0.546102 10752
0.546114 10752
0.546126 10752
0.546138 10752
0.547928 10752
0.547928 10752
0.547928 9690
0.54794 9690
0.547952 9690
0.547964 9690
0.547976 9690
0.547988 9690
0.548 9690
0.548012 9690
0.549574 9690
0.549586 9690
0.549598 9690
0.54961 9690
0.549622 9690
0.549634 9690
0.549646 9690
0.551329 9690
0.551329 9690
0.551329 9641
0.551341 9641
0.551353 9641
0.551365 9641
0.551377 9641
0.551389 9641
0.551401 9641
0.551413 9641
0.553155 9641
0.553155 9641
0.553155 8461
0.553167 8461
0.553179 8461
0.553191 8461
0.553203 8461
0.553215 8461
0.553227 8461
0.554765 8461
0.554777 8461
0.554789 8461
0.554801 8461
0.554813 8461
0.554825 8461
0.556568 8461
0.556568 8461
0.556568 8698
0.55658 8698
0.556592 8698
0.556604 8698
0.556616 8698
0.556628 8698
0.55664 8698
0.558358 8698
0.55837 8698
0.558382 8698
0.558394 8698
0.558406 8698
0.558418 8698
0.559956 8698
0.559968 8698
0.55998 8698
0.559992 8698
0.560004 8698
0.560016 8698
0.560028 8698
0.561759 8698
0.561759 8698
0.561759 10012
0.561771 10012
0.561783 10012
0.561795 10012
0.561807 10012
0.561819 10012
0.561831 10012
0.561843 10012
0.563561 10012
0.563573 10012
0.563585 10012
0.563597 10012
0.563609 10012
0.563621 10012
0.563633 10012
0.565195 10012
0.565207 10012
0.565219 10012
0.565231 10012
0.565243 10012
0.565255 10012
0.565267 10012
0.565279 10012
0.56701 10012
0.56701 10012
0.56701 11163
0.567022 11163
0.567034 11163
0.567046 11163
0.567058 11163
0.56707 11163
0.567082 11163
0.567094 11163
0.567106 11163
0.568764 11163
0.568776 11163
0.568788 11163
0.5688 11163
0.568812 11163
0.568824 11163
0.568836 11163
0.568848 11163
0.570386 11163
0.570398 11163
0.57041 11163
0.570422 11163
0.570434 11163
0.570446 11163
0.570458 11163
0.57047 11163
0.570482 11163
0.572248 11163
0.572248 11163
0.572248 12336
0.57226 12336
0.572273 12336
0.572285 12336
0.572297 12336
0.572309 12336
0.572321 12336
0.572333 12336
0.572345 12336
0.572357 12336
0.574015 12336
0.574027 12336
0.574039 12336
0.574051 12336
0.574063 12336
0.574075 12336
0.574087 12336
0.574099 12336
0.574111 12336
0.575649 12336
0.575661 12336
0.575673 12336
0.575685 12336
0.575697 12336
0.575709 12336
0.575721 12336
0.575733 12336
0.575745 12336
0.575757 12336
0.577499 12336
0.577499 12336
0.577499 13394
0.577511 13394
0.577524 13394
0.577536 13394
0.577548 13394
0.57756 13394
0.577572 13394
0.577584 13394
0.577596 13394
0.577608 13394
0.57762 13394
0.579242 13394
0.579254 13394
0.579266 13394
0.579278 13394
0.57929 13394
0.579302 13394
0.579314 13394
0.579326 13394
0.579338 13394
0.57935 13394
0.580924 13394
0.580936 13394
0.580948 13394
0.58096 13394
0.580972 13394
0.580984 13394
0.580996 13394
0.581008 13394
0.58102 13394
0.581032 13394
0.581044 13394
0.582787 13394
0.582787 13394
0.582787 14484
0.582799 14484
0.582811 14484
0.582823 14484
0.582835 14484
0.582847 14484
0.582859 14484
0.582871 14484
0.582883 14484
0.582895 14484
0.582907 14484
0.582919 14484
0.584481 14484
0.584493 14484
0.584505 14484
0.584517 14484
0.584529 14484
0.584541 14484
0.584553 14484
0.584565 14484
0.584577 14484
0.584589 14484
0.586211 14484
0.586211 14484
0.586211 13948
0.586223 13948
0.586235 13948
0.586247 13948
0.586259 13948
0.586271 13948
0.586283 13948
0.586295 13948
0.586307 13948
0.586319 13948
0.586331 13948
0.588098 13948
0.588098 13948
0.588098 12343
0.58811 12343
0.588122 12343
0.588134 12343
0.588146 12343
0.588158 12343
0.58817 12343
0.588182 12343
0.588194 12343
0.588206 12343
0.589756 12343
0.589768 12343
0.58978 12343
0.589792 12343
0.589804 12343
0.589816 12343
0.589828 12343
0.58984 12343
0.589852 12343
0.591522 12343
0.591522 12343
0.591522 11878
0.591534 11878
0.591546 11878
0.591558 11878
0.59157 11878
0.591582 11878
0.591594 11878
0.591606 11878
0.591618 11878
0.59163 11878
0.593288 11878
0.593301 11878
0.593313 11878
0.593325 11878
0.593337 11878
0.593349 11878
0.593361 11878
0.593373 11878
0.593385 11878
0.594935 11878
0.594947 11878
0.594959 11878
0.594971 11878
0.594983 11878
0.594995 11878
0.595007 11878
0.595019 11878
0.595031 11878
0.595043 11878
0.596809 11878
0.596809 11878
0.596809 12777
0.596821 12777
0.596833 12777
0.596845 12777
0.596857 12777
0.596869 12777
0.596881 12777
0.596893 12777
0.596905 12777
0.596917 12777
0.596929 12777
0.598515 12777
0.598527 12777
0.598539 12777
0.598552 12777
0.598564 12777
0.598576 12777
0.598588 12777
0.5986 12777
0.598612 12777
0.600222 12777
0.600222 12777
0.600222 12378
0.600234 12378
0.600246 12378
0.600258 12378
0.60027 12378
0.600282 12378
0.600294 12378
0.600306 12378
0.600318 12378
0.60033 12378
0.602144 12378
0.602144 12378
0.602144 10738
0.602156 10738
0.602168 10738
0.60218 10738
0.602192 10738
0.602204 10738
0.602216 10738
0.602228 10738
0.60224 10738
0.603827 10738
0.603839 10738
0.603851 10738
0.603863 10738
0.603875 10738
0.603887 10738
0.603899 10738
0.603911 10738
0.605533 10738
0.605533 10738
0.605533 10384
0.605545 10384
0.605557 10384
0.605569 10384
0.605581 10384
0.605593 10384
0.605605 10384
0.605617 10384
0.605629 10384
0.607407 10384
0.607407 10384
0.607407 8936
0.607419 8936
0.607431 8936
0.607443 8936
0.607455 8936
0.607467 8936
0.607479 8936
0.607491 8936
0.609053 8936
0.609066 8936
0.609078 8936
0.60909 8936
0.609102 8936
0.609114 8936
0.609126 8936
0.610832 8936
0.610832 8936
0.610832 8899
0.610844 8899
0.610856 8899
0.610868 8899
0.61088 8899
0.610892 8899
0.610904 8899
0.610916 8899
0.61267 8899
0.61267 8899
0.61267 7792
0.612682 7792
0.612694 7792
0.612706 7792
0.612718 7792
0.61273 7792
0.612742 7792
0.61428 7792
0.614292 7792
0.614304 7792
0.614316 7792
0.614329 7792
0.614341 7792
0.616035 7792
0.616035 7792
0.616035 7849
0.616047 7849
0.616059 7849
0.616071 7849
0.616083 7849
0.616095 7849
0.616107 7849
0.617885 7849
0.617885 7849
0.617885 6824
0.617897 6824
0.617909 6824
0.617921 6824
0.617933 6824
0.617945 6824
0.619507 6824
0.619519 6824
0.619531 6824
0.619543 6824
0.619555 6824
0.621286 6824
0.621286 6824
0.621286 6918
0.621298 6918
0.62131 6918
0.621322 6918
0.621334 6918
0.621346 6918
0.623112 6918
0.623124 6918
0.623136 6918
0.623148 6918
0.62316 6918
0.624698 6918
0.62471 6918
0.624722 6918
0.624734 6918
0.624746 6918
0.624758 6918
0.626525 6918
0.626525 6918
0.626525 8103
0.626537 8103
0.626549 8103
0.626561 8103
0.626573 8103
0.626585 8103
0.626597 8103
0.628339 8103
0.628351 8103
0.628363 8103
0.628375 8103
0.628375 8103
0.628375 7565
0.628387 7565
0.628399 7565
0.629961 7565
0.629973 7565
0.629985 7565
0.629997 7565
0.630009 7565
0.631776 7565
0.631776 7565
0.631776 7155
0.631788 7155
0.6318 7155
0.631812 7155
0.631824 7155
0.631836 7155
0.633578 7155
0.63359 7155
0.633602 7155
0.633614 7155
0.633626 7155
0.635152 7155
0.635164 7155
0.635176 7155
0.635188 7155
0.6352 7155
0.635212 7155
0.636943 7155
0.636943 7155
0.636943 8442
0.636955 8442
0.636967 8442
0.636979 8442
0.636991 8442
0.637003 8442
0.637015 8442
0.638733 8442
0.638745 8442
0.638757 8442
0.638769 8442
0.638781 8442
0.638793 8442
0.640379 8442
0.640391 8442
0.640403 8442
0.640415 8442
0.640427 8442
0.640439 8442
0.640451 8442
0.642242 8442
0.642242 8442
0.642242 9765
0.642254 9765
0.642266 9765
0.642278 9765
0.64229 9765
0.642302 9765
0.642314 9765
0.642326 9765
0.644008 9765
0.64402 9765
0.644032 9765
0.644044 9765
0.644056 9765
0.644068 9765
0.64408 9765
0.645666 9765
0.645678 9765
0.64569 9765
0.645702 9765
0.645714 9765
0.645726 9765
0.645738 9765
0.64575 9765
0.647553 9765
0.647553 9765
0.647553 10924
0.647565 10924
0.647577 10924
0.647589 10924
0.647601 10924
0.647613 10924
0.647625 10924
0.647637 10924
0.647649 10924
0.649271 10924
0.649283 10924
0.649295 10924
0.649307 10924
0.649319 10924
0.649331 10924
0.649343 10924
0.649355 10924
0.650965 10924
0.650977 10924
0.650977 10924
0.650977 11008
0.650989 11008
0.651001 11008
0.651013 11008
0.651025 11008
0.651037 11008
0.651049 11008
0.651061 11008
0.652888 11008
0.6529 11008
0.6529 11008
0.6529 9752
0.652912 9752
0.652924 9752
0.652936 9752
0.652948 9752
0.65296 9752
0.652972 9752
0.65457 9752
0.654582 9752
0.654594 9752
0.654606 9752
0.654618 9752
0.65463 9752
0.654642 9752
0.656264 9752
0.656264 9752
0.656264 9461
0.656276 9461
0.656288 9461
0.6563 9461
0.656312 9461
0.656324 9461
0.656336 9461
0.656348 9461
0.658163 9461
0.658163 9461
0.658163 8267
0.658175 8267
0.658187 8267
0.658199 8267
0.658211 8267
0.658223 8267
0.658235 8267
0.659833 8267
0.659845 8267
0.659857 8267
0.659869 8267
0.659881 8267
0.659893 8267
0.661575 8267
0.661575 8267
0.661575 8300
0.661587 8300
0.661599 8300
0.661611 8300
0.661623 8300
0.661636 8300
0.661648 8300
0.663438 8300
0.663438 8300
0.663438 7310
0.66345 7310
0.663462 7310
0.663474 7310
0.663486 7310
0.663498 7310
0.665072 7310
0.665084 7310
0.665096 7310
0.665108 7310
0.66512 7310
0.666814 7310
0.666814 7310
0.666814 7352
0.666826 7352
0.666838 7352
0.66685 7352
0.666862 7352
0.666874 7352
0.668665 7352
0.668665 7352
0.668665 6416
0.668677 6416
0.668689 6416
0.668701 6416
0.668713 6416
0.670299 6416
0.670311 6416
0.670323 6416
0.670335 6416
0.670347 6416
0.672065 6416
0.672065 6416
0.672065 6619
0.672077 6619
0.672089 6619
0.672101 6619
0.672113 6619
0.672125 6619
0.67388 6619
0.673892 6619
0.673904 6619
0.673916 6619
0.673928 6619
0.675454 6619
0.675466 6619
0.675478 6619
0.67549 6619
0.675502 6619
0.675514 6619
0.677268 6619
0.677268 6619
0.677268 8009
0.67728 8009
0.677292 8009
0.677304 8009
0.677316 8009
0.677328 8009
0.67734 8009
0.679047 8009
0.679059 8009
0.679071 8009
0.679083 8009
0.679095 8009
0.679107 8009
0.680705 8009
0.680717 8009
0.680729 8009
0.680741 8009
0.680753 8009
0.680765 8009
0.680777 8009
0.682567 8009
0.682567 8009
0.682567 9283
0.682579 9283
0.682591 9283
0.682603 9283
0.682615 9283
0.682627 9283
0.682639 9283
0.682651 9283
0.684226 9283
0.684238 9283
0.68425 9283
0.684262 9283
0.684274 9283
0.684286 9283
0.684298 9283
0.685992 9283
0.685992 9283
0.685992 9196
0.686004 9196
0.686016 9196
0.686028 9196
0.68604 9196
0.686052 9196
0.686064 9196
0.686076 9196
0.687794 9196
0.687806 9196
0.687818 9196
0.68783 9196
0.687842 9196
0.687854 9196
0.687866 9196
0.689404 9196
0.689416 9196
0.689429 9196
0.689441 9196
0.689453 9196
0.689465 9196
0.689477 9196
0.689489 9196
0.691231 9196
0.691231 9196
0.691231 10480
0.691243 10480
0.691255 10480
0.691267 10480
0.691279 10480
0.691291 10480
0.691303 10480
0.691315 10480
0.691327 10480
0.692985 10480
0.692997 10480
0.693009 10480
0.693021 10480
0.693033 10480
0.693045 10480
0.693057 10480
0.693069 10480
0.694643 10480
0.694655 10480
0.694667 10480
0.69468 10480
0.694692 10480
0.694704 10480
0.694716 10480
0.694728 10480
0.69474 10480
0.69653 10480
0.69653 10480
0.69653 11686
0.696542 11686
0.696554 11686
0.696566 11686
0.696578 11686
0.69659 11686
0.696602 11686
0.696614 11686
0.696626 11686
0.696638 11686
0.698236 11686
0.698248 11686
0.69826 11686
0.698272 11686
0.698284 11686
0.698296 11686
0.698308 11686
0.69832 11686
0.698332 11686
0.699943 11686
0.699943 11686
0.699943 11550
0.699955 11550
0.699967 11550
0.699979 11550
0.699991 11550
0.700003 11550
0.700015 11550
0.700027 11550
0.700039 11550
0.700051 11550
0.701853 11550
0.701853 11550
0.701853 10257
0.701865 10257
0.701877 10257
0.701889 10257
0.701901 10257
0.701913 10257
0.701925 10257
0.701937 10257
0.703523 10257
0.703535 10257
0.703547 10257
0.703559 10257
0.703571 10257
0.703583 10257
0.703595 10257
0.705194 10257
0.705206 10257
0.705206 10257
0.705206 10029
0.705218 10029
0.70523 10029
0.705242 10029
0.705254 10029
0.705266 10029
0.705278 10029
0.707104 10029
0.707116 10029
0.707116 10029
0.707116 8700
0.707128 8700
0.70714 8700
0.707152 8700
0.707164 8700
0.707176 8700
0.708774 8700
0.708786 8700
0.708798 8700
0.70881 8700
0.708822 8700
0.708834 8700
0.710541 8700
0.710541 8700
0.710541 8324
0.710553 8324
0.710565 8324
0.710577 8324
0.710589 8324
0.710601 8324
0.710613 8324
0.712343 8324
0.712355 8324
0.712367 8324
0.712379 8324
0.712391 8324
0.712403 8324
0.713929 8324
0.713941 8324
0.713953 8324
0.713965 8324
0.713977 8324
0.713989 8324
0.714001 8324
0.715756 8324
0.715756 8324
0.715756 9500
0.715768 9500
0.71578 9500
0.715792 9500
0.715804 9500
0.715816 9500
0.715828 9500
0.71584 9500
0.717534 9500
0.717546 9500
0.717558 9500
0.71757 9500
0.717582 9500
0.717594 9500
0.717606 9500
0.719156 9500
0.719168 9500
0.71918 9500
0.719192 9500
0.719204 9500
0.719216 9500
0.719228 9500
0.71924 9500
0.720995 9500
0.720995 9500
0.720995 10592
0.721007 10592
0.721019 10592
0.721031 10592
0.721043 10592
0.721055 10592
0.721067 10592
0.721079 10592
0.721091 10592
0.722773 10592
0.722785 10592
0.722797 10592
0.722809 10592
0.722821 10592
0.722833 10592
0.722845 10592
0.722857 10592
0.724359 10592
0.724371 10592
0.724383 10592
0.724395 10592
0.724407 10592
0.724419 10592
0.724431 10592
0.724443 10592
0.724455 10592
0.726149 10592
0.726149 10592
0.726149 11832
0.726161 11832
0.726173 11832
0.726185 11832
0.726197 11832
0.726209 11832
0.726222 11832
0.726234 11832
0.726246 11832
0.726258 11832
0.727952 11832
0.727964 11832
0.727976 11832
0.727976 11832
0.727976 10752
0.727988 10752
0.728 10752
0.728012 10752
0.728024 10752
0.728036 10752
0.728048 10752
0.729562 10752
0.729574 10752
0.729586 10752
0.729598 10752
0.72961 10752
0.729622 10752
0.729634 10752
0.729646 10752
0.731376 10752
0.731376 10752
0.731376 10562
0.731388 10562
0.7314 10562
0.731412 10562
0.731424 10562
0.731436 10562
0.731448 10562
0.73146 10562
0.731472 10562
0.733131 10562
0.733143 10562
0.733155 10562
0.733167 10562
0.733179 10562
0.733191 10562
0.733203 10562
0.733215 10562
0.734813 10562
0.734825 10562
0.734837 10562
0.734849 10562
0.734861 10562
0.734873 10562
0.734885 10562
0.734897 10562
0.734909 10562
0.736723 10562
0.736723 10562
0.736723 12008
0.736736 12008
0.736748 12008
0.73676 12008
0.736772 12008
0.736784 12008
0.736796 12008
0.736808 12008
0.73682 12008
0.736832 12008
0.73843 12008
0.738442 12008
0.738454 12008
0.738466 12008
0.738478 12008
0.73849 12008
0.738502 12008
0.738514 12008
0.738526 12008
0.740148 12008
0.740148 12008
0.740148 11847
0.74016 11847
0.740172 11847
0.740184 11847
0.740196 11847
0.740208 11847
0.74022 11847
0.740232 11847
0.740244 11847
0.740256 11847
0.742023 11847
0.742023 11847
0.742023 10453
0.742035 10453
0.742047 10453
0.742059 10453
0.742071 10453
0.742083 10453
0.742095 10453
0.742107 10453
0.742119 10453
0.743681 10453
0.743693 10453
0.743705 10453
0.743717 10453
0.743729 10453
0.743741 10453
0.743753 10453
0.743765 10453
0.745435 10453
0.745435 10453
0.745435 10398
0.745447 10398
0.745459 10398
0.745471 10398
0.745483 10398
0.745495 10398
0.745507 10398
0.745519 10398
0.745531 10398
0.747274 10398
0.747274 10398
0.747274 9185
0.747286 9185
0.747298 9185
0.74731 9185
0.747322 9185
0.747334 9185
0.747346 9185
0.747358 9185
0.748872 9185
0.748884 9185
0.748896 9185
0.748908 9185
0.74892 9185
0.748932 9185
0.748944 9185
0.750638 9185
0.750638 9185
0.750638 9136
0.75065 9136
0.750662 9136
0.750674 9136
0.750686 9136
0.750698 9136
0.75071 9136
0.750722 9136
0.752452 9136
0.752452 9136
0.752452 7963
0.752464 7963
0.752476 7963
0.752488 7963
0.7525 7963
0.752513 7963
0.752525 7963
0.754039 7963
0.754051 7963
0.754063 7963
0.754075 7963
0.754087 7963
0.754099 7963
0.755829 7963
0.755829 7963
0.755829 8208
0.755841 8208
0.755853 8208
0.755865 8208
0.755877 8208
0.755889 8208
0.755901 8208
0.757619 8208
0.757631 8208
0.757643 8208
0.757655 8208
0.757667 8208
0.757679 8208
0.759241 8208
0.759253 8208
0.759266 8208
0.759278 8208
0.75929 8208
0.759302 8208
0.759314 8208
0.761092 8208
0.761092 8208
0.761092 9501
0.761104 9501
0.761116 9501
0.761128 9501
0.76114 9501
0.761152 9501
0.761164 9501
0.761176 9501
0.762858 9501
0.76287 9501
0.762882 9501
0.762894 9501
0.762906 9501
0.762918 9501
0.76293 9501
0.764492 9501
0.764504 9501
0.764516 9501
0.764529 9501
0.764541 9501
0.764553 9501
0.764565 9501
0.764577 9501
0.766343 9501
0.766343 9501
0.766343 10734
0.766355 10734
0.766367 10734
0.766379 10734
0.766391 10734
0.766403 10734
0.766415 10734
0.766427 10734
0.766439 10734
0.768121 10734
0.768133 10734
0.768145 10734
0.768157 10734
0.768169 10734
0.768181 10734
0.768193 10734
0.768205 10734
0.769695 10734
0.769707 10734
0.769719 10734
0.769731 10734
0.769743 10734
0.769755 10734
0.769767 10734
0.76978 10734
0.769792 10734
0.771498 10734
0.771498 10734
0.771498 11849
0.77151 11849
0.771522 11849
0.771534 11849
0.771546 11849
0.771558 11849
0.77157 11849
0.771582 11849
0.771594 11849
0.771606 11849
0.773264 11849
0.773276 11849
0.773288 11849
0.7733 11849
0.773312 11849
0.773324 11849
0.773336 11849
0.773348 11849
0.77336 11849
0.774934 11849
0.774946 11849
0.774958 11849
0.77497 11849
0.774982 11849
0.774994 11849
0.775006 11849
0.775018 11849
0.77503 11849
0.775043 11849
0.776761 11849
0.776761 11849
0.776761 13039
0.776773 13039
0.776785 13039
0.776797 13039
0.776809 13039
0.776821 13039
0.776833 13039
0.776845 13039
0.776857 13039
0.776869 13039
0.776881 13039
0.778503 13039
0.778515 13039
0.778527 13039
0.778539 13039
0.778551 13039
0.778563 13039
0.778575 13039
0.778587 13039
0.778599 13039
0.780209 13039
0.780209 13039
0.780209 12587
0.780221 12587
0.780233 12587
0.780245 12587
0.780257 12587
0.780269 12587
0.780281 12587
0.780294 12587
0.780306 12587
0.780318 12587
0.782084 12587
0.782084 12587
0.782084 11224
0.782096 11224
0.782108 11224
0.78212 11224
0.782132 11224
0.782144 11224
0.782156 11224
0.782168 11224
0.78218 11224
0.78373 11224
0.783742 11224
0.783754 11224
0.783766 11224
0.783778 11224
0.78379 11224
0.783802 11224
0.783814 11224
0.785472 11224
0.785472 11224
0.785472 11100
0.785484 11100
0.785496 11100
0.785508 11100
0.78552 11100
0.785532 11100
0.785544 11100
0.785557 11100
0.785569 11100
0.787347 11100
0.787347 11100
0.787347 9834
0.787359 9834
0.787371 9834
0.787383 9834
0.787395 9834
0.787407 9834
0.787419 9834
0.787431 9834
0.788981 9834
0.788993 9834
0.789005 9834
0.789017 9834
0.789029 9834
0.789041 9834
0.789053 9834
0.790735 9834
0.790735 9834
0.790735 9592
0.790747 9592
0.790759 9592
0.790771 9592
0.790783 9592
0.790795 9592
0.790808 9592
0.79082 9592
0.79255 9592
0.792562 9592
0.792574 9592
0.792586 9592
0.792598 9592
0.79261 9592
0.792622 9592
0.794136 9592
0.794148 9592
0.79416 9592
0.794172 9592
0.794184 9592
0.794196 9592
0.794208 9592
0.79422 9592
0.795938 9592
0.795938 9592
0.795938 10756
0.79595 10756
0.795962 10756
0.795974 10756
0.795986 10756
0.795998 10756
0.79601 10756
0.796022 10756
0.796034 10756
0.797717 10756
0.797729 10756
0.797741 10756
0.797753 10756
0.797765 10756
0.797777 10756
0.797789 10756
0.797801 10756
0.799351 10756
0.799363 10756
0.799375 10756
0.799387 10756
0.799399 10756
0.799411 10756
0.799423 10756
0.799435 10756
0.799447 10756
0.801165 10756
0.801165 10756
0.801165 11835
0.801177 11835
0.801189 11835
0.801201 11835
0.801213 11835
0.801225 11835
0.801237 11835
0.801249 11835
0.801261 11835
0.801273 11835
0.802968 11835
0.80298 11835
0.802992 11835
0.803004 11835
0.803016 11835
0.803028 11835
0.80304 11835
0.80304 11835
0.80304 11166
0.803052 11166
0.803064 11166
0.804566 11166
0.804578 11166
0.80459 11166
0.804602 11166
0.804614 11166
0.804626 11166
0.804638 11166
0.806332 11166
0.806332 11166
0.806332 10316
0.806344 10316
0.806356 10316
0.806368 10316
0.80638 10316
0.806392 10316
0.806404 10316
0.806416 10316
0.808123 10316
0.808135 10316
0.808147 10316
0.808159 10316
0.808171 10316
0.808183 10316
0.808195 10316
0.808207 10316
0.809769 10316
0.809781 10316
0.809793 10316
0.809805 10316
0.809817 10316
0.809829 10316
0.809841 10316
0.809853 10316
0.811607 10316
0.811607 10316
0.811607 11578
0.811619 11578
0.811631 11578
0.811643 11578
0.811655 11578
0.811667 11578
0.811679 11578
0.811691 11578
0.811703 11578
0.813362 11578
0.813374 11578
0.813386 11578
0.813398 11578
0.81341 11578
0.813422 11578
0.813434 11578
0.813446 11578
0.814996 11578
0.815008 11578
0.81502 11578
0.815032 11578
0.815044 11578
0.815056 11578
0.815068 11578
0.81508 11578
0.815092 11578
0.816834 11578
0.816834 11578
0.816834 12736
0.816846 12736
0.816858 12736
0.81687 12736
0.816882 12736
0.816894 12736
0.816906 12736
0.816918 12736
0.81693 12736
0.816942 12736
0.818601 12736
0.818613 12736
0.818625 12736
0.818637 12736
0.818649 12736
0.818661 12736
0.818673 12736
0.818685 12736
0.818697 12736
0.820271 12736
0.820283 12736
0.820295 12736
0.820307 12736
0.820319 12736
0.820331 12736
0.820343 12736
0.820355 12736
0.820367 12736
0.820379 12736
0.822169 12736
0.822169 12736
0.822169 13785
0.822181 13785
0.822193 13785
0.822205 13785
0.822217 13785
0.822229 13785
0.822241 13785
0.822253 13785
0.822265 13785
0.822277 13785
0.822289 13785
0.823852 13785
0.823864 13785
0.823876 13785
0.823888 13785
0.8239 13785
0.823912 13785
0.823924 13785
0.823936 13785
0.823948 13785
0.82396 13785
0.825582 13785
0.825582 13785
0.825582 13401
0.825594 13401
0.825606 13401
0.825618 13401
0.82563 13401
0.825642 13401
0.825654 13401
0.825666 13401
0.825678 13401
0.82569 13401
0.825702 13401
0.827468 13401
0.827468 13401
0.827468 11806
0.82748 11806
0.827492 11806
0.827504 11806
0.827516 11806
0.827528 11806
0.82754 11806
0.827552 11806
0.827564 11806
0.827576 11806
0.829127 11806
0.829139 11806
0.829151 11806
0.829163 11806
0.829175 11806
0.829187 11806
0.829199 11806
0.829211 11806
0.829223 11806
0.830857 11806
0.830857 11806
0.830857 11602
0.830869 11602
0.830881 11602
0.830893 11602
0.830905 11602
0.830917 11602
0.830929 11602
0.830941 11602
0.830953 11602
0.830965 11602
0.832719 11602
0.832719 11602
0.832719 10223
0.832731 10223
0.832743 10223
0.832755 10223
0.832767 10223
0.832779 10223
0.832791 10223
0.832803 10223
0.832815 10223
0.834353 10223
0.834366 10223
0.834378 10223
0.83439 10223
0.834402 10223
0.834414 10223
0.834426 10223
0.834438 10223
0.836108 10223
0.836108 10223
0.836108 10076
0.83612 10076
0.836132 10076
0.836144 10076
0.836156 10076
0.836168 10076
0.83618 10076
0.836192 10076
0.836204 10076
0.837946 10076
0.837946 10076
0.837946 8766
0.837958 8766
0.83797 8766
0.837982 8766
0.837994 8766
0.838006 8766
0.838018 8766
0.839556 8766
0.839568 8766
0.83958 8766
0.839592 8766
0.839604 8766
0.839616 8766
0.841323 8766
0.841323 8766
0.841323 8556
0.841335 8556
0.841347 8556
0.841359 8556
0.841371 8556
0.841383 8556
0.841395 8556
0.843149 8556
0.843149 8556
0.843149 7450
0.843161 7450
0.843173 7450
0.843185 7450
0.843197 7450
0.843209 7450
0.844759 7450
0.844771 7450
0.844783 7450
0.844795 7450
0.844807 7450
0.844819 7450
0.846526 7450
0.846526 7450
0.846526 7622
0.846538 7622
0.84655 7622
0.846562 7622
0.846574 7622
0.846586 7622
0.848304 7622
0.848316 7622
0.848328 7622
0.84834 7622
0.848352 7622
0.848364 7622
0.849926 7622
0.849938 7622
0.84995 7622
0.849962 7622
0.849974 7622
0.849986 7622
0.849998 7622
0.851753 7622
0.851753 7622
0.851753 8986
0.851765 8986
0.851777 8986
0.851789 8986
0.851801 8986
0.851813 8986
0.851825 8986
0.853543 8986
0.853543 8986
0.853543 7940
0.853555 7940
0.853567 7940
0.853579 7940
0.853591 7940
0.853603 7940
0.853615 7940
0.855153 7940
0.855165 7940
0.855177 7940
0.855189 7940
0.855201 7940
0.855213 7940
0.856968 7940
0.856968 7940
0.856968 8458
0.85698 8458
0.856992 8458
0.857004 8458
0.857016 8458
0.857028 8458
0.85704 8458
0.858734 8458
0.858746 8458
0.858758 8458
0.85877 8458
0.858782 8458
0.858794 8458
0.86044 8458
0.86044 8458
0.86044 8660
0.860452 8660
0.860464 8660
0.860476 8660
0.860488 8660
0.8605 8660
0.860512 8660
0.862315 8660
0.862315 8660
0.862315 7801
0.862327 7801
0.862339 7801
0.862351 7801
0.862363 7801
0.862375 7801
0.863925 7801
0.863937 7801
0.863949 7801
0.863961 7801
0.863973 7801
0.863985 7801
0.865715 7801
0.865715 7801
0.865715 7979
0.865727 7979
0.865739 7979
0.865751 7979
0.865763 7979
0.865775 7979
0.865787 7979
0.867482 7979
0.867494 7979
0.867506 7979
0.867518 7979
0.86753 7979
0.867542 7979
0.869164 7979
0.869176 7979
0.869188 7979
0.8692 7979
0.869212 7979
0.869212 7979
0.869212 8814
0.869224 8814
0.869236 8814
0.87105 8814
0.871062 8814
0.871074 8814
0.871086 8814
0.871098 8814
0.871098 8814
0.871098 7657
0.87111 7657
0.872697 7657
0.872709 7657
0.872721 7657
0.872733 7657
0.872745 7657
0.874439 7657
0.874439 7657
0.874439 7046
0.874451 7046
0.874463 7046
0.874475 7046
0.874487 7046
0.874499 7046
0.876277 7046
0.876277 7046
0.876277 6305
0.876289 6305
0.876301 6305
0.876313 6305
0.876325 6305
0.877899 6305
0.877911 6305
0.877924 6305
0.877936 6305
0.877948 6305
0.879702 6305
0.879702 6305
0.879702 6778
0.879714 6778
0.879726 6778
0.879738 6778
0.87975 6778
0.879762 6778
0.881468 6778
0.88148 6778
0.881492 6778
0.881504 6778
0.881516 6778
0.883114 6778
0.883126 6778
0.883138 6778
0.88315 6778
0.883162 6778
0.883174 6778
0.884965 6778
0.884965 6778
0.884965 8378
0.884977 8378
0.884989 8378
0.885001 8378
0.885013 8378
0.885025 8378
0.885037 8378
0.886707 8378
0.886719 8378
0.886731 8378
0.886743 8378
0.886755 8378
0.886767 8378
0.888377 8378
0.888389 8378
0.888401 8378
0.888413 8378
0.888425 8378
0.888438 8378
0.88845 8378
0.890252 8378
0.890252 8378
0.890252 9664
0.890264 9664
0.890276 9664
0.890288 9664
0.8903 9664
0.890312 9664
0.890324 9664
0.890336 9664
0.891922 9664
0.891934 9664
0.891946 9664
0.891958 9664
0.89197 9664
0.891982 9664
0.891994 9664
0.893652 9664
0.893652 9664
0.893652 9784
0.893664 9784
0.893676 9784
0.893688 9784
0.893701 9784
0.893713 9784
0.893725 9784
0.893737 9784
0.895515 9784
0.895515 9784
0.895515 8686
0.895527 8686
0.895539 8686
0.895551 8686
0.895563 8686
0.895575 8686
0.895587 8686
0.897173 8686
0.897185 8686
0.897197 8686
0.897209 8686
0.897221 8686
0.897233 8686
0.898927 8686
0.898927 8686
0.898927 8580
0.898939 8580
0.898952 8580
0.898964 8580
0.898976 8580
0.898988 8580
0.899 8580
0.900778 8580
0.900778 8580
0.900778 7469
0.90079 7469
0.900802 7469
0.900814 7469
0.900826 7469
0.900838 7469
0.9024 7469
0.902412 7469
0.902424 7469
0.902436 7469
0.902448 7469
0.90246 7469
0.904215 7469
0.904215 7469
0.904215 7635
0.904227 7635
0.904239 7635
0.904251 7635
0.904263 7635
0.904275 7635
0.905957 7635
0.905969 7635
0.905981 7635
0.905993 7635
0.906005 7635
0.906017 7635
0.907567 7635
0.907579 7635
0.907591 7635
0.907603 7635
0.907615 7635
0.907627 7635
0.907639 7635
0.909369 7635
0.909369 7635
0.909369 8997
0.909381 8997
0.909393 8997
0.909405 8997
0.909417 8997
0.909429 8997
0.909441 8997
0.911148 8997
0.91116 8997
0.911172 8997
0.911184 8997
0.911196 8997
0.911208 8997
0.91122 8997
0.912722 8997
0.912734 8997
0.912746 8997
0.912758 8997
0.91277 8997
0.912782 8997
0.912794 8997
0.912806 8997
0.914536 8997
0.914536 8997
0.914536 10343
0.914548 10343
0.91456 10343
0.914572 10343
0.914584 10343
0.914596 10343
0.914608 10343
0.91462 10343
0.916291 10343
0.916303 10343
0.916315 10343
0.916327 10343
0.916339 10343
0.916351 10343
0.916363 10343
0.916375 10343
0.917937 10343
0.917949 10343
0.917961 10343
0.917973 10343
0.917985 10343
0.917997 10343
0.918009 10343
0.918021 10343
0.919775 10343
0.919775 10343
0.919775 11402
0.919787 11402
0.919799 11402
0.919811 11402
0.919823 11402
0.919835 11402
0.919847 11402
0.919859 11402
0.919871 11402
0.921506 11402
0.921518 11402
0.92153 11402
0.921542 11402
0.921554 11402
0.921566 11402
0.921578 11402
0.92159 11402
0.923248 11402
0.923248 11402
0.923248 11186
0.92326 11186
0.923272 11186
0.923284 11186
0.923296 11186
0.923308 11186
0.92332 11186
0.923332 11186
0.923344 11186
0.925038 11186
0.92505 11186
0.925062 11186
0.925074 11186
0.925086 11186
0.925098 11186
0.92511 11186
0.925122 11186
0.926684 11186
0.926696 11186
0.926708 11186
0.92672 11186
0.926732 11186
0.926745 11186
0.926757 11186
0.926769 11186
0.926781 11186
0.928559 11186
0.928559 11186
0.928559 12233
0.928571 12233
0.928583 12233
0.928595 12233
0.928607 12233
0.928619 12233
0.928631 12233
0.928643 12233
0.928655 12233
0.928667 12233
0.930301 12233
0.930313 12233
0.930325 12233
0.930337 12233
0.930349 12233
0.930361 12233
0.930373 12233
0.930385 12233
0.930397 12233
0.931971 12233
0.931983 12233
0.931996 12233
0.932008 12233
0.93202 12233
0.932032 12233
0.932044 12233
0.932056 12233
0.932068 12233
0.93208 12233
0.933858 12233
0.933858 12233
0.933858 13195
0.93387 13195
0.933882 13195
0.933894 13195
0.933906 13195
0.933918 13195
0.93393 13195
0.933942 13195
0.933954 13195
0.933966 13195
0.933978 13195
0.935576 13195
0.935588 13195
0.9356 13195
0.935612 13195
0.935624 13195
0.935636 13195
0.935648 13195
0.93566 13195
0.935672 13195
0.935684 13195
0.937246 13195
0.937259 13195
0.937271 13195
0.937283 13195
0.937295 13195
0.937307 13195
0.937319 13195
0.937331 13195
0.937343 13195
0.937355 13195
0.937367 13195
0.939157 13195
0.939157 13195
0.939157 14337
0.939169 14337
0.939181 14337
0.939193 14337
0.939205 14337
0.939217 14337
0.939229 14337
0.939241 14337
0.939253 14337
0.939265 14337
0.939277 14337
0.940827 14337
0.940839 14337
0.940851 14337
0.940863 14337
0.940875 14337
0.940887 14337
0.940899 14337
0.940911 14337
0.940923 14337
0.940935 14337
0.942558 14337
0.942558 14337
0.942558 13779
0.94257 13779
0.942582 13779
0.942594 13779
0.942606 13779
0.942618 13779
0.94263 13779
0.942642 13779
0.942654 13779
0.942666 13779
0.942678 13779
0.94442 13779
0.94442 13779
0.94442 12246
0.944432 12246
0.944444 12246
0.944456 12246
0.944468 12246
0.94448 12246
0.944492 12246
0.944504 12246
0.944516 12246
0.944528 12246
0.946054 12246
0.946066 12246
0.946078 12246
0.94609 12246
0.946102 12246
0.946114 12246
0.946126 12246
0.946138 12246
0.94615 12246
0.947833 12246
0.947833 12246
0.947833 11838
0.947845 11838
0.947857 11838
0.947869 11838
0.947881 11838
0.947893 11838
0.947905 11838
0.947917 11838
0.947929 11838
0.947941 11838
0.949659 11838
0.949659 11838
0.949659 10295
0.949671 10295
0.949683 10295
0.949695 10295
0.949707 10295
0.949719 10295
0.949731 10295
0.949743 10295
0.949755 10295
0.951281 10295
0.951293 10295
0.951305 10295
0.951317 10295
0.951329 10295
0.951341 10295
0.951353 10295
0.951365 10295
0.95306 10295
0.95306 10295
0.95306 10341
0.953072 10341
0.953084 10341
0.953096 10341
0.953108 10341
0.95312 10341
0.953132 10341
0.953144 10341
0.953156 10341
0.954874 10341
0.954886 10341
0.954898 10341
0.95491 10341
0.954922 10341
0.954922 10341
0.954922 9759
0.954934 9759
0.954946 9759
0.954958 9759
0.95646 9759
0.956472 9759
0.956484 9759
0.956496 9759
0.956508 9759
0.95652 9759
0.956532 9759
0.958262 9759
0.958262 9759
0.958262 9422
0.958274 9422
0.958287 9422
0.958299 9422
0.958311 9422
0.958323 9422
0.958335 9422
0.958347 9422
0.960041 9422
0.960053 9422
0.960065 9422
0.960077 9422
0.960089 9422
0.960101 9422
0.960113 9422
0.961699 9422
0.961711 9422
0.961723 9422
0.961735 9422
0.961747 9422
0.961759 9422
0.961771 9422
0.961783 9422
0.963525 9422
0.963525 9422
0.963525 10925
0.963538 10925
0.96355 10925
0.963562 10925
0.963574 10925
0.963586 10925
0.963598 10925
0.96361 10925
0.963622 10925
0.96528 10925
0.965292 10925
0.965304 10925
0.965316 10925
0.965328 10925
0.96534 10925
0.965352 10925
0.965364 10925
0.966962 10925
0.966974 10925
0.966986 10925
0.966998 10925
0.96701 10925
0.967022 10925
0.967034 10925
0.967046 10925
0.967058 10925
0.968873 10925
0.968873 10925
0.968873 12167
0.968885 12167
0.968897 12167
0.968909 12167
0.968921 12167
0.968933 12167
0.968945 12167
0.968957 12167
0.968969 12167
0.968981 12167
0.970591 12167
0.970603 12167
0.970615 12167
0.970627 12167
0.970639 12167
0.970651 12167
0.970663 12167
0.970675 12167
0.970687 12167
0.972273 12167
0.972285 12167
0.972297 12167
0.972309 12167
0.972321 12167
0.972333 12167
0.972345 12167
0.972357 12167
0.972357 12167
0.972357 12882
0.972369 12882
0.972381 12882
0.974196 12882
0.974208 12882
0.97422 12882
0.974232 12882
0.974244 12882
0.974256 12882
0.974268 12882
0.97428 12882
0.97428 12882
0.97428 11365
0.974292 11365
0.97589 11365
0.975902 11365
0.975914 11365
0.975926 11365
0.975938 11365
0.97595 11365
0.975962 11365
0.975974 11365
0.977596 11365
0.977596 11365
0.977596 10440
0.977608 10440
0.97762 10440
0.977632 10440
0.977644 10440
0.977656 10440
0.977668 10440
0.97768 10440
0.979495 10440
0.979495 10440
0.979495 9362
0.979507 9362
0.979519 9362
0.979531 9362
0.979543 9362
0.979555 9362
0.979567 9362
0.979579 9362
0.981141 9362
0.981153 9362
0.981165 9362
0.981177 9362
0.981189 9362
0.981201 9362
0.981213 9362
0.982859 9362
0.982859 9362
0.982859 9488
0.982871 9488
0.982883 9488
0.982895 9488
0.982907 9488
0.982919 9488
0.982931 9488
0.982943 9488
0.984734 9488
0.984734 9488
0.984734 8395
0.984746 8395
0.984758 8395
0.98477 8395
0.984782 8395
0.984794 8395
0.984806 8395
0.98638 8395
0.986392 8395
0.986404 8395
0.986416 8395
0.986428 8395
0.98644 8395
0.988134 8395
0.988134 8395
0.988134 8329
0.988146 8329
0.988158 8329
0.98817 8329
0.988182 8329
0.988194 8329
0.988206 8329
0.989985 8329
0.989985 8329
0.989985 7246
0.989997 7246
0.990009 7246
0.990021 7246
0.990033 7246
0.990045 7246
0.991619 7246
0.991631 7246
0.991643 7246
0.991655 7246
0.991667 7246
0.993421 7246
0.993421 7246
0.993421 7301
0.993433 7301
0.993445 7301
0.993457 7301
0.993469 7301
0.993481 7301
0.995164 7301
0.995176 7301
0.995188 7301
0.9952 7301
0.995212 7301
0.996822 7301
0.996834 7301
0.996846 7301
0.996858 7301
0.99687 7301
0.996882 7301
0.998684 7301
0.998684 7301
0.998684 8447
0.998696 8447
0.998708 8447
0.99872 8447
0.998732 8447
0.998744 8447
0.998756 8447
1.00034 8447
1.00035 8447
1.00037 8447
1.00038 8447
1.00039 8447
1.0004 8447
1.0021 8447
1.0021 8447
1.0021 8483
1.00211 8483
1.00212 8483
1.00213 8483
1.00214 8483
1.00216 8483
1.00217 8483
1.00391 8483
1.00391 8483
1.00391 7491
1.00392 7491
1.00394 7491
1.00395 7491
1.00396 7491
1.00397 7491
1.00553 7491
1.00555 7491
1.00556 7491
1.00557 7491
1.00558 7491
1.00559 7491
1.00729 7491
1.00729 7491
1.00729 7658
1.0073 7658
1.00731 7658
1.00732 7658
1.00734 7658
1.00735 7658
1.00911 7658
1.00911 7658
1.00911 6644
1.00913 6644
1.00914 6644
1.00915 6644
1.00916 6644
1.00917 6644
1.01076 6644
1.01077 6644
1.01078 6644
1.0108 6644
1.01081 6644
1.01254 6644
1.01254 6644
1.01254 6914
1.01255 6914
1.01256 6914
1.01257 6914
1.01259 6914
1.0126 6914
1.01433 6914
1.01434 6914
1.01435 6914
1.01437 6914
1.01438 6914
1.01595 6914
1.01596 6914
1.01598 6914
1.01599 6914
1.016 6914
1.01601 6914
1.01777 6914
1.01777 6914
1.01777 8102
1.01778 8102
1.01779 8102
1.0178 8102
1.01781 8102
1.01783 8102
1.01784 8102
1.01952 8102
1.01953 8102
1.01954 8102
1.01956 8102
1.01957 8102
1.01958 8102
1.02115 8102
1.02117 8102
1.02118 8102
1.02119 8102
1.0212 8102
1.02121 8102
1.02123 8102
1.02303 8102
1.02303 8102
1.02303 9393
1.02304 9393
1.02305 9393
1.02306 9393
1.02308 9393
1.02309 9393
1.0231 9393
1.02311 9393
1.02478 9393
1.0248 9393
1.02481 9393
1.02482 9393
1.02483 9393
1.02484 9393
1.02486 9393
1.02645 9393
1.02647 9393
1.02648 9393
1.02649 9393
1.0265 9393
1.02651 9393
1.02653 9393
1.02654 9393
1.02832 9393
1.02832 9393
1.02832 10542
1.02833 10542
1.02834 10542
1.02835 10542
1.02836 10542
1.02838 10542
1.02839 10542
1.0284 10542
1.02841 10542
1.03006 10542
1.03007 10542
1.03008 10542
1.03009 10542
1.03011 10542
1.03012 10542
1.03013 10542
1.03014 10542
1.03168 10542
1.03169 10542
1.0317 10542
1.03172 10542
1.03173 10542
1.03174 10542
1.03175 10542
1.03176 10542
1.03178 10542
1.03352 10542
1.03352 10542
1.03352 11812
1.03353 11812
1.03354 11812
1.03355 11812
1.03357 11812
1.03358 11812
1.03359 11812
1.0336 11812
1.03361 11812
1.03363 11812
1.03525 11812
1.03526 11812
1.03527 11812
1.03529 11812
1.0353 11812
1.03531 11812
1.03532 11812
1.03533 11812
1.03535 11812
1.03694 11812
1.03696 11812
1.03697 11812
1.03698 11812
1.03699 11812
1.037 11812
1.03702 11812
1.03703 11812
1.03704 11812
1.03705 11812
1.03882 11812
1.03882 11812
1.03882 12854
1.03883 12854
1.03884 12854
1.03885 12854
1.03887 12854
1.03888 12854
1.03889 12854
1.0389 12854
1.03891 12854
1.03893 12854
1.03894 12854
1.04049 12854
1.0405 12854
1.04051 12854
1.04052 12854
1.04054 12854
1.04055 12854
1.04056 12854
1.04057 12854
1.04058 12854
1.04221 12854
1.04221 12854
1.04221 12604
1.04222 12604
1.04223 12604
1.04224 12604
1.04225 12604
1.04227 12604
1.04228 12604
1.04229 12604
1.0423 12604
1.04231 12604
1.0441 12604
1.0441 12604
1.0441 11041
1.04412 11041
1.04413 11041
1.04414 11041
1.04415 11041
1.04416 11041
1.04418 11041
1.04419 11041
1.0442 11041
1.04575 11041
1.04576 11041
1.04578 11041
1.04579 11041
1.0458 11041
1.04581 11041
1.04582 11041
1.04584 11041
1.04749 11041
1.04749 11041
1.04749 10692
1.04751 10692
1.04752 10692
1.04753 10692
1.04754 10692
1.04755 10692
1.04757 10692
1.04758 10692
1.04759 10692
1.04936 10692
1.04936 10692
1.04936 9415
1.04937 9415
1.04938 9415
1.04939 9415
1.0494 9415
1.04942 9415
1.04943 9415
1.04944 9415
1.051 9415
1.05101 9415
1.05103 9415
1.05104 9415
1.05105 9415
1.05106 9415
1.05107 9415
1.05279 9415
1.05279 9415
1.05279 9288
1.0528 9288
1.05282 9288
1.05283 9288
1.05284 9288
1.05285 9288
1.05286 9288
1.05288 9288
1.05456 9288
1.05457 9288
1.05458 9288
1.05459 9288
1.05461 9288
1.05462 9288
1.05463 9288
1.05618 9288
1.05619 9288
1.0562 9288
1.05622 9288
1.05623 9288
1.05624 9288
1.05625 9288
1.05626 9288
1.05804 9288
1.05804 9288
1.05804 10364
1.05806 10364
1.05807 10364
1.05808 10364
1.05809 10364
1.0581 10364
1.05812 10364
1.05813 10364
1.05814 10364
1.05977 10364
1.05979 10364
1.0598 10364
1.05981 10364
1.05982 10364
1.05983 10364
1.05985 10364
1.05986 10364
1.06146 10364
1.06147 10364
1.06148 10364
1.06149 10364
1.0615 10364
1.06152 10364
1.06153 10364
1.06154 10364
1.06155 10364
1.06332 10364
1.06332 10364
1.06332 11560
1.06333 11560
1.06334 11560
1.06335 11560
1.06337 11560
1.06338 11560
1.06339 11560
1.0634 11560
1.06341 11560
1.06343 11560
1.06501 11560
1.06502 11560
1.06504 11560
1.06505 11560
1.06506 11560
1.06507 11560
1.06508 11560
1.0651 11560
1.06668 11560
1.06669 11560
1.06671 11560
1.06672 11560
1.06673 11560
1.06674 11560
1.06675 11560
1.06677 11560
1.06678 11560
1.06855 11560
1.06855 11560
1.06855 12353
1.06856 12353
1.06857 12353
1.06858 12353
1.06859 12353
1.06861 12353
1.06862 12353
1.06863 12353
1.06864 12353
1.06865 12353
1.0702 12353
1.07022 12353
1.07023 12353
1.07024 12353
1.07025 12353
1.07026 12353
1.07028 12353
1.07029 12353
1.0703 12353
1.07195 12353
1.07195 12353
1.07195 12022
1.07196 12022
1.07197 12022
1.07198 12022
1.07199 12022
1.07201 12022
1.07202 12022
1.07203 12022
1.07204 12022
1.07205 12022
1.07378 12022
1.07378 12022
1.07378 10516
1.0738 10516
1.07381 10516
1.07382 10516
1.07383 10516
1.07384 10516
1.07386 10516
1.07387 10516
1.07388 10516
1.07543 10516
1.07544 10516
1.07545 10516
1.07547 10516
1.07548 10516
1.07549 10516
1.0755 10516
1.07551 10516
1.07721 10516
1.07721 10516
1.07721 10248
1.07722 10248
1.07723 10248
1.07724 10248
1.07726 10248
1.07727 10248
1.07728 10248
1.07729 10248
1.0773 10248
1.07904 10248
1.07904 10248
1.07904 8897
1.07905 8897
1.07906 8897
1.07907 8897
1.07908 8897
1.0791 8897
1.07911 8897
1.07912 8897
1.08066 8897
1.08067 8897
1.08068 8897
1.08069 8897
1.08071 8897
1.08072 8897
1.08073 8897
1.08242 8897
1.08242 8897
1.08242 8919
1.08244 8919
1.08245 8919
1.08246 8919
1.08247 8919
1.08248 8919
1.0825 8919
1.08251 8919
1.08424 8919
1.08424 8919
1.08424 7838
1.08425 7838
1.08426 7838
1.08427 7838
1.08429 7838
1.0843 7838
1.08431 7838
1.08586 7838
1.08587 7838
1.08588 7838
1.0859 7838
1.08591 7838
1.08592 7838
1.08766 7838
1.08766 7838
1.08766 8225
1.08767 8225
1.08769 8225
1.0877 8225
1.08771 8225
1.08772 8225
1.08773 8225
1.08942 8225
1.08943 8225
1.08944 8225
1.08945 8225
1.08947 8225
1.08948 8225
1.09111 8225
1.09111 8225
1.09111 8368
1.09112 8368
1.09114 8368
1.09115 8368
1.09116 8368
1.09117 8368
1.09118 8368
1.09294 8368
1.09294 8368
1.09294 7480
1.09295 7480
1.09296 7480
1.09297 7480
1.09299 7480
1.093 7480
1.09456 7480
1.09457 7480
1.09458 7480
1.0946 7480
1.09461 7480
1.09462 7480
1.09637 7480
1.09637 7480
1.09637 7689
1.09639 7689
1.0964 7689
1.09641 7689
1.09642 7689
1.09643 7689
1.09813 7689
1.09814 7689
1.09815 7689
1.09816 7689
1.09818 7689
1.09819 7689
1.09973 7689
1.09974 7689
1.09975 7689
1.09976 7689
1.09977 7689
1.09979 7689
1.0998 7689
1.10152 7689
1.10152 7689
1.10152 9045
1.10153 9045
1.10154 9045
1.10155 9045
1.10157 9045
1.10158 9045
1.10159 9045
1.1016 9045
1.10332 9045
1.10333 9045
1.10334 9045
1.10336 9045
1.10337 9045
1.10338 9045
1.10339 9045
1.10492 9045
1.10493 9045
1.10494 9045
1.10495 9045
1.10497 9045
1.10498 9045
1.10499 9045
1.105 9045
1.10671 9045
1.10671 9045
1.10671 10429
1.10672 10429
1.10673 10429
1.10674 10429
1.10676 10429
1.10677 10429
1.10678 10429
1.10679 10429
1.1068 10429
1.1085 10429
1.1085 10429
1.1085 9170
1.10851 9170
1.10852 9170
1.10853 9170
1.10855 9170
1.10856 9170
1.10857 9170
1.10858 9170
1.11011 9170
1.11012 9170
1.11013 9170
1.11014 9170
1.11016 9170
1.11017 9170
1.11018 9170
1.11192 9170
1.11192 9170
1.11192 9465
1.11194 9465
1.11195 9465
1.11196 9465
1.11197 9465
1.11198 9465
1.112 9465
1.11201 9465
1.1137 9465
1.11371 9465
1.11373 9465
1.11374 9465
1.11375 9465
1.11376 9465
1.11377 9465
1.11535 9465
1.11536 9465
1.11537 9465
1.11538 9465
1.1154 9465
1.11541 9465
1.11542 9465
1.11543 9465
1.11719 9465
1.11719 9465
1.11719 10832
1.1172 10832
1.11721 10832
1.11722 10832
1.11723 10832
1.11725 10832
1.11726 10832
1.11727 10832
1.11728 10832
1.11896 10832
1.11898 10832
1.11899 10832
1.119 10832
1.11901 10832
1.11902 10832
1.11904 10832
1.11905 10832
1.1206 10832
1.12061 10832
1.12062 10832
1.12063 10832
1.12065 10832
1.12066 10832
1.12067 10832
1.12068 10832
1.12069 10832
1.12245 10832
1.12245 10832
1.12245 12019
1.12246 12019
1.12247 12019
1.12249 12019
1.1225 12019
1.12251 12019
1.12252 12019
1.12253 12019
1.12255 12019
1.12256 12019
1.12422 12019
1.12423 12019
1.12424 12019
1.12425 12019
1.12426 12019
1.12428 12019
1.12429 12019
1.1243 12019
1.12431 12019
1.12589 12019
1.1259 12019
1.12591 12019
1.12592 12019
1.12593 12019
1.12595 12019
1.12596 12019
1.12597 12019
1.12598 12019
1.12599 12019
1.12777 12019
1.12777 12019
1.12777 13202
1.12778 13202
1.1278 13202
1.12781 13202
1.12782 13202
1.12783 13202
1.12784 13202
1.12786 13202
1.12787 13202
1.12788 13202
1.12789 13202
1.12948 13202
1.12949 13202
1.1295 13202
1.12951 13202
1.12953 13202
1.12954 13202
1.12955 13202
1.12956 13202
1.12957 13202
1.12959 13202
1.13124 13202
1.13124 13202
1.13124 12936
1.13126 12936
1.13127 12936
1.13128 12936
1.13129 12936
1.1313 12936
1.13132 12936
1.13133 12936
1.13134 12936
1.13135 12936
1.13136 12936
1.13301 12936
1.13302 12936
1.13304 12936
1.13305 12936
1.13306 12936
1.13307 12936
1.13308 12936
1.1331 12936
1.13311 12936
1.13467 12936
1.13468 12936
1.13469 12936
1.13471 12936
1.13472 12936
1.13473 12936
1.13474 12936
1.13475 12936
1.13477 12936
1.13478 12936
1.13657 12936
1.13657 12936
1.13657 13669
1.13658 13669
1.13659 13669
1.1366 13669
1.13662 13669
1.13663 13669
1.13664 13669
1.13665 13669
1.13666 13669
1.13668 13669
1.13669 13669
1.13827 13669
1.13829 13669
1.1383 13669
1.13831 13669
1.13832 13669
1.13833 13669
1.13835 13669
1.13836 13669
1.13837 13669
1.13838 13669
1.14 13669
1.14 13669
1.14 13285
1.14002 13285
1.14003 13285
1.14004 13285
1.14005 13285
1.14006 13285
1.14008 13285
1.14009 13285
1.1401 13285
1.14011 13285
1.14012 13285
1.14184 13285
1.14184 13285
1.14184 11664
1.14185 11664
1.14187 11664
1.14188 11664
1.14189 11664
1.1419 11664
1.14192 11664
1.14193 11664
1.14194 11664
1.14195 11664
1.14344 11664
1.14345 11664
1.14347 11664
1.14348 11664
1.14349 11664
1.1435 11664
1.14351 11664
1.14353 11664
1.14354 11664
1.14521 11664
1.14521 11664
1.14521 11265
1.14522 11265
1.14523 11265
1.14524 11265
1.14526 11265
1.14527 11265
1.14528 11265
1.14529 11265
1.1453 11265
1.147 11265
1.14701 11265
1.14702 11265
1.14703 11265
1.14705 11265
1.14706 11265
1.14707 11265
1.14708 11265
1.14861 11265
1.14862 11265
1.14863 11265
1.14864 11265
1.14866 11265
1.14867 11265
1.14868 11265
1.14869 11265
1.1487 11265
1.15046 11265
1.15046 11265
1.15046 12107
1.15047 12107
1.15048 12107
1.15049 12107
1.15051 12107
1.15052 12107
1.15053 12107
1.15054 12107
1.15055 12107
1.15057 12107
1.15221 12107
1.15222 12107
1.15224 12107
1.15225 12107
1.15226 12107
1.15227 12107
1.15228 12107
1.1523 12107
1.15231 12107
1.15387 12107
1.15388 12107
1.15389 12107
1.15391 12107
1.15392 12107
1.15393 12107
1.15394 12107
1.15396 12107
1.15397 12107
1.15398 12107
1.15577 12107
1.15577 12107
1.15577 12987
1.15578 12987
1.15579 12987
1.15581 12987
1.15582 12987
1.15583 12987
1.15584 12987
1.15585 12987
1.15587 12987
1.15588 12987
1.15589 12987
1.1575 12987
1.15751 12987
1.15752 12987
1.15754 12987
1.15755 12987
1.15756 12987
1.15757 12987
1.15758 12987
1.1576 12987
1.15918 12987
1.15919 12987
1.15921 12987
1.15922 12987
1.15923 12987
1.15924 12987
1.15925 12987
1.15927 12987
1.15928 12987
1.15929 12987
1.16106 12987
1.16106 12987
1.16106 13861
1.16107 13861
1.16108 13861
1.16109 13861
1.1611 13861
1.16112 13861
1.16113 13861
1.16114 13861
1.16115 13861
1.16116 13861
1.16118 13861
1.16275 13861
1.16276 13861
1.16277 13861
1.16279 13861
1.1628 13861
1.16281 13861
1.16282 13861
1.16283 13861
1.16285 13861
1.16286 13861
1.16451 13861
1.16451 13861
1.16451 13343
1.16452 13343
1.16453 13343
1.16454 13343
1.16455 13343
1.16457 13343
1.16458 13343
1.16459 13343
1.1646 13343
1.16461 13343
1.16463 13343
1.1663 13343
1.16631 13343
1.16632 13343
1.16633 13343
1.16634 13343
1.16636 13343
1.16637 13343
1.16638 13343
1.16639 13343
1.1664 13343
1.16788 13343
1.16789 13343
1.16791 13343
1.16792 13343
1.16793 13343
1.16794 13343
1.16795 13343
1.16797 13343
1.16798 13343
1.16799 13343
1.168 13343
1.1697 13343
1.1697 13343
1.1697 14139
1.16971 14139
1.16972 14139
1.16973 14139
1.16974 14139
1.16976 14139
1.16977 14139
1.16978 14139
1.16979 14139
1.1698 14139
1.16982 14139
1.16983 14139
1.17147 14139
1.17149 14139
1.1715 14139
1.17151 14139
1.17152 14139
1.17153 14139
1.17155 14139
1.17156 14139
1.17157 14139
1.17158 14139
1.17311 14139
1.17312 14139
1.17313 14139
1.17314 14139
1.17316 14139
1.17317 14139
1.17318 14139
1.17319 14139
1.1732 14139
1.17322 14139
1.17323 14139
1.17496 14139
1.17496 14139
1.17496 15010
1.17497 15010
1.17498 15010
1.175 15010
1.17501 15010
1.17502 15010
1.17503 15010
1.17504 15010
1.17506 15010
1.17507 15010
1.17508 15010
1.17509 15010
1.17669 15010
1.1767 15010
1.17671 15010
1.17673 15010
1.17674 15010
1.17675 15010
1.17676 15010
1.17677 15010
1.17679 15010
1.1768 15010
1.17681 15010
1.17836 15010
1.17837 15010
1.17838 15010
1.1784 15010
1.17841 15010
1.17842 15010
1.17843 15010
1.17844 15010
1.17846 15010
1.17847 15010
1.17848 15010
1.17849 15010
1.18026 15010
1.18026 15010
1.18026 15776
1.18027 15776
1.18028 15776
1.18029 15776
1.18031 15776
1.18032 15776
1.18033 15776
1.18034 15776
1.18035 15776
1.18037 15776
1.18038 15776
1.18039 15776
1.1804 15776
1.18192 15776
1.18193 15776
1.18194 15776
1.18195 15776
1.18196 15776
1.18198 15776
1.18199 15776
1.182 15776
1.18201 15776
1.18202 15776
1.18204 15776
1.18365 15776
1.18365 15776
1.18365 14985
1.18366 14985
1.18367 14985
1.18368 14985
1.18369 14985
1.18371 14985
1.18372 14985
1.18373 14985
1.18374 14985
1.18375 14985
1.18377 14985
1.18378 14985
1.18552 14985
1.18552 14985
1.18552 13031
1.18553 13031
1.18555 13031
1.18556 13031
1.18557 13031
1.18558 13031
1.18559 13031
1.18561 13031
1.18562 13031
1.18563 13031
1.18564 13031
1.18717 13031
1.18718 13031
1.18719 13031
1.1872 13031
1.18722 13031
1.18723 13031
1.18724 13031
1.18725 13031
1.18726 13031
1.18895 13031
1.18895 13031
1.18895 12485
1.18896 12485
1.18897 12485
1.18898 12485
1.18899 12485
1.18901 12485
1.18902 12485
1.18903 12485
1.18904 12485
1.18905 12485
1.19075 12485
1.19075 12485
1.19075 10816
1.19076 10816
1.19077 10816
1.19078 10816
1.1908 10816
1.19081 10816
1.19082 10816
1.19083 10816
1.19084 10816
1.19233 10816
1.19235 10816
1.19236 10816
1.19237 10816
1.19238 10816
1.19239 10816
1.19241 10816
1.19242 10816
1.19412 10816
1.19412 10816
1.19412 10759
1.19414 10759
1.19415 10759
1.19416 10759
1.19417 10759
1.19418 10759
1.1942 10759
1.19421 10759
1.19422 10759
1.19593 10759
1.19594 10759
1.19595 10759
1.19596 10759
1.19598 10759
1.19599 10759
1.196 10759
1.19601 10759
1.19751 10759
1.19753 10759
1.19754 10759
1.19755 10759
1.19756 10759
1.19757 10759
1.19759 10759
1.1976 10759
1.19761 10759
1.1993 10759
1.1993 10759
1.1993 12043
1.19932 12043
1.19933 12043
1.19934 12043
1.19935 12043
1.19936 12043
1.19938 12043
1.19939 12043
1.1994 12043
1.19941 12043
