0.0 0
0.0001056 1460
0.0001056 1460
0.000346797 2920
0.000815421 4380
0.000851469 5840
0.00175267 7300
0.00178872 8760
0.00182476 10220
0.00186081 11680
0.00362716 13140
0.00362716 13140
0.00366321 13302
0.00369926 13462
0.00373531 13620
0.00377136 13776
0.0038074 13930
0.00384345 14083
0.0038795 14234
0.00615052 14383
0.00615052 14158
0.00615052 14158
0.00625886 14158
0.00625886 5110
0.0095871 5527
0.00959912 5912
0.00961113 6272
0.0108968 6611
0.0109209 6933
0.0109329 7240
0.0109569 7534
0.0122667 7816
0.0122907 8088
0.0123147 8351
0.0123388 8606
0.0123628 8853
0.0138768 9093
0.0139008 9327
0.0139249 9555
0.0139609 9778
0.013985 9995
0.014009 10208
0.0157032 10416
0.0157032 10156
0.0157032 10156
0.0157273 10365
0.0157513 10570
0.0157874 10771
0.0158114 10968
0.0158354 11162
0.0176498 11352
0.0176498 10731
0.0176498 10731
0.0176739 10929
0.0176979 11124
0.0177099 11315
0.017746 11503
0.01777 11688
0.017806 11870
0.0198488 12049
0.0198488 11055
0.0198488 11055
0.0198728 11247
0.0198968 11436
0.0199209 11622
0.0199569 11805
0.0199809 11985
0.020005 12162
0.020029 12337
0.0221919 12509
0.0221919 11151
0.0221919 11151
0.0222399 11342
0.022264 11529
0.0223 11713
0.022312 11894
0.0223241 12073
0.0223481 12249
0.0223721 12423
0.024535 12594
0.024535 10629
0.024535 10629
0.0246071 10829
0.0246431 11025
0.0246552 11218
0.0246672 11408
0.0246792 11594
0.0246912 11777
0.0247152 11957
0.0268661 12135
0.0268661 9981
0.0268661 9981
0.0269743 10194
0.0269863 10403
0.0269983 10607
0.0270103 10807
0.0270223 11004
0.0270343 11197
0.0270463 11387
0.0291131 11574
0.0291131 9286
0.0291131 9286
0.0292092 9515
0.0292212 9739
0.0292333 9957
0.0292453 10171
0.0292573 10380
0.0292693 10585
0.0311799 10786
0.0311799 8450
0.0311799 8450
0.031288 8702
0.0313 8946
0.031312 9184
0.031324 9416
0.0313361 9642
0.0313601 9863
0.0331264 10079
0.0331264 7550
0.0331264 7550
0.0332226 7832
0.0332346 8104
0.0332466 8367
0.0332586 8621
0.0332827 8868
0.0348928 9108
0.0350009 9342
0.035013 9570
0.035025 9792
0.035049 10009
0.035061 10221
0.0368154 10429
0.0368154 7824
0.0368154 7824
0.0369355 8096
0.0369595 8359
0.0369716 8614
0.0369956 8861
0.0370076 9101
0.0370316 9335
0.0386178 9563
0.0387499 9785
0.038774 10002
0.038786 10215
0.038798 10423
0.03881 10627
0.040312 10827
0.0404562 11023
0.0404923 11216
0.0405043 11406
0.0405163 11592
0.0405283 11775
0.0405523 11956
0.0422826 12134
0.0422826 9338
0.0422826 9338
0.0424388 9566
0.0424869 9788
0.0424989 10005
0.0425109 10218
0.042523 10426
0.042547 10630
0.042559 10830
0.0440971 11026
0.0442653 11219
0.0442773 11408
0.0442893 11594
0.0443013 11777
0.0443133 11957
0.0443254 12135
0.0457793 12310
0.0459836 12483
0.0459956 12653
0.0460076 12821
0.0460196 12987
0.0460316 13151
0.0460436 13313
0.0460677 13473
0.0477139 13631
0.0477139 10688
0.0477139 10688
0.0479542 10887
0.0479662 11082
0.0479782 11274
0.0479902 11463
0.0480023 11648
0.0480143 11831
0.0480383 12011
0.0480503 12188
0.0495283 12362
0.0497566 12534
0.0497686 12704
0.0497806 12871
0.0497926 13036
0.0498167 13199
0.0498287 13360
0.0498407 13519
0.0511625 13676
0.0514148 13831
0.0514388 13985
0.0514508 14137
0.0514629 14287
0.0514749 14436
0.0514869 14583
0.0514989 14729
0.0515229 14873
0.053061 15016
0.053061 11869
0.053061 11869
0.0533374 12048
0.0533734 12224
0.0533854 12398
0.0533974 12569
0.0534095 12738
0.0534215 12905
0.0534335 13070
0.0534575 13233
0.0534695 13394
0.0548994 13553
0.0551878 13710
0.0551998 13865
0.0552119 14018
0.0552239 14170
0.0552359 14320
0.0552599 14468
0.0552599 11204
0.0552599 11204
0.0552719 11394
0.0552839 11581
0.0565697 11765
0.056834 11946
0.056858 12124
0.0568701 12299
0.0568821 12472
0.0568941 12642
0.0569181 12810
0.0583721 12976
0.0583721 10260
0.0583721 10260
0.0583961 10467
0.0586725 10670
0.0587085 10869
0.0587205 11065
0.0587325 11257
0.0587446 11446
0.0587686 11632
0.0602466 11815
0.0602466 9127
0.0602466 9127
0.0604989 9360
0.060547 9587
0.060559 9809
0.060571 10026
0.060583 10238
0.060607 10446
0.0619648 10650
0.0622292 10850
0.0622412 11046
0.0622532 11238
0.0622652 11427
0.0622893 11613
0.0623013 11796
0.0637793 11976
0.0637793 9406
0.0637793 9406
0.0640797 9632
0.0641037 9853
0.0641157 10069
0.0641277 10280
0.0641518 10487
0.0641638 10690
0.0641878 10889
0.0656898 11084
0.0656898 8539
0.0656898 8539
0.0659662 8788
0.0659782 9030
0.0660022 9266
0.0660142 9496
0.0660263 9720
0.0660383 9939
0.0673841 10153
0.0676244 10362
0.0676484 10567
0.0676724 10768
0.0676845 10965
0.0676965 11159
0.0692345 11350
0.0692345 9059
0.0692345 9059
0.0694989 9294
0.0695349 9523
0.0695469 9746
0.069571 9964
0.069583 10177
0.069595 10386
0.071085 10591
0.0713373 10792
0.0713493 10989
0.0713614 11182
0.0713734 11372
0.0713854 11559
0.0714094 11743
0.0727672 11924
0.0729955 12102
0.0730075 12278
0.0730196 12451
0.0730316 12622
0.0730436 12790
0.0730676 12956
0.0730917 13120
0.0746658 13282
0.0746658 10721
0.0746658 10721
0.0749181 10919
0.0749301 11114
0.0749421 11305
0.0749541 11493
0.0749662 11678
0.0749902 11860
0.0750142 12039
0.0764802 12216
0.0767565 12390
0.0767686 12562
0.0767806 12731
0.0767926 12898
0.0768046 13063
0.0768166 13226
0.0768286 13387
0.0781985 13546
0.0784508 13703
0.0784628 13858
0.0784748 14011
0.0784868 14163
0.0784989 14313
0.0785109 14461
0.0785229 14608
0.0785469 14753
0.080097 14897
0.080097 12121
0.080097 12121
0.0804094 12296
0.0804214 12469
0.0804334 12639
0.0804455 12807
0.0804575 12973
0.0804695 13137
0.0804815 13299
0.0805055 13459
0.0805175 13617
0.0819475 13773
0.0822238 13927
0.0822358 14080
0.0822479 14231
0.0822599 14380
0.0822719 14528
0.0822839 14674
0.0822959 14819
0.0823079 14962
0.0836417 15104
0.0839301 15245
0.0839421 15384
0.0839541 15522
0.0839661 15659
0.0839782 15795
0.0839902 15929
0.0840022 16062
0.0840142 16194
0.0840382 16325
0.0855763 16455
0.0855763 13499
0.0855763 13499
0.0859127 13656
0.0859247 13812
0.0859368 13966
0.0859488 14118
0.0859608 14268
0.0859728 14417
0.0859848 14564
0.0859968 14710
0.0860209 14854
0.0860329 14997
0.0873907 15139
0.0877151 15279
0.0877271 15418
0.0877392 15556
0.0877512 15693
0.0877632 15828
0.0877752 15962
0.0877872 16095
0.0877992 16227
0.0878113 16358
0.089085 16488
0.0894454 16617
0.0894695 16745
0.0894815 16872
0.0894935 16998
0.0895055 17123
0.0895175 17247
0.0895295 17370
0.0895295 14265
0.0895295 14265
0.0895416 14414
0.0895536 14561
0.0895776 14707
0.0910676 14851
0.0914641 14994
0.0914882 15136
0.0915002 15276
0.0915122 15415
0.0915242 15553
0.0915362 15690
0.0915482 15825
0.0915482 12678
0.0915482 12678
0.0915723 12846
0.0915963 13011
0.092858 13174
0.0932185 13335
0.0932545 13494
0.0932665 13651
0.0932785 13807
0.0932906 13961
0.0933026 14113
0.0933146 14264
0.0946123 14413
0.0946123 11526
0.0946123 11526
0.0946363 11710
0.0950088 11892
0.0950449 12071
0.0950689 12247
0.0950809 12421
0.095093 12592
0.095105 12761
0.095117 12928
0.096631 13092
0.096631 10378
0.096631 10378
0.0968833 10583
0.0969194 10784
0.0969554 10981
0.0969675 11175
0.0969795 11365
0.0969915 11552
0.0970035 11736
0.0983974 11917
0.0985896 12095
0.0986377 12271
0.0986497 12444
0.0986617 12615
0.0986737 12783
0.0986857 12949
0.0987098 13113
0.100236 13275
0.100236 10318
0.100236 10318
0.100464 10524
0.100512 10726
0.100536 10924
0.100548 11119
0.10056 11310
0.100572 11498
0.100596 11683
0.101978 11865
0.102218 12044
0.102242 12220
0.102254 12394
0.102267 12565
0.102279 12734
0.102303 12901
0.102327 13066
0.103853 13229
0.103853 10183
0.103853 10183
0.104129 10392
0.104165 10597
0.104177 10798
0.104189 10995
0.104201 11188
0.104225 11378
0.104261 11565
0.105655 11749
0.105943 11930
0.105955 12108
0.105967 12284
0.105979 12457
0.106003 12628
0.106016 12796
0.107337 12962
0.107361 13126
0.107626 13288
0.10765 13448
0.107662 13606
0.107674 13762
0.107698 13916
0.107722 14069
0.109224 14220
0.109224 11158
0.109224 11158
0.10926 11349
0.109548 11536
0.109572 11720
0.109596 11901
0.109608 12080
0.10962 12256
0.109644 12429
0.109668 12600
0.111038 12769
0.111339 12935
0.111363 13099
0.111375 13261
0.111387 13421
0.111399 13579
0.111423 13735
0.111435 13890
0.112744 14043
0.113033 14194
0.113069 14344
0.113081 14492
0.113093 14639
0.113105 14784
0.113129 14928
0.113141 15070
0.113153 15211
0.114679 15351
0.114679 12205
0.114679 12205
0.114991 12379
0.11504 12551
0.115052 12720
0.115064 12887
0.115076 13052
0.1151 13215
0.115112 13376
0.115124 13535
0.115136 13692
0.116469 13847
0.11683 14000
0.116842 14152
0.116854 14302
0.116866 14451
0.116878 14598
0.11689 14744
0.116902 14888
0.116926 15031
0.118164 15172
0.11856 15312
0.118584 15451
0.118596 15588
0.118608 15724
0.11862 15859
0.118632 15993
0.118644 16126
0.118656 16258
0.118668 16389
0.120098 16519
0.120098 13169
0.120098 13169
0.120531 13330
0.120555 13489
0.120579 13647
0.120591 13803
0.120603 13957
0.120615 14109
0.120627 14260
0.120639 14409
0.120651 14556
0.120675 14702
0.121901 14846
0.122333 14989
0.122357 15131
0.122369 15271
0.122381 15410
0.122393 15548
0.122405 15685
0.122417 15820
0.122441 15954
0.122465 16087
0.123607 16219
0.124015 16350
0.12404 16480
0.124052 16609
0.124064 16737
0.124076 16864
0.124088 16990
0.1241 17115
0.124124 17239
0.124148 17362
0.124172 17484
0.125505 17605
0.125505 14311
0.125505 14311
0.125974 14459
0.125998 14606
0.12601 14751
0.126022 14895
0.126034 15038
0.126046 15179
0.126058 15319
0.126082 15458
0.126106 15595
0.12613 15731
0.127296 15866
0.127788 16000
0.127801 16133
0.127813 16265
0.127825 16396
0.127837 16526
0.127849 16654
0.127873 16781
0.127885 16908
0.127897 17034
0.129026 17159
0.129519 17283
0.129543 17406
0.129555 17528
0.129567 17649
0.129579 17769
0.129591 17888
0.129615 18007
0.129627 18125
0.129639 18242
0.129651 18358
0.130961 18474
0.130961 15040
0.130961 15040
0.131513 15181
0.13155 15321
0.131562 15460
0.131574 15597
0.131586 15733
0.131598 15868
0.131622 16002
0.131634 16135
0.131646 16267
0.131658 16398
0.13167 16527
0.132763 16655
0.13334 16782
0.133352 16909
0.133364 17035
0.133376 17160
0.1334 17284
0.133412 17407
0.133424 17529
0.133436 17650
0.133448 17770
0.133472 17889
0.134469 18008
0.135034 18126
0.135058 18243
0.13507 18359
0.135082 18475
0.135106 18590
0.135118 18704
0.13513 18817
0.135142 18930
0.135154 19042
0.135178 19153
0.13519 19264
0.136368 19374
0.136368 15910
0.136368 15910
0.137005 16043
0.137029 16175
0.137041 16306
0.137053 16436
0.137077 16565
0.137089 16693
0.137101 16820
0.137113 16946
0.137125 17071
0.137149 17195
0.137161 17318
0.137173 17441
0.138194 17563
0.138795 17684
0.138807 17804
0.138819 17923
0.138831 18041
0.138843 18159
0.138855 18276
0.138867 18392
0.138891 18507
0.138903 18622
0.138915 18736
0.139925 18849
0.139949 18962
0.140525 19074
0.140537 19185
0.140549 19296
0.140562 19406
0.140574 19515
0.140586 19624
0.140598 19732
0.14061 19840
0.140622 19947
0.140634 20053
0.141787 20159
0.141787 16635
0.141787 16635
0.141811 16763
0.142472 16890
0.142496 17016
0.142508 17141
0.14252 17265
0.142532 17388
0.142544 17510
0.142556 17631
0.142568 17751
0.14258 17871
0.142592 17990
0.142616 18108
0.143638 18225
0.144286 18341
0.144298 18457
0.14431 18572
0.144323 18686
0.144335 18800
0.144347 18913
0.144359 19025
0.144371 19137
0.144383 19248
0.144407 19358
0.144419 19468
0.145368 19577
0.145993 19685
0.146017 19793
0.146029 19900
0.146041 20007
0.146053 20113
0.146065 20218
0.146077 20323
0.146089 20427
0.146101 20531
0.146125 20634
0.146149 20737
0.146161 20839
0.147194 20941
0.147194 17278
0.147194 17278
0.147915 17401
0.147951 17523
0.147963 17644
0.147975 17764
0.147987 17883
0.147999 18002
0.148011 18120
0.148023 18237
0.148035 18353
0.148059 18469
0.148072 18584
0.148096 18698
0.14812 18812
0.149129 18925
0.149129 15526
0.149129 15526
0.149826 15663
0.149838 15799
0.14985 15933
0.149862 16066
0.149874 16198
0.149886 16329
0.149898 16459
0.149922 16588
0.149934 16716
0.149946 16843
0.14997 16969
0.150871 17094
0.151496 17218
0.151508 17341
0.15152 17463
0.151532 17585
0.151544 17706
0.151568 17826
0.15158 17945
0.151592 18063
0.151604 18181
0.151616 18298
0.152638 18414
0.152638 14698
0.152638 14698
0.153359 14843
0.153383 14986
0.153395 15128
0.153407 15268
0.153419 15407
0.153443 15545
0.153455 15682
0.153467 15817
0.153479 15951
0.153491 16084
0.153503 16216
0.154572 16347
0.154572 12743
0.154572 12743
0.155221 12910
0.155233 13075
0.155245 13238
0.155269 13399
0.155281 13558
0.155293 13715
0.155305 13870
0.155317 14023
0.155329 14175
0.155353 14325
0.156326 14473
0.156891 14620
0.156915 14765
0.156927 14909
0.156939 15051
0.156951 15192
0.156963 15332
0.156975 15471
0.156999 15608
0.158081 15744
0.158694 15879
0.158694 12699
0.158694 12699
0.158718 12866
0.15873 13031
0.158742 13194
0.158754 13355
0.158766 13514
0.158778 13671
0.15879 13826
0.158814 13980
0.160112 14132
0.160628 14282
0.160628 11135
0.160628 11135
0.160652 11326
0.160664 11514
0.160676 11699
0.160688 11881
0.1607 12060
0.160724 12236
0.160736 12410
0.161902 12581
0.16231 12750
0.162334 12917
0.162347 13082
0.162359 13244
0.162383 13404
0.162395 13563
0.162407 13720
0.163752 13875
0.163752 10833
0.163752 10833
0.164221 11029
0.164245 11222
0.164257 11411
0.164269 11597
0.164293 11780
0.164305 11960
0.164317 12138
0.164329 12313
0.165555 12486
0.165555 9529
0.165555 9529
0.166047 9752
0.166059 9970
0.166083 10183
0.166096 10392
0.166108 10597
0.16612 10798
0.166132 10995
0.167201 11188
0.167706 11378
0.167718 11565
0.16773 11749
0.167742 11930
0.167754 12108
0.167778 12284
0.168967 12457
0.168967 9760
0.168967 9760
0.169568 9978
0.169592 10191
0.169604 10400
0.169616 10604
0.169628 10805
0.169652 11002
0.169664 11195
0.170866 11385
0.170866 8696
0.170866 8696
0.171431 8941
0.171443 9179
0.171455 9411
0.171479 9637
0.171491 9858
0.171503 10074
0.172608 10285
0.173101 10492
0.173113 10695
0.173137 10894
0.173161 11089
0.173173 11281
0.174375 11469
0.174375 9088
0.174375 9088
0.174399 9322
0.174999 9550
0.175011 9773
0.175035 9991
0.175059 10204
0.175083 10412
0.176321 10616
0.176321 8273
0.176321 8273
0.176838 8530
0.17685 8779
0.176862 9021
0.176874 9257
0.176898 9487
0.176922 9711
0.178087 9930
0.17858 10144
0.178592 10354
0.178604 10559
0.178616 10760
0.178628 10958
0.179806 11152
0.180395 11343
0.180395 8703
0.180395 8703
0.180407 8947
0.180419 9185
0.180431 9417
0.180443 9643
0.180467 9864
0.181812 10080
0.182293 10291
0.182293 7777
0.182293 7777
0.182305 8051
0.182317 8315
0.182329 8571
0.182341 8819
0.183579 9060
0.183975 9295
0.183987 9524
0.183999 9747
0.184011 9965
0.184023 10178
0.185333 10387
0.185754 10592
0.185754 8014
0.185754 8014
0.185766 8279
0.185778 8536
0.18579 8785
0.185802 9027
0.187316 9263
0.18734 9493
0.1877 9717
0.1877 7196
0.1877 7196
0.187712 7492
0.187724 7776
0.187736 8050
0.18913 8314
0.189154 8570
0.189491 8818
0.189503 9059
0.189515 9294
0.190764 9523
0.190788 9746
0.191209 9964
0.191233 10177
0.191245 10386
0.191269 10591
0.192651 10792
0.192651 8210
0.192651 8210
0.192675 8469
0.19318 8720
0.193216 8964
0.193228 9201
0.193252 9432
0.193264 9657
0.194441 9877
0.194982 10092
0.194994 10303
0.195018 10509
0.19503 10711
0.195042 10910
0.196136 11105
0.19676 11296
0.19676 8590
0.19676 8590
0.196772 8838
0.196796 9079
0.196808 9313
0.19682 9541
0.196832 9764
0.198082 9982
0.198731 10195
0.198731 7693
0.198731 7693
0.198743 7970
0.198755 8237
0.198767 8495
0.198779 8745
0.19986 8988
0.200461 9225
0.200473 9456
0.200485 9681
0.200497 9901
0.201543 10116
0.201579 10326
0.202228 10532
0.202228 7927
0.202228 7927
0.20224 8195
0.202252 8455
0.202264 8707
0.203501 8951
0.203549 9189
0.203573 9420
0.20421 9646
0.20421 7108
0.20421 7108
0.204222 7407
0.205268 7694
0.205292 7971
0.205328 8238
0.20534 8496
0.205989 8746
0.207058 8989
0.207094 9226
0.20713 9457
0.207142 9682
0.207827 9902
0.207827 7483
0.207827 7483
0.209041 7767
0.209065 8041
0.209101 8306
0.209137 8562
0.209149 8810
0.209738 9051
0.209738 6695
0.209738 6695
0.210855 7013
0.210891 7316
0.210939 7607
0.210951 7887
0.210975 8157
0.211456 8418
0.212609 8671
0.21267 8916
0.212682 9155
0.212706 9387
0.213258 9614
0.213258 7420
0.213258 7420
0.214628 7707
0.214688 7983
0.214712 8250
0.214736 8508
0.214748 8758
0.215193 9001
0.215193 6794
0.215193 6794
0.216527 7107
0.216551 7406
0.216575 7693
0.216587 7970
0.216971 8237
0.218257 8495
0.218281 8745
0.218305 8988
0.218317 9225
0.218762 9456
0.218762 7416
0.218762 7416
0.2203 7703
0.220324 7979
0.220348 8246
0.22036 8504
0.220384 8754
0.220756 8997
0.220756 6896
0.220756 6896
0.222198 7205
0.22221 7500
0.222222 7784
0.222246 8057
0.222583 8321
0.223941 8577
0.223953 8825
0.223965 9066
0.223977 9301
0.224337 9530
0.224337 7248
0.224337 7248
0.225923 7542
0.225947 7824
0.225959 8096
0.225971 8359
0.225995 8614
0.226356 8861
0.226356 6595
0.226356 6595
0.227762 6918
0.227774 7226
0.227786 7520
0.227798 7803
0.22817 8076
0.229444 8339
0.229456 8594
0.229468 8842
0.229492 9083
0.229876 9317
0.231342 9545
0.231342 7085
0.231342 7085
0.231354 7385
0.231366 7673
0.23139 7950
0.231402 8218
0.231871 8477
0.233145 8728
0.233157 8972
0.233169 9209
0.233181 9440
0.233613 9665
0.234899 9885
0.234923 10100
0.234935 10311
0.234947 10517
0.234959 10719
0.235356 10917
0.235356 8301
0.235356 8301
0.23687 8557
0.236894 8806
0.236918 9048
0.23693 9283
0.236942 9512
0.236966 9736
0.237386 9954
0.237386 7406
0.237386 7406
0.238684 7693
0.238708 7970
0.23872 8237
0.238732 8495
0.238744 8745
0.239189 8988
0.240475 9225
0.240487 9456
0.240499 9681
0.240511 9901
0.240919 10116
0.240919 7544
0.240919 7544
0.240943 7826
0.242481 8098
0.242493 8361
0.242505 8615
0.242517 8862
0.242926 9102
0.242926 6624
0.242926 6624
0.24426 6945
0.244284 7251
0.244296 7544
0.244308 7826
0.244332 8098
0.24474 8361
0.246002 8615
0.246014 8862
0.246026 9102
0.246038 9336
0.246434 9564
0.247936 9786
0.247936 7157
0.247936 7157
0.247961 7454
0.247973 7739
0.247985 8014
0.248009 8279
0.248453 8536
0.249775 8785
0.249775 6282
0.249775 6282
0.249799 6621
0.249811 6942
0.249823 7249
0.250256 7543
0.251469 7825
0.251505 8097
0.251517 8360
0.251914 8614
0.251938 8861
0.253356 9101
0.253356 6622
0.253356 6622
0.253392 6943
0.253416 7250
0.253872 7544
0.253908 7826
0.253932 8098
0.255182 8361
0.255182 5975
0.255182 5975
0.255675 6331
0.255699 6667
0.255711 6986
0.255735 7291
0.2569 7583
0.257393 7864
0.257405 8135
0.257429 8397
0.258691 8650
0.258691 6354
0.258691 6354
0.258727 6689
0.259292 7007
0.259316 7311
0.25934 7602
0.260673 7882
0.260673 5624
0.260673 5624
0.261178 6003
0.261214 6358
0.261238 6693
0.26125 7011
0.262464 7315
0.262884 7606
0.262896 7886
0.262908 8156
0.264146 8417
0.26417 8670
0.264675 8915
0.264675 6496
0.264675 6496
0.264699 6824
0.264711 7136
0.266165 7434
0.266189 7720
0.266597 7996
0.266597 5712
0.266597 5712
0.266621 6085
0.267955 6435
0.267979 6766
0.267991 7081
0.268328 7382
0.269613 7670
0.269637 7947
0.269649 8215
0.270046 8474
0.270046 6222
0.270046 6222
0.27007 6564
0.271596 6888
0.27162 7197
0.271632 7493
0.272089 7777
0.272089 5604
0.272089 5604
0.273374 5984
0.273398 6340
0.27341 6676
0.273434 6995
0.273891 7299
0.275129 7591
0.275141 7871
0.275165 8141
0.275669 8402
0.275669 6092
0.275669 6092
0.277135 6441
0.277147 6771
0.277171 7085
0.277183 7385
0.277664 7673
0.277664 5410
0.277664 5410
0.278974 5804
0.278998 6171
0.27901 6516
0.279034 6843
0.27943 7154
0.280596 7451
0.280608 7737
0.280632 8012
0.281113 8278
0.282507 8535
0.282507 6323
0.282507 6323
0.282519 6660
0.282543 6980
0.282555 7285
0.283119 7577
0.284333 7858
0.284369 8129
0.284381 8391
0.284898 8645
0.284898 6347
0.284898 6347
0.28491 6682
0.286063 7001
0.286111 7305
0.286123 7596
0.286592 7876
0.287914 8146
0.287914 6123
0.287914 6123
0.28795 6471
0.287974 6800
0.287998 7113
0.288539 7412
0.289776 7699
0.289776 5666
0.289776 5666
0.289836 6042
0.28986 6394
0.290365 6727
0.290377 7043
0.291531 7345
0.291615 7635
0.292083 7914
0.292095 8183
0.293249 8443
0.293249 6188
0.293249 6188
0.293273 6532
0.293357 6858
0.293934 7168
0.293946 7465
0.295207 7750
0.295207 5568
0.295207 5568
0.295304 5950
0.295772 6308
0.295784 6645
0.295808 6965
0.29701 7271
0.297539 7564
0.297551 7845
0.297575 8116
0.298764 8378
0.299281 8632
0.299281 6392
0.299281 6392
0.299293 6725
0.299305 7041
0.299317 7343
0.300675 7633
0.301276 7912
0.301276 5686
0.301276 5686
0.301288 6060
0.3013 6411
0.301324 6743
0.302477 7059
0.30309 7360
0.303102 7649
0.303126 7927
0.304123 8195
0.304736 8455
0.30476 8707
0.304784 8951
0.304796 9189
0.306022 9420
0.306022 7042
0.306022 7042
0.306695 7344
0.306719 7634
0.306755 7913
0.306767 8182
0.306791 8442
0.3078 8694
0.308485 8939
0.308521 9177
0.308533 9409
0.308557 9635
0.309579 9856
0.309579 7387
0.309579 7387
0.310336 7675
0.31036 7952
0.310384 8220
0.310396 8479
0.31042 8730
0.311525 8974
0.311525 6586
0.311525 6586
0.312186 6909
0.31221 7217
0.312222 7512
0.312234 7795
0.313255 8068
0.313832 8332
0.313844 8587
0.313856 8835
0.31388 9076
0.315034 9310
0.315034 6922
0.315034 6922
0.315695 7229
0.315707 7523
0.315719 7806
0.315743 8079
0.315755 8342
0.317065 8597
0.317065 6261
0.317065 6261
0.317605 6601
0.317617 6923
0.317629 7230
0.317641 7524
0.318855 7807
0.319312 8080
0.319324 8343
0.319336 8598
0.31936 8845
0.320609 9085
0.320609 6624
0.320609 6624
0.321162 6945
0.321174 7251
0.321186 7544
0.32121 7826
0.321234 8098
0.322568 8361
0.322568 5864
0.322568 5864
0.323036 6227
0.323061 6569
0.323073 6893
0.323097 7202
0.324334 7497
0.324779 7781
0.324791 8054
0.324803 8318
0.326077 8574
0.326077 6072
0.326077 6072
0.326101 6423
0.326593 6754
0.326617 7069
0.326629 7370
0.328095 7659
0.328095 5287
0.328095 5287
0.328528 5690
0.32854 6064
0.328552 6415
0.328576 6747
0.329934 7062
0.330318 7363
0.33033 7652
0.330342 7930
0.331568 8198
0.332036 8458
0.332036 5908
0.332036 5908
0.332048 6268
0.33206 6608
0.332085 6930
0.333526 7237
0.334019 7531
0.334019 5190
0.334019 5190
0.334031 5600
0.334055 5980
0.335305 6336
0.335785 6672
0.335809 6991
0.335822 7295
0.337095 7587
0.337095 5366
0.337095 5366
0.337624 5763
0.337648 6132
0.33766 6479
0.339066 6808
0.339066 4644
0.339066 4644
0.33951 5103
0.339522 5520
0.339546 5906
0.340784 6266
0.341205 6606
0.341229 6928
0.341253 7235
0.342574 7529
0.342574 5272
0.342574 5272
0.343055 5676
0.343079 6051
0.343103 6403
0.344557 6735
0.344557 4631
0.344557 4631
0.345002 5091
0.345014 5509
0.345026 5895
0.346348 6256
0.346756 6596
0.346768 6919
0.34678 7227
0.348018 7521
0.348498 7804
0.348498 5467
0.348498 5467
0.34851 5856
0.348522 6220
0.350024 6562
0.350048 6886
0.350517 7195
0.350517 4936
0.350517 4936
0.350529 5367
0.351803 5764
0.351827 6133
0.352295 6480
0.353581 6808
0.353581 4756
0.353581 4756
0.353617 5204
0.353641 5613
0.354146 5992
0.35548 6347
0.35548 4355
0.35548 4355
0.355516 4844
0.355984 5284
0.356008 5687
0.357186 6061
0.357655 6412
0.357691 6744
0.359024 7060
0.359024 5040
0.359024 5040
0.359048 5462
0.359577 5852
0.359625 6216
0.360983 6558
0.360983 4512
0.360983 4512
0.361488 4984
0.361512 5411
0.361536 5804
0.362713 6171
0.363182 6516
0.363206 6843
0.36448 7154
0.36448 4983
0.36448 4983
0.364504 5410
0.365008 5804
0.365044 6171
0.366414 6516
0.366414 4447
0.366414 4447
0.366919 4926
0.366955 5358
0.366979 5755
0.368193 6125
0.368673 6473
0.368697 6802
0.369863 7115
0.369887 7414
0.370476 7701
0.370476 5475
0.370476 5475
0.3705 5864
0.371882 6227
0.371906 6569
0.37193 6893
0.37241 7202
0.37241 4936
0.37241 4936
0.373672 5367
0.373696 5764
0.37372 6133
0.374189 6480
0.375366 6808
0.37539 7121
0.375414 7420
0.375943 7707
0.375943 5628
0.375943 5628
0.377361 6006
0.377385 6360
0.377409 6695
0.377433 7013
0.377926 7316
0.377926 5238
0.377926 5238
0.379163 5644
0.379199 6021
0.379211 6375
0.379668 6709
0.380942 7026
0.380942 5203
0.380942 5203
0.380966 5612
0.380978 5991
0.381506 6346
0.382924 6681
0.382924 4753
0.382924 4753
0.382948 5201
0.382972 5610
0.383417 5989
0.384667 6344
0.384703 6680
0.385111 6999
0.385123 7303
0.386397 7594
0.386433 7874
0.386433 5785
0.386433 5785
0.386938 6153
0.38695 6499
0.386974 6826
0.38844 7138
0.388476 7436
0.388476 5354
0.388476 5354
0.388884 5752
0.388908 6122
0.390242 6470
0.390278 6799
0.390638 7112
0.390663 7411
0.391924 7698
0.391972 7974
0.392369 8241
0.392369 6033
0.392369 6033
0.392405 6386
0.392441 6719
0.393931 7036
0.393991 7338
0.394375 7628
0.394375 5426
0.394375 5426
0.394412 5818
0.395709 6184
0.395769 6528
0.395793 6854
0.396166 7165
0.397367 7462
0.397452 7747
0.397464 8022
0.397896 8287
0.397896 6063
0.397896 6063
0.399338 6414
0.399374 6746
0.39947 7061
0.399482 7362
0.399903 7651
0.399903 5439
0.399903 5439
0.401189 5830
0.401285 6195
0.401297 6539
0.401309 6864
0.401681 7174
0.402955 7471
0.402967 7756
0.402979 8030
0.403387 8295
0.403387 6187
0.403387 6187
0.404901 6531
0.404926 6857
0.404938 7167
0.404962 7464
0.405394 7749
0.405394 5606
0.405394 5606
0.406716 5986
0.406728 6342
0.406752 6678
0.406764 6997
0.407197 7301
0.408398 7592
0.408422 7872
0.408434 8142
0.408903 8403
0.408927 8656
0.410345 8902
0.410345 6559
0.410345 6559
0.410381 6883
0.410393 7192
0.410958 7488
0.410982 7772
0.412147 8046
0.412183 8310
0.412736 8566
0.41276 8814
0.412772 9055
0.413805 9290
0.413865 9519
0.414454 9742
0.414454 7286
0.414454 7286
0.41449 7578
0.414514 7859
0.414538 8130
0.415692 8392
0.415764 8646
0.416449 8892
0.416449 6512
0.416449 6512
0.416485 6839
0.416509 7150
0.417542 7448
0.417614 7734
0.418263 8009
0.418299 8275
0.419164 8532
0.419189 8781
0.419261 9023
0.419934 9259
0.41997 9489
0.420967 9713
0.420967 7276
0.420967 7276
0.420991 7568
0.421015 7849
0.421087 8120
0.421928 8382
0.421988 8636
0.422962 8882
0.422962 6571
0.422962 6571
0.422974 6895
0.423046 7204
0.423731 7499
0.423791 7783
0.424752 8056
0.4248 8320
0.425449 8576
0.425461 8824
0.425497 9065
0.426518 9300
0.426518 6846
0.426518 6846
0.426566 7157
0.427371 7454
0.427383 7739
0.427407 8014
0.427431 8279
0.428513 8536
0.428513 6158
0.428513 6158
0.429186 6504
0.429198 6831
0.429222 7143
0.429234 7441
0.430291 7727
0.43094 8002
0.430964 8268
0.430976 8525
0.431 8775
0.432154 9017
0.432154 6823
0.432154 6823
0.432851 7135
0.432875 7433
0.432887 7719
0.432911 7995
0.432935 8261
0.433992 8519
0.434653 8769
0.434665 9012
0.434689 9248
0.434713 9478
0.435698 9702
0.436383 9921
0.436407 10135
0.436431 10345
0.436443 10551
0.436468 10753
0.436468 8240
0.436468 8240
0.437657 8498
0.438438 8748
0.438462 8991
0.438486 9228
0.438498 9458
0.438522 9683
0.438534 9903
0.438534 7424
0.438534 7424
0.440313 7711
0.440337 7987
0.440349 8253
0.440361 8511
0.440385 8761
0.440397 9004
0.442007 9240
0.442019 9470
0.442031 9695
0.442055 9914
0.442067 10129
0.442091 10339
0.443978 10545
0.443978 8246
0.443978 8246
0.44399 8504
0.444002 8754
0.444026 8997
0.444038 9233
0.444062 9463
0.444086 9688
0.445804 9908
0.445828 10123
0.44584 10333
0.445864 10539
0.445876 10741
0.4459 10939
0.447462 11133
0.447474 11324
0.447486 11512
0.44751 11697
0.447522 11879
0.447534 12058
0.447558 12234
0.449397 12408
0.449397 9838
0.449397 9838
0.449421 10054
0.449433 10266
0.449457 10473
0.449469 10676
0.449481 10875
0.449505 11071
0.449517 11263
0.451139 11452
0.451163 11638
0.451175 11821
0.451187 12001
0.451199 12178
0.451223 12353
0.451235 12525
0.452905 12695
0.452905 9920
0.452905 9920
0.452941 10134
0.452953 10344
0.452965 10550
0.452978 10752
0.453002 10950
0.453014 11144
0.453026 11335
0.454888 11523
0.454888 8836
0.454888 8836
0.454924 9077
0.454936 9311
0.454948 9539
0.454972 9762
0.454984 9980
0.454996 10193
0.45663 10402
0.456654 10606
0.456666 10806
0.45669 11003
0.456702 11196
0.456714 11386
0.458385 11573
0.458385 8862
0.458385 8862
0.458409 9102
0.458421 9336
0.458433 9564
0.458457 9786
0.458469 10003
0.458481 10216
0.460439 10424
0.460439 7864
0.460439 7864
0.460451 8135
0.460463 8397
0.460488 8650
0.4605 8896
0.460512 9135
0.462254 9368
0.462266 9595
0.46229 9817
0.462302 10034
0.462314 10246
0.462338 10454
0.463948 10657
0.46396 10857
0.463984 11053
0.463996 11245
0.464008 11434
0.464032 11620
0.464032 8816
0.464032 8816
0.464056 9057
0.465979 9292
0.465991 9521
0.466015 9744
0.466027 9962
0.466039 10175
0.466063 10384
0.466063 7710
0.466063 7710
0.467757 7986
0.467769 8252
0.467793 8510
0.467805 8760
0.467817 9003
0.467841 9239
0.469584 9469
0.469584 7124
0.469584 7124
0.469608 7423
0.46962 7710
0.469632 7986
0.469656 8252
0.469668 8510
0.471386 8760
0.471386 6451
0.471386 6451
0.471422 6781
0.471434 7095
0.471458 7395
0.47147 7683
0.47302 7960
0.473056 8227
0.473068 8486
0.47308 8737
0.473104 8980
0.474919 9217
0.474919 6812
0.474919 6812
0.474955 7124
0.474967 7423
0.474979 7710
0.475003 7986
0.475027 8252
0.476745 8510
0.476745 6105
0.476745 6105
0.476781 6454
0.476793 6784
0.476817 7098
0.476841 7398
0.478439 7686
0.478475 7963
0.478487 8230
0.478512 8489
0.478536 8740
0.48029 8983
0.48029 6489
0.48029 6489
0.480338 6817
0.48035 7129
0.480374 7428
0.48041 7714
0.482116 7990
0.482116 5673
0.482116 5673
0.482152 6048
0.482164 6400
0.482188 6733
0.482212 7049
0.483847 7351
0.483871 7640
0.483895 7919
0.483907 8188
0.485697 8448
0.485697 6048
0.485697 6048
0.485721 6400
0.485733 6733
0.485757 7049
0.485781 7351
0.487572 7640
0.487572 5325
0.487572 5325
0.487596 5725
0.487608 6097
0.487632 6446
0.487656 6776
0.489314 7090
0.489338 7390
0.48935 7678
0.489374 7955
0.491068 8222
0.491068 5792
0.491068 5792
0.491092 6160
0.491104 6506
0.491128 6833
0.49114 7144
0.493063 7442
0.493063 5112
0.493063 5112
0.493087 5528
0.493111 5913
0.493123 6273
0.494829 6612
0.494877 6934
0.494889 7241
0.494901 7535
0.49668 7817
0.49668 5437
0.49668 5437
0.49674 5829
0.496752 6194
0.496764 6538
0.496788 6864
0.49847 7174
0.498518 7471
0.498518 5151
0.498518 5151
0.49853 5564
0.498554 5947
0.50026 6305
0.500321 6643
0.500321 4492
0.500321 4492
0.500357 4966
0.500381 5395
0.502183 5790
0.502243 6158
0.502267 6504
0.503925 6831
0.503985 7143
0.504009 7441
0.504021 7727
0.505848 8002
0.505848 5721
0.505848 5721
0.505908 6093
0.505944 6442
0.505956 6772
0.50598 7086
0.507722 7386
0.507722 5160
0.507722 5160
0.507794 5573
0.507807 5955
0.507819 6312
0.509441 6649
0.509537 6969
0.509549 7274
0.509573 7567
0.511327 7848
0.511327 5540
0.511327 5540
0.511435 5924
0.511459 6283
0.511483 6622
0.511507 6943
0.513214 7250
0.513214 5007
0.513214 5007
0.51331 5432
0.513334 5824
0.513346 6190
0.514992 6534
0.515088 6860
0.5151 7170
0.515124 7467
0.516831 7752
0.516831 5483
0.516831 5483
0.516939 5871
0.516963 6234
0.516987 6575
0.517011 6899
0.518789 7207
0.518789 5004
0.518789 5004
0.518885 5429
0.518909 5821
0.518921 6187
0.520568 6531
0.520688 6857
0.5207 7167
0.520712 7464
0.522346 7749
0.522346 5471
0.522346 5471
0.52249 5860
0.522502 6223
0.522514 6565
0.522538 6889
0.524365 7198
0.524365 4902
0.524365 4902
0.524485 5336
0.524497 5735
0.524509 6106
0.526131 6455
0.526239 6785
0.526251 7099
0.526263 7399
0.527909 7687
0.527909 5375
0.527909 5375
0.528029 5771
0.528053 6140
0.528065 6487
0.52809 6815
0.529976 7127
0.529976 4895
0.529976 4895
0.530084 5330
0.530096 5729
0.530108 6101
0.531766 6450
0.531875 6780
0.531887 7094
0.531899 7394
0.533533 7682
0.533533 5376
0.533533 5376
0.533653 5772
0.533677 6141
0.533689 6488
0.533713 6816
0.535588 7128
0.535588 4816
0.535588 4816
0.535696 5258
0.535708 5663
0.53572 6039
0.537366 6391
0.537486 6724
0.537498 7041
0.53751 7343
0.539156 7633
0.539156 5304
0.539156 5304
0.5393 5705
0.539324 6078
0.539336 6428
0.539361 6759
0.541151 7074
0.541151 4829
0.541151 4829
0.541283 5270
0.541295 5674
0.541307 6049
0.542929 6401
0.543073 6734
0.543085 7050
0.54311 7352
0.544672 7641
0.544672 5321
0.544672 5321
0.544852 5721
0.544876 6093
0.5449 6442
0.544924 6772
0.546726 7086
0.546726 4766
0.546726 4766
0.546871 5213
0.546895 5621
0.546907 6000
0.548517 6355
0.548673 6690
0.548685 7008
0.548697 7312
0.550271 7603
0.550271 5264
0.550271 5264
0.550475 5668
0.550487 6044
0.550499 6396
0.550523 6729
0.552266 7045
0.552266 4793
0.552266 4793
0.552422 5237
0.552434 5644
0.552446 6021
0.554068 6375
0.554224 6709
0.554236 7026
0.554248 7329
0.555726 7619
0.555883 7898
0.555907 8167
0.555907 5742
0.555907 5742
0.555919 6113
0.555943 6461
0.557721 6790
0.557877 7103
0.557901 7403
0.557901 5111
0.557901 5111
0.557925 5528
0.559487 5913
0.559656 6273
0.559692 6612
0.561422 6934
0.561422 4912
0.561422 4912
0.561446 5345
0.561626 5743
0.561662 6114
0.563188 6462
0.563188 4414
0.563188 4414
0.563368 4896
0.563405 5331
0.563441 5730
0.565015 6102
0.565015 4289
0.565015 4289
0.565207 4785
0.565255 5230
0.566757 5637
0.566925 6015
0.566961 6369
0.568535 6703
0.568535 4780
0.568535 4780
0.56874 5225
0.568764 5632
0.568788 6010
0.570494 6364
0.570494 4374
0.570494 4374
0.570662 4861
0.570686 5299
0.57071 5701
0.572272 6074
0.572429 6424
0.572453 6755
0.573979 7070
0.574003 7371
0.574159 7660
0.574159 5476
0.574159 5476
0.574195 5865
0.575997 6228
0.576033 6570
0.576057 6894
0.576166 7203
0.576166 4962
0.576166 4962
0.577788 5391
0.577824 5786
0.577848 6154
0.577932 6500
0.57965 6827
0.57965 4853
0.57965 4853
0.579674 5292
0.579698 5694
0.579794 6068
0.581441 6419
0.581489 6751
0.581585 7066
0.581597 7367
0.583171 7656
0.583171 5542
0.583171 5542
0.583219 5926
0.583327 6285
0.583339 6624
0.583363 6945
0.585202 7251
0.585202 5147
0.585202 5147
0.585286 5561
0.585298 5944
0.585322 6302
0.587016 6640
0.5871 6961
0.587112 7267
0.587124 7560
0.588662 7841
0.588758 8112
0.588782 8374
0.588794 8628
0.588794 6354
0.588794 6354
0.588818 6689
0.590633 7007
0.590753 7311
0.590777 7602
0.590789 7882
0.590789 5688
0.590789 5688
0.592387 6062
0.592507 6413
0.592531 6745
0.592555 7061
0.592567 7362
0.594442 7651
0.594442 5629
0.594442 5629
0.594466 6007
0.594502 6361
0.594514 6696
0.594538 7014
0.596244 7317
0.596292 7608
0.596304 7888
0.596328 8158
0.596328 5914
0.596328 5914
0.597951 6274
0.597975 6613
0.598023 6935
0.598035 7242
0.598059 7536
0.598059 5592
0.598059 5592
0.599957 5973
0.600005 6329
0.600029 6665
0.600053 6984
0.600053 5077
0.600053 5077
0.60176 5496
0.601808 5883
0.601832 6245
0.601844 6586
0.60349 6909
0.603514 7217
0.603526 7512
0.603538 7795
0.605485 8068
0.605485 6105
0.605485 6105
0.605509 6454
0.605521 6784
0.605533 7098
0.605557 7398
0.607239 7686
0.607275 7963
0.607287 8230
0.607311 8489
0.607335 8740
0.609065 8983
0.609065 6820
0.609065 6820
0.609101 7132
0.609125 7430
0.609137 7716
0.609161 7992
0.610784 8258
0.610844 8516
0.610856 8766
0.61088 9009
0.610892 9245
0.612598 9475
0.612598 7118
0.612598 7118
0.612658 7417
0.612682 7704
0.612706 7980
0.612718 8247
0.61273 8505
0.614473 8755
0.614473 6439
0.614473 6439
0.614533 6770
0.614557 7084
0.614569 7384
0.614581 7672
0.616203 7949
0.616275 8217
0.616287 8476
0.616299 8727
0.616323 8971
0.617969 9208
0.617969 6797
0.617969 6797
0.618041 7110
0.618053 7409
0.618065 7696
0.618089 7972
0.618113 8239
0.62 8497
0.62 6090
0.62 6090
0.62006 6440
0.620072 6770
0.620096 7084
0.620108 7384
0.621814 7672
0.621874 7949
0.621898 8217
0.62191 8476
0.621922 8727
0.623533 8971
0.623533 6474
0.623533 6474
0.623617 6803
0.623641 7116
0.623653 7415
0.623665 7702
0.625551 7978
0.625551 5660
0.625551 5660
0.625611 6036
0.625623 6389
0.625635 6722
0.625659 7039
0.627402 7341
0.62745 7631
0.627462 7910
0.627486 8179
0.629048 8439
0.629072 8691
0.629108 8936
0.62912 9174
0.629144 9406
0.631019 9632
0.631019 7062
0.631019 7062
0.631055 7363
0.631091 7652
0.631103 7930
0.631127 8198
0.631139 8458
0.632809 8710
0.632869 8954
0.632881 9192
0.632893 9423
0.632905 9649
0.634479 9869
0.634551 10084
0.634563 10295
0.634575 10502
0.634587 10704
0.634611 10903
0.636474 11098
0.636474 8423
0.636474 8423
0.636558 8676
0.63657 8921
0.636582 9159
0.636594 9391
0.636618 9617
0.63663 9838
0.638324 10054
0.638324 7521
0.638324 7521
0.638408 7804
0.63842 8077
0.638432 8340
0.638444 8595
0.638456 8843
0.640007 9084
0.640115 9318
0.640127 9546
0.640139 9769
0.640151 9987
0.640163 10200
0.641893 10408
0.641893 7732
0.641893 7732
0.642025 8007
0.642049 8273
0.642061 8530
0.642073 8779
0.642085 9021
0.643756 9257
0.643876 9487
0.643888 9711
0.6439 9930
0.643912 10144
0.643924 10354
0.645462 10559
0.645606 10760
0.64563 10958
0.645642 11152
0.645654 11343
0.645666 11530
0.645678 11714
0.647396 11895
0.647396 9083
0.647396 9083
0.647577 9317
0.647601 9545
0.647625 9768
0.647637 9986
0.647649 10199
0.647661 10408
0.647685 10612
0.649223 10812
0.649379 11009
0.649391 11202
0.649403 11392
0.649415 11579
0.649427 11763
0.649439 11944
0.650881 12122
0.651025 12297
0.651049 12470
0.651061 12640
0.651073 12808
0.651085 12974
0.651097 13138
0.651121 13300
0.652804 13460
0.652804 10468
0.652804 10468
0.652972 10671
0.652996 10870
0.65302 11066
0.653032 11258
0.653044 11447
0.653056 11633
0.65308 11816
0.653104 11996
0.65463 12173
0.654798 12348
0.65481 12520
0.654822 12690
0.654834 12857
0.654846 13022
0.654858 13185
0.65487 13346
0.656324 13505
0.656492 13662
0.656517 13818
0.656529 13972
0.656541 14124
0.656553 14274
0.656565 14423
0.656577 14570
0.656601 14716
0.658283 14860
0.658283 11750
0.658283 11750
0.658475 11931
0.658511 12109
0.658523 12285
0.658535 12458
0.658547 12629
0.658559 12797
0.658571 12963
0.658595 13127
0.658619 13289
0.660169 13449
0.660169 10442
0.660169 10442
0.660362 10646
0.660374 10846
0.660386 11042
0.660398 11235
0.66041 11424
0.660422 11610
0.660434 11793
0.660458 11973
0.661864 12151
0.662068 12326
0.66208 12498
0.662092 12668
0.662104 12836
0.662116 13002
0.662128 13165
0.66214 13326
0.663786 13485
0.663786 10736
0.663786 10736
0.664039 10934
0.664063 11128
0.664075 11319
0.664087 11507
0.664099 11692
0.664111 11874
0.664123 12053
0.664147 12229
0.665673 12403
0.665673 9645
0.665673 9645
0.665889 9866
0.665901 10082
0.665913 10293
0.665925 10500
0.665937 10703
0.665949 10902
0.665961 11097
0.667427 11289
0.667655 11477
0.667667 11662
0.667679 11844
0.667691 12023
0.667703 12200
0.667715 12374
0.669338 12546
0.669338 9661
0.669338 9661
0.669602 9881
0.669626 10096
0.669638 10307
0.66965 10513
0.669662 10715
0.669674 10913
0.669698 11108
0.671176 11299
0.671416 11487
0.671428 11672
0.67144 11854
0.671452 12033
0.671476 12210
0.671488 12384
0.672918 12556
0.673159 12725
0.673183 12892
0.673195 13057
0.673207 13220
0.673231 13381
0.673243 13540
0.673255 13697
0.674889 13852
0.674889 10896
0.674889 10896
0.675165 11091
0.675189 11283
0.675213 11471
0.675225 11656
0.675249 11838
0.675261 12018
0.675274 12195
0.675286 12369
0.676727 12541
0.676727 9689
0.676727 9689
0.677004 9909
0.677016 10124
0.67704 10334
0.677052 10540
0.677064 10742
0.677076 10940
0.6771 11134
0.678422 11325
0.67871 11513
0.678722 11698
0.678734 11880
0.678746 12059
0.67877 12235
0.678782 12409
0.680332 12580
0.680332 9908
0.680332 9908
0.680681 10123
0.680705 10333
0.680717 10539
0.680729 10741
0.680753 10939
0.680765 11133
0.680777 11324
0.682195 11512
0.682507 11697
0.682519 11879
0.682531 12058
0.682555 12234
0.682567 12408
0.682579 12579
0.683925 12748
0.684237 12915
0.684261 13080
0.684273 13242
0.684298 13402
0.68431 13561
0.684322 13718
0.684334 13873
0.685872 14026
0.685872 11274
0.685872 11274
0.686256 11463
0.68628 11648
0.686304 11831
0.686328 12011
0.68634 12188
0.686352 12362
0.686364 12534
0.686376 12704
0.687734 12871
0.687734 10151
0.687734 10151
0.688095 10360
0.688119 10565
0.688143 10766
0.688155 10963
0.688167 11157
0.688179 11348
0.688191 11535
0.689404 11719
0.689741 11900
0.689765 12079
0.689789 12255
0.689801 12428
0.689813 12599
0.689825 12768
0.691327 12934
0.691327 10369
0.691327 10369
0.691351 10574
0.691723 10775
0.691747 10972
0.691771 11166
0.691783 11356
0.691796 11543
0.691808 11727
0.693189 11908
0.693189 9311
0.693189 9311
0.693502 9539
0.693526 9762
0.69355 9980
0.693574 10193
0.693586 10402
0.693598 10606
0.693622 10806
0.694932 11003
0.695244 11196
0.695268 11386
0.69528 11573
0.695292 11757
0.695316 11938
0.695328 12116
0.69683 12291
0.69683 9935
0.69683 9935
0.697191 10149
0.697227 10359
0.697239 10564
0.697251 10765
0.697275 10963
0.697287 11157
0.697299 11348
0.698669 11535
0.698669 9153
0.698669 9153
0.699029 9385
0.699041 9612
0.699053 9833
0.699077 10049
0.699089 10261
0.699101 10468
0.700387 10671
0.700747 10870
0.700759 11066
0.700771 11258
0.700783 11447
0.700795 11633
0.70082 11816
0.702249 11996
0.702249 9352
0.702249 9352
0.70267 9579
0.702682 9801
0.702694 10018
0.702706 10230
0.702718 10438
0.702742 10642
0.702766 10842
0.704124 11038
0.704124 8412
0.704124 8412
0.704484 8665
0.704496 8911
0.704508 9150
0.704532 9382
0.704544 9609
0.704569 9830
0.705782 10046
0.706131 10258
0.706143 10465
0.706155 10668
0.706167 10867
0.706191 11063
0.707597 11255
0.707597 8682
0.707597 8682
0.708017 8927
0.708041 9165
0.708053 9397
0.708065 9623
0.708089 9844
0.708101 10060
0.709495 10271
0.709495 7856
0.709495 7856
0.709856 8127
0.70988 8389
0.709892 8643
0.709916 8889
0.709928 9128
0.711261 9361
0.711622 9588
0.711634 9810
0.711646 10027
0.711658 10239
0.71167 10447
0.713052 10651
0.713052 8353
0.713052 8353
0.71346 8608
0.713484 8855
0.713496 9095
0.713508 9329
0.71352 9557
0.713544 9780
0.715058 9997
0.715058 7662
0.715058 7662
0.715407 7940
0.715431 8208
0.715443 8467
0.715455 8718
0.715479 8962
0.716837 9199
0.717173 9430
0.717185 9656
0.717197 9876
0.717221 10091
0.717233 10302
0.718555 10508
0.718555 7978
0.718555 7978
0.718988 8245
0.719 8503
0.719012 8753
0.719036 8996
0.719048 9232
0.719072 9462
0.72061 9687
0.72061 7198
0.72061 7198
0.720946 7494
0.72097 7778
0.720982 8052
0.720994 8316
0.721006 8572
0.722388 8820
0.722713 9061
0.722725 9296
0.722737 9525
0.722749 9748
0.724155 9966
0.724155 7345
0.724155 7345
0.724179 7635
0.724527 7914
0.724539 8183
0.724551 8443
0.724563 8695
0.726257 8940
0.726257 6437
0.726257 6437
0.726546 6768
0.726558 7082
0.72657 7382
0.726582 7670
0.728096 7947
0.728324 8215
0.728336 8474
0.728348 8725
0.72836 8969
0.729814 9206
0.730078 9437
0.730078 6838
0.730078 6838
0.73009 7149
0.730103 7447
0.730115 7733
0.730139 8008
0.731869 8274
0.732073 8531
0.732073 6075
0.732073 6075
0.732085 6425
0.732097 6756
0.732109 7071
0.733659 7372
0.733815 7661
0.733827 7939
0.733839 8207
0.735486 8466
0.735486 6137
0.735486 6137
0.73551 6484
0.735678 6812
0.735702 7124
0.735714 7423
0.737372 7710
0.737372 5481
0.737372 5481
0.737576 5869
0.737588 6232
0.7376 6574
0.737625 6898
0.739102 7207
0.739295 7502
0.739307 7786
0.739331 8059
0.740905 8323
0.740905 5929
0.740905 5929
0.741133 6288
0.741145 6626
0.741169 6947
0.741181 7253
0.742815 7546
0.742815 5275
0.742815 5275
0.74302 5679
0.743044 6054
0.743056 6406
0.744558 6738
0.74475 7054
0.744762 7356
0.744774 7645
0.746276 7923
0.746276 5586
0.746276 5586
0.746516 5967
0.746528 6324
0.74654 6661
0.746564 6981
0.748331 7286
0.748331 5043
0.748331 5043
0.748487 5465
0.748499 5855
0.748511 6219
0.750133 6561
0.750277 6885
0.750289 7194
0.750301 7490
0.751863 7774
0.751863 5437
0.751863 5437
0.752056 5829
0.752068 6194
0.75208 6538
0.752104 6864
0.753846 7174
0.753846 4844
0.753846 4844
0.754002 5284
0.754014 5687
0.754026 6061
0.755637 6412
0.755793 6744
0.755805 7060
0.755829 7361
0.757367 7650
0.757367 5313
0.757367 5313
0.757547 5714
0.757559 6087
0.757583 6437
0.757607 6768
0.759386 7082
0.759386 4832
0.759386 4832
0.75953 5273
0.759554 5677
0.759566 6052
0.7612 6404
0.7612 4228
0.7612 4228
0.761356 4732
0.761368 5182
0.761392 5593
0.762894 5974
0.76305 6330
0.763074 6666
0.764793 6985
0.764793 4899
0.764793 4899
0.764817 5334
0.764997 5733
0.765021 6104
0.766571 6453
0.766727 6783
0.766727 4729
0.766727 4729
0.766751 5179
0.766775 5590
0.768434 5971
0.768614 6327
0.768614 4260
0.768614 4260
0.76865 4760
0.770212 5207
0.770236 5616
0.770404 5995
0.771954 6350
0.771954 4365
0.771954 4365
0.771978 4853
0.772195 5292
0.772219 5694
0.773913 6068
0.773913 4100
0.773913 4100
0.774093 4619
0.774117 5080
0.775691 5499
0.775871 5886
0.775895 6248
0.777422 6589
0.777422 4551
0.777422 4551
0.77765 5019
0.777674 5443
0.777686 5834
0.779392 6199
0.779392 4138
0.779392 4138
0.77962 4653
0.779632 5111
0.781219 5528
0.781435 5913
0.781447 6273
0.782877 6612
0.783141 6934
0.783153 7241
0.783153 5059
0.783153 5059
0.783177 5480
0.784859 5868
0.785196 6231
0.78522 6573
0.78522 4498
0.78522 4498
0.786662 4971
0.786686 5399
0.787034 5793
0.787058 6160
0.788284 6506
0.788668 6833
0.788693 7144
0.788717 7442
0.790183 7728
0.790183 5576
0.790183 5576
0.790627 5958
0.790651 6315
0.790675 6652
0.790699 6972
0.791961 7277
0.792405 7569
0.792442 7850
0.792478 8121
0.793703 8383
0.794196 8637
0.794196 6250
0.794196 6250
0.79422 6591
0.794244 6914
0.794292 7222
0.795734 7517
0.796118 7800
0.796118 5490
0.796118 5490
0.796154 5878
0.796191 6240
0.797512 6581
0.797536 6904
0.797849 7212
0.797897 7507
0.799219 7790
0.799255 8063
0.799255 5846
0.799255 5846
0.799627 6210
0.799687 6553
0.799711 6878
0.801261 7187
0.801309 7483
0.801309 5320
0.801309 5320
0.801634 5720
0.801646 6092
0.803064 6441
0.803112 6771
0.803376 7085
0.8034 7385
0.804746 7673
0.804806 7950
0.805106 8218
0.805106 5955
0.805106 5955
0.805142 6312
0.805166 6649
0.806753 6969
0.806813 7274
0.807185 7567
0.807185 5333
0.807185 5333
0.807209 5732
0.808495 6103
0.808543 6452
0.808976 6782
0.810189 7096
0.810201 7396
0.810237 7684
0.81073 7961
0.81073 5817
0.81073 5817
0.812196 6183
0.812208 6527
0.812232 6853
0.812256 7164
0.812761 7461
0.812761 5316
0.812761 5316
0.814022 5716
0.814034 6088
0.814046 6438
0.814539 6769
0.815692 7083
0.815704 7383
0.815729 7671
0.816269 7948
0.816269 5940
0.816269 5940
0.817639 6298
0.817651 6636
0.817675 6957
0.817687 7263
0.818288 7556
0.818288 5494
0.818288 5494
0.819466 5881
0.819478 6243
0.81949 6584
0.820066 6907
0.82122 7215
0.821232 7510
0.821244 7793
0.821821 8066
0.821821 6132
0.821821 6132
0.823214 6479
0.823227 6808
0.823239 7121
0.823263 7420
0.823815 7707
0.823815 5691
0.823815 5691
0.825053 6065
0.825065 6416
0.825089 6748
0.825101 7063
0.825606 7364
0.826747 7653
0.826771 7931
0.826783 8199
0.8273 8458
0.827324 8710
0.828694 8954
0.828694 6708
0.828694 6708
0.82873 7025
0.828742 7328
0.829343 7618
0.829367 7897
0.830496 8166
0.830544 8427
0.830556 8679
0.831133 8924
0.831133 6626
0.831133 6626
0.831169 6947
0.832226 7253
0.832287 7546
0.832299 7828
0.832827 8100
0.834101 8363
0.834101 6344
0.834101 6344
0.834173 6680
0.834197 6999
0.834221 7303
0.834846 7594
0.835975 7874
0.835975 5784
0.835975 5784
0.83606 6152
0.836072 6498
0.836084 6826
0.83666 7138
0.837718 7436
0.837802 7722
0.837814 7998
0.838343 8264
0.839496 8521
0.839496 6283
0.839496 6283
0.83952 6622
0.839604 6943
0.839616 7250
0.840241 7544
0.841395 7826
0.841395 5603
0.841395 5603
0.841491 5983
0.841503 6339
0.84202 6675
0.842044 6994
0.843173 7298
0.843257 7590
0.843257 5450
0.843257 5450
0.843846 5841
0.84387 6205
0.844963 6548
0.845048 6873
0.845636 7183
0.845636 5333
0.845636 5333
0.84566 5732
0.846946 6103
0.84703 6452
0.847571 6782
0.847571 4836
0.847571 4836
0.848785 5276
0.848809 5680
0.848881 6055
0.849349 6407
0.850419 6739
0.850491 7055
0.850515 7357
0.85102 7646
0.852317 7924
0.852317 5905
0.852317 5905
0.852401 6265
0.852425 6605
0.852449 6927
0.853026 7234
0.854156 7528
0.85424 7811
0.854264 8083
0.854264 5952
0.854264 5952
0.854805 6310
0.855874 6647
0.855898 6967
0.855946 7272
0.85597 7565
0.857724 7846
0.857724 5889
0.857724 5889
0.85776 6250
0.857809 6591
0.857833 6914
0.857857 7222
0.859611 7517
0.859611 5524
0.859611 5524
0.859683 5909
0.859707 6269
0.859719 6609
0.861317 6931
0.861389 7238
0.861401 7532
0.861413 7815
0.863168 8087
0.863168 6162
0.863168 6162
0.863252 6507
0.863264 6834
0.863276 7145
0.8633 7443
0.865042 7729
0.865042 5763
0.865042 5763
0.865138 6132
0.86515 6479
0.865162 6808
0.865186 7121
0.86676 7420
0.866857 7707
0.866869 7983
0.866881 8250
0.868563 8508
0.868563 6325
0.868563 6325
0.868599 6662
0.868707 6981
0.868719 7286
0.868731 7578
0.870546 7859
0.870546 5723
0.870546 5723
0.870654 6095
0.870666 6444
0.870678 6774
0.87069 7088
0.872336 7388
0.872432 7676
0.872444 7953
0.872456 8221
0.874102 8480
0.874102 6161
0.874102 6161
0.874126 6506
0.87421 6833
0.874234 7144
0.874246 7442
0.876049 7728
0.876049 5505
0.876049 5505
0.876145 5892
0.876169 6253
0.876181 6593
0.876193 6916
0.877839 7224
0.877839 4960
0.877839 4960
0.877923 5389
0.877947 5784
0.877959 6152
0.879642 6498
0.879726 6826
0.879738 7138
0.87975 7436
0.881372 7722
0.881372 5436
0.881372 5436
0.88148 5828
0.881492 6193
0.881504 6537
0.881528 6863
0.883379 7173
0.883379 4958
0.883379 4958
0.883463 5387
0.883475 5782
0.883499 6150
0.885217 6496
0.885289 6824
0.885313 7136
0.885325 7434
0.886887 7720
0.886971 7996
0.886995 8262
0.887007 8520
0.887031 8770
0.888906 9013
0.888906 6507
0.888906 6507
0.889002 6834
0.889026 7145
0.889038 7443
0.889062 7729
0.889086 8004
0.890732 8270
0.890841 8527
0.890865 8776
0.890877 9018
0.890901 9254
0.892451 9484
0.892547 9708
0.892571 9927
0.892583 10141
0.892607 10351
0.892619 10556
0.894421 10757
0.894421 8072
0.894421 8072
0.894553 8336
0.89459 8591
0.894614 8839
0.894638 9080
0.89465 9314
0.894674 9542
0.896224 9765
0.896392 9983
0.896404 10196
0.896416 10405
0.896428 10609
0.896452 10809
0.897834 11006
0.898014 11199
0.898038 11389
0.89805 11576
0.898062 11760
0.898086 11941
0.89811 12119
0.899744 12294
0.899744 9417
0.899744 9417
0.899961 9643
0.899985 9864
0.899997 10080
0.900009 10291
0.900033 10498
0.900045 10701
0.900069 10900
0.901595 11095
0.901595 8363
0.901595 8363
0.901823 8617
0.901835 8864
0.901859 9104
0.901871 9338
0.901883 9566
0.901907 9788
0.903301 10005
0.903505 10218
0.903529 10426
0.903553 10630
0.903565 10830
0.90359 11026
0.90514 11219
0.90514 8522
0.90514 8522
0.905392 8772
0.905416 9015
0.90544 9251
0.905452 9481
0.905464 9705
0.905488 9924
0.907002 10138
0.907218 10348
0.90723 10553
0.907242 10754
0.907254 10952
0.907278 11146
0.908744 11337
0.908949 11525
0.908949 8752
0.908949 8752
0.908961 8995
0.908973 9231
0.908985 9461
0.909009 9686
0.909021 9906
0.910787 10121
0.910955 10331
0.910955 7785
0.910955 7785
0.910967 8058
0.910979 8322
0.911003 8578
0.911015 8826
0.912553 9067
0.91271 9302
0.912722 9531
0.912746 9754
0.912758 9972
0.912782 10185
0.914464 10394
0.914464 7750
0.914464 7750
0.914644 8025
0.914656 8290
0.91468 8547
0.914692 8796
0.914716 9038
0.916218 9273
0.916423 9502
0.916423 6939
0.916423 6939
0.916435 7246
0.916447 7540
0.916471 7822
0.916495 8094
0.918081 8357
0.918285 8612
0.918297 8859
0.918321 9099
0.918345 9333
0.919775 9561
0.920003 9783
0.920003 7246
0.920003 7246
0.920015 7540
0.920027 7822
0.920039 8094
0.920063 8357
0.921698 8612
0.921986 8859
0.921986 6428
0.921986 6428
0.921998 6759
0.92201 7074
0.922034 7375
0.9235 7664
0.923788 7942
0.9238 8210
0.923824 8469
0.923848 8720
0.925134 8964
0.925471 9201
0.925483 9432
0.925507 9657
0.925531 9877
0.927093 10092
0.927093 7533
0.927093 7533
0.927117 7815
0.927513 8087
0.927525 8350
0.927549 8605
0.927573 8852
0.928931 9092
0.92928 9326
0.929304 9554
0.929328 9777
0.929352 9995
0.929364 10208
0.930626 10416
0.93095 10620
0.930974 10820
0.930998 11017
0.931022 11210
0.931034 11400
0.932548 11586
0.932548 8943
0.932548 8943
0.932572 9181
0.932945 9413
0.932969 9639
0.932993 9860
0.933017 10076
0.933029 10287
0.934362 10494
0.934699 10697
0.934699 8130
0.934699 8130
0.934735 8392
0.934759 8646
0.934783 8892
0.934795 9131
0.934819 9364
0.936117 9591
0.936501 9813
0.936549 10030
0.936561 10242
0.936573 10450
0.936585 10653
0.938015 10853
0.938015 8189
0.938015 8189
0.93846 8449
0.938508 8701
0.93852 8945
0.938532 9183
0.938544 9415
0.938568 9641
0.93983 9862
0.940274 10078
0.940286 10289
0.940298 10496
0.940322 10699
0.940334 10898
0.941536 11093
0.942053 11285
0.942053 8520
0.942053 8520
0.942065 8770
0.942077 9013
0.942101 9249
0.942113 9479
0.942125 9703
0.943531 9922
0.944095 10136
0.944095 7596
0.944095 7596
0.944107 7876
0.944132 8146
0.944144 8407
0.944156 8660
0.945381 8906
0.945898 9145
0.945922 9378
0.945934 9605
0.945946 9826
0.947075 10042
0.947099 10254
0.947664 10461
0.947664 7769
0.947664 7769
0.947688 8043
0.9477 8308
0.947712 8564
0.949082 8812
0.949118 9053
0.949142 9288
0.949719 9517
0.949719 6923
0.949719 6923
0.949743 7230
0.950909 7524
0.950933 7807
0.950957 8080
0.950981 8343
0.951521 8598
0.952603 8845
0.952615 9085
0.952639 9319
0.952663 9547
0.95324 9770
0.954561 9988
0.954561 7237
0.954561 7237
0.954585 7531
0.954609 7814
0.954633 8086
0.954658 8349
0.955318 8604
0.956424 8851
0.956448 9091
0.956472 9325
0.956496 9553
0.957073 9776
0.958142 9994
0.958166 10207
0.958178 10415
0.95819 10619
0.958214 10819
0.958863 11016
0.958863 8112
0.958863 8112
0.960149 8374
0.960173 8628
0.960185 8875
0.960197 9115
0.960221 9348
0.960233 9576
0.96087 9798
0.96087 7107
0.96087 7107
0.961987 7406
0.961999 7693
0.962011 7970
0.962023 8237
0.962035 8495
0.9626 8745
0.96367 8988
0.963682 9225
0.963694 9456
0.963706 9681
0.964342 9901
0.964342 7511
0.964342 7511
0.965616 7794
0.96564 8067
0.965652 8331
0.965664 8586
0.965688 8834
0.966409 9075
0.966409 6794
0.966409 6794
0.967515 7107
0.967527 7406
0.967539 7693
0.967551 7970
0.967575 8237
0.968212 8495
0.969257 8745
0.969269 8988
0.969281 9225
0.969293 9456
0.969918 9681
0.971155 9901
0.971155 7647
0.971155 7647
0.97118 7925
0.971192 8193
0.971204 8453
0.971228 8705
0.971949 8949
0.972982 9187
0.973018 9419
0.97303 9645
0.973042 9866
0.973679 10082
0.973703 10293
0.974676 10500
0.974712 10703
0.974724 10902
0.974736 11097
0.975445 11289
0.975445 8758
0.975445 8758
0.975481 9001
0.975505 9237
0.976647 9467
0.976683 9692
0.976695 9911
0.976707 10126
0.977392 10336
0.977392 7824
0.977392 7824
0.97744 8096
0.978461 8359
0.978497 8614
0.978521 8861
0.978533 9101
0.979134 9335
0.980107 9563
0.980143 9785
0.980167 10002
0.98018 10215
0.980204 10423
0.980816 10627
0.98197 10827
0.98197 8451
0.98197 8451
0.982018 8703
0.982042 8947
0.982054 9185
0.982078 9417
0.982102 9643
0.982811 9864
0.983844 10080
0.983892 10291
0.983916 10498
0.983941 10701
0.983953 10900
0.984601 11095
0.985551 11287
0.985611 11475
0.985635 11660
0.985647 11842
0.985671 12022
0.985683 12199
0.986368 12373
0.986368 9813
0.986368 9813
0.987473 10030
0.987545 10242
0.987569 10450
0.987581 10653
0.987605 10853
0.987617 11049
0.987629 11241
0.98835 11430
0.98835 8855
0.98835 8855
0.989444 9095
0.989468 9329
0.989492 9557
0.989516 9780
0.989528 9997
0.98954 10210
0.990189 10418
0.991138 10622
0.991162 10822
0.991186 11018
0.991198 11211
0.99121 11401
0.991811 11587
0.991811 8809
0.991811 8809
0.991835 9050
0.993013 9285
0.993049 9514
0.993073 9738
0.993085 9956
0.993097 10170
0.993746 10379
0.993746 7715
0.993746 7715
0.994827 7991
0.994863 8257
0.994887 8515
0.994899 8765
0.994911 9008
0.995524 9244
0.996449 9474
0.996485 9698
0.996497 9917
0.996509 10131
0.996533 10341
0.997134 10547
0.998288 10749
0.998288 8324
0.998288 8324
0.998336 8580
0.998348 8828
0.99836 9069
0.998384 9304
0.998408 9533
0.999081 9756
1.00019 9974
1.00019 7509
1.00019 7509
1.00023 7792
1.00025 8065
1.00027 8329
1.00028 8584
1.0009 8832
1.00198 9073
1.00204 9307
1.00206 9536
1.00207 9759
1.00261 9977
1.00264 10190
1.00378 10399
1.00378 7836
1.00378 7836
1.00385 8108
1.00388 8370
1.00389 8624
1.00448 8871
1.00451 9111
1.00576 9344
1.00576 6863
1.00576 6863
1.00583 7173
1.00585 7470
1.00639 7755
1.00641 8029
1.00643 8294
1.00749 8551
1.00755 8800
1.00802 9042
1.00804 9277
1.00807 9506
1.00921 9730
1.00921 7175
1.00921 7175
1.00927 7472
1.00931 7757
1.00986 8031
1.00988 8296
1.00991 8552
1.01124 8801
1.01124 6414
1.01124 6414
1.01131 6746
1.01177 7061
1.01181 7362
1.01183 7651
1.01301 7929
1.01343 8197
1.01346 8457
1.01349 8709
1.0135 8953
1.01485 9191
1.01485 6683
1.01485 6683
1.01534 7001
1.01539 7305
1.01541 7596
1.01542 7876
1.01545 8146
1.01683 8407
1.01683 5993
1.01683 5993
1.01726 6348
1.01728 6683
1.0173 7001
1.01732 7305
1.01856 7596
1.01898 7876
1.019 8146
1.01903 8407
1.01905 8660
1.02035 8906
1.02035 6359
1.02035 6359
1.02084 6694
1.02087 7012
1.0209 7315
1.02093 7606
1.02237 7886
1.02237 5525
1.02237 5525
1.02278 5910
1.02281 6270
1.02282 6609
1.02284 6931
1.02411 7238
1.02449 7532
1.02451 7815
1.02452 8087
1.02585 8350
1.02628 8605
1.02628 6057
1.02628 6057
1.0263 6408
1.02631 6740
1.02633 7056
1.02794 7358
1.0283 7647
1.0283 5249
1.0283 5249
1.02832 5655
1.02833 6031
1.02979 6384
1.02982 6717
1.03013 7034
1.03014 7337
1.03152 7627
1.03152 5278
1.03152 5278
1.03155 5681
1.03192 6056
1.03193 6407
1.03196 6739
1.03352 7055
1.03352 4798
1.03352 4798
1.03385 5242
1.03387 5648
1.03388 6025
1.03531 6378
1.03561 6712
1.03562 7029
1.03563 7332
1.03717 7622
1.03717 5291
1.03717 5291
1.03752 5693
1.03753 6067
1.03754 6418
1.03757 6750
1.03896 7065
1.0393 7366
1.03931 7655
1.03933 7933
1.04064 8201
1.04105 8460
1.04105 5931
1.04105 5931
1.04108 6290
1.04109 6628
1.0411 6949
1.04263 7255
1.04298 7548
1.04298 5163
1.04298 5163
1.043 5575
1.04301 5957
1.04441 6314
1.0448 6651
1.04481 6971
1.04484 7276
1.04612 7568
1.04656 7849
1.04656 5516
1.04656 5516
1.04657 5902
1.04659 6263
1.04808 6603
1.04811 6925
1.04851 7232
1.04851 4975
1.04851 4975
1.04854 5403
1.04987 5797
1.0499 6164
1.05036 6509
1.05154 6836
1.05157 7147
1.05159 7445
1.052 7731
1.05342 8006
1.05342 5728
1.05342 5728
1.05344 6100
1.05348 6449
1.0535 6779
1.05397 7093
1.05526 7393
1.0553 7681
1.05533 7958
1.05575 8225
1.05695 8484
1.05697 8735
1.05701 8979
1.05703 9216
1.05749 9447
1.05749 6880
1.05749 6880
1.05891 7189
1.05893 7485
1.05898 7769
1.059 8043
1.05902 8308
1.05949 8564
1.05949 6125
1.05949 6125
1.06075 6473
1.06078 6802
1.06081 7115
1.06082 7414
1.06128 7701
1.06242 7977
1.06244 8244
1.06245 8502
1.06248 8752
1.06296 8995
1.06432 9231
1.06432 6930
1.06432 6930
1.06434 7237
1.06435 7531
1.06438 7814
1.06495 8086
1.06499 8349
1.06619 8604
1.06621 8851
1.06623 9091
1.06672 9325
1.06675 9553
1.06787 9776
1.0679 9994
1.06792 10207
1.06794 10415
1.0685 10619
1.0685 8146
1.0685 8146
1.06853 8407
1.06989 8660
1.06991 8906
1.06994 9145
1.06998 9378
1.07 9605
1.0705 9826
1.0705 7374
1.0705 7374
1.07172 7663
1.07174 7941
1.07175 8209
1.07179 8468
1.07181 8719
1.07229 8963
1.07341 9200
1.07342 9431
1.07346 9657
1.07348 9877
1.07401 10092
1.07401 7850
1.07401 7850
1.07405 8121
1.07539 8383
1.07541 8637
1.07544 8883
1.07547 9122
1.07604 9355
1.07604 7114
1.07604 7114
1.0772 7413
1.07721 7700
1.07724 7976
1.07726 8243
1.07727 8501
1.07786 8751
1.0789 8994
1.07894 9231
1.07895 9461
1.07896 9686
1.07949 9906
1.08075 10121
1.08075 7771
1.08075 7771
1.08078 8045
1.08081 8309
1.08083 8565
1.08084 8813
1.08143 9054
1.08259 9289
1.08264 9518
1.08265 9741
1.08266 9959
1.08268 10173
1.08323 10382
1.08323 7858
1.08323 7858
1.08437 8129
1.08441 8391
1.08442 8645
1.08443 8891
1.08444 9130
1.08492 9363
1.08624 9590
1.08624 7485
1.08624 7485
1.08627 7769
1.08628 8043
1.08629 8308
1.08632 8564
1.08688 8812
1.0881 9053
1.08812 9288
1.08813 9517
1.08816 9740
1.08861 9958
1.08864 10172
1.08987 10381
1.08987 7993
1.08987 7993
1.0899 8259
1.08991 8517
1.08993 8767
1.09046 9010
1.09049 9246
1.09175 9476
1.09175 7153
1.09175 7153
1.09177 7451
1.0918 7737
1.09181 8012
1.09229 8278
1.09232 8535
1.09349 8784
1.09353 9026
1.09354 9262
1.09396 9492
1.094 9716
1.09528 9935
1.09528 7619
1.09528 7619
1.0953 7898
1.09533 8167
1.09534 8428
1.09583 8680
1.09587 8925
1.09718 9163
1.0972 9395
1.09722 9621
1.09722 7274
1.09722 7274
1.09762 7567
1.09766 7848
1.09768 8119
1.09893 8381
1.09896 8635
1.09898 8881
1.0994 9121
1.09943 9354
1.10081 9581
1.10081 7471
1.10081 7471
1.10083 7756
1.10086 8030
1.10088 8295
1.10137 8551
1.1014 8800
1.10269 9042
1.10269 6892
1.10269 6892
1.10272 7201
1.10274 7497
1.10321 7781
1.10324 8054
1.10326 8318
1.10442 8574
1.10446 8822
1.10492 9063
1.10494 9298
1.10497 9527
1.10625 9750
1.10625 7358
1.10625 7358
1.10629 7647
1.10632 7925
1.1068 8193
1.10683 8453
1.10685 8705
1.10814 8949
1.10814 6611
1.10814 6611
1.10817 6933
1.10863 7240
1.10865 7534
1.10869 7816
1.10989 8088
1.11029 8351
1.11031 8606
1.11034 8853
1.11036 9093
1.11168 9327
1.11168 6881
1.11168 6881
1.11215 7190
1.11219 7486
1.11222 7770
1.11225 8044
1.11226 8308
1.11358 8564
1.11358 6191
1.11358 6191
1.114 6535
1.11404 6861
1.11406 7171
1.11407 7468
1.11534 7753
1.11571 8027
1.11573 8292
1.11576 8549
1.11578 8798
1.11711 9040
1.11711 6613
1.11711 6613
1.11753 6935
1.11756 7242
1.11758 7536
1.11761 7818
1.11764 8090
1.11911 8353
1.11911 5876
1.11911 5876
1.11949 6238
1.11952 6579
1.11953 6903
1.11955 7211
1.12091 7506
1.12125 7789
1.12126 8062
1.12128 8326
1.12263 8582
1.12265 8830
1.12303 9071
1.12303 6535
1.12303 6535
1.12304 6861
1.12306 7171
1.12464 7468
1.12467 7753
1.1247 8027
1.12496 8292
1.12496 5859
1.12496 5859
1.12641 6222
1.12644 6564
1.12646 6888
1.1265 7197
1.12675 7493
1.12675 5315
1.12675 5315
1.12825 5716
1.12828 6088
1.12831 6438
1.12851 6769
1.12999 7083
1.12999 5135
1.12999 5135
1.13002 5550
1.13006 5934
1.13031 6293
1.13192 6631
1.13192 4626
1.13192 4626
1.13195 5086
1.13198 5505
1.13221 5892
1.1337 6253
1.13373 6593
1.13394 6916
1.13396 7224
1.1354 7519
1.13545 7802
1.13569 8075
1.13569 5842
1.13569 5842
1.13571 6206
1.13743 6549
1.13747 6874
1.1375 7184
1.1377 7480
1.1377 5282
1.1377 5282
1.13922 5685
1.13926 6059
1.13931 6410
1.13948 6742
1.14094 7058
1.14097 7360
1.141 7649
1.14122 7927
1.14122 5880
1.14122 5880
1.14294 6242
1.14296 6583
1.14298 6906
1.14302 7214
1.14324 7509
1.14324 5423
1.14324 5423
1.14475 5816
1.14477 6182
1.14481 6526
1.14504 6852
1.14646 7163
1.14648 7460
1.1465 7745
1.14679 8020
1.14679 6062
1.14679 6062
1.14844 6413
1.14846 6745
1.14849 7061
1.1485 7362
1.14882 7651
1.14882 5621
1.14882 5621
1.15028 6000
1.1503 6355
1.15031 6690
1.15034 7008
1.15066 7312
1.15192 7603
1.15195 7883
1.15197 8153
1.15228 8414
1.15232 8667
1.15385 8912
1.15385 6649
1.15385 6649
1.15387 6969
1.15391 7274
1.15427 7567
1.1543 7848
1.15557 8119
1.15561 8381
1.15596 8635
1.15599 8881
1.15601 9121
1.15739 9354
1.15739 6992
1.15739 6992
1.15745 7296
1.15784 7588
1.15787 7868
1.1579 8138
1.15792 8399
1.15922 8652
1.15961 8898
1.15965 9137
1.15967 9370
1.1597 9597
1.16101 9819
1.16101 7358
1.16101 7358
1.16146 7647
1.16149 7925
1.16151 8193
1.16154 8453
1.16156 8705
1.16289 8949
1.16289 6567
1.16289 6567
1.16328 6891
1.1633 7200
1.16334 7496
1.16336 7780
1.16461 8053
1.16507 8317
1.16511 8573
1.16511 6441
1.16511 6441
1.16513 6771
1.16514 7085
1.16658 7385
1.16712 7673
1.16717 7950
1.16717 5789
1.16717 5789
1.1672 6157
1.16842 6503
1.16846 6830
1.16895 7142
1.169 7440
1.17009 7726
1.17013 8001
1.1706 8267
1.17066 8524
1.17068 8774
1.17197 9016
1.17197 6741
1.17197 6741
1.17201 7057
1.17254 7359
1.17262 7648
1.17264 7926
1.17266 8194
1.17379 8454
1.17431 8706
1.17431 6374
1.17431 6374
1.17438 6708
1.17441 7025
1.17444 7328
1.17551 7618
1.17602 7897
1.17609 8166
1.17612 8427
1.17615 8679
1.1774 8924
1.1774 6824
1.1774 6824
1.17799 7136
1.17808 7434
1.17812 7720
1.17814 7996
1.17926 8262
1.17984 8520
1.17986 8770
1.17989 9013
1.17991 9249
1.18098 9479
1.18157 9703
1.18159 9922
1.18162 10136
1.18163 10346
1.18165 10552
1.18165 8216
1.18165 8216
1.18294 8475
1.18363 8726
1.18366 8970
1.18368 9207
1.18369 9438
1.18372 9663
1.18373 9883
1.18373 7419
1.18373 7419
1.1854 7706
1.18542 7982
1.18544 8249
1.18545 8507
1.18547 8757
1.1855 9000
1.18719 9236
1.18719 7077
1.18719 7077
1.1872 7378
1.18722 7666
1.18724 7944
1.18726 8212
1.18729 8471
1.1892 8722
1.1892 6466
1.1892 6466
1.18921 6795
1.18922 7108
1.18925 7407
1.18927 7694
1.19095 7971
1.19096 8238
1.19098 8496
1.191 8746
1.19102 8989
1.19273 9226
1.19273 6858
1.19273 6858
1.19274 7168
1.19275 7465
1.19278 7750
1.1928 8025
1.19283 8290
1.19467 8547
1.19467 6164
1.19467 6164
1.19468 6509
1.19469 6836
1.19471 7147
1.19474 7445
1.19636 7731
1.19637 8006
1.19638 8272
1.19641 8529
1.19643 8778
1.19826 9020
1.19826 6546
1.19826 6546
1.19827 6871
1.19828 7181
1.19831 7477
1.19833 7762
1.19835 8036
