0.0 0
0.0001056 0.0001056
0.000346797 0.000122549
0.000815421 0.000165808
0.000851469 0.000208166
0.00175267 0.000299301
0.00178872 0.00038355
0.00182476 0.000457268
0.00186081 0.000526277
0.00362716 0.000694804
0.00366321 0.000846771
0.00369926 0.000979742
0.00373531 0.0011006
0.00377136 0.00120635
0.0038074 0.00130338
0.00384345 0.00138829
0.0038795 0.00146709
0.00615052 0.00159912
0.0095871 0.00156142
0.00959912 0.00152844
0.00961113 0.0014981
0.0108968 0.00147455
0.0109209 0.00145545
0.0109329 0.00144024
0.0109569 0.00142844
0.0122667 0.00142111
0.0122907 0.0014147
0.0123147 0.00141059
0.0123388 0.00140699
0.0123628 0.00140685
0.0138768 0.00143226
0.0139008 0.0014545
0.0139249 0.00147395
0.0139609 0.00149248
0.013985 0.00150869
0.014009 0.00152588
0.0157032 0.00156344
0.0157273 0.00159632
0.0157513 0.00162508
0.0157874 0.00165025
0.0158114 0.00167227
0.0158354 0.00169154
0.0176498 0.00172342
0.0176739 0.00175132
0.0176979 0.00177873
0.0177099 0.00180122
0.017746 0.00182089
0.01777 0.0018381
0.017806 0.00185467
0.0198488 0.0018977
0.0198728 0.00193535
0.0198968 0.0019683
0.0199209 0.00199863
0.0199569 0.00202517
0.0199809 0.00204839
0.020005 0.00207171
0.020029 0.00209062
0.0221919 0.00212218
0.0222399 0.0021498
0.022264 0.00217396
0.0223 0.00219511
0.022312 0.00221511
0.0223241 0.00223111
0.0223481 0.00224511
0.0223721 0.00225736
0.024535 0.00226808
0.0246071 0.00227746
0.0246431 0.00228567
0.0246552 0.00229435
0.0246672 0.00230195
0.0246792 0.0023086
0.0246912 0.00231291
0.0247152 0.00231669
0.0268661 0.00231849
0.0269743 0.00232007
0.0269863 0.00232144
0.0269983 0.00232265
0.0270103 0.00232371
0.0270223 0.00232463
0.0270343 0.00232694
0.0270463 0.00232746
0.0291131 0.0023174
0.0292092 0.0023056
0.0292212 0.00229527
0.0292333 0.00228623
0.0292453 0.00227832
0.0292573 0.0022714
0.0292693 0.00226534
0.0311799 0.00224052
0.031288 0.0022188
0.0313 0.00219979
0.031312 0.00218316
0.031324 0.00216861
0.0313361 0.00215738
0.0313601 0.00214905
0.0331264 0.00212375
0.0332226 0.0020986
0.0332346 0.00207659
0.0332466 0.00205734
0.0332586 0.00204049
0.0332827 0.00202575
0.0348928 0.00199332
0.0350009 0.00196495
0.035013 0.00194013
0.035025 0.0019184
0.035049 0.0018994
0.035061 0.00188427
0.0368154 0.00188905
0.0369355 0.00189474
0.0369595 0.00190122
0.0369716 0.0019069
0.0369956 0.00191186
0.0370076 0.0019162
0.0370316 0.001923
0.0386178 0.00190792
0.0387499 0.00189173
0.038774 0.00187756
0.038786 0.00186666
0.038798 0.00185713
0.03881 0.00184728
0.040312 0.00182815
0.0404562 0.00181292
0.0404923 0.00180109
0.0405043 0.00179074
0.0405163 0.00178168
0.0405283 0.00177526
0.0405523 0.00177114
0.0422826 0.00179607
0.0424388 0.00181939
0.0424869 0.0018413
0.0424989 0.00186047
0.0425109 0.00187724
0.042523 0.00189192
0.042547 0.00190777
0.042559 0.00192013
0.0440971 0.00190691
0.0442653 0.00188934
0.0442773 0.00187397
0.0442893 0.00186052
0.0443013 0.00185025
0.0443133 0.00183976
0.0443254 0.00183058
0.0457793 0.00181204
0.0459836 0.00180032
0.0459956 0.00179007
0.0460076 0.00178109
0.0460196 0.00177324
0.0460316 0.00176787
0.0460436 0.00176318
0.0460677 0.00176057
0.0477139 0.00178232
0.0479542 0.00180586
0.0479662 0.00182645
0.0479782 0.00184447
0.0479902 0.00186024
0.0480023 0.00187404
0.0480143 0.00188761
0.0480383 0.00190099
0.0480503 0.0019112
0.0495283 0.0018991
0.0497566 0.00188401
0.0497686 0.0018708
0.0497806 0.00185925
0.0497926 0.00184914
0.0498167 0.0018433
0.0498287 0.00183668
0.0498407 0.00183089
0.0511625 0.0018063
0.0514148 0.00178779
0.0514388 0.00177309
0.0514508 0.00176024
0.0514629 0.00174898
0.0514749 0.00173764
0.0514869 0.00172921
0.0514989 0.00172184
0.0515229 0.00171689
0.053061 0.00173959
0.0533374 0.00176246
0.0533734 0.00178398
0.0533854 0.0018028
0.0533974 0.00181927
0.0534095 0.00183369
0.0534215 0.0018463
0.0534335 0.00185733
0.0534575 0.00186999
0.0534695 0.00187956
0.0548994 0.00187442
0.0551878 0.00186542
0.0551998 0.00185754
0.0552119 0.00185065
0.0552239 0.00184462
0.0552359 0.00183934
0.0552599 0.00183472
0.0552719 0.00183218
0.0552839 0.00182996
0.0565697 0.00180999
0.056834 0.00178952
0.056858 0.0017731
0.0568701 0.00175874
0.0568821 0.00174617
0.0568941 0.00173518
0.0569181 0.00172556
0.0583721 0.00173516
0.0583961 0.00174657
0.0586725 0.00175805
0.0587085 0.00176961
0.0587205 0.00177971
0.0587325 0.00178856
0.0587446 0.00179629
0.0587686 0.00180306
0.0602466 0.00181199
0.0604989 0.0018138
0.060547 0.00181688
0.060559 0.00181957
0.060571 0.00182193
0.060583 0.001824
0.060607 0.0018258
0.0619648 0.00181236
0.0622292 0.0017961
0.0622412 0.00178186
0.0622532 0.00176941
0.0622652 0.00175851
0.0622893 0.00175198
0.0623013 0.00174477
0.0637793 0.00175347
0.0640797 0.0017656
0.0641037 0.00177771
0.0641157 0.0017883
0.0641277 0.00179757
0.0641518 0.00180569
0.0641638 0.00181279
0.0641878 0.001822
0.0656898 0.00183307
0.0659662 0.00183524
0.0659782 0.00183714
0.0660022 0.00184181
0.0660142 0.0018444
0.0660263 0.00184666
0.0660383 0.00184713
0.0673841 0.00182802
0.0676244 0.00180529
0.0676484 0.0017854
0.0676724 0.0017695
0.0676845 0.00175559
0.0676965 0.00174342
0.0692345 0.0017568
0.0694989 0.00177151
0.0695349 0.00178889
0.0695469 0.00180259
0.069571 0.00181459
0.069583 0.00182508
0.069595 0.00183426
0.071085 0.00183628
0.0713373 0.00183205
0.0713493 0.00182834
0.0713614 0.0018236
0.0713734 0.00181944
0.0713854 0.00181581
0.0714094 0.00181564
0.0727672 0.00179896
0.0729955 0.00178137
0.0730075 0.00176597
0.0730196 0.0017525
0.0730316 0.00174071
0.0730436 0.0017304
0.0730676 0.00172138
0.0730917 0.00171648
0.0746658 0.00173924
0.0749181 0.00176215
0.0749301 0.0017822
0.0749421 0.00179975
0.0749541 0.0018151
0.0749662 0.00182853
0.0749902 0.00184028
0.0750142 0.00185057
0.0764802 0.00184605
0.0767565 0.0018436
0.0767686 0.00184145
0.0767806 0.00183957
0.0767926 0.00183793
0.0768046 0.00183499
0.0768166 0.00183392
0.0768286 0.00183148
0.0781985 0.00181733
0.0784508 0.00180195
0.0784628 0.00178848
0.0784748 0.0017767
0.0784868 0.0017664
0.0784989 0.00175738
0.0785109 0.00174949
0.0785229 0.00174409
0.0785469 0.00174086
0.080097 0.00176057
0.0804094 0.00178532
0.0804214 0.00180698
0.0804334 0.00182594
0.0804455 0.00184252
0.0804575 0.00185703
0.0804695 0.00186973
0.0804815 0.00188084
0.0805055 0.00189356
0.0805175 0.00190319
0.0819475 0.0018966
0.0822238 0.00188332
0.0822358 0.00187171
0.0822479 0.00186154
0.0822599 0.00185265
0.0822719 0.00184486
0.0822839 0.00183956
0.0822959 0.00183341
0.0823079 0.00182803
0.0836417 0.00181131
0.0839301 0.00179818
0.0839421 0.00178669
0.0839541 0.00177664
0.0839661 0.00176784
0.0839782 0.00176014
0.0839902 0.00175341
0.0840022 0.00174902
0.0840142 0.00174518
0.0840382 0.00174332
0.0855763 0.00176722
0.0859127 0.00179415
0.0859247 0.00181771
0.0859368 0.00183833
0.0859488 0.00185637
0.0859608 0.00187215
0.0859728 0.00188596
0.0859848 0.00189805
0.0859968 0.00191012
0.0860209 0.00192219
0.0860329 0.00193125
0.0873907 0.00191664
0.0877151 0.00189936
0.0877271 0.00188423
0.0877392 0.001871
0.0877512 0.00185942
0.0877632 0.00184929
0.0877752 0.00184042
0.0877872 0.00183417
0.0877992 0.00182719
0.0878113 0.00182109
0.089085 0.00180523
0.0894454 0.00179587
0.0894695 0.00178917
0.0894815 0.00178332
0.0894935 0.00177819
0.0895055 0.00177371
0.0895175 0.00176978
0.0895295 0.00176635
0.0895416 0.00176485
0.0895536 0.00176353
0.0895776 0.00176389
0.0910676 0.00179123
0.0914641 0.00181966
0.0914882 0.00184454
0.0915002 0.00186631
0.0915122 0.00188536
0.0915242 0.00190202
0.0915362 0.0019166
0.0915482 0.00192936
0.0915723 0.00193752
0.0915963 0.00194767
0.092858 0.00192801
0.0932185 0.0019063
0.0932545 0.0018888
0.0932665 0.0018735
0.0932785 0.0018601
0.0932906 0.00184838
0.0933026 0.00183813
0.0933146 0.00182916
0.0946123 0.0018198
0.0946363 0.00181462
0.0950088 0.00181159
0.0950449 0.00180894
0.0950689 0.00180812
0.0950809 0.00180741
0.095093 0.00180678
0.095105 0.00180623
0.095117 0.00180575
0.096631 0.00183237
0.0968833 0.00183764
0.0969194 0.00184224
0.0969554 0.00184777
0.0969675 0.00185262
0.0969795 0.00185685
0.0969915 0.00186056
0.0970035 0.0018638
0.0983974 0.00185162
0.0985896 0.00182895
0.0986377 0.00181061
0.0986497 0.00179456
0.0986617 0.00178052
0.0986737 0.00176823
0.0986857 0.00175749
0.0987098 0.00175108
0.100236 0.001762
0.100464 0.00177606
0.100512 0.00178837
0.100536 0.00180064
0.100548 0.00181137
0.10056 0.00182076
0.100572 0.00182898
0.100596 0.00183617
0.101978 0.00182444
0.102218 0.00180967
0.102242 0.00179674
0.102254 0.00178543
0.102267 0.00177554
0.102279 0.00176688
0.102303 0.0017593
0.102327 0.00175568
0.103853 0.00177053
0.104129 0.00178803
0.104165 0.00180485
0.104177 0.00181956
0.104189 0.00183243
0.104201 0.0018437
0.104225 0.00185356
0.104261 0.00186368
0.105655 0.00185602
0.105943 0.00184632
0.105955 0.00183782
0.105967 0.00183039
0.105979 0.00182389
0.106003 0.0018182
0.106016 0.00181021
0.107337 0.00179422
0.107361 0.00178322
0.107626 0.0017706
0.10765 0.00176106
0.107662 0.00175271
0.107674 0.0017454
0.107698 0.00173901
0.107722 0.00173491
0.109224 0.00175386
0.10926 0.00177195
0.109548 0.00179077
0.109572 0.00181025
0.109596 0.00182729
0.109608 0.0018422
0.10962 0.00185525
0.109644 0.00186667
0.109668 0.00187666
0.111038 0.00186888
0.111339 0.00185606
0.111363 0.00184785
0.111375 0.00183917
0.111387 0.00183156
0.111399 0.00182491
0.111423 0.0018191
0.111435 0.0018125
0.112744 0.00179922
0.113033 0.0017861
0.113069 0.00177612
0.113081 0.00176739
0.113093 0.00176125
0.113105 0.00175588
0.113129 0.00175268
0.113141 0.00174838
0.113153 0.00174462
0.114679 0.00176837
0.114991 0.00179215
0.11504 0.00181445
0.115052 0.00183398
0.115064 0.00185106
0.115076 0.0018675
0.1151 0.0018834
0.115112 0.0018958
0.115124 0.00190666
0.115136 0.00191615
0.116469 0.00190043
0.11683 0.00188517
0.116842 0.00187182
0.116854 0.00186014
0.116866 0.00184842
0.116878 0.00183966
0.11689 0.001832
0.116902 0.00182529
0.116926 0.00182093
0.118164 0.0018051
0.11856 0.00179575
0.118584 0.00178907
0.118596 0.00178322
0.118608 0.00177811
0.11862 0.00177364
0.118632 0.00176972
0.118644 0.0017678
0.118656 0.00176611
0.118668 0.00176314
0.120098 0.00178457
0.120531 0.00180782
0.120555 0.00182817
0.120579 0.00184748
0.120591 0.00186438
0.120603 0.00187916
0.120615 0.00189209
0.120627 0.00190341
0.120639 0.00191482
0.120651 0.0019248
0.120675 0.00193503
0.121901 0.00191845
0.122333 0.00189794
0.122357 0.00188149
0.122369 0.0018671
0.122381 0.0018545
0.122393 0.00184348
0.122405 0.00183384
0.122417 0.0018254
0.122441 0.00181802
0.122465 0.00181457
0.123607 0.00180103
0.124015 0.00178618
0.12404 0.00177319
0.124052 0.00176182
0.124064 0.00175187
0.124076 0.00174317
0.124088 0.00173555
0.1241 0.00172889
0.124124 0.00172306
0.124148 0.00171795
0.124172 0.00171649
0.125505 0.00173925
0.125974 0.00176667
0.125998 0.00179066
0.12601 0.00181165
0.126022 0.00183002
0.126034 0.00184609
0.126046 0.00186016
0.126058 0.00187246
0.126082 0.00188323
0.126106 0.00189265
0.12613 0.0019009
0.127296 0.00188708
0.127788 0.00187499
0.127801 0.00186442
0.127813 0.00185516
0.127825 0.00184706
0.127837 0.00183998
0.127849 0.00183378
0.127873 0.00182835
0.127885 0.00182211
0.127897 0.00181513
0.129026 0.00180453
0.129519 0.00179525
0.129543 0.00178864
0.129555 0.00178435
0.129567 0.0017806
0.129579 0.00177731
0.129591 0.00177444
0.129615 0.00177343
0.129627 0.00177104
0.129639 0.00176895
0.129651 0.00176713
0.130961 0.00178806
0.131513 0.00181388
0.13155 0.00183798
0.131562 0.00185907
0.131574 0.00187902
0.131586 0.00189647
0.131598 0.00191175
0.131622 0.00192662
0.131634 0.00193813
0.131646 0.0019482
0.131658 0.00195701
0.13167 0.00196472
0.132763 0.00194443
0.13334 0.00192367
0.133352 0.00190551
0.133364 0.00188961
0.133376 0.00187571
0.1334 0.00186354
0.133412 0.00185289
0.133424 0.00184508
0.133436 0.00183824
0.133448 0.00183226
0.133472 0.00182853
0.134469 0.00181324
0.135034 0.00179837
0.135058 0.00178686
0.13507 0.00177678
0.135082 0.00176797
0.135106 0.00176026
0.135118 0.00175351
0.13513 0.0017476
0.135142 0.00174394
0.135154 0.00174073
0.135178 0.00173943
0.13519 0.00173678
0.136368 0.001757
0.137005 0.0017837
0.137029 0.00180707
0.137041 0.00182751
0.137053 0.0018454
0.137077 0.00186105
0.137089 0.00187475
0.137101 0.00188673
0.137113 0.00189722
0.137125 0.00190639
0.137149 0.00191743
0.137161 0.00192558
0.137173 0.00193271
0.138194 0.00191942
0.138795 0.00189879
0.138807 0.00188073
0.138819 0.00186343
0.138831 0.00184829
0.138843 0.00183504
0.138855 0.00182345
0.138867 0.00181331
0.138891 0.00180444
0.138903 0.00179667
0.138915 0.00178988
0.139925 0.00178243
0.139949 0.00177892
0.140525 0.00177284
0.140537 0.00176752
0.140549 0.00176287
0.140562 0.0017588
0.140574 0.00175524
0.140586 0.00175212
0.140598 0.00174939
0.14061 0.0017455
0.140622 0.0017421
0.140634 0.00173913
0.141787 0.00175454
0.141811 0.00176804
0.142472 0.00179035
0.142496 0.00181289
0.142508 0.0018326
0.14252 0.00184986
0.142532 0.00186495
0.142544 0.00187816
0.142556 0.00188972
0.142568 0.00189983
0.14258 0.00190868
0.142592 0.00191642
0.142616 0.0019247
0.143638 0.00191542
0.144286 0.00189979
0.144298 0.00188611
0.14431 0.00187415
0.144323 0.00186368
0.144335 0.00185451
0.144347 0.0018465
0.144359 0.00184098
0.144371 0.00183616
0.144383 0.00183194
0.144407 0.00182975
0.144419 0.00182633
0.145368 0.00181433
0.145993 0.00180082
0.146017 0.0017905
0.146029 0.00178148
0.146041 0.00177358
0.146053 0.00176666
0.146065 0.00176062
0.146077 0.00175532
0.146089 0.0017522
0.146101 0.00174946
0.146125 0.00174857
0.146149 0.00174779
0.146161 0.0017471
0.147194 0.00175702
0.147915 0.00177771
0.147951 0.00179732
0.147963 0.00181447
0.147975 0.00182949
0.147987 0.00184262
0.147999 0.00185412
0.148011 0.00186417
0.148023 0.00187297
0.148035 0.00188067
0.148059 0.00189041
0.148072 0.00189744
0.148096 0.00190358
0.14812 0.00191046
0.149129 0.00191347
0.149826 0.0019071
0.149838 0.00190152
0.14985 0.00189664
0.149862 0.00189237
0.149874 0.00188863
0.149886 0.00188536
0.149898 0.0018825
0.149922 0.00188
0.149934 0.00187781
0.149946 0.00187439
0.14997 0.0018714
0.150871 0.00185526
0.151496 0.00182913
0.151508 0.00180626
0.15152 0.00178776
0.151532 0.00177156
0.151544 0.00175739
0.151568 0.0017465
0.15158 0.00173546
0.151592 0.0017258
0.151604 0.00171735
0.151616 0.00170846
0.152638 0.00171569
0.153359 0.00173404
0.153383 0.0017516
0.153395 0.00176696
0.153407 0.0017804
0.153419 0.00179366
0.153443 0.00180677
0.153455 0.00181674
0.153467 0.00182546
0.153479 0.00183309
0.153491 0.00183977
0.153503 0.00184561
0.154572 0.00185673
0.155221 0.00185294
0.155233 0.00184963
0.155245 0.00184673
0.155269 0.00184419
0.155281 0.00184197
0.155293 0.00184003
0.155305 0.00183833
0.155317 0.00183684
0.155329 0.00183704
0.155353 0.00183872
0.156326 0.00182817
0.156891 0.00180542
0.156915 0.00178552
0.156927 0.0017681
0.156939 0.00175286
0.156951 0.00173953
0.156963 0.00172786
0.156975 0.00171765
0.156999 0.00170872
0.158081 0.00171442
0.158694 0.00172542
0.158718 0.00173804
0.15873 0.00174759
0.158742 0.00175594
0.158754 0.00176325
0.158766 0.00176965
0.158778 0.00177524
0.15879 0.00178014
0.158814 0.00178442
0.160112 0.00181521
0.160628 0.00183013
0.160652 0.00184018
0.160664 0.00185048
0.160676 0.00185949
0.160688 0.00186737
0.1607 0.00187427
0.160724 0.00188181
0.160736 0.0018869
0.161902 0.00187484
0.16231 0.00185076
0.162334 0.00182669
0.162347 0.00180713
0.162359 0.00179002
0.162383 0.00177655
0.162395 0.00176325
0.162407 0.00175162
0.163752 0.00176398
0.164221 0.0017823
0.164245 0.00179833
0.164257 0.00181235
0.164269 0.00182463
0.164293 0.00183837
0.164305 0.00184889
0.164317 0.0018581
0.164329 0.00186616
0.165555 0.00185819
0.166047 0.00184971
0.166059 0.0018423
0.166083 0.00183581
0.166096 0.00183163
0.166108 0.00182798
0.16612 0.00182478
0.166132 0.00182198
0.167201 0.00180001
0.167706 0.00177778
0.167718 0.00175832
0.16773 0.00174281
0.167742 0.00172923
0.167754 0.00171734
0.167778 0.00170845
0.168967 0.00171569
0.169568 0.00173404
0.169592 0.00175159
0.169604 0.00176695
0.169616 0.0017819
0.169628 0.00179497
0.169652 0.00180792
0.169664 0.00181774
0.170866 0.00182784
0.171431 0.00182766
0.171443 0.00182901
0.171455 0.00183019
0.171479 0.00183272
0.171491 0.00183344
0.171503 0.00183407
0.172608 0.0018226
0.173101 0.00180205
0.173113 0.00178407
0.173137 0.00176834
0.173161 0.00175607
0.173173 0.00174534
0.174375 0.00174797
0.174399 0.00175327
0.174999 0.00177143
0.175011 0.00178731
0.175035 0.00180121
0.175059 0.00181338
0.175083 0.00182552
0.176321 0.00184066
0.176838 0.00184038
0.17685 0.00184014
0.176862 0.00183842
0.176874 0.00183542
0.176898 0.0018328
0.176922 0.0018335
0.178087 0.00182511
0.17858 0.00181326
0.178592 0.00180289
0.178604 0.00179382
0.178616 0.00178437
0.178628 0.00177461
0.179806 0.00176757
0.180395 0.00177342
0.180407 0.00177855
0.180419 0.00178453
0.180431 0.00178977
0.180443 0.00179435
0.180467 0.00179986
0.181812 0.00182571
0.182293 0.00183482
0.182305 0.00184128
0.182317 0.00184693
0.182329 0.00185188
0.182341 0.00185471
0.183579 0.00184366
0.183975 0.00182348
0.183987 0.00180432
0.183999 0.00178756
0.184011 0.00177289
0.184023 0.00176156
0.185333 0.00176066
0.185754 0.00176287
0.185766 0.00176481
0.185778 0.0017665
0.18579 0.00176799
0.185802 0.00176928
0.187316 0.00179595
0.18734 0.00182229
0.1877 0.00183783
0.187712 0.00184842
0.187724 0.00185919
0.187736 0.00186861
0.18913 0.00186184
0.189154 0.00185591
0.189491 0.00184772
0.189503 0.00183905
0.189515 0.00183146
0.190764 0.0018068
0.190788 0.00178522
0.191209 0.00177686
0.191233 0.00177254
0.191245 0.00176876
0.191269 0.00176696
0.192651 0.0017819
0.192675 0.00179498
0.19318 0.00181693
0.193216 0.00183764
0.193228 0.00185577
0.193252 0.00187463
0.193264 0.00188963
0.194441 0.00187723
0.194982 0.00186337
0.194994 0.00185274
0.195018 0.00184495
0.19503 0.00183662
0.195042 0.00182934
0.196136 0.00181246
0.19676 0.00180819
0.196772 0.00180447
0.196796 0.00180421
0.196808 0.00180248
0.19682 0.00180097
0.196832 0.00179964
0.198082 0.00181801
0.198731 0.00183709
0.198743 0.00185078
0.198755 0.00186275
0.198767 0.00187323
0.198779 0.0018824
0.19986 0.0018694
0.200461 0.00185201
0.200473 0.00183529
0.200485 0.00182067
0.200497 0.00180787
0.201543 0.00179217
0.201579 0.00178293
0.202228 0.00178086
0.20224 0.00177904
0.202252 0.00177746
0.202264 0.00177607
0.203501 0.00179889
0.203549 0.00182035
0.203573 0.00184214
0.20421 0.0018597
0.204222 0.00187207
0.205268 0.00185885
0.205292 0.00185029
0.205328 0.0018413
0.20534 0.00183193
0.205989 0.00182523
0.207058 0.00182088
0.207094 0.00181857
0.20713 0.00181655
0.207142 0.00181478
0.207827 0.00181774
0.209041 0.00183835
0.209065 0.00185939
0.209101 0.0018778
0.209137 0.00189391
0.209149 0.001908
0.209738 0.00190832
0.210855 0.00189358
0.210891 0.00188068
0.210939 0.00187089
0.210951 0.00186233
0.210975 0.00185784
0.211456 0.0018404
0.212609 0.00182513
0.21267 0.00181328
0.212682 0.00180291
0.212706 0.00179383
0.213258 0.0017949
0.214628 0.00182288
0.214688 0.00184735
0.214712 0.00187177
0.214736 0.00189464
0.214748 0.00191315
0.215193 0.00191583
0.216527 0.00190616
0.216551 0.00189769
0.216575 0.00189029
0.216587 0.00188381
0.216971 0.00187063
0.218257 0.00185008
0.218281 0.00183511
0.218305 0.00182201
0.218317 0.00181054
0.218762 0.00180802
0.2203 0.00183736
0.220324 0.00186303
0.220348 0.00188549
0.22036 0.00190665
0.220384 0.00192666
0.220756 0.00193516
0.222198 0.00192757
0.22221 0.00191944
0.222222 0.00191232
0.222246 0.00190609
0.222583 0.00189613
0.223941 0.0018754
0.223953 0.00185877
0.223965 0.00184421
0.223977 0.00182997
0.224337 0.00182052
0.225923 0.00184078
0.225947 0.00186002
0.225959 0.00187835
0.225971 0.00189439
0.225995 0.00190992
0.226356 0.00192352
0.227762 0.00190988
0.227774 0.00189795
0.227786 0.00188751
0.227798 0.00187687
0.22817 0.00186906
0.229444 0.0018442
0.229456 0.00182246
0.229468 0.00180493
0.229492 0.00179109
0.229876 0.00178049
0.231342 0.00179525
0.231354 0.00180816
0.231366 0.00181945
0.23139 0.00183234
0.231402 0.00184211
0.231871 0.00186118
0.233145 0.00185383
0.233157 0.0018459
0.233169 0.00183746
0.233181 0.00183007
0.233613 0.0018191
0.234899 0.00181101
0.234923 0.00180543
0.234935 0.00180204
0.234947 0.00179908
0.234959 0.00179649
0.235356 0.00178972
0.23687 0.00181233
0.236894 0.00183212
0.236918 0.00185093
0.23693 0.0018689
0.236942 0.00188462
0.236966 0.00189987
0.237386 0.00191623
0.238684 0.0019005
0.238708 0.00188673
0.23872 0.00187469
0.238732 0.00186415
0.238744 0.00185343
0.239189 0.00184705
0.240475 0.00183696
0.240487 0.00182813
0.240499 0.00182041
0.240511 0.00181365
0.240919 0.00180323
0.240943 0.00179712
0.242481 0.00182331
0.242493 0.00184623
0.242505 0.00186629
0.242517 0.00188383
0.242926 0.00189919
0.24426 0.00188409
0.244284 0.00187237
0.244296 0.00186212
0.244308 0.00185316
0.244332 0.00184831
0.24474 0.00184407
0.246002 0.00182685
0.246014 0.00181328
0.246026 0.0018014
0.246038 0.00178951
0.246434 0.00177761
0.247936 0.00179723
0.247961 0.0018159
0.247973 0.00183373
0.247985 0.00184934
0.248009 0.0018645
0.248453 0.00188378
0.249775 0.00187811
0.249799 0.00187165
0.249811 0.001866
0.249823 0.00185955
0.250256 0.0018524
0.251469 0.00183264
0.251505 0.00181534
0.251517 0.0018002
0.251914 0.00178245
0.251938 0.00176992
0.253356 0.0017845
0.253392 0.00179725
0.253416 0.00180991
0.253872 0.00182849
0.253908 0.00184626
0.253932 0.00186481
0.255182 0.00186001
0.255675 0.00185281
0.255699 0.00184951
0.255711 0.00184362
0.255735 0.00183847
0.2569 0.00182345
0.257393 0.0018073
0.257405 0.00179317
0.257429 0.0017808
0.258691 0.001782
0.258727 0.00178755
0.259292 0.00180142
0.259316 0.00181506
0.25934 0.001827
0.260673 0.00184645
0.261178 0.00185146
0.261214 0.00185734
0.261238 0.0018655
0.26125 0.00187113
0.262464 0.00186103
0.262884 0.00183718
0.262896 0.00181481
0.262908 0.00179523
0.264146 0.00178111
0.26417 0.00177175
0.264675 0.00177408
0.264699 0.00177762
0.264711 0.00178072
0.266165 0.00181046
0.266189 0.00183649
0.266597 0.00184725
0.266621 0.00185516
0.267955 0.00184706
0.267979 0.00184298
0.267991 0.00183791
0.268328 0.00182446
0.269613 0.00180368
0.269637 0.00178549
0.269649 0.00176958
0.270046 0.00176317
0.27007 0.00176056
0.271596 0.00178832
0.27162 0.00181261
0.271632 0.00183386
0.272089 0.00185997
0.273374 0.00184977
0.273398 0.00184084
0.27341 0.00183303
0.273434 0.0018292
0.273891 0.00182585
0.275129 0.00181391
0.275141 0.00180346
0.275165 0.00179431
0.275669 0.00179232
0.277135 0.00181911
0.277147 0.00184406
0.277171 0.00186739
0.277183 0.0018863
0.277664 0.00189985
0.278974 0.00189067
0.278998 0.00188264
0.27901 0.00187561
0.279034 0.00187247
0.27943 0.0018592
0.280596 0.00182657
0.280608 0.00179801
0.280632 0.00177303
0.281113 0.00176168
0.282507 0.00178029
0.282519 0.00179807
0.282543 0.00181513
0.282555 0.00182856
0.283119 0.00185082
0.284333 0.00184777
0.284369 0.00184511
0.284381 0.00184277
0.284898 0.00183472
0.28491 0.00182918
0.286063 0.00181682
0.286111 0.00180751
0.286123 0.00179936
0.286592 0.00178622
0.287914 0.00179425
0.28795 0.00179977
0.287974 0.00180761
0.287998 0.00181597
0.288539 0.0018323
0.289776 0.00183607
0.289836 0.00183937
0.28986 0.00184226
0.290365 0.00184028
0.290377 0.00184005
0.291531 0.00182934
0.291615 0.00181996
0.292083 0.00180725
0.292095 0.00179613
0.293249 0.0017864
0.293273 0.00178089
0.293357 0.00177607
0.293934 0.00178537
0.293946 0.0017935
0.295207 0.00181414
0.295304 0.0018307
0.295772 0.00183166
0.295784 0.00183251
0.295808 0.00183626
0.29701 0.00183202
0.297539 0.00182381
0.297551 0.00181663
0.297575 0.00181035
0.298764 0.00180335
0.299281 0.00179572
0.299293 0.00179054
0.299305 0.00178602
0.299317 0.00178055
0.300675 0.0017968
0.301276 0.00182153
0.301288 0.00184167
0.3013 0.00185929
0.301324 0.00187771
0.302477 0.0018683
0.30309 0.00186156
0.303102 0.00185417
0.303126 0.0018477
0.304123 0.00182251
0.304736 0.00180047
0.30476 0.00178419
0.304784 0.00177144
0.304796 0.00175879
0.306022 0.00177626
0.306695 0.00179905
0.306719 0.00181899
0.306755 0.00183795
0.306767 0.00185603
0.306791 0.00187336
0.3078 0.00186149
0.308485 0.00184959
0.308521 0.00183919
0.308533 0.00183008
0.308557 0.00182212
0.309579 0.00181665
0.310336 0.00182087
0.31036 0.00182758
0.310384 0.00183194
0.310396 0.00183576
0.31042 0.0018391
0.311525 0.00185253
0.312186 0.00184927
0.31221 0.00184641
0.312222 0.00184392
0.312234 0.00184023
0.313255 0.00182649
0.313832 0.00180095
0.313844 0.0017786
0.313856 0.00176055
0.31388 0.00174625
0.315034 0.00175026
0.315695 0.00176429
0.315707 0.00177656
0.315719 0.0017873
0.315743 0.0017997
0.315755 0.00180905
0.317065 0.00183676
0.317605 0.00184448
0.317617 0.00185124
0.317629 0.00185564
0.317641 0.0018595
0.318855 0.00185086
0.319312 0.00183129
0.319324 0.00181416
0.319336 0.00179917
0.31936 0.00178906
0.320609 0.00178472
0.321162 0.00179294
0.321174 0.00180013
0.321186 0.00180642
0.32121 0.00181192
0.321234 0.00181974
0.322568 0.0018371
0.323036 0.00183877
0.323061 0.00184324
0.323073 0.00184564
0.323097 0.00184775
0.324334 0.00183757
0.324779 0.00182266
0.324791 0.00180961
0.324803 0.0017967
0.326077 0.0017899
0.326101 0.00178695
0.326593 0.00179039
0.326617 0.00179489
0.326629 0.00179883
0.328095 0.00182631
0.328528 0.00183985
0.32854 0.00185018
0.328552 0.00185923
0.328576 0.00187015
0.329934 0.00186619
0.330318 0.00185521
0.33033 0.0018456
0.330342 0.0018357
0.331568 0.00181051
0.332036 0.00179898
0.332048 0.00179039
0.33206 0.00178288
0.332085 0.00177781
0.333526 0.00180041
0.334019 0.00182319
0.334031 0.00184162
0.334055 0.00185774
0.335305 0.00184782
0.335785 0.00183764
0.335809 0.00182722
0.335822 0.00181961
0.337095 0.00181596
0.337624 0.00181877
0.337648 0.00182123
0.33766 0.00182338
0.339066 0.00184179
0.33951 0.00184437
0.339522 0.00184814
0.339546 0.00185293
0.340784 0.0018361
0.341205 0.00181687
0.341229 0.00180004
0.341253 0.00178832
0.342574 0.00178858
0.343055 0.00179631
0.343079 0.00180308
0.343103 0.001809
0.344557 0.00183071
0.345002 0.00184219
0.345014 0.00185374
0.345026 0.00186234
0.346348 0.00185334
0.346756 0.00183947
0.346768 0.00182732
0.34678 0.0018182
0.348018 0.0017997
0.348498 0.00179253
0.34851 0.00178625
0.348522 0.00178076
0.350024 0.001809
0.350048 0.00183671
0.350517 0.00185946
0.350529 0.00187786
0.351803 0.00186542
0.351827 0.00185454
0.352295 0.00184502
0.353581 0.00183669
0.353617 0.0018309
0.353641 0.00182884
0.354146 0.00183154
0.35548 0.00183991
0.355516 0.00184424
0.355984 0.00184351
0.356008 0.00184588
0.357186 0.00182843
0.357655 0.00180865
0.357691 0.00179285
0.359024 0.00179855
0.359048 0.00180654
0.359577 0.00182104
0.359625 0.00183524
0.360983 0.00185066
0.361488 0.00185814
0.361512 0.0018677
0.361536 0.00187305
0.362713 0.00185521
0.363182 0.00183209
0.363206 0.00181185
0.36448 0.00180616
0.364504 0.00180419
0.365008 0.00180697
0.365044 0.00181091
0.366414 0.00182636
0.366919 0.00183688
0.366955 0.00184609
0.366979 0.00185715
0.368193 0.0018473
0.368673 0.00183118
0.368697 0.00181707
0.369863 0.00179871
0.369887 0.00178565
0.370476 0.00178774
0.3705 0.00178958
0.371882 0.00181821
0.371906 0.00184327
0.37193 0.0018682
0.37241 0.0018765
0.373672 0.00186573
0.373696 0.00185632
0.37372 0.00184807
0.374189 0.00183936
0.375366 0.00181822
0.37539 0.00179972
0.375414 0.00178653
0.375943 0.00178251
0.377361 0.00180903
0.377385 0.00183223
0.377409 0.00185253
0.377433 0.0018733
0.377926 0.00188697
0.379163 0.00187339
0.379199 0.00186302
0.379211 0.00185243
0.379668 0.00183867
0.380942 0.00182663
0.380966 0.00181909
0.380978 0.0018125
0.381506 0.00181574
0.382924 0.0018366
0.382948 0.00185336
0.382972 0.00187102
0.383417 0.00187596
0.384667 0.00185925
0.384703 0.00184313
0.385111 0.00182452
0.385123 0.00180974
0.386397 0.00179981
0.386433 0.00179112
0.386938 0.00179554
0.38695 0.0017994
0.386974 0.00180578
0.38844 0.0018354
0.388476 0.00186131
0.388884 0.00187047
0.388908 0.00187848
0.390242 0.00186897
0.390278 0.00186065
0.390638 0.00184436
0.390663 0.0018331
0.391924 0.00181424
0.391972 0.00179925
0.392369 0.00179063
0.392405 0.00178459
0.392441 0.00178381
0.393931 0.00181167
0.393991 0.00183754
0.394375 0.00185868
0.394412 0.00187268
0.395709 0.00186089
0.395769 0.00185057
0.395793 0.00184455
0.396166 0.00183778
0.397367 0.00181533
0.397452 0.0017987
0.397464 0.00178264
0.397896 0.0017761
0.399338 0.00180041
0.399374 0.00182619
0.39947 0.00185025
0.399482 0.00187131
0.399903 0.00188823
0.401189 0.001879
0.401285 0.00187093
0.401297 0.00186386
0.401309 0.00185918
0.401681 0.00184908
0.402955 0.00182672
0.402967 0.00180716
0.402979 0.00179004
0.403387 0.00177957
0.404901 0.00180045
0.404926 0.00182172
0.404938 0.00184033
0.404962 0.00185812
0.405394 0.00187669
0.406716 0.0018659
0.406728 0.00185646
0.406752 0.0018482
0.406764 0.00184248
0.407197 0.00183746
0.408398 0.00181656
0.408422 0.00179827
0.408434 0.00178226
0.408903 0.00177276
0.408927 0.00176745
0.410345 0.00178985
0.410381 0.00181094
0.410393 0.0018294
0.410958 0.00185757
0.410982 0.00188221
0.412147 0.00187223
0.412183 0.001862
0.412736 0.00185155
0.41276 0.0018454
0.412772 0.00183853
0.413805 0.00181599
0.413865 0.00179927
0.414454 0.00178914
0.41449 0.00178179
0.414514 0.00177836
0.414538 0.00177686
0.415692 0.00179056
0.415764 0.00180406
0.416449 0.00182788
0.416485 0.00184572
0.416509 0.00186134
0.417542 0.00185998
0.417614 0.00185879
0.418263 0.00185324
0.418299 0.00184538
0.419164 0.00181748
0.419189 0.00179607
0.419261 0.00177733
0.419934 0.00176395
0.41997 0.00175223
0.420967 0.0017585
0.420991 0.00176399
0.421015 0.00177179
0.421087 0.00177862
0.421928 0.00180563
0.421988 0.00183226
0.422962 0.00185256
0.422974 0.00186581
0.423046 0.00187741
0.423731 0.00186804
0.423791 0.00185983
0.424752 0.00185115
0.4248 0.00183905
0.425449 0.00182395
0.425461 0.00181225
0.425497 0.001799
0.426518 0.00179492
0.426566 0.00179135
0.427371 0.00180775
0.427383 0.0018221
0.427407 0.00183766
0.427431 0.00184977
0.428513 0.00186788
0.429186 0.0018612
0.429198 0.00185535
0.429222 0.00185023
0.429234 0.00184425
0.430291 0.00183602
0.43094 0.00182431
0.430964 0.00181406
0.430976 0.00180509
0.431 0.00180025
0.432154 0.00180802
0.432851 0.00182084
0.432875 0.00183205
0.432887 0.00184186
0.432911 0.00185045
0.432935 0.00186096
0.433992 0.00185815
0.434653 0.00184818
0.434665 0.00183945
0.434689 0.00183181
0.434713 0.00182513
0.435698 0.00181028
0.436383 0.00180028
0.436407 0.00179453
0.436431 0.00179101
0.436443 0.00178643
0.436468 0.00178241
0.437657 0.00180444
0.438438 0.00183573
0.438462 0.0018631
0.438486 0.00188706
0.438498 0.00190952
0.438522 0.00193067
0.438534 0.00194768
0.440313 0.00193553
0.440337 0.0019279
0.440349 0.00191972
0.440361 0.00191257
0.440385 0.00190631
0.440397 0.00190083
0.442007 0.001872
0.442019 0.00184678
0.442031 0.00182471
0.442055 0.0018054
0.442067 0.00179
0.442091 0.00177803
0.443978 0.00180211
0.44399 0.00182317
0.444002 0.0018416
0.444026 0.00185773
0.444038 0.00187184
0.444062 0.00188419
0.444086 0.001898
0.445804 0.00188905
0.445828 0.00187822
0.44584 0.00187024
0.445864 0.00186476
0.445876 0.00185847
0.4459 0.00185296
0.447462 0.00182862
0.447474 0.00180581
0.447486 0.00178586
0.44751 0.00177141
0.447522 0.00175726
0.447534 0.00174487
0.447558 0.00173404
0.449397 0.00175911
0.449421 0.00178254
0.449433 0.00180305
0.449457 0.00182099
0.449469 0.00183819
0.449481 0.00185324
0.449505 0.00186792
0.449517 0.00187925
0.451139 0.00186214
0.451163 0.00184566
0.451175 0.00182973
0.451187 0.0018158
0.451199 0.00180361
0.451223 0.00179295
0.451235 0.00178361
0.452905 0.00178146
0.452941 0.00178107
0.452953 0.00178073
0.452965 0.00178194
0.452978 0.00178299
0.453002 0.00178542
0.453014 0.00178604
0.453026 0.00178658
0.454888 0.00181109
0.454924 0.00183103
0.454936 0.00184848
0.454948 0.00186375
0.454972 0.00187711
0.454984 0.00188879
0.454996 0.00189902
0.45663 0.00187944
0.456654 0.00185929
0.456666 0.00184166
0.45669 0.00182624
0.456702 0.00181275
0.456714 0.00180094
0.458385 0.00179511
0.458409 0.00179302
0.458421 0.00178969
0.458433 0.00178677
0.458457 0.00178422
0.458469 0.00178198
0.458481 0.00178003
0.460439 0.00181437
0.460451 0.00184141
0.460463 0.00186507
0.460488 0.00188577
0.4605 0.00190389
0.460512 0.00191974
0.462254 0.00190657
0.462266 0.00189355
0.46229 0.00188216
0.462302 0.00187219
0.462314 0.00186497
0.462338 0.00186015
0.463948 0.00183941
0.46396 0.00182127
0.463984 0.00180539
0.463996 0.0017915
0.464008 0.00177934
0.464032 0.00177171
0.464056 0.00176503
0.465979 0.00179824
0.465991 0.0018273
0.466015 0.00185272
0.466027 0.00187497
0.466039 0.00189444
0.466063 0.00191147
0.467757 0.00189483
0.467769 0.00188027
0.467793 0.00186753
0.467805 0.00185639
0.467817 0.00184663
0.467841 0.0018381
0.469584 0.00183514
0.469608 0.00183255
0.46962 0.00183028
0.469632 0.0018298
0.469656 0.00183088
0.469668 0.00183032
0.471386 0.00182683
0.471422 0.00182378
0.471434 0.0018211
0.471458 0.00181877
0.47147 0.00181672
0.47302 0.0017939
0.473056 0.00177243
0.473068 0.00175215
0.47308 0.0017359
0.473104 0.00172318
0.474919 0.0017451
0.474955 0.00176428
0.474967 0.00178106
0.474979 0.00179574
0.475003 0.00180859
0.475027 0.00182284
0.476745 0.00182329
0.476781 0.00182218
0.476793 0.00182121
0.476817 0.00182036
0.476841 0.00181961
0.478439 0.00180394
0.478475 0.00178873
0.478487 0.00177392
0.478512 0.00176096
0.478536 0.00175262
0.48029 0.00176485
0.480338 0.00177705
0.48035 0.00178773
0.480374 0.00179707
0.48041 0.00180675
0.482116 0.00180921
0.482152 0.00180836
0.482164 0.00180611
0.482188 0.00180715
0.482212 0.00180656
0.483847 0.00179702
0.483871 0.00178568
0.483895 0.00177575
0.483907 0.00176556
0.485697 0.00177618
0.485721 0.00178847
0.485733 0.00179772
0.485757 0.00180581
0.485781 0.0018144
0.487572 0.00182191
0.487596 0.00182698
0.487608 0.00182992
0.487632 0.00183248
0.487656 0.00183773
0.489314 0.00182581
0.489338 0.00181387
0.48935 0.00180192
0.489374 0.00179147
0.491068 0.00178682
0.491092 0.00178276
0.491104 0.00178071
0.491128 0.00178042
0.49114 0.00177866
0.493063 0.00180566
0.493087 0.00182778
0.493111 0.00184714
0.493123 0.00186407
0.494829 0.00185186
0.494877 0.00184117
0.494889 0.00183332
0.494901 0.00182645
0.49668 0.00182945
0.49674 0.00183358
0.496752 0.00183719
0.496764 0.00184035
0.496788 0.00184612
0.49847 0.00183915
0.498518 0.00183005
0.49853 0.00182209
0.498554 0.00181512
0.50026 0.00181203
0.500321 0.00181082
0.500357 0.00180977
0.500381 0.00181185
0.502183 0.00182569
0.502243 0.0018378
0.502267 0.00184389
0.503925 0.00183119
0.503985 0.00182008
0.504009 0.00181337
0.504021 0.00180599
0.505848 0.00182056
0.505908 0.00183331
0.505944 0.00184597
0.505956 0.00185854
0.50598 0.00187105
0.507722 0.00187148
0.507794 0.00186885
0.507807 0.00186655
0.507819 0.00186304
0.509441 0.00184495
0.509537 0.00183061
0.509549 0.00181958
0.509573 0.00181142
0.511327 0.00182081
0.511435 0.00183052
0.511459 0.00184052
0.511483 0.00184928
0.511507 0.00185994
0.513214 0.00186326
0.51331 0.00186166
0.513334 0.00186026
0.513346 0.00185753
0.514992 0.00184764
0.515088 0.00183597
0.5151 0.00182577
0.515124 0.00181984
0.516831 0.00182217
0.516939 0.0018257
0.516963 0.0018303
0.516987 0.00183432
0.517011 0.00184085
0.518789 0.00185557
0.518885 0.00186394
0.518909 0.00187127
0.518921 0.00187618
0.520568 0.00186395
0.520688 0.00185325
0.5207 0.00184389
0.520712 0.0018372
0.522346 0.00182985
0.52249 0.00182642
0.522502 0.00182341
0.522514 0.00182079
0.522538 0.00182149
0.524365 0.00184614
0.524485 0.0018632
0.524497 0.00187813
0.524509 0.00188969
0.526131 0.00187427
0.526239 0.00185778
0.526251 0.00184335
0.526263 0.00183222
0.527909 0.00182549
0.528029 0.0018211
0.528053 0.00181876
0.528065 0.00181672
0.52809 0.00181793
0.529976 0.00184903
0.530084 0.00187174
0.530096 0.00189161
0.530108 0.00190749
0.531766 0.00189286
0.531875 0.00187854
0.531887 0.00186602
0.531899 0.00185657
0.533533 0.00184529
0.533653 0.00183692
0.533677 0.00183111
0.533689 0.00182601
0.533713 0.00182456
0.535588 0.00185334
0.535696 0.001874
0.535708 0.00189209
0.53572 0.00190641
0.537366 0.00189041
0.537486 0.0018764
0.537498 0.00186415
0.53751 0.00185492
0.539156 0.00184686
0.5393 0.0018428
0.539324 0.00184075
0.539336 0.00183896
0.539361 0.0018404
0.541151 0.00185968
0.541283 0.00187205
0.541295 0.00188287
0.541307 0.00189083
0.542929 0.00187677
0.543073 0.00186447
0.543085 0.00185371
0.54311 0.0018473
0.544672 0.00183417
0.544852 0.0018272
0.544876 0.00182259
0.5449 0.00181857
0.544924 0.00181805
0.546726 0.00184763
0.546871 0.00186601
0.546895 0.00188209
0.546907 0.00189466
0.548517 0.00188162
0.548673 0.00186872
0.548685 0.00185742
0.548697 0.00184904
0.550271 0.0018372
0.550475 0.00183285
0.550487 0.00182905
0.550499 0.00182571
0.550523 0.0018258
0.552266 0.00184691
0.552422 0.00185787
0.552434 0.00186746
0.552446 0.00187434
0.554068 0.00186535
0.554224 0.00185598
0.554236 0.00184778
0.554248 0.00184211
0.555726 0.00181912
0.555883 0.00179901
0.555907 0.00178291
0.555919 0.00176882
0.555943 0.0017595
0.557721 0.00178889
0.557877 0.00181461
0.557901 0.00183712
0.557925 0.00185531
0.559487 0.00184419
0.559656 0.00183596
0.559692 0.00183026
0.561422 0.0018433
0.561446 0.00185772
0.561626 0.00187183
0.561662 0.00188418
0.563188 0.00186945
0.563368 0.00185356
0.563405 0.00183965
0.563441 0.00183199
0.565015 0.0018313
0.565207 0.00182768
0.565255 0.00182603
0.566757 0.00181556
0.566925 0.0018034
0.566961 0.00179126
0.568535 0.00178965
0.56874 0.00179274
0.568764 0.00179846
0.568788 0.00180195
0.570494 0.00182153
0.570662 0.00183116
0.570686 0.00183958
0.57071 0.00184995
0.572272 0.001841
0.572429 0.00182867
0.572453 0.00181787
0.573979 0.00180392
0.574003 0.00179472
0.574159 0.00178667
0.574195 0.00178112
0.575997 0.00181082
0.576033 0.0018383
0.576057 0.00186536
0.576166 0.00188302
0.577788 0.00187144
0.577824 0.00186131
0.577848 0.00185244
0.577932 0.00184168
0.57965 0.00183977
0.579674 0.00183811
0.579698 0.00183965
0.579794 0.0018425
0.581441 0.00183599
0.581489 0.00183029
0.581585 0.0018253
0.581597 0.00182244
0.583171 0.00181092
0.583219 0.00180084
0.583327 0.00179353
0.583339 0.00178713
0.583363 0.00178453
0.585202 0.0018153
0.585286 0.00183321
0.585298 0.00184889
0.585322 0.0018626
0.587016 0.00185658
0.5871 0.0018498
0.587112 0.00184538
0.587124 0.00184001
0.588662 0.00181578
0.588758 0.00179608
0.588782 0.00178035
0.588794 0.00176658
0.588818 0.00175754
0.590633 0.00178418
0.590753 0.00181049
0.590777 0.00183351
0.590789 0.00185365
0.592387 0.00184124
0.592507 0.00183037
0.592531 0.00182387
0.592555 0.00181818
0.592567 0.00181321
0.594442 0.00182838
0.594466 0.00184165
0.594502 0.00185477
0.594514 0.00186625
0.594538 0.00187929
0.596244 0.00186968
0.596292 0.00185977
0.596304 0.0018511
0.596328 0.00184351
0.597951 0.00182635
0.597975 0.00181434
0.598023 0.00180384
0.598035 0.00179465
0.598059 0.0017866
0.599957 0.00181111
0.600005 0.00183255
0.600029 0.00185281
0.600053 0.00187054
0.60176 0.00186202
0.601808 0.00185457
0.601832 0.00184805
0.601844 0.00184084
0.60349 0.00182102
0.603514 0.00180667
0.603526 0.00179262
0.603538 0.00178032
0.605485 0.00180711
0.605509 0.00183056
0.605521 0.00185107
0.605533 0.00187052
0.605557 0.00188904
0.607239 0.0018722
0.607275 0.00185747
0.607287 0.00184458
0.607311 0.0018333
0.607335 0.00182643
0.609125 0.00182793
0.609137 0.00182774
0.609161 0.00182758
0.610784 0.00181392
0.610844 0.00180196
0.610856 0.00179301
0.61088 0.00178667
0.610892 0.00177962
0.612598 0.00178397
0.612658 0.00178778
0.612682 0.00179261
0.612706 0.00179984
0.612718 0.00180467
0.61273 0.00180889
0.614473 0.00181709
0.614533 0.00182126
0.614557 0.00182491
0.614569 0.0018281
0.614581 0.0018309
0.616203 0.00181832
0.616275 0.00180582
0.616287 0.00179488
0.616299 0.00178681
0.616323 0.00178124
0.617969 0.00177938
0.618041 0.00177775
0.618053 0.00177633
0.618065 0.00177508
0.618089 0.00177399
0.618113 0.00177604
0.62 0.00180787
0.62006 0.00183272
0.620072 0.00185446
0.620096 0.00187349
0.620108 0.00188864
0.621814 0.00187936
0.621874 0.00186974
0.621898 0.00186132
0.62191 0.00185395
0.621922 0.00184901
0.623533 0.00183267
0.623617 0.00182138
0.623641 0.00181149
0.623653 0.00180285
0.623665 0.00179528
0.625551 0.00182321
0.625611 0.00184163
0.625623 0.00185776
0.625635 0.00187337
0.625659 0.00188853
0.627402 0.00188377
0.62745 0.0018766
0.627462 0.00187033
0.627486 0.00186484
0.629048 0.00183751
0.629072 0.0018166
0.629108 0.0017968
0.62912 0.00177947
0.629144 0.00176432
0.631019 0.0017901
0.631055 0.00181417
0.631091 0.00183523
0.631103 0.00185516
0.631127 0.0018741
0.631139 0.00188917
0.632809 0.00187682
0.632869 0.00186451
0.632881 0.00185374
0.632893 0.00184282
0.632905 0.00183326
0.634479 0.00181288
0.634551 0.00179655
0.634563 0.00178376
0.634575 0.00177257
0.634587 0.00176278
0.634611 0.00175572
0.636474 0.00178559
0.636558 0.00181322
0.63657 0.0018374
0.636582 0.00186006
0.636594 0.00187989
0.636618 0.00189874
0.63663 0.00191373
0.638324 0.00190583
0.638408 0.0018974
0.63842 0.00189003
0.638432 0.00188358
0.638444 0.00187644
0.638456 0.00187019
0.640007 0.00184669
0.640115 0.00182764
0.640127 0.00181097
0.640139 0.00179638
0.640151 0.00178361
0.640163 0.00177394
0.641893 0.00178802
0.642025 0.00180333
0.642049 0.00181823
0.642061 0.00183127
0.642073 0.00184268
0.642085 0.00185267
0.643756 0.00185389
0.643876 0.00185046
0.643888 0.00184746
0.6439 0.00184483
0.643912 0.00184403
0.643924 0.00184333
0.645462 0.0018262
0.645606 0.00181421
0.64563 0.00180522
0.645642 0.00179736
0.645654 0.00179048
0.645666 0.00178446
0.645678 0.00178069
0.647396 0.00179993
0.647577 0.00182126
0.647601 0.00183993
0.647625 0.00185777
0.647637 0.00187338
0.647649 0.00188704
0.647661 0.00189899
0.647685 0.00191245
0.649223 0.00190169
0.649379 0.00188328
0.649391 0.00186716
0.649403 0.00185305
0.649415 0.00184071
0.649427 0.00183142
0.649439 0.00182178
0.650881 0.00180134
0.651025 0.00178194
0.651049 0.00176647
0.651061 0.00175294
0.651073 0.0017411
0.651085 0.00173074
0.651097 0.00172317
0.651121 0.00171806
0.652804 0.00174362
0.652972 0.00176899
0.652996 0.00179119
0.65302 0.00181212
0.653032 0.00183043
0.653044 0.00184645
0.653056 0.00186047
0.65308 0.00187273
0.653104 0.00188647
0.65463 0.00187897
0.654798 0.00186639
0.65481 0.00185539
0.654822 0.00184576
0.654834 0.00183734
0.654846 0.00182846
0.654858 0.0018222
0.65487 0.00181522
0.656324 0.0018001
0.656492 0.00178687
0.656517 0.00177679
0.656529 0.00176798
0.656541 0.00176026
0.656553 0.00175351
0.656565 0.00174761
0.656577 0.00174394
0.656601 0.00174224
0.658283 0.00176928
0.658475 0.00179595
0.658511 0.00182079
0.658523 0.00184252
0.658535 0.00186154
0.658547 0.00187818
0.658559 0.00189274
0.658571 0.00190548
0.658595 0.00191662
0.658619 0.00192938
0.660169 0.00192402
0.660362 0.00191333
0.660374 0.00190397
0.660386 0.00189577
0.660398 0.00188861
0.66041 0.00188234
0.660422 0.00187535
0.660434 0.00186773
0.660458 0.00186407
0.661864 0.00184284
0.662068 0.00182277
0.66208 0.0018052
0.662092 0.00178983
0.662104 0.00177638
0.662116 0.00176461
0.662128 0.00175582
0.66214 0.00174662
0.663786 0.00176861
0.664039 0.00179386
0.664063 0.00181746
0.664075 0.00183811
0.664087 0.00185617
0.664099 0.00187198
0.664111 0.00188581
0.664123 0.00189942
0.664147 0.00191282
0.665673 0.00190953
0.665889 0.00189764
0.665901 0.00188724
0.665913 0.00187814
0.665925 0.00187167
0.665937 0.00186602
0.665949 0.00186107
0.665961 0.00185524
0.667427 0.00184262
0.667655 0.00183008
0.667667 0.00182062
0.667679 0.00181233
0.667691 0.00180508
0.667703 0.00179874
0.667715 0.00179319
0.669338 0.00180785
0.669602 0.0018252
0.669626 0.00184187
0.669638 0.00185646
0.66965 0.00187073
0.669662 0.00188322
0.669674 0.00189414
0.669698 0.00190521
0.671176 0.00189686
0.671416 0.00188205
0.671428 0.00187059
0.67144 0.00186056
0.671452 0.00185179
0.671476 0.00184562
0.671488 0.00183871
0.672918 0.00182666
0.673159 0.00181612
0.673183 0.0018084
0.673195 0.00180164
0.673207 0.00179723
0.673231 0.00179487
0.673243 0.0017913
0.673255 0.00178818
0.674889 0.00181099
0.675165 0.00183545
0.675189 0.00185685
0.675213 0.00187708
0.675225 0.00189478
0.675249 0.00191327
0.675261 0.00192795
0.675274 0.00194079
0.675286 0.00195203
0.676727 0.00193783
0.677004 0.0019194
0.677016 0.00190327
0.67704 0.00188916
0.677052 0.00187832
0.677064 0.00186883
0.677076 0.00186052
0.6771 0.00185476
0.678422 0.00183469
0.67871 0.00181414
0.678722 0.00179765
0.678734 0.00178322
0.678746 0.0017706
0.67877 0.00176106
0.678782 0.0017512
0.680332 0.00177112
0.680681 0.00179606
0.680705 0.00181938
0.680717 0.00184129
0.680729 0.00186046
0.680753 0.00187873
0.680765 0.00189322
0.680777 0.0019059
0.682195 0.00190047
0.682507 0.00188821
0.682519 0.00187749
0.682531 0.0018681
0.682555 0.00185989
0.682567 0.0018527
0.682579 0.00184641
0.683925 0.0018319
0.684237 0.0018192
0.684261 0.00181109
0.684273 0.001804
0.684298 0.00179929
0.68431 0.00179367
0.684322 0.00178875
0.684334 0.00178445
0.685872 0.00180472
0.686256 0.00183146
0.68628 0.00185487
0.686304 0.00187685
0.686328 0.00189908
0.68634 0.00191704
0.686352 0.00193275
0.686364 0.00194649
0.686376 0.00195852
0.687734 0.00194652
0.688095 0.001927
0.688119 0.00191292
0.688143 0.00190061
0.688155 0.00188984
0.688167 0.00188041
0.688179 0.00187216
0.688191 0.00186494
0.689404 0.0018406
0.689741 0.00181329
0.689765 0.0017894
0.689789 0.00177
0.689801 0.00175302
0.689813 0.00173816
0.689825 0.00172517
0.691327 0.00174984
0.691351 0.00177443
0.691723 0.00180046
0.691747 0.00182323
0.691771 0.00184316
0.691783 0.00186059
0.691796 0.00187585
0.691808 0.0018892
0.693189 0.00188586
0.693502 0.00187242
0.693526 0.00186066
0.69355 0.00185038
0.693574 0.00184288
0.693586 0.00183632
0.693598 0.00183057
0.693622 0.00182855
0.694932 0.00181777
0.695244 0.00180233
0.695268 0.00178882
0.69528 0.001777
0.695292 0.00176816
0.695316 0.00176193
0.695328 0.00175497
0.69683 0.00177291
0.697191 0.00179462
0.697227 0.00181512
0.697239 0.00183306
0.697251 0.00184875
0.697275 0.00186549
0.697287 0.00187863
0.697299 0.00189013
0.698669 0.00188367
0.699029 0.00187351
0.699041 0.00186462
0.699053 0.00185684
0.699077 0.00185003
0.699089 0.00184408
0.699101 0.00183887
0.700387 0.0018238
0.700747 0.00180911
0.700759 0.00179625
0.700771 0.0017835
0.700783 0.00177235
0.700795 0.00176408
0.70082 0.00175836
0.702249 0.00177137
0.70267 0.00179027
0.702682 0.00180681
0.702694 0.00182128
0.702706 0.00183394
0.702718 0.00184501
0.702742 0.00185471
0.702766 0.00186619
0.704124 0.00186723
0.704484 0.00185762
0.704496 0.00184922
0.704508 0.00184337
0.704532 0.00183975
0.704544 0.00183508
0.704569 0.00183099
0.705782 0.00180939
0.706131 0.00178749
0.706143 0.00176833
0.706155 0.00175005
0.706167 0.00173407
0.706191 0.00172008
0.707597 0.00173187
0.708017 0.0017512
0.708041 0.00177112
0.708053 0.00178855
0.708065 0.00180379
0.708089 0.00181864
0.708101 0.00183013
0.709495 0.00183868
0.709856 0.00183564
0.70988 0.00183449
0.709892 0.00183348
0.709916 0.0018326
0.709928 0.00183183
0.711261 0.00182365
0.711622 0.00181348
0.711634 0.00180459
0.711646 0.0017953
0.711658 0.00178868
0.71167 0.00178288
0.713052 0.00178382
0.71346 0.00179065
0.713484 0.00179812
0.713496 0.00180467
0.713508 0.00181039
0.71352 0.0018169
0.713544 0.0018241
0.715058 0.00184692
0.715407 0.00185637
0.715431 0.00186615
0.715443 0.0018747
0.715455 0.00188219
0.715479 0.00188873
0.716837 0.00187494
0.717173 0.00185836
0.717185 0.00184385
0.717197 0.00183116
0.717221 0.00182006
0.717233 0.00181184
0.718555 0.00180015
0.718988 0.00180193
0.719 0.00180349
0.719012 0.00180485
0.719036 0.00180605
0.719048 0.00180709
0.719072 0.00181101
0.72061 0.00184148
0.720946 0.00185312
0.72097 0.0018633
0.720982 0.00187371
0.720994 0.00188282
0.721006 0.00188929
0.722388 0.00187542
0.722713 0.00185878
0.722725 0.00184423
0.722737 0.00183149
0.722749 0.00182034
0.724155 0.00181359
0.724179 0.00181069
0.724527 0.00181116
0.724539 0.00181156
0.724551 0.00181192
0.724563 0.00181223
0.726257 0.00184855
0.726546 0.00186982
0.726558 0.00188843
0.72657 0.00190471
0.726582 0.00191896
0.728096 0.00190889
0.728324 0.00189107
0.728336 0.00187548
0.728348 0.00186334
0.72836 0.00185272
0.729814 0.00183592
0.730078 0.00182572
0.73009 0.00181679
0.730103 0.00180899
0.730115 0.00180215
0.730139 0.00179918
0.731869 0.00183112
0.732073 0.00185157
0.732085 0.00186795
0.732097 0.00188229
0.732109 0.00189333
0.733659 0.00188046
0.733815 0.00186319
0.733827 0.00184658
0.733839 0.00183205
0.735486 0.00183134
0.73551 0.00183373
0.735678 0.00183733
0.735702 0.00184197
0.735714 0.00184604
0.737372 0.0018511
0.737576 0.00185702
0.737588 0.00186071
0.7376 0.00186393
0.737625 0.00186976
0.739102 0.00185233
0.739295 0.00183407
0.739307 0.0018181
0.739331 0.00180412
0.740905 0.0018039
0.741133 0.00180822
0.741145 0.0018135
0.741169 0.00181962
0.741181 0.00182348
0.742815 0.00183436
0.74302 0.00183938
0.743044 0.00184377
0.743056 0.00184761
0.744558 0.00183445
0.74475 0.00181842
0.744762 0.00180591
0.744774 0.00179495
0.746276 0.00178537
0.746516 0.00178299
0.746528 0.00178091
0.74654 0.00178059
0.746564 0.00178182
0.748331 0.00181593
0.748487 0.00183377
0.748499 0.00184937
0.748511 0.00186152
0.750133 0.00185413
0.750277 0.00184466
0.750289 0.00183788
0.750301 0.00183194
0.751863 0.00181923
0.752056 0.00181412
0.752068 0.00180965
0.75208 0.00180574
0.752104 0.00180532
0.753846 0.00182749
0.754002 0.00184087
0.754014 0.00185259
0.754026 0.00186133
0.755637 0.00185246
0.755793 0.0018432
0.755805 0.0018351
0.755829 0.00183101
0.757367 0.00181842
0.757547 0.00181041
0.757559 0.0018034
0.757583 0.00179727
0.757607 0.0017949
0.759386 0.00182288
0.75953 0.00184134
0.759554 0.0018575
0.759566 0.00187014
0.7612 0.00186318
0.761356 0.00185558
0.761368 0.00184893
0.761392 0.00184612
0.762894 0.00182713
0.76305 0.00180902
0.763074 0.00179317
0.764793 0.00180634
0.764817 0.00182087
0.764997 0.00183659
0.765021 0.00185034
0.766571 0.00184134
0.766727 0.00182746
0.766751 0.00181532
0.766775 0.00180769
0.768434 0.00181454
0.768614 0.00182354
0.76865 0.00182991
0.770212 0.00182346
0.770236 0.00182083
0.770404 0.00181702
0.771954 0.00180769
0.771978 0.00179952
0.772195 0.00179837
0.772219 0.00180038
0.773913 0.00182016
0.774093 0.00182995
0.774117 0.00183852
0.775691 0.001831
0.775871 0.00182442
0.775895 0.00181867
0.777422 0.00180762
0.77765 0.00180396
0.777674 0.00180377
0.777686 0.0018021
0.779392 0.00182316
0.77962 0.00183859
0.779632 0.00185209
0.781219 0.00184888
0.781435 0.00184457
0.781447 0.0018408
0.782877 0.00181798
0.783141 0.00180401
0.783153 0.0017933
0.783177 0.00178542
0.784859 0.00181007
0.785196 0.00184066
0.78522 0.00186892
0.786662 0.0018606
0.786686 0.00185633
0.787034 0.0018541
0.787058 0.00185214
0.788284 0.00182039
0.788668 0.00179711
0.788693 0.00177674
0.788717 0.00176193
0.790183 0.001779
0.790627 0.00180145
0.790651 0.0018211
0.790675 0.00183828
0.790699 0.00185633
0.791961 0.00184658
0.792405 0.00183505
0.792442 0.00182646
0.792478 0.00182045
0.793703 0.00181069
0.794196 0.00180815
0.79422 0.00180893
0.794244 0.00180811
0.794292 0.0018089
0.795734 0.00183662
0.796118 0.00184737
0.796154 0.00185526
0.796191 0.00186067
0.797512 0.00185038
0.797536 0.00184439
0.797849 0.00183012
0.797897 0.00181464
0.799219 0.00180109
0.799255 0.00179074
0.799627 0.0017892
0.799687 0.00178934
0.799711 0.00179248
0.801261 0.00182376
0.801309 0.00185263
0.801634 0.00186437
0.801646 0.00187315
0.803064 0.00186431
0.803112 0.00185657
0.803376 0.00184078
0.8034 0.00182998
0.804746 0.00181151
0.804806 0.00179685
0.805106 0.00178853
0.805142 0.00178276
0.805166 0.00178071
0.806753 0.00180895
0.806813 0.00183367
0.807185 0.0018643
0.807209 0.0018866
0.808495 0.00186857
0.808543 0.00185129
0.808976 0.00184367
0.810189 0.001825
0.810201 0.00181015
0.810237 0.00179567
0.81073 0.0017905
0.812196 0.00181752
0.812208 0.00184116
0.812232 0.00186486
0.812256 0.00188408
0.812761 0.00190241
0.814022 0.00189141
0.814034 0.00188028
0.814046 0.00186905
0.814539 0.00185771
0.815692 0.00183277
0.815704 0.00181245
0.815729 0.00179618
0.816269 0.00178794
0.817639 0.00180777
0.817651 0.00182513
0.817675 0.00184331
0.817687 0.00185772
0.818288 0.00187784
0.819466 0.00186991
0.819478 0.00186148
0.81949 0.00185409
0.820066 0.00184462
0.82122 0.00183334
0.821232 0.00182346
0.821244 0.00181482
0.821821 0.00180726
0.823214 0.00183068
0.823227 0.00185118
0.823239 0.00187062
0.823263 0.00188912
0.823815 0.00190232
0.825053 0.00189283
0.825065 0.00188453
0.825089 0.00187727
0.825101 0.00187241
0.825606 0.00186216
0.826747 0.00183967
0.826771 0.00181999
0.826783 0.00180277
0.8273 0.00178921
0.827324 0.00178034
0.828694 0.00180112
0.82873 0.00182081
0.828742 0.00183803
0.829343 0.00186362
0.829367 0.00188601
0.830496 0.00187555
0.830544 0.00186641
0.830556 0.00185991
0.831133 0.00185122
0.831169 0.00184512
0.832226 0.00183076
0.832287 0.00181971
0.832299 0.00181003
0.832827 0.00179556
0.834101 0.00180543
0.834173 0.00181556
0.834197 0.00182743
0.834221 0.00183932
0.834846 0.00186174
0.835975 0.00186334
0.83606 0.00186323
0.836072 0.00186163
0.836084 0.00186174
0.83666 0.00185582
0.837718 0.00184163
0.837802 0.00182772
0.837814 0.00181554
0.838343 0.00179888
0.839496 0.00179631
0.83952 0.00179707
0.839604 0.00179774
0.839616 0.00179832
0.840241 0.00181085
0.841395 0.00182181
0.841491 0.00182989
0.841503 0.00183697
0.84202 0.00182964
0.842044 0.00182624
0.843173 0.00182026
0.843257 0.00181201
0.843846 0.00181382
0.84387 0.00181539
0.844963 0.00181227
0.845048 0.00180953
0.845636 0.00180714
0.84566 0.00180504
0.846946 0.00182724
0.84703 0.00184666
0.847571 0.00185765
0.848785 0.00185525
0.848809 0.00185615
0.848881 0.00185544
0.849349 0.00184581
0.850419 0.00181635
0.850491 0.00179057
0.850515 0.00177102
0.85102 0.00175842
0.852317 0.00177594
0.852401 0.00179276
0.852425 0.00180748
0.852449 0.00182337
0.853026 0.00184628
0.854156 0.0018453
0.85424 0.00184144
0.854264 0.00183806
0.854805 0.0018306
0.855874 0.00181656
0.855898 0.00180728
0.855946 0.00179465
0.85597 0.00178361
0.857724 0.00179196
0.85776 0.00180078
0.857809 0.00180849
0.857833 0.00181524
0.857857 0.00182415
0.859611 0.00183194
0.859683 0.00183726
0.859707 0.00184191
0.859719 0.00184448
0.861317 0.00182721
0.861389 0.00181209
0.861401 0.00179736
0.861413 0.00178447
0.863168 0.00179272
0.863252 0.00180144
0.863264 0.00180907
0.863276 0.00181725
0.8633 0.00182591
0.865042 0.00183198
0.865138 0.00183729
0.86515 0.00184194
0.865162 0.00184451
0.865186 0.00184976
0.86676 0.00183333
0.866857 0.00181744
0.866869 0.00180355
0.866881 0.00178988
0.868563 0.00179145
0.868599 0.00179732
0.868707 0.00180397
0.868719 0.00180978
0.868731 0.00181486
0.870546 0.00183583
0.870654 0.00184968
0.870666 0.00186179
0.870678 0.00187239
0.87069 0.00188317
0.872336 0.00187157
0.872432 0.00185842
0.872444 0.00184691
0.872456 0.00183684
0.874102 0.00182803
0.874126 0.00182332
0.87421 0.0018177
0.874234 0.00181429
0.874246 0.0018113
0.876049 0.00182821
0.876145 0.0018415
0.876169 0.00185314
0.876181 0.00186332
0.876193 0.00187373
0.877839 0.00186331
0.877923 0.00184969
0.877947 0.00183927
0.877959 0.00183015
0.879642 0.00182668
0.879726 0.00182064
0.879738 0.00181536
0.87975 0.00181224
0.881372 0.001802
0.88148 0.00179604
0.881492 0.00179082
0.881504 0.00178626
0.881528 0.00178528
0.883379 0.00181295
0.883463 0.00183266
0.883475 0.0018499
0.883499 0.00186499
0.885217 0.00186167
0.885289 0.00185577
0.885313 0.0018506
0.885325 0.00184758
0.886887 0.00182541
0.886971 0.00180751
0.886995 0.00179185
0.887007 0.00177815
0.887031 0.00176917
0.888906 0.00180036
0.889002 0.00182915
0.889026 0.00185434
0.889038 0.00187639
0.889062 0.00189568
0.889086 0.00191556
0.890732 0.00190442
0.890841 0.00189166
0.890865 0.00188351
0.890877 0.00187487
0.890901 0.00186732
0.892451 0.00184869
0.892547 0.00183088
0.892571 0.00181531
0.892583 0.00180318
0.892607 0.00179407
0.892619 0.0017846
0.894421 0.00180785
0.894553 0.0018327
0.89459 0.00185595
0.894614 0.00187779
0.894638 0.00189691
0.89465 0.00191513
0.894674 0.00193258
0.896224 0.00191631
0.896392 0.00189907
0.896404 0.00188548
0.896416 0.00187209
0.896428 0.00186038
0.896452 0.00185012
0.897834 0.00182013
0.898014 0.00179538
0.898038 0.00177523
0.89805 0.0017576
0.898062 0.00174367
0.898086 0.00173299
0.89811 0.00172364
0.899744 0.001747
0.899961 0.00177195
0.899985 0.00179378
0.899997 0.00181288
0.900009 0.0018296
0.900033 0.00184722
0.900045 0.00186115
0.900069 0.00187333
0.901595 0.00187047
0.901823 0.00186496
0.901835 0.00186015
0.901859 0.00185894
0.901871 0.00185637
0.901883 0.00185413
0.901907 0.00185217
0.903301 0.00183394
0.903505 0.00181347
0.903529 0.00179557
0.903553 0.0017814
0.903565 0.001769
0.90359 0.00175816
0.90514 0.00176819
0.905392 0.00178298
0.905416 0.00179592
0.90544 0.00181025
0.905452 0.00182128
0.905464 0.00183094
0.905488 0.00183939
0.907002 0.00184227
0.907218 0.00183729
0.90723 0.00183143
0.907242 0.00182629
0.907254 0.0018218
0.907278 0.00181788
0.908744 0.00180843
0.908949 0.00179867
0.908961 0.00179162
0.908973 0.00178546
0.908985 0.00178007
0.909009 0.00177685
0.909021 0.00177253
0.910787 0.00180631
0.910955 0.00183135
0.910967 0.00185176
0.910979 0.00186962
0.911003 0.00188525
0.911015 0.00189893
0.912553 0.00188236
0.91271 0.00186635
0.912722 0.00185085
0.912746 0.00183728
0.912758 0.00182541
0.912782 0.00181803
0.914464 0.00182959
0.914644 0.00184271
0.914656 0.0018542
0.91468 0.00186424
0.914692 0.00187303
0.914716 0.00188073
0.916218 0.00186493
0.916423 0.00185261
0.916435 0.00184032
0.916447 0.00182957
0.916471 0.00182317
0.916495 0.00181757
0.918081 0.00182318
0.918285 0.0018281
0.918297 0.00183089
0.918321 0.00183334
0.918345 0.00183548
0.919775 0.00181782
0.920003 0.00180538
0.920015 0.00179449
0.920027 0.00178647
0.920039 0.00177795
0.920063 0.00177049
0.921698 0.0017895
0.921986 0.00181364
0.921998 0.00183326
0.92201 0.00185043
0.922034 0.00186546
0.9235 0.00185757
0.923788 0.00185068
0.9238 0.00184314
0.923824 0.00183654
0.923848 0.00183378
0.925134 0.00180883
0.925471 0.001793
0.925483 0.00177916
0.925507 0.00176704
0.925531 0.00175644
0.927093 0.00178171
0.927117 0.00180683
0.927513 0.00183631
0.927525 0.00186211
0.927549 0.00188469
0.927573 0.00190444
0.928931 0.00189619
0.92928 0.00187996
0.929304 0.00186726
0.929328 0.00185615
0.929352 0.00184643
0.929364 0.00183942
0.930626 0.00182128
0.93095 0.00180239
0.930974 0.00178587
0.930998 0.00177141
0.931022 0.00175877
0.931034 0.0017477
0.932548 0.00176955
0.932572 0.00179168
0.932945 0.00181705
0.932969 0.00183925
0.932993 0.00185868
0.933017 0.00187568
0.933029 0.00189055
0.934362 0.00188103
0.934699 0.0018652
0.934735 0.00185284
0.934759 0.00184203
0.934783 0.00183257
0.934795 0.00182429
0.934819 0.00182005
0.936117 0.00181184
0.936501 0.00181066
0.936549 0.00180512
0.936561 0.00180177
0.936573 0.00179885
0.936585 0.00179479
0.938015 0.00180775
0.93846 0.00182661
0.938508 0.00184311
0.93852 0.00185754
0.938532 0.00187168
0.938544 0.00188405
0.938568 0.00189637
0.93983 0.00188613
0.940274 0.00186965
0.940286 0.00185674
0.940298 0.00184544
0.940322 0.00183706
0.940334 0.00182822
0.941536 0.00181297
0.942053 0.00180865
0.942065 0.00180486
0.942077 0.00180305
0.942101 0.00180297
0.942113 0.0018014
0.942125 0.00180002
0.943531 0.00182435
0.944095 0.00185164
0.944107 0.00187403
0.944132 0.00189361
0.944144 0.00191075
0.944156 0.00192574
0.945381 0.00191633
0.945898 0.00190209
0.945922 0.00188813
0.945934 0.00187591
0.945946 0.00186522
0.947075 0.00184385
0.947099 0.00182815
0.947664 0.00182043
0.947688 0.00181367
0.9477 0.00180775
0.947712 0.00180258
0.949082 0.00182809
0.949118 0.00185191
0.949142 0.00187576
0.949719 0.00189813
0.949743 0.00191471
0.950909 0.00190367
0.950933 0.00189702
0.950957 0.0018897
0.950981 0.00188329
0.951521 0.00187318
0.952603 0.00185081
0.952615 0.00182974
0.952639 0.0018113
0.952663 0.00179517
0.95324 0.00178556
0.954561 0.00180719
0.954585 0.00182912
0.954609 0.00184981
0.954633 0.00186792
0.954658 0.00188376
0.955318 0.00190814
0.956424 0.00190243
0.956448 0.00189443
0.956472 0.00188743
0.956496 0.00188131
0.957073 0.00186544
0.958142 0.00184704
0.958166 0.00183395
0.958178 0.001821
0.95819 0.00180816
0.958214 0.00179692
0.958863 0.00179611
0.960149 0.00182242
0.960173 0.00184545
0.960185 0.00186561
0.960197 0.00188474
0.960221 0.00190299
0.960233 0.00191745
0.96087 0.0019286
0.961987 0.00191282
0.961999 0.00190052
0.962011 0.00188976
0.962023 0.00187884
0.962035 0.00186928
0.9626 0.00185191
0.96367 0.0018292
0.963682 0.00180933
0.963694 0.00179194
0.963706 0.00177673
0.964342 0.00177242
0.965616 0.00179419
0.96564 0.00181625
0.965652 0.00183555
0.965664 0.00185243
0.965688 0.00186871
0.966409 0.00189346
0.967515 0.00189109
0.967527 0.00188901
0.967539 0.0018872
0.967551 0.00188411
0.967575 0.00188441
0.968212 0.00187416
0.969257 0.00185617
0.969269 0.00184044
0.969281 0.00182667
0.969293 0.00181312
0.969918 0.00179977
0.971155 0.00181211
0.97118 0.00182442
0.971192 0.00183668
0.971204 0.00184742
0.971228 0.00185831
0.971949 0.00187986
0.972982 0.00187318
0.973018 0.00186734
0.97303 0.00186222
0.973042 0.00185625
0.973679 0.00184051
0.973703 0.00182973
0.974676 0.0018128
0.974712 0.00179798
0.974724 0.00178501
0.974736 0.00177367
0.975445 0.00177275
0.975481 0.00177345
0.975505 0.00177707
0.976647 0.00180127
0.976683 0.00182243
0.976695 0.00184096
0.976707 0.00185717
0.977392 0.00186834
0.97744 0.00187662
0.978461 0.00186885
0.978497 0.00186204
0.978521 0.00185759
0.978533 0.0018537
0.979134 0.00183977
0.980107 0.00181558
0.980143 0.0017944
0.980167 0.00177588
0.98018 0.00176117
0.980204 0.0017498
0.980816 0.00174135
0.98197 0.00175649
0.982018 0.00177124
0.982042 0.00178415
0.982054 0.00179544
0.982078 0.00180532
0.982102 0.00181697
0.982811 0.00183918
0.983844 0.0018436
0.983892 0.00184446
0.983916 0.00184671
0.983941 0.00184868
0.983953 0.0018489
0.984601 0.00184159
0.985551 0.00182467
0.985611 0.00181137
0.985635 0.00180274
0.985647 0.00179369
0.985671 0.00178576
0.985683 0.00177883
0.986368 0.00177727
0.987473 0.00179543
0.987545 0.00181282
0.987569 0.00182804
0.987581 0.00184136
0.987605 0.00185601
0.987617 0.00186734
0.987629 0.00187724
0.98835 0.00189042
0.989444 0.00189143
0.989468 0.00189232
0.989492 0.0018946
0.989516 0.00189659
0.989528 0.00189833
0.98954 0.00189986
0.990189 0.00189218
0.991138 0.00186444
0.991162 0.00184016
0.991186 0.00181892
0.991198 0.00180033
0.99121 0.00178407
0.991811 0.00176383
0.991835 0.00174912
0.993013 0.00176479
0.993049 0.00178001
0.993073 0.00179332
0.993085 0.00180497
0.993097 0.00181516
0.993746 0.00183009
0.994827 0.00182813
0.994863 0.00182641
0.994887 0.00182491
0.994899 0.0018236
0.994911 0.00182245
0.995524 0.00181694
0.996449 0.00178809
0.996485 0.00176434
0.996497 0.00174356
0.996509 0.00172689
0.996533 0.0017138
0.997134 0.00170084
0.998288 0.00171804
0.998336 0.00173459
0.998348 0.00174908
0.99836 0.00176175
0.998384 0.00177284
0.998408 0.00178554
0.999081 0.00180568
1.00019 0.00181728
1.00023 0.00182593
1.00025 0.00183351
1.00027 0.00184013
1.00028 0.00184443
1.0009 0.00184067
1.00198 0.00183439
1.00204 0.00182889
1.00206 0.00182407
1.00207 0.00181986
1.00261 0.00180716
1.00264 0.00179906
1.00378 0.00179948
1.00385 0.00180134
1.00388 0.00180298
1.00389 0.00180441
1.00448 0.00181167
1.00451 0.00181952
1.00576 0.00183991
1.00583 0.00185475
1.00585 0.00186773
1.00639 0.00187308
1.00641 0.00188077
1.00643 0.00188599
1.00749 0.00186653
1.00755 0.0018465
1.00802 0.00181996
1.00804 0.00179673
1.00807 0.00177641
1.00921 0.00176915
1.00927 0.00176279
1.00931 0.00176173
1.00986 0.00177132
1.00988 0.00177971
1.00991 0.00178705
1.01124 0.00181751
1.01131 0.00184115
1.01177 0.00184983
1.01181 0.00185892
1.01183 0.00186687
1.01301 0.00185431
1.01343 0.00182979
1.01346 0.00180835
1.01349 0.00179258
1.0135 0.00177729
1.01485 0.00178493
1.01534 0.00180063
1.01539 0.00181587
1.01541 0.00182921
1.01542 0.00184088
1.01545 0.00185409
1.01683 0.00187016
1.01726 0.0018707
1.01728 0.00187118
1.0173 0.00187159
1.01732 0.00187195
1.01856 0.00185425
1.01898 0.00183425
1.019 0.00181825
1.01903 0.00180425
1.01905 0.00179501
1.02035 0.00179443
1.02084 0.00180294
1.02087 0.00181038
1.0209 0.00181839
1.02093 0.0018254
1.02237 0.00184957
1.02278 0.00185719
1.02281 0.00186386
1.02282 0.00187119
1.02284 0.00187611
1.02411 0.00185939
1.02449 0.00183724
1.02451 0.00181787
1.02452 0.00180091
1.02585 0.00179359
1.02628 0.00179319
1.0263 0.00179434
1.02631 0.00179535
1.02633 0.00179773
1.02794 0.00183436
1.0283 0.0018574
1.02832 0.00187606
1.02833 0.00189088
1.02979 0.00188583
1.02982 0.00188441
1.03013 0.00187717
1.03014 0.00186932
1.03152 0.00185194
1.03155 0.00183674
1.03192 0.00183094
1.03193 0.00182587
1.03196 0.00182444
1.03352 0.00184572
1.03385 0.00185682
1.03387 0.00186654
1.03388 0.00187354
1.03531 0.00186315
1.03561 0.00184804
1.03562 0.00183483
1.03563 0.00182477
1.03717 0.00182948
1.03752 0.00183961
1.03753 0.00184848
1.03754 0.00185624
1.03757 0.00186603
1.03896 0.00185657
1.0393 0.0018453
1.03931 0.00183543
1.03933 0.00182679
1.04064 0.00180872
1.04105 0.00180192
1.04108 0.00179898
1.04109 0.0017964
1.0411 0.00179265
1.04263 0.00181639
1.04298 0.00182966
1.043 0.00183977
1.04301 0.00184862
1.04441 0.00183984
1.0448 0.00183816
1.04481 0.00183369
1.04484 0.00183278
1.04612 0.00181847
1.04656 0.00181045
1.04657 0.00180344
1.04659 0.0017973
1.04808 0.00181746
1.04811 0.00183811
1.04851 0.00185317
1.04854 0.00186485
1.04987 0.00185554
1.0499 0.0018474
1.05036 0.00184778
1.05154 0.00182558
1.05157 0.00180616
1.05159 0.00179218
1.052 0.00177242
1.05342 0.00178518
1.05344 0.00179635
1.05348 0.00180762
1.0535 0.00182048
1.05397 0.00183925
1.05526 0.00183915
1.0553 0.00183756
1.05533 0.00183617
1.05575 0.00182894
1.05695 0.00181211
1.05697 0.00180038
1.05701 0.00178861
1.05703 0.00177832
1.05749 0.00177382
1.05891 0.00179692
1.05893 0.00181713
1.05898 0.00183632
1.059 0.00185611
1.05902 0.00187192
1.05949 0.00188726
1.06075 0.00187816
1.06078 0.00186869
1.06081 0.0018604
1.06082 0.00185315
1.06128 0.0018453
1.06242 0.00181891
1.06244 0.00179582
1.06245 0.00177561
1.06248 0.00176094
1.06296 0.0017511
1.06432 0.00176953
1.06434 0.00178565
1.06435 0.00179976
1.06438 0.00181211
1.06495 0.00183492
1.06499 0.0018594
1.06619 0.00186128
1.06621 0.00186143
1.06623 0.00186006
1.06672 0.00184835
1.06675 0.0018381
1.06787 0.00181861
1.0679 0.00180157
1.06792 0.00178966
1.06794 0.00178073
1.0685 0.00178044
1.06853 0.00178018
1.06989 0.00180999
1.06991 0.00183608
1.06994 0.00185891
1.06998 0.00188038
1.07 0.00190217
1.0705 0.00191523
1.07172 0.00190113
1.07174 0.00189179
1.07175 0.00188212
1.07179 0.00187366
1.07181 0.00186625
1.07229 0.00185677
1.07341 0.00183345
1.07342 0.00181305
1.07346 0.00179519
1.07348 0.00177957
1.07401 0.00177191
1.07405 0.00176971
1.07539 0.00179633
1.07541 0.00181962
1.07544 0.00183999
1.07547 0.00185782
1.07604 0.00187943
1.0772 0.0018698
1.07721 0.00186138
1.07724 0.001854
1.07726 0.00184906
1.07727 0.00184322
1.07786 0.00183962
1.0789 0.00182145
1.07894 0.00180555
1.07895 0.00179164
1.07896 0.00177947
1.07949 0.0017613
1.08075 0.00177245
1.08078 0.0017852
1.08081 0.00179636
1.08083 0.00180613
1.08084 0.00181468
1.08143 0.00182966
1.08259 0.00183076
1.08264 0.00183022
1.08265 0.00182975
1.08266 0.00182933
1.08268 0.00183047
1.08323 0.00182696
1.08437 0.00182089
1.08441 0.00181407
1.08442 0.0018081
1.08443 0.00180288
1.08444 0.00179832
1.08492 0.00178531
1.08624 0.00179195
1.08627 0.00179927
1.08628 0.00180566
1.08629 0.00181277
1.08632 0.00182048
1.08688 0.00183775
1.0881 0.00183934
1.08812 0.00183922
1.08813 0.00183913
1.08816 0.00183904
1.08861 0.00182545
1.08864 0.00181656
1.08987 0.00181179
1.0899 0.00180761
1.08991 0.00180395
1.08993 0.00180075
1.09046 0.00180697
1.09049 0.0018124
1.09175 0.00182016
1.09177 0.00182545
1.0918 0.00183008
1.09181 0.00183563
1.09229 0.00183448
1.09232 0.00183498
1.09349 0.00182339
1.09353 0.00181176
1.09354 0.00180157
1.09396 0.00178516
1.094 0.00177079
1.09528 0.00177324
1.0953 0.00177838
1.09533 0.00178139
1.09534 0.00178401
1.09583 0.00179532
1.09587 0.00180522
1.09718 0.00181688
1.0972 0.00182408
1.09722 0.00183038
1.09762 0.00182538
1.09766 0.00182101
1.09768 0.00182018
1.09893 0.00181195
1.09896 0.00180475
1.09898 0.00179995
1.0994 0.00179275
1.09943 0.00178644
1.10081 0.00179745
1.10083 0.00180708
1.10086 0.00181551
1.10088 0.00182588
1.10137 0.00184397
1.1014 0.00185981
1.10269 0.00186314
1.10272 0.00186306
1.10274 0.00186299
1.10321 0.00185992
1.10324 0.00185724
1.10326 0.00185789
1.10442 0.00184194
1.10446 0.00182649
1.10492 0.00181146
1.10494 0.00179831
1.10497 0.0017868
1.10625 0.00179176
1.10629 0.00179609
1.10632 0.00180439
1.1068 0.00181465
1.10683 0.00182364
1.10685 0.0018315
1.10814 0.00183837
1.10817 0.00183988
1.10863 0.0018382
1.10865 0.00183673
1.10869 0.00183694
1.10989 0.00182662
1.11029 0.00180556
1.11031 0.00178714
1.11034 0.00177403
1.11036 0.00176106
1.11168 0.00176472
1.11215 0.00177694
1.11219 0.00178913
1.11222 0.00180131
1.11225 0.00181496
1.11226 0.00182541
1.11358 0.00183455
1.114 0.00183203
1.11404 0.00182983
1.11406 0.0018279
1.11407 0.00182621
1.11534 0.00181723
1.11571 0.00179885
1.11573 0.00178277
1.11576 0.00177021
1.11578 0.00176221
1.11711 0.00176423
1.11753 0.00177201
1.11756 0.00177881
1.11758 0.00178476
1.11761 0.00178997
1.11764 0.00179903
1.11911 0.00182349
1.11949 0.00183437
1.11952 0.00184689
1.11953 0.00185635
1.11955 0.00186313
1.12091 0.00185553
1.12125 0.00183988
1.12126 0.00182618
1.12128 0.0018142
1.12263 0.00180221
1.12265 0.00179472
1.12303 0.00179268
1.12304 0.00179089
1.12306 0.00178932
1.12464 0.00181649
1.12467 0.00184176
1.1247 0.00186688
1.12496 0.00187535
1.12641 0.00186322
1.12644 0.00185562
1.12646 0.00184746
1.1265 0.00184183
1.12675 0.0018354
1.12825 0.00183278
1.12828 0.00183048
1.12831 0.00182847
1.12851 0.0018192
1.12999 0.00180659
1.13002 0.00179856
1.13006 0.00179153
1.13031 0.00179288
1.13192 0.00180909
1.13195 0.00182027
1.13198 0.00183306
1.13221 0.00184124
1.1337 0.00183338
1.13373 0.0018235
1.13394 0.00181185
1.13396 0.00180466
1.1354 0.00179236
1.13545 0.0017831
1.13569 0.00177951
1.13571 0.00177636
1.13743 0.00180815
1.13747 0.00184048
1.1375 0.00186726
1.1377 0.00188468
1.13922 0.0018729
1.13926 0.00186258
1.13931 0.00185506
1.13948 0.00184547
1.14094 0.00182507
1.14097 0.00181022
1.141 0.00179572
1.14122 0.00178905
1.14294 0.00181475
1.14296 0.00183723
1.14298 0.00185992
1.14302 0.00187976
1.14324 0.00189713
1.14475 0.00188378
1.14477 0.00187211
1.14481 0.00186189
1.14504 0.00185446
1.14646 0.00183293
1.14648 0.0018171
1.1465 0.00180174
1.14679 0.00179582
1.14844 0.00181917
1.14846 0.0018396
1.14849 0.00186049
1.1485 0.00187726
1.14882 0.00189644
1.15028 0.00188618
1.1503 0.00187721
1.15031 0.00186936
1.15034 0.0018655
1.15066 0.00186212
1.15192 0.00183212
1.15195 0.00180738
1.15197 0.00178573
1.15228 0.00176528
1.15232 0.0017519
1.15385 0.00177323
1.15387 0.00179189
1.15391 0.00180973
1.15427 0.00183134
1.1543 0.00185025
1.15557 0.00183376
1.15561 0.00181782
1.15596 0.00180238
1.15599 0.00179186
1.15601 0.00178116
1.15739 0.00178682
1.15745 0.00179328
1.15784 0.00180343
1.15787 0.00181381
1.1579 0.0018259
1.15792 0.00183648
1.15922 0.00183523
1.15961 0.00182812
1.15965 0.0018219
1.15967 0.00181646
1.1597 0.0018117
1.16101 0.00180903
1.16146 0.00181421
1.16149 0.00182175
1.16151 0.00182684
1.16154 0.00183129
1.16156 0.00183519
1.16289 0.00184161
1.16328 0.0018352
1.1633 0.0018296
1.16334 0.0018262
1.16336 0.00182322
1.16461 0.00181011
1.16507 0.00180464
1.16511 0.00179985
1.16513 0.00179867
1.16514 0.00179613
1.16658 0.00181794
1.16712 0.00184754
1.16717 0.00187494
1.1672 0.00189741
1.16842 0.00189004
1.16846 0.0018881
1.16895 0.00188039
1.169 0.00187364
1.17009 0.00184822
1.17013 0.00182597
1.1706 0.0018035
1.17066 0.00178533
1.17068 0.00177245
1.17197 0.0017852
1.17201 0.00179787
1.17254 0.00181646
1.17262 0.00183423
1.17264 0.00184977
1.17266 0.00186638
1.17379 0.00186139
1.17431 0.00184951
1.17438 0.00183911
1.17441 0.00183002
1.17444 0.00182356
1.17551 0.0018104
1.17602 0.00179738
1.17609 0.00178299
1.17612 0.0017704
1.17615 0.00176238
1.1774 0.0017779
1.17799 0.00180199
1.17808 0.00182607
1.17812 0.00184714
1.17814 0.00186558
1.17926 0.00186519
1.17984 0.00185134
1.17986 0.00184221
1.17989 0.00183273
1.17991 0.00182443
1.18098 0.00181116
1.18157 0.00180106
1.18159 0.00179221
1.18162 0.00178748
1.18163 0.00178183
1.18165 0.00177689
1.18294 0.00179961
1.18363 0.001833
1.18366 0.00186222
1.18368 0.00188778
1.18369 0.00191015
1.18372 0.00193273
1.18373 0.00195099
1.1854 0.0019249
1.18542 0.00190508
1.18544 0.00188624
1.18545 0.00186975
1.18547 0.00185532
1.1855 0.0018442
1.18719 0.00183447
1.1872 0.00182596
1.18722 0.0018185
1.18724 0.00181198
1.18726 0.00180628
1.18729 0.00180429
1.1892 0.00182959
1.18921 0.00185022
1.18922 0.00186677
1.18925 0.00188126
1.18927 0.00189393
1.19095 0.00187648
1.19096 0.00185971
1.19098 0.00184353
1.191 0.00183238
1.19102 0.00182263
1.19273 0.00181709
1.19274 0.00181225
1.19275 0.00180802
1.19278 0.00180431
1.1928 0.00180107
1.19283 0.00180123
1.19467 0.0018179
1.19468 0.00183098
1.19469 0.00184093
1.19471 0.00184963
1.19474 0.00185724
1.19636 0.00183687
1.19637 0.00181754
1.19638 0.00179913
1.19641 0.00178301
1.19643 0.00177192
1.19826 0.00178774
1.19827 0.00180159
1.19828 0.00181371
1.19831 0.00182431
1.19833 0.00183359
1.19835 0.00184471
