0.0 0
0.0001056 4294967295
0.000346797 4294967295
0.000815421 4294967295
0.000851469 4294967295
0.00175267 4294967295
0.00178872 4294967295
0.00182476 4294967295
0.00186081 4294967295
0.00362716 4294967295
0.00362716 13140
0.00366321 13140
0.00369926 13140
0.00373531 13140
0.00377136 13140
0.0038074 13140
0.00384345 13140
0.0038795 13140
0.00615052 13140
0.00615052 13140
0.00615052 14158
0.00625886 5110
0.00625886 5110
0.0095871 5110
0.00959912 5110
0.00961113 5110
0.0108968 5110
0.0109209 5110
0.0109329 5110
0.0109569 5110
0.0122667 5110
0.0122907 5110
0.0123147 5110
0.0123388 5110
0.0123628 5110
0.0138768 5110
0.0139008 5110
0.0139249 5110
0.0139609 5110
0.013985 5110
0.014009 5110
0.0157032 5110
0.0157032 5110
0.0157032 10156
0.0157273 10156
0.0157513 10156
0.0157874 10156
0.0158114 10156
0.0158354 10156
0.0176498 10156
0.0176498 10156
0.0176498 10731
0.0176739 10731
0.0176979 10731
0.0177099 10731
0.017746 10731
0.01777 10731
0.017806 10731
0.0198488 10731
0.0198488 10731
0.0198488 11055
0.0198728 11055
0.0198968 11055
0.0199209 11055
0.0199569 11055
0.0199809 11055
0.020005 11055
0.020029 11055
0.0221919 11055
0.0221919 11055
0.0221919 11151
0.0222399 11151
0.022264 11151
0.0223 11151
0.022312 11151
0.0223241 11151
0.0223481 11151
0.0223721 11151
0.024535 11151
0.024535 11151
0.024535 10629
0.0246071 10629
0.0246431 10629
0.0246552 10629
0.0246672 10629
0.0246792 10629
0.0246912 10629
0.0247152 10629
0.0268661 10629
0.0268661 10629
0.0268661 9981
0.0269743 9981
0.0269863 9981
0.0269983 9981
0.0270103 9981
0.0270223 9981
0.0270343 9981
0.0270463 9981
0.0291131 9981
0.0291131 9981
0.0291131 9286
0.0292092 9286
0.0292212 9286
0.0292333 9286
0.0292453 9286
0.0292573 9286
0.0292693 9286
0.0311799 9286
0.0311799 9286
0.0311799 8450
0.031288 8450
0.0313 8450
0.031312 8450
0.031324 8450
0.0313361 8450
0.0313601 8450
0.0331264 8450
0.0331264 8450
0.0331264 7550
0.0332226 7550
0.0332346 7550
0.0332466 7550
0.0332586 7550
0.0332827 7550
0.0348928 7550
0.0350009 7550
0.035013 7550
0.035025 7550
0.035049 7550
0.035061 7550
0.0368154 7550
0.0368154 7550
0.0368154 7824
0.0369355 7824
0.0369595 7824
0.0369716 7824
0.0369956 7824
0.0370076 7824
0.0370316 7824
0.0386178 7824
0.0387499 7824
0.038774 7824
0.038786 7824
0.038798 7824
0.03881 7824
0.040312 7824
0.0404562 7824
0.0404923 7824
0.0405043 7824
0.0405163 7824
0.0405283 7824
0.0405523 7824
0.0422826 7824
0.0422826 7824
0.0422826 9338
0.0424388 9338
0.0424869 9338
0.0424989 9338
0.0425109 9338
0.042523 9338
0.042547 9338
0.042559 9338
0.0440971 9338
0.0442653 9338
0.0442773 9338
0.0442893 9338
0.0443013 9338
0.0443133 9338
0.0443254 9338
0.0457793 9338
0.0459836 9338
0.0459956 9338
0.0460076 9338
0.0460196 9338
0.0460316 9338
0.0460436 9338
0.0460677 9338
0.0477139 9338
0.0477139 9338
0.0477139 10688
0.0479542 10688
0.0479662 10688
0.0479782 10688
0.0479902 10688
0.0480023 10688
0.0480143 10688
0.0480383 10688
0.0480503 10688
0.0495283 10688
0.0497566 10688
0.0497686 10688
0.0497806 10688
0.0497926 10688
0.0498167 10688
0.0498287 10688
0.0498407 10688
0.0511625 10688
0.0514148 10688
0.0514388 10688
0.0514508 10688
0.0514629 10688
0.0514749 10688
0.0514869 10688
0.0514989 10688
0.0515229 10688
0.053061 10688
0.053061 10688
0.053061 11869
0.0533374 11869
0.0533734 11869
0.0533854 11869
0.0533974 11869
0.0534095 11869
0.0534215 11869
0.0534335 11869
0.0534575 11869
0.0534695 11869
0.0548994 11869
0.0551878 11869
0.0551998 11869
0.0552119 11869
0.0552239 11869
0.0552359 11869
0.0552599 11869
0.0552599 11869
0.0552599 11204
0.0552719 11204
0.0552839 11204
0.0565697 11204
0.056834 11204
0.056858 11204
0.0568701 11204
0.0568821 11204
0.0568941 11204
0.0569181 11204
0.0583721 11204
0.0583721 11204
0.0583721 10260
0.0583961 10260
0.0586725 10260
0.0587085 10260
0.0587205 10260
0.0587325 10260
0.0587446 10260
0.0587686 10260
0.0602466 10260
0.0602466 10260
0.0602466 9127
0.0604989 9127
0.060547 9127
0.060559 9127
0.060571 9127
0.060583 9127
0.060607 9127
0.0619648 9127
0.0622292 9127
0.0622412 9127
0.0622532 9127
0.0622652 9127
0.0622893 9127
0.0623013 9127
0.0637793 9127
0.0637793 9127
0.0637793 9406
0.0640797 9406
0.0641037 9406
0.0641157 9406
0.0641277 9406
0.0641518 9406
0.0641638 9406
0.0641878 9406
0.0656898 9406
0.0656898 9406
0.0656898 8539
0.0659662 8539
0.0659782 8539
0.0660022 8539
0.0660142 8539
0.0660263 8539
0.0660383 8539
0.0673841 8539
0.0676244 8539
0.0676484 8539
0.0676724 8539
0.0676845 8539
0.0676965 8539
0.0692345 8539
0.0692345 8539
0.0692345 9059
0.0694989 9059
0.0695349 9059
0.0695469 9059
0.069571 9059
0.069583 9059
0.069595 9059
0.071085 9059
0.0713373 9059
0.0713493 9059
0.0713614 9059
0.0713734 9059
0.0713854 9059
0.0714094 9059
0.0727672 9059
0.0729955 9059
0.0730075 9059
0.0730196 9059
0.0730316 9059
0.0730436 9059
0.0730676 9059
0.0730917 9059
0.0746658 9059
0.0746658 9059
0.0746658 10721
0.0749181 10721
0.0749301 10721
0.0749421 10721
0.0749541 10721
0.0749662 10721
0.0749902 10721
0.0750142 10721
0.0764802 10721
0.0767565 10721
0.0767686 10721
0.0767806 10721
0.0767926 10721
0.0768046 10721
0.0768166 10721
0.0768286 10721
0.0781985 10721
0.0784508 10721
0.0784628 10721
0.0784748 10721
0.0784868 10721
0.0784989 10721
0.0785109 10721
0.0785229 10721
0.0785469 10721
0.080097 10721
0.080097 10721
0.080097 12121
0.0804094 12121
0.0804214 12121
0.0804334 12121
0.0804455 12121
0.0804575 12121
0.0804695 12121
0.0804815 12121
0.0805055 12121
0.0805175 12121
0.0819475 12121
0.0822238 12121
0.0822358 12121
0.0822479 12121
0.0822599 12121
0.0822719 12121
0.0822839 12121
0.0822959 12121
0.0823079 12121
0.0836417 12121
0.0839301 12121
0.0839421 12121
0.0839541 12121
0.0839661 12121
0.0839782 12121
0.0839902 12121
0.0840022 12121
0.0840142 12121
0.0840382 12121
0.0855763 12121
0.0855763 12121
0.0855763 13499
0.0859127 13499
0.0859247 13499
0.0859368 13499
0.0859488 13499
0.0859608 13499
0.0859728 13499
0.0859848 13499
0.0859968 13499
0.0860209 13499
0.0860329 13499
0.0873907 13499
0.0877151 13499
0.0877271 13499
0.0877392 13499
0.0877512 13499
0.0877632 13499
0.0877752 13499
0.0877872 13499
0.0877992 13499
0.0878113 13499
0.089085 13499
0.0894454 13499
0.0894695 13499
0.0894815 13499
0.0894935 13499
0.0895055 13499
0.0895175 13499
0.0895295 13499
0.0895295 13499
0.0895295 14265
0.0895416 14265
0.0895536 14265
0.0895776 14265
0.0910676 14265
0.0914641 14265
0.0914882 14265
0.0915002 14265
0.0915122 14265
0.0915242 14265
0.0915362 14265
0.0915482 14265
0.0915482 14265
0.0915482 12678
0.0915723 12678
0.0915963 12678
0.092858 12678
0.0932185 12678
0.0932545 12678
0.0932665 12678
0.0932785 12678
0.0932906 12678
0.0933026 12678
0.0933146 12678
0.0946123 12678
0.0946123 12678
0.0946123 11526
0.0946363 11526
0.0950088 11526
0.0950449 11526
0.0950689 11526
0.0950809 11526
0.095093 11526
0.095105 11526
0.095117 11526
0.096631 11526
0.096631 11526
0.096631 10378
0.0968833 10378
0.0969194 10378
0.0969554 10378
0.0969675 10378
0.0969795 10378
0.0969915 10378
0.0970035 10378
0.0983974 10378
0.0985896 10378
0.0986377 10378
0.0986497 10378
0.0986617 10378
0.0986737 10378
0.0986857 10378
0.0987098 10378
0.100236 10378
0.100236 10378
0.100236 10318
0.100464 10318
0.100512 10318
0.100536 10318
0.100548 10318
0.10056 10318
0.100572 10318
0.100596 10318
0.101978 10318
0.102218 10318
0.102242 10318
0.102254 10318
0.102267 10318
0.102279 10318
0.102303 10318
0.102327 10318
0.103853 10318
0.103853 10318
0.103853 10183
0.104129 10183
0.104165 10183
0.104177 10183
0.104189 10183
0.104201 10183
0.104225 10183
0.104261 10183
0.105655 10183
0.105943 10183
0.105955 10183
0.105967 10183
0.105979 10183
0.106003 10183
0.106016 10183
0.107337 10183
0.107361 10183
0.107626 10183
0.10765 10183
0.107662 10183
0.107674 10183
0.107698 10183
0.107722 10183
0.109224 10183
0.109224 10183
0.109224 11158
0.10926 11158
0.109548 11158
0.109572 11158
0.109596 11158
0.109608 11158
0.10962 11158
0.109644 11158
0.109668 11158
0.111038 11158
0.111339 11158
0.111363 11158
0.111375 11158
0.111387 11158
0.111399 11158
0.111423 11158
0.111435 11158
0.112744 11158
0.113033 11158
0.113069 11158
0.113081 11158
0.113093 11158
0.113105 11158
0.113129 11158
0.113141 11158
0.113153 11158
0.114679 11158
0.114679 11158
0.114679 12205
0.114991 12205
0.11504 12205
0.115052 12205
0.115064 12205
0.115076 12205
0.1151 12205
0.115112 12205
0.115124 12205
0.115136 12205
0.116469 12205
0.11683 12205
0.116842 12205
0.116854 12205
0.116866 12205
0.116878 12205
0.11689 12205
0.116902 12205
0.116926 12205
0.118164 12205
0.11856 12205
0.118584 12205
0.118596 12205
0.118608 12205
0.11862 12205
0.118632 12205
0.118644 12205
0.118656 12205
0.118668 12205
0.120098 12205
0.120098 12205
0.120098 13169
0.120531 13169
0.120555 13169
0.120579 13169
0.120591 13169
0.120603 13169
0.120615 13169
0.120627 13169
0.120639 13169
0.120651 13169
0.120675 13169
0.121901 13169
0.122333 13169
0.122357 13169
0.122369 13169
0.122381 13169
0.122393 13169
0.122405 13169
0.122417 13169
0.122441 13169
0.122465 13169
0.123607 13169
0.124015 13169
0.12404 13169
0.124052 13169
0.124064 13169
0.124076 13169
0.124088 13169
0.1241 13169
0.124124 13169
0.124148 13169
0.124172 13169
0.125505 13169
0.125505 13169
0.125505 14311
0.125974 14311
0.125998 14311
0.12601 14311
0.126022 14311
0.126034 14311
0.126046 14311
0.126058 14311
0.126082 14311
0.126106 14311
0.12613 14311
0.127296 14311
0.127788 14311
0.127801 14311
0.127813 14311
0.127825 14311
0.127837 14311
0.127849 14311
0.127873 14311
0.127885 14311
0.127897 14311
0.129026 14311
0.129519 14311
0.129543 14311
0.129555 14311
0.129567 14311
0.129579 14311
0.129591 14311
0.129615 14311
0.129627 14311
0.129639 14311
0.129651 14311
0.130961 14311
0.130961 14311
0.130961 15040
0.131513 15040
0.13155 15040
0.131562 15040
0.131574 15040
0.131586 15040
0.131598 15040
0.131622 15040
0.131634 15040
0.131646 15040
0.131658 15040
0.13167 15040
0.132763 15040
0.13334 15040
0.133352 15040
0.133364 15040
0.133376 15040
0.1334 15040
0.133412 15040
0.133424 15040
0.133436 15040
0.133448 15040
0.133472 15040
0.134469 15040
0.135034 15040
0.135058 15040
0.13507 15040
0.135082 15040
0.135106 15040
0.135118 15040
0.13513 15040
0.135142 15040
0.135154 15040
0.135178 15040
0.13519 15040
0.136368 15040
0.136368 15040
0.136368 15910
0.137005 15910
0.137029 15910
0.137041 15910
0.137053 15910
0.137077 15910
0.137089 15910
0.137101 15910
0.137113 15910
0.137125 15910
0.137149 15910
0.137161 15910
0.137173 15910
0.138194 15910
0.138795 15910
0.138807 15910
0.138819 15910
0.138831 15910
0.138843 15910
0.138855 15910
0.138867 15910
0.138891 15910
0.138903 15910
0.138915 15910
0.139925 15910
0.139949 15910
0.140525 15910
0.140537 15910
0.140549 15910
0.140562 15910
0.140574 15910
0.140586 15910
0.140598 15910
0.14061 15910
0.140622 15910
0.140634 15910
0.141787 15910
0.141787 15910
0.141787 16635
0.141811 16635
0.142472 16635
0.142496 16635
0.142508 16635
0.14252 16635
0.142532 16635
0.142544 16635
0.142556 16635
0.142568 16635
0.14258 16635
0.142592 16635
0.142616 16635
0.143638 16635
0.144286 16635
0.144298 16635
0.14431 16635
0.144323 16635
0.144335 16635
0.144347 16635
0.144359 16635
0.144371 16635
0.144383 16635
0.144407 16635
0.144419 16635
0.145368 16635
0.145993 16635
0.146017 16635
0.146029 16635
0.146041 16635
0.146053 16635
0.146065 16635
0.146077 16635
0.146089 16635
0.146101 16635
0.146125 16635
0.146149 16635
0.146161 16635
0.147194 16635
0.147194 16635
0.147194 17278
0.147915 17278
0.147951 17278
0.147963 17278
0.147975 17278
0.147987 17278
0.147999 17278
0.148011 17278
0.148023 17278
0.148035 17278
0.148059 17278
0.148072 17278
0.148096 17278
0.14812 17278
0.149129 17278
0.149129 17278
0.149129 15526
0.149826 15526
0.149838 15526
0.14985 15526
0.149862 15526
0.149874 15526
0.149886 15526
0.149898 15526
0.149922 15526
0.149934 15526
0.149946 15526
0.14997 15526
0.150871 15526
0.151496 15526
0.151508 15526
0.15152 15526
0.151532 15526
0.151544 15526
0.151568 15526
0.15158 15526
0.151592 15526
0.151604 15526
0.151616 15526
0.152638 15526
0.152638 15526
0.152638 14698
0.153359 14698
0.153383 14698
0.153395 14698
0.153407 14698
0.153419 14698
0.153443 14698
0.153455 14698
0.153467 14698
0.153479 14698
0.153491 14698
0.153503 14698
0.154572 14698
0.154572 14698
0.154572 12743
0.155221 12743
0.155233 12743
0.155245 12743
0.155269 12743
0.155281 12743
0.155293 12743
0.155305 12743
0.155317 12743
0.155329 12743
0.155353 12743
0.156326 12743
0.156891 12743
0.156915 12743
0.156927 12743
0.156939 12743
0.156951 12743
0.156963 12743
0.156975 12743
0.156999 12743
0.158081 12743
0.158694 12743
0.158694 12743
0.158694 12699
0.158718 12699
0.15873 12699
0.158742 12699
0.158754 12699
0.158766 12699
0.158778 12699
0.15879 12699
0.158814 12699
0.160112 12699
0.160628 12699
0.160628 12699
0.160628 11135
0.160652 11135
0.160664 11135
0.160676 11135
0.160688 11135
0.1607 11135
0.160724 11135
0.160736 11135
0.161902 11135
0.16231 11135
0.162334 11135
0.162347 11135
0.162359 11135
0.162383 11135
0.162395 11135
0.162407 11135
0.163752 11135
0.163752 11135
0.163752 10833
0.164221 10833
0.164245 10833
0.164257 10833
0.164269 10833
0.164293 10833
0.164305 10833
0.164317 10833
0.164329 10833
0.165555 10833
0.165555 10833
0.165555 9529
0.166047 9529
0.166059 9529
0.166083 9529
0.166096 9529
0.166108 9529
0.16612 9529
0.166132 9529
0.167201 9529
0.167706 9529
0.167718 9529
0.16773 9529
0.167742 9529
0.167754 9529
0.167778 9529
0.168967 9529
0.168967 9529
0.168967 9760
0.169568 9760
0.169592 9760
0.169604 9760
0.169616 9760
0.169628 9760
0.169652 9760
0.169664 9760
0.170866 9760
0.170866 9760
0.170866 8696
0.171431 8696
0.171443 8696
0.171455 8696
0.171479 8696
0.171491 8696
0.171503 8696
0.172608 8696
0.173101 8696
0.173113 8696
0.173137 8696
0.173161 8696
0.173173 8696
0.174375 8696
0.174375 8696
0.174375 9088
0.174399 9088
0.174999 9088
0.175011 9088
0.175035 9088
0.175059 9088
0.175083 9088
0.176321 9088
0.176321 9088
0.176321 8273
0.176838 8273
0.17685 8273
0.176862 8273
0.176874 8273
0.176898 8273
0.176922 8273
0.178087 8273
0.17858 8273
0.178592 8273
0.178604 8273
0.178616 8273
0.178628 8273
0.179806 8273
0.180395 8273
0.180395 8273
0.180395 8703
0.180407 8703
0.180419 8703
0.180431 8703
0.180443 8703
0.180467 8703
0.181812 8703
0.182293 8703
0.182293 8703
0.182293 7777
0.182305 7777
0.182317 7777
0.182329 7777
0.182341 7777
0.183579 7777
0.183975 7777
0.183987 7777
0.183999 7777
0.184011 7777
0.184023 7777
0.185333 7777
0.185754 7777
0.185754 7777
0.185754 8014
0.185766 8014
0.185778 8014
0.18579 8014
0.185802 8014
0.187316 8014
0.18734 8014
0.1877 8014
0.1877 8014
0.1877 7196
0.187712 7196
0.187724 7196
0.187736 7196
0.18913 7196
0.189154 7196
0.189491 7196
0.189503 7196
0.189515 7196
0.190764 7196
0.190788 7196
0.191209 7196
0.191233 7196
0.191245 7196
0.191269 7196
0.192651 7196
0.192651 7196
0.192651 8210
0.192675 8210
0.19318 8210
0.193216 8210
0.193228 8210
0.193252 8210
0.193264 8210
0.194441 8210
0.194982 8210
0.194994 8210
0.195018 8210
0.19503 8210
0.195042 8210
0.196136 8210
0.19676 8210
0.19676 8210
0.19676 8590
0.196772 8590
0.196796 8590
0.196808 8590
0.19682 8590
0.196832 8590
0.198082 8590
0.198731 8590
0.198731 8590
0.198731 7693
0.198743 7693
0.198755 7693
0.198767 7693
0.198779 7693
0.19986 7693
0.200461 7693
0.200473 7693
0.200485 7693
0.200497 7693
0.201543 7693
0.201579 7693
0.202228 7693
0.202228 7693
0.202228 7927
0.20224 7927
0.202252 7927
0.202264 7927
0.203501 7927
0.203549 7927
0.203573 7927
0.20421 7927
0.20421 7927
0.20421 7108
0.204222 7108
0.205268 7108
0.205292 7108
0.205328 7108
0.20534 7108
0.205989 7108
0.207058 7108
0.207094 7108
0.20713 7108
0.207142 7108
0.207827 7108
0.207827 7108
0.207827 7483
0.209041 7483
0.209065 7483
0.209101 7483
0.209137 7483
0.209149 7483
0.209738 7483
0.209738 7483
0.209738 6695
0.210855 6695
0.210891 6695
0.210939 6695
0.210951 6695
0.210975 6695
0.211456 6695
0.212609 6695
0.21267 6695
0.212682 6695
0.212706 6695
0.213258 6695
0.213258 6695
0.213258 7420
0.214628 7420
0.214688 7420
0.214712 7420
0.214736 7420
0.214748 7420
0.215193 7420
0.215193 7420
0.215193 6794
0.216527 6794
0.216551 6794
0.216575 6794
0.216587 6794
0.216971 6794
0.218257 6794
0.218281 6794
0.218305 6794
0.218317 6794
0.218762 6794
0.218762 6794
0.218762 7416
0.2203 7416
0.220324 7416
0.220348 7416
0.22036 7416
0.220384 7416
0.220756 7416
0.220756 7416
0.220756 6896
0.222198 6896
0.22221 6896
0.222222 6896
0.222246 6896
0.222583 6896
0.223941 6896
0.223953 6896
0.223965 6896
0.223977 6896
0.224337 6896
0.224337 6896
0.224337 7248
0.225923 7248
0.225947 7248
0.225959 7248
0.225971 7248
0.225995 7248
0.226356 7248
0.226356 7248
0.226356 6595
0.227762 6595
0.227774 6595
0.227786 6595
0.227798 6595
0.22817 6595
0.229444 6595
0.229456 6595
0.229468 6595
0.229492 6595
0.229876 6595
0.231342 6595
0.231342 6595
0.231342 7085
0.231354 7085
0.231366 7085
0.23139 7085
0.231402 7085
0.231871 7085
0.233145 7085
0.233157 7085
0.233169 7085
0.233181 7085
0.233613 7085
0.234899 7085
0.234923 7085
0.234935 7085
0.234947 7085
0.234959 7085
0.235356 7085
0.235356 7085
0.235356 8301
0.23687 8301
0.236894 8301
0.236918 8301
0.23693 8301
0.236942 8301
0.236966 8301
0.237386 8301
0.237386 8301
0.237386 7406
0.238684 7406
0.238708 7406
0.23872 7406
0.238732 7406
0.238744 7406
0.239189 7406
0.240475 7406
0.240487 7406
0.240499 7406
0.240511 7406
0.240919 7406
0.240919 7406
0.240919 7544
0.240943 7544
0.242481 7544
0.242493 7544
0.242505 7544
0.242517 7544
0.242926 7544
0.242926 7544
0.242926 6624
0.24426 6624
0.244284 6624
0.244296 6624
0.244308 6624
0.244332 6624
0.24474 6624
0.246002 6624
0.246014 6624
0.246026 6624
0.246038 6624
0.246434 6624
0.247936 6624
0.247936 6624
0.247936 7157
0.247961 7157
0.247973 7157
0.247985 7157
0.248009 7157
0.248453 7157
0.249775 7157
0.249775 7157
0.249775 6282
0.249799 6282
0.249811 6282
0.249823 6282
0.250256 6282
0.251469 6282
0.251505 6282
0.251517 6282
0.251914 6282
0.251938 6282
0.253356 6282
0.253356 6282
0.253356 6622
0.253392 6622
0.253416 6622
0.253872 6622
0.253908 6622
0.253932 6622
0.255182 6622
0.255182 6622
0.255182 5975
0.255675 5975
0.255699 5975
0.255711 5975
0.255735 5975
0.2569 5975
0.257393 5975
0.257405 5975
0.257429 5975
0.258691 5975
0.258691 5975
0.258691 6354
0.258727 6354
0.259292 6354
0.259316 6354
0.25934 6354
0.260673 6354
0.260673 6354
0.260673 5624
0.261178 5624
0.261214 5624
0.261238 5624
0.26125 5624
0.262464 5624
0.262884 5624
0.262896 5624
0.262908 5624
0.264146 5624
0.26417 5624
0.264675 5624
0.264675 5624
0.264675 6496
0.264699 6496
0.264711 6496
0.266165 6496
0.266189 6496
0.266597 6496
0.266597 6496
0.266597 5712
0.266621 5712
0.267955 5712
0.267979 5712
0.267991 5712
0.268328 5712
0.269613 5712
0.269637 5712
0.269649 5712
0.270046 5712
0.270046 5712
0.270046 6222
0.27007 6222
0.271596 6222
0.27162 6222
0.271632 6222
0.272089 6222
0.272089 6222
0.272089 5604
0.273374 5604
0.273398 5604
0.27341 5604
0.273434 5604
0.273891 5604
0.275129 5604
0.275141 5604
0.275165 5604
0.275669 5604
0.275669 5604
0.275669 6092
0.277135 6092
0.277147 6092
0.277171 6092
0.277183 6092
0.277664 6092
0.277664 6092
0.277664 5410
0.278974 5410
0.278998 5410
0.27901 5410
0.279034 5410
0.27943 5410
0.280596 5410
0.280608 5410
0.280632 5410
0.281113 5410
0.282507 5410
0.282507 5410
0.282507 6323
0.282519 6323
0.282543 6323
0.282555 6323
0.283119 6323
0.284333 6323
0.284369 6323
0.284381 6323
0.284898 6323
0.284898 6323
0.284898 6347
0.28491 6347
0.286063 6347
0.286111 6347
0.286123 6347
0.286592 6347
0.287914 6347
0.287914 6347
0.287914 6123
0.28795 6123
0.287974 6123
0.287998 6123
0.288539 6123
0.289776 6123
0.289776 6123
0.289776 5666
0.289836 5666
0.28986 5666
0.290365 5666
0.290377 5666
0.291531 5666
0.291615 5666
0.292083 5666
0.292095 5666
0.293249 5666
0.293249 5666
0.293249 6188
0.293273 6188
0.293357 6188
0.293934 6188
0.293946 6188
0.295207 6188
0.295207 6188
0.295207 5568
0.295304 5568
0.295772 5568
0.295784 5568
0.295808 5568
0.29701 5568
0.297539 5568
0.297551 5568
0.297575 5568
0.298764 5568
0.299281 5568
0.299281 5568
0.299281 6392
0.299293 6392
0.299305 6392
0.299317 6392
0.300675 6392
0.301276 6392
0.301276 6392
0.301276 5686
0.301288 5686
0.3013 5686
0.301324 5686
0.302477 5686
0.30309 5686
0.303102 5686
0.303126 5686
0.304123 5686
0.304736 5686
0.30476 5686
0.304784 5686
0.304796 5686
0.306022 5686
0.306022 5686
0.306022 7042
0.306695 7042
0.306719 7042
0.306755 7042
0.306767 7042
0.306791 7042
0.3078 7042
0.308485 7042
0.308521 7042
0.308533 7042
0.308557 7042
0.309579 7042
0.309579 7042
0.309579 7387
0.310336 7387
0.31036 7387
0.310384 7387
0.310396 7387
0.31042 7387
0.311525 7387
0.311525 7387
0.311525 6586
0.312186 6586
0.31221 6586
0.312222 6586
0.312234 6586
0.313255 6586
0.313832 6586
0.313844 6586
0.313856 6586
0.31388 6586
0.315034 6586
0.315034 6586
0.315034 6922
0.315695 6922
0.315707 6922
0.315719 6922
0.315743 6922
0.315755 6922
0.317065 6922
0.317065 6922
0.317065 6261
0.317605 6261
0.317617 6261
0.317629 6261
0.317641 6261
0.318855 6261
0.319312 6261
0.319324 6261
0.319336 6261
0.31936 6261
0.320609 6261
0.320609 6261
0.320609 6624
0.321162 6624
0.321174 6624
0.321186 6624
0.32121 6624
0.321234 6624
0.322568 6624
0.322568 6624
0.322568 5864
0.323036 5864
0.323061 5864
0.323073 5864
0.323097 5864
0.324334 5864
0.324779 5864
0.324791 5864
0.324803 5864
0.326077 5864
0.326077 5864
0.326077 6072
0.326101 6072
0.326593 6072
0.326617 6072
0.326629 6072
0.328095 6072
0.328095 6072
0.328095 5287
0.328528 5287
0.32854 5287
0.328552 5287
0.328576 5287
0.329934 5287
0.330318 5287
0.33033 5287
0.330342 5287
0.331568 5287
0.332036 5287
0.332036 5287
0.332036 5908
0.332048 5908
0.33206 5908
0.332085 5908
0.333526 5908
0.334019 5908
0.334019 5908
0.334019 5190
0.334031 5190
0.334055 5190
0.335305 5190
0.335785 5190
0.335809 5190
0.335822 5190
0.337095 5190
0.337095 5190
0.337095 5366
0.337624 5366
0.337648 5366
0.33766 5366
0.339066 5366
0.339066 5366
0.339066 4644
0.33951 4644
0.339522 4644
0.339546 4644
0.340784 4644
0.341205 4644
0.341229 4644
0.341253 4644
0.342574 4644
0.342574 4644
0.342574 5272
0.343055 5272
0.343079 5272
0.343103 5272
0.344557 5272
0.344557 5272
0.344557 4631
0.345002 4631
0.345014 4631
0.345026 4631
0.346348 4631
0.346756 4631
0.346768 4631
0.34678 4631
0.348018 4631
0.348498 4631
0.348498 4631
0.348498 5467
0.34851 5467
0.348522 5467
0.350024 5467
0.350048 5467
0.350517 5467
0.350517 5467
0.350517 4936
0.350529 4936
0.351803 4936
0.351827 4936
0.352295 4936
0.353581 4936
0.353581 4936
0.353581 4756
0.353617 4756
0.353641 4756
0.354146 4756
0.35548 4756
0.35548 4756
0.35548 4355
0.355516 4355
0.355984 4355
0.356008 4355
0.357186 4355
0.357655 4355
0.357691 4355
0.359024 4355
0.359024 4355
0.359024 5040
0.359048 5040
0.359577 5040
0.359625 5040
0.360983 5040
0.360983 5040
0.360983 4512
0.361488 4512
0.361512 4512
0.361536 4512
0.362713 4512
0.363182 4512
0.363206 4512
0.36448 4512
0.36448 4512
0.36448 4983
0.364504 4983
0.365008 4983
0.365044 4983
0.366414 4983
0.366414 4983
0.366414 4447
0.366919 4447
0.366955 4447
0.366979 4447
0.368193 4447
0.368673 4447
0.368697 4447
0.369863 4447
0.369887 4447
0.370476 4447
0.370476 4447
0.370476 5475
0.3705 5475
0.371882 5475
0.371906 5475
0.37193 5475
0.37241 5475
0.37241 5475
0.37241 4936
0.373672 4936
0.373696 4936
0.37372 4936
0.374189 4936
0.375366 4936
0.37539 4936
0.375414 4936
0.375943 4936
0.375943 4936
0.375943 5628
0.377361 5628
0.377385 5628
0.377409 5628
0.377433 5628
0.377926 5628
0.377926 5628
0.377926 5238
0.379163 5238
0.379199 5238
0.379211 5238
0.379668 5238
0.380942 5238
0.380942 5238
0.380942 5203
0.380966 5203
0.380978 5203
0.381506 5203
0.382924 5203
0.382924 5203
0.382924 4753
0.382948 4753
0.382972 4753
0.383417 4753
0.384667 4753
0.384703 4753
0.385111 4753
0.385123 4753
0.386397 4753
0.386433 4753
0.386433 4753
0.386433 5785
0.386938 5785
0.38695 5785
0.386974 5785
0.38844 5785
0.388476 5785
0.388476 5785
0.388476 5354
0.388884 5354
0.388908 5354
0.390242 5354
0.390278 5354
0.390638 5354
0.390663 5354
0.391924 5354
0.391972 5354
0.392369 5354
0.392369 5354
0.392369 6033
0.392405 6033
0.392441 6033
0.393931 6033
0.393991 6033
0.394375 6033
0.394375 6033
0.394375 5426
0.394412 5426
0.395709 5426
0.395769 5426
0.395793 5426
0.396166 5426
0.397367 5426
0.397452 5426
0.397464 5426
0.397896 5426
0.397896 5426
0.397896 6063
0.399338 6063
0.399374 6063
0.39947 6063
0.399482 6063
0.399903 6063
0.399903 6063
0.399903 5439
0.401189 5439
0.401285 5439
0.401297 5439
0.401309 5439
0.401681 5439
0.402955 5439
0.402967 5439
0.402979 5439
0.403387 5439
0.403387 5439
0.403387 6187
0.404901 6187
0.404926 6187
0.404938 6187
0.404962 6187
0.405394 6187
0.405394 6187
0.405394 5606
0.406716 5606
0.406728 5606
0.406752 5606
0.406764 5606
0.407197 5606
0.408398 5606
0.408422 5606
0.408434 5606
0.408903 5606
0.408927 5606
0.410345 5606
0.410345 5606
0.410345 6559
0.410381 6559
0.410393 6559
0.410958 6559
0.410982 6559
0.412147 6559
0.412183 6559
0.412736 6559
0.41276 6559
0.412772 6559
0.413805 6559
0.413865 6559
0.414454 6559
0.414454 6559
0.414454 7286
0.41449 7286
0.414514 7286
0.414538 7286
0.415692 7286
0.415764 7286
0.416449 7286
0.416449 7286
0.416449 6512
0.416485 6512
0.416509 6512
0.417542 6512
0.417614 6512
0.418263 6512
0.418299 6512
0.419164 6512
0.419189 6512
0.419261 6512
0.419934 6512
0.41997 6512
0.420967 6512
0.420967 6512
0.420967 7276
0.420991 7276
0.421015 7276
0.421087 7276
0.421928 7276
0.421988 7276
0.422962 7276
0.422962 7276
0.422962 6571
0.422974 6571
0.423046 6571
0.423731 6571
0.423791 6571
0.424752 6571
0.4248 6571
0.425449 6571
0.425461 6571
0.425497 6571
0.426518 6571
0.426518 6571
0.426518 6846
0.426566 6846
0.427371 6846
0.427383 6846
0.427407 6846
0.427431 6846
0.428513 6846
0.428513 6846
0.428513 6158
0.429186 6158
0.429198 6158
0.429222 6158
0.429234 6158
0.430291 6158
0.43094 6158
0.430964 6158
0.430976 6158
0.431 6158
0.432154 6158
0.432154 6158
0.432154 6823
0.432851 6823
0.432875 6823
0.432887 6823
0.432911 6823
0.432935 6823
0.433992 6823
0.434653 6823
0.434665 6823
0.434689 6823
0.434713 6823
0.435698 6823
0.436383 6823
0.436407 6823
0.436431 6823
0.436443 6823
0.436468 6823
0.436468 6823
0.436468 8240
0.437657 8240
0.438438 8240
0.438462 8240
0.438486 8240
0.438498 8240
0.438522 8240
0.438534 8240
0.438534 8240
0.438534 7424
0.440313 7424
0.440337 7424
0.440349 7424
0.440361 7424
0.440385 7424
0.440397 7424
0.442007 7424
0.442019 7424
0.442031 7424
0.442055 7424
0.442067 7424
0.442091 7424
0.443978 7424
0.443978 7424
0.443978 8246
0.44399 8246
0.444002 8246
0.444026 8246
0.444038 8246
0.444062 8246
0.444086 8246
0.445804 8246
0.445828 8246
0.44584 8246
0.445864 8246
0.445876 8246
0.4459 8246
0.447462 8246
0.447474 8246
0.447486 8246
0.44751 8246
0.447522 8246
0.447534 8246
0.447558 8246
0.449397 8246
0.449397 8246
0.449397 9838
0.449421 9838
0.449433 9838
0.449457 9838
0.449469 9838
0.449481 9838
0.449505 9838
0.449517 9838
0.451139 9838
0.451163 9838
0.451175 9838
0.451187 9838
0.451199 9838
0.451223 9838
0.451235 9838
0.452905 9838
0.452905 9838
0.452905 9920
0.452941 9920
0.452953 9920
0.452965 9920
0.452978 9920
0.453002 9920
0.453014 9920
0.453026 9920
0.454888 9920
0.454888 9920
0.454888 8836
0.454924 8836
0.454936 8836
0.454948 8836
0.454972 8836
0.454984 8836
0.454996 8836
0.45663 8836
0.456654 8836
0.456666 8836
0.45669 8836
0.456702 8836
0.456714 8836
0.458385 8836
0.458385 8836
0.458385 8862
0.458409 8862
0.458421 8862
0.458433 8862
0.458457 8862
0.458469 8862
0.458481 8862
0.460439 8862
0.460439 8862
0.460439 7864
0.460451 7864
0.460463 7864
0.460488 7864
0.4605 7864
0.460512 7864
0.462254 7864
0.462266 7864
0.46229 7864
0.462302 7864
0.462314 7864
0.462338 7864
0.463948 7864
0.46396 7864
0.463984 7864
0.463996 7864
0.464008 7864
0.464032 7864
0.464032 7864
0.464032 8816
0.464056 8816
0.465979 8816
0.465991 8816
0.466015 8816
0.466027 8816
0.466039 8816
0.466063 8816
0.466063 8816
0.466063 7710
0.467757 7710
0.467769 7710
0.467793 7710
0.467805 7710
0.467817 7710
0.467841 7710
0.469584 7710
0.469584 7710
0.469584 7124
0.469608 7124
0.46962 7124
0.469632 7124
0.469656 7124
0.469668 7124
0.471386 7124
0.471386 7124
0.471386 6451
0.471422 6451
0.471434 6451
0.471458 6451
0.47147 6451
0.47302 6451
0.473056 6451
0.473068 6451
0.47308 6451
0.473104 6451
0.474919 6451
0.474919 6451
0.474919 6812
0.474955 6812
0.474967 6812
0.474979 6812
0.475003 6812
0.475027 6812
0.476745 6812
0.476745 6812
0.476745 6105
0.476781 6105
0.476793 6105
0.476817 6105
0.476841 6105
0.478439 6105
0.478475 6105
0.478487 6105
0.478512 6105
0.478536 6105
0.48029 6105
0.48029 6105
0.48029 6489
0.480338 6489
0.48035 6489
0.480374 6489
0.48041 6489
0.482116 6489
0.482116 6489
0.482116 5673
0.482152 5673
0.482164 5673
0.482188 5673
0.482212 5673
0.483847 5673
0.483871 5673
0.483895 5673
0.483907 5673
0.485697 5673
0.485697 5673
0.485697 6048
0.485721 6048
0.485733 6048
0.485757 6048
0.485781 6048
0.487572 6048
0.487572 6048
0.487572 5325
0.487596 5325
0.487608 5325
0.487632 5325
0.487656 5325
0.489314 5325
0.489338 5325
0.48935 5325
0.489374 5325
0.491068 5325
0.491068 5325
0.491068 5792
0.491092 5792
0.491104 5792
0.491128 5792
0.49114 5792
0.493063 5792
0.493063 5792
0.493063 5112
0.493087 5112
0.493111 5112
0.493123 5112
0.494829 5112
0.494877 5112
0.494889 5112
0.494901 5112
0.49668 5112
0.49668 5112
0.49668 5437
0.49674 5437
0.496752 5437
0.496764 5437
0.496788 5437
0.49847 5437
0.498518 5437
0.498518 5437
0.498518 5151
0.49853 5151
0.498554 5151
0.50026 5151
0.500321 5151
0.500321 5151
0.500321 4492
0.500357 4492
0.500381 4492
0.502183 4492
0.502243 4492
0.502267 4492
0.503925 4492
0.503985 4492
0.504009 4492
0.504021 4492
0.505848 4492
0.505848 4492
0.505848 5721
0.505908 5721
0.505944 5721
0.505956 5721
0.50598 5721
0.507722 5721
0.507722 5721
0.507722 5160
0.507794 5160
0.507807 5160
0.507819 5160
0.509441 5160
0.509537 5160
0.509549 5160
0.509573 5160
0.511327 5160
0.511327 5160
0.511327 5540
0.511435 5540
0.511459 5540
0.511483 5540
0.511507 5540
0.513214 5540
0.513214 5540
0.513214 5007
0.51331 5007
0.513334 5007
0.513346 5007
0.514992 5007
0.515088 5007
0.5151 5007
0.515124 5007
0.516831 5007
0.516831 5007
0.516831 5483
0.516939 5483
0.516963 5483
0.516987 5483
0.517011 5483
0.518789 5483
0.518789 5483
0.518789 5004
0.518885 5004
0.518909 5004
0.518921 5004
0.520568 5004
0.520688 5004
0.5207 5004
0.520712 5004
0.522346 5004
0.522346 5004
0.522346 5471
0.52249 5471
0.522502 5471
0.522514 5471
0.522538 5471
0.524365 5471
0.524365 5471
0.524365 4902
0.524485 4902
0.524497 4902
0.524509 4902
0.526131 4902
0.526239 4902
0.526251 4902
0.526263 4902
0.527909 4902
0.527909 4902
0.527909 5375
0.528029 5375
0.528053 5375
0.528065 5375
0.52809 5375
0.529976 5375
0.529976 5375
0.529976 4895
0.530084 4895
0.530096 4895
0.530108 4895
0.531766 4895
0.531875 4895
0.531887 4895
0.531899 4895
0.533533 4895
0.533533 4895
0.533533 5376
0.533653 5376
0.533677 5376
0.533689 5376
0.533713 5376
0.535588 5376
0.535588 5376
0.535588 4816
0.535696 4816
0.535708 4816
0.53572 4816
0.537366 4816
0.537486 4816
0.537498 4816
0.53751 4816
0.539156 4816
0.539156 4816
0.539156 5304
0.5393 5304
0.539324 5304
0.539336 5304
0.539361 5304
0.541151 5304
0.541151 5304
0.541151 4829
0.541283 4829
0.541295 4829
0.541307 4829
0.542929 4829
0.543073 4829
0.543085 4829
0.54311 4829
0.544672 4829
0.544672 4829
0.544672 5321
0.544852 5321
0.544876 5321
0.5449 5321
0.544924 5321
0.546726 5321
0.546726 5321
0.546726 4766
0.546871 4766
0.546895 4766
0.546907 4766
0.548517 4766
0.548673 4766
0.548685 4766
0.548697 4766
0.550271 4766
0.550271 4766
0.550271 5264
0.550475 5264
0.550487 5264
0.550499 5264
0.550523 5264
0.552266 5264
0.552266 5264
0.552266 4793
0.552422 4793
0.552434 4793
0.552446 4793
0.554068 4793
0.554224 4793
0.554236 4793
0.554248 4793
0.555726 4793
0.555883 4793
0.555907 4793
0.555907 4793
0.555907 5742
0.555919 5742
0.555943 5742
0.557721 5742
0.557877 5742
0.557901 5742
0.557901 5742
0.557901 5111
0.557925 5111
0.559487 5111
0.559656 5111
0.559692 5111
0.561422 5111
0.561422 5111
0.561422 4912
0.561446 4912
0.561626 4912
0.561662 4912
0.563188 4912
0.563188 4912
0.563188 4414
0.563368 4414
0.563405 4414
0.563441 4414
0.565015 4414
0.565015 4414
0.565015 4289
0.565207 4289
0.565255 4289
0.566757 4289
0.566925 4289
0.566961 4289
0.568535 4289
0.568535 4289
0.568535 4780
0.56874 4780
0.568764 4780
0.568788 4780
0.570494 4780
0.570494 4780
0.570494 4374
0.570662 4374
0.570686 4374
0.57071 4374
0.572272 4374
0.572429 4374
0.572453 4374
0.573979 4374
0.574003 4374
0.574159 4374
0.574159 4374
0.574159 5476
0.574195 5476
0.575997 5476
0.576033 5476
0.576057 5476
0.576166 5476
0.576166 5476
0.576166 4962
0.577788 4962
0.577824 4962
0.577848 4962
0.577932 4962
0.57965 4962
0.57965 4962
0.57965 4853
0.579674 4853
0.579698 4853
0.579794 4853
0.581441 4853
0.581489 4853
0.581585 4853
0.581597 4853
0.583171 4853
0.583171 4853
0.583171 5542
0.583219 5542
0.583327 5542
0.583339 5542
0.583363 5542
0.585202 5542
0.585202 5542
0.585202 5147
0.585286 5147
0.585298 5147
0.585322 5147
0.587016 5147
0.5871 5147
0.587112 5147
0.587124 5147
0.588662 5147
0.588758 5147
0.588782 5147
0.588794 5147
0.588794 5147
0.588794 6354
0.588818 6354
0.590633 6354
0.590753 6354
0.590777 6354
0.590789 6354
0.590789 6354
0.590789 5688
0.592387 5688
0.592507 5688
0.592531 5688
0.592555 5688
0.592567 5688
0.594442 5688
0.594442 5688
0.594442 5629
0.594466 5629
0.594502 5629
0.594514 5629
0.594538 5629
0.596244 5629
0.596292 5629
0.596304 5629
0.596328 5629
0.596328 5629
0.596328 5914
0.597951 5914
0.597975 5914
0.598023 5914
0.598035 5914
0.598059 5914
0.598059 5914
0.598059 5592
0.599957 5592
0.600005 5592
0.600029 5592
0.600053 5592
0.600053 5592
0.600053 5077
0.60176 5077
0.601808 5077
0.601832 5077
0.601844 5077
0.60349 5077
0.603514 5077
0.603526 5077
0.603538 5077
0.605485 5077
0.605485 5077
0.605485 6105
0.605509 6105
0.605521 6105
0.605533 6105
0.605557 6105
0.607239 6105
0.607275 6105
0.607287 6105
0.607311 6105
0.607335 6105
0.609065 6105
0.609065 6105
0.609065 6820
0.609101 6820
0.609125 6820
0.609137 6820
0.609161 6820
0.610784 6820
0.610844 6820
0.610856 6820
0.61088 6820
0.610892 6820
0.612598 6820
0.612598 6820
0.612598 7118
0.612658 7118
0.612682 7118
0.612706 7118
0.612718 7118
0.61273 7118
0.614473 7118
0.614473 7118
0.614473 6439
0.614533 6439
0.614557 6439
0.614569 6439
0.614581 6439
0.616203 6439
0.616275 6439
0.616287 6439
0.616299 6439
0.616323 6439
0.617969 6439
0.617969 6439
0.617969 6797
0.618041 6797
0.618053 6797
0.618065 6797
0.618089 6797
0.618113 6797
0.62 6797
0.62 6797
0.62 6090
0.62006 6090
0.620072 6090
0.620096 6090
0.620108 6090
0.621814 6090
0.621874 6090
0.621898 6090
0.62191 6090
0.621922 6090
0.623533 6090
0.623533 6090
0.623533 6474
0.623617 6474
0.623641 6474
0.623653 6474
0.623665 6474
0.625551 6474
0.625551 6474
0.625551 5660
0.625611 5660
0.625623 5660
0.625635 5660
0.625659 5660
0.627402 5660
0.62745 5660
0.627462 5660
0.627486 5660
0.629048 5660
0.629072 5660
0.629108 5660
0.62912 5660
0.629144 5660
0.631019 5660
0.631019 5660
0.631019 7062
0.631055 7062
0.631091 7062
0.631103 7062
0.631127 7062
0.631139 7062
0.632809 7062
0.632869 7062
0.632881 7062
0.632893 7062
0.632905 7062
0.634479 7062
0.634551 7062
0.634563 7062
0.634575 7062
0.634587 7062
0.634611 7062
0.636474 7062
0.636474 7062
0.636474 8423
0.636558 8423
0.63657 8423
0.636582 8423
0.636594 8423
0.636618 8423
0.63663 8423
0.638324 8423
0.638324 8423
0.638324 7521
0.638408 7521
0.63842 7521
0.638432 7521
0.638444 7521
0.638456 7521
0.640007 7521
0.640115 7521
0.640127 7521
0.640139 7521
0.640151 7521
0.640163 7521
0.641893 7521
0.641893 7521
0.641893 7732
0.642025 7732
0.642049 7732
0.642061 7732
0.642073 7732
0.642085 7732
0.643756 7732
0.643876 7732
0.643888 7732
0.6439 7732
0.643912 7732
0.643924 7732
0.645462 7732
0.645606 7732
0.64563 7732
0.645642 7732
0.645654 7732
0.645666 7732
0.645678 7732
0.647396 7732
0.647396 7732
0.647396 9083
0.647577 9083
0.647601 9083
0.647625 9083
0.647637 9083
0.647649 9083
0.647661 9083
0.647685 9083
0.649223 9083
0.649379 9083
0.649391 9083
0.649403 9083
0.649415 9083
0.649427 9083
0.649439 9083
0.650881 9083
0.651025 9083
0.651049 9083
0.651061 9083
0.651073 9083
0.651085 9083
0.651097 9083
0.651121 9083
0.652804 9083
0.652804 9083
0.652804 10468
0.652972 10468
0.652996 10468
0.65302 10468
0.653032 10468
0.653044 10468
0.653056 10468
0.65308 10468
0.653104 10468
0.65463 10468
0.654798 10468
0.65481 10468
0.654822 10468
0.654834 10468
0.654846 10468
0.654858 10468
0.65487 10468
0.656324 10468
0.656492 10468
0.656517 10468
0.656529 10468
0.656541 10468
0.656553 10468
0.656565 10468
0.656577 10468
0.656601 10468
0.658283 10468
0.658283 10468
0.658283 11750
0.658475 11750
0.658511 11750
0.658523 11750
0.658535 11750
0.658547 11750
0.658559 11750
0.658571 11750
0.658595 11750
0.658619 11750
0.660169 11750
0.660169 11750
0.660169 10442
0.660362 10442
0.660374 10442
0.660386 10442
0.660398 10442
0.66041 10442
0.660422 10442
0.660434 10442
0.660458 10442
0.661864 10442
0.662068 10442
0.66208 10442
0.662092 10442
0.662104 10442
0.662116 10442
0.662128 10442
0.66214 10442
0.663786 10442
0.663786 10442
0.663786 10736
0.664039 10736
0.664063 10736
0.664075 10736
0.664087 10736
0.664099 10736
0.664111 10736
0.664123 10736
0.664147 10736
0.665673 10736
0.665673 10736
0.665673 9645
0.665889 9645
0.665901 9645
0.665913 9645
0.665925 9645
0.665937 9645
0.665949 9645
0.665961 9645
0.667427 9645
0.667655 9645
0.667667 9645
0.667679 9645
0.667691 9645
0.667703 9645
0.667715 9645
0.669338 9645
0.669338 9645
0.669338 9661
0.669602 9661
0.669626 9661
0.669638 9661
0.66965 9661
0.669662 9661
0.669674 9661
0.669698 9661
0.671176 9661
0.671416 9661
0.671428 9661
0.67144 9661
0.671452 9661
0.671476 9661
0.671488 9661
0.672918 9661
0.673159 9661
0.673183 9661
0.673195 9661
0.673207 9661
0.673231 9661
0.673243 9661
0.673255 9661
0.674889 9661
0.674889 9661
0.674889 10896
0.675165 10896
0.675189 10896
0.675213 10896
0.675225 10896
0.675249 10896
0.675261 10896
0.675274 10896
0.675286 10896
0.676727 10896
0.676727 10896
0.676727 9689
0.677004 9689
0.677016 9689
0.67704 9689
0.677052 9689
0.677064 9689
0.677076 9689
0.6771 9689
0.678422 9689
0.67871 9689
0.678722 9689
0.678734 9689
0.678746 9689
0.67877 9689
0.678782 9689
0.680332 9689
0.680332 9689
0.680332 9908
0.680681 9908
0.680705 9908
0.680717 9908
0.680729 9908
0.680753 9908
0.680765 9908
0.680777 9908
0.682195 9908
0.682507 9908
0.682519 9908
0.682531 9908
0.682555 9908
0.682567 9908
0.682579 9908
0.683925 9908
0.684237 9908
0.684261 9908
0.684273 9908
0.684298 9908
0.68431 9908
0.684322 9908
0.684334 9908
0.685872 9908
0.685872 9908
0.685872 11274
0.686256 11274
0.68628 11274
0.686304 11274
0.686328 11274
0.68634 11274
0.686352 11274
0.686364 11274
0.686376 11274
0.687734 11274
0.687734 11274
0.687734 10151
0.688095 10151
0.688119 10151
0.688143 10151
0.688155 10151
0.688167 10151
0.688179 10151
0.688191 10151
0.689404 10151
0.689741 10151
0.689765 10151
0.689789 10151
0.689801 10151
0.689813 10151
0.689825 10151
0.691327 10151
0.691327 10151
0.691327 10369
0.691351 10369
0.691723 10369
0.691747 10369
0.691771 10369
0.691783 10369
0.691796 10369
0.691808 10369
0.693189 10369
0.693189 10369
0.693189 9311
0.693502 9311
0.693526 9311
0.69355 9311
0.693574 9311
0.693586 9311
0.693598 9311
0.693622 9311
0.694932 9311
0.695244 9311
0.695268 9311
0.69528 9311
0.695292 9311
0.695316 9311
0.695328 9311
0.69683 9311
0.69683 9311
0.69683 9935
0.697191 9935
0.697227 9935
0.697239 9935
0.697251 9935
0.697275 9935
0.697287 9935
0.697299 9935
0.698669 9935
0.698669 9935
0.698669 9153
0.699029 9153
0.699041 9153
0.699053 9153
0.699077 9153
0.699089 9153
0.699101 9153
0.700387 9153
0.700747 9153
0.700759 9153
0.700771 9153
0.700783 9153
0.700795 9153
0.70082 9153
0.702249 9153
0.702249 9153
0.702249 9352
0.70267 9352
0.702682 9352
0.702694 9352
0.702706 9352
0.702718 9352
0.702742 9352
0.702766 9352
0.704124 9352
0.704124 9352
0.704124 8412
0.704484 8412
0.704496 8412
0.704508 8412
0.704532 8412
0.704544 8412
0.704569 8412
0.705782 8412
0.706131 8412
0.706143 8412
0.706155 8412
0.706167 8412
0.706191 8412
0.707597 8412
0.707597 8412
0.707597 8682
0.708017 8682
0.708041 8682
0.708053 8682
0.708065 8682
0.708089 8682
0.708101 8682
0.709495 8682
0.709495 8682
0.709495 7856
0.709856 7856
0.70988 7856
0.709892 7856
0.709916 7856
0.709928 7856
0.711261 7856
0.711622 7856
0.711634 7856
0.711646 7856
0.711658 7856
0.71167 7856
0.713052 7856
0.713052 7856
0.713052 8353
0.71346 8353
0.713484 8353
0.713496 8353
0.713508 8353
0.71352 8353
0.713544 8353
0.715058 8353
0.715058 8353
0.715058 7662
0.715407 7662
0.715431 7662
0.715443 7662
0.715455 7662
0.715479 7662
0.716837 7662
0.717173 7662
0.717185 7662
0.717197 7662
0.717221 7662
0.717233 7662
0.718555 7662
0.718555 7662
0.718555 7978
0.718988 7978
0.719 7978
0.719012 7978
0.719036 7978
0.719048 7978
0.719072 7978
0.72061 7978
0.72061 7978
0.72061 7198
0.720946 7198
0.72097 7198
0.720982 7198
0.720994 7198
0.721006 7198
0.722388 7198
0.722713 7198
0.722725 7198
0.722737 7198
0.722749 7198
0.724155 7198
0.724155 7198
0.724155 7345
0.724179 7345
0.724527 7345
0.724539 7345
0.724551 7345
0.724563 7345
0.726257 7345
0.726257 7345
0.726257 6437
0.726546 6437
0.726558 6437
0.72657 6437
0.726582 6437
0.728096 6437
0.728324 6437
0.728336 6437
0.728348 6437
0.72836 6437
0.729814 6437
0.730078 6437
0.730078 6437
0.730078 6838
0.73009 6838
0.730103 6838
0.730115 6838
0.730139 6838
0.731869 6838
0.732073 6838
0.732073 6838
0.732073 6075
0.732085 6075
0.732097 6075
0.732109 6075
0.733659 6075
0.733815 6075
0.733827 6075
0.733839 6075
0.735486 6075
0.735486 6075
0.735486 6137
0.73551 6137
0.735678 6137
0.735702 6137
0.735714 6137
0.737372 6137
0.737372 6137
0.737372 5481
0.737576 5481
0.737588 5481
0.7376 5481
0.737625 5481
0.739102 5481
0.739295 5481
0.739307 5481
0.739331 5481
0.740905 5481
0.740905 5481
0.740905 5929
0.741133 5929
0.741145 5929
0.741169 5929
0.741181 5929
0.742815 5929
0.742815 5929
0.742815 5275
0.74302 5275
0.743044 5275
0.743056 5275
0.744558 5275
0.74475 5275
0.744762 5275
0.744774 5275
0.746276 5275
0.746276 5275
0.746276 5586
0.746516 5586
0.746528 5586
0.74654 5586
0.746564 5586
0.748331 5586
0.748331 5586
0.748331 5043
0.748487 5043
0.748499 5043
0.748511 5043
0.750133 5043
0.750277 5043
0.750289 5043
0.750301 5043
0.751863 5043
0.751863 5043
0.751863 5437
0.752056 5437
0.752068 5437
0.75208 5437
0.752104 5437
0.753846 5437
0.753846 5437
0.753846 4844
0.754002 4844
0.754014 4844
0.754026 4844
0.755637 4844
0.755793 4844
0.755805 4844
0.755829 4844
0.757367 4844
0.757367 4844
0.757367 5313
0.757547 5313
0.757559 5313
0.757583 5313
0.757607 5313
0.759386 5313
0.759386 5313
0.759386 4832
0.75953 4832
0.759554 4832
0.759566 4832
0.7612 4832
0.7612 4832
0.7612 4228
0.761356 4228
0.761368 4228
0.761392 4228
0.762894 4228
0.76305 4228
0.763074 4228
0.764793 4228
0.764793 4228
0.764793 4899
0.764817 4899
0.764997 4899
0.765021 4899
0.766571 4899
0.766727 4899
0.766727 4899
0.766727 4729
0.766751 4729
0.766775 4729
0.768434 4729
0.768614 4729
0.768614 4729
0.768614 4260
0.76865 4260
0.770212 4260
0.770236 4260
0.770404 4260
0.771954 4260
0.771954 4260
0.771954 4365
0.771978 4365
0.772195 4365
0.772219 4365
0.773913 4365
0.773913 4365
0.773913 4100
0.774093 4100
0.774117 4100
0.775691 4100
0.775871 4100
0.775895 4100
0.777422 4100
0.777422 4100
0.777422 4551
0.77765 4551
0.777674 4551
0.777686 4551
0.779392 4551
0.779392 4551
0.779392 4138
0.77962 4138
0.779632 4138
0.781219 4138
0.781435 4138
0.781447 4138
0.782877 4138
0.783141 4138
0.783153 4138
0.783153 4138
0.783153 5059
0.783177 5059
0.784859 5059
0.785196 5059
0.78522 5059
0.78522 5059
0.78522 4498
0.786662 4498
0.786686 4498
0.787034 4498
0.787058 4498
0.788284 4498
0.788668 4498
0.788693 4498
0.788717 4498
0.790183 4498
0.790183 4498
0.790183 5576
0.790627 5576
0.790651 5576
0.790675 5576
0.790699 5576
0.791961 5576
0.792405 5576
0.792442 5576
0.792478 5576
0.793703 5576
0.794196 5576
0.794196 5576
0.794196 6250
0.79422 6250
0.794244 6250
0.794292 6250
0.795734 6250
0.796118 6250
0.796118 6250
0.796118 5490
0.796154 5490
0.796191 5490
0.797512 5490
0.797536 5490
0.797849 5490
0.797897 5490
0.799219 5490
0.799255 5490
0.799255 5490
0.799255 5846
0.799627 5846
0.799687 5846
0.799711 5846
0.801261 5846
0.801309 5846
0.801309 5846
0.801309 5320
0.801634 5320
0.801646 5320
0.803064 5320
0.803112 5320
0.803376 5320
0.8034 5320
0.804746 5320
0.804806 5320
0.805106 5320
0.805106 5320
0.805106 5955
0.805142 5955
0.805166 5955
0.806753 5955
0.806813 5955
0.807185 5955
0.807185 5955
0.807185 5333
0.807209 5333
0.808495 5333
0.808543 5333
0.808976 5333
0.810189 5333
0.810201 5333
0.810237 5333
0.81073 5333
0.81073 5333
0.81073 5817
0.812196 5817
0.812208 5817
0.812232 5817
0.812256 5817
0.812761 5817
0.812761 5817
0.812761 5316
0.814022 5316
0.814034 5316
0.814046 5316
0.814539 5316
0.815692 5316
0.815704 5316
0.815729 5316
0.816269 5316
0.816269 5316
0.816269 5940
0.817639 5940
0.817651 5940
0.817675 5940
0.817687 5940
0.818288 5940
0.818288 5940
0.818288 5494
0.819466 5494
0.819478 5494
0.81949 5494
0.820066 5494
0.82122 5494
0.821232 5494
0.821244 5494
0.821821 5494
0.821821 5494
0.821821 6132
0.823214 6132
0.823227 6132
0.823239 6132
0.823263 6132
0.823815 6132
0.823815 6132
0.823815 5691
0.825053 5691
0.825065 5691
0.825089 5691
0.825101 5691
0.825606 5691
0.826747 5691
0.826771 5691
0.826783 5691
0.8273 5691
0.827324 5691
0.828694 5691
0.828694 5691
0.828694 6708
0.82873 6708
0.828742 6708
0.829343 6708
0.829367 6708
0.830496 6708
0.830544 6708
0.830556 6708
0.831133 6708
0.831133 6708
0.831133 6626
0.831169 6626
0.832226 6626
0.832287 6626
0.832299 6626
0.832827 6626
0.834101 6626
0.834101 6626
0.834101 6344
0.834173 6344
0.834197 6344
0.834221 6344
0.834846 6344
0.835975 6344
0.835975 6344
0.835975 5784
0.83606 5784
0.836072 5784
0.836084 5784
0.83666 5784
0.837718 5784
0.837802 5784
0.837814 5784
0.838343 5784
0.839496 5784
0.839496 5784
0.839496 6283
0.83952 6283
0.839604 6283
0.839616 6283
0.840241 6283
0.841395 6283
0.841395 6283
0.841395 5603
0.841491 5603
0.841503 5603
0.84202 5603
0.842044 5603
0.843173 5603
0.843257 5603
0.843257 5603
0.843257 5450
0.843846 5450
0.84387 5450
0.844963 5450
0.845048 5450
0.845636 5450
0.845636 5450
0.845636 5333
0.84566 5333
0.846946 5333
0.84703 5333
0.847571 5333
0.847571 5333
0.847571 4836
0.848785 4836
0.848809 4836
0.848881 4836
0.849349 4836
0.850419 4836
0.850491 4836
0.850515 4836
0.85102 4836
0.852317 4836
0.852317 4836
0.852317 5905
0.852401 5905
0.852425 5905
0.852449 5905
0.853026 5905
0.854156 5905
0.85424 5905
0.854264 5905
0.854264 5905
0.854264 5952
0.854805 5952
0.855874 5952
0.855898 5952
0.855946 5952
0.85597 5952
0.857724 5952
0.857724 5952
0.857724 5889
0.85776 5889
0.857809 5889
0.857833 5889
0.857857 5889
0.859611 5889
0.859611 5889
0.859611 5524
0.859683 5524
0.859707 5524
0.859719 5524
0.861317 5524
0.861389 5524
0.861401 5524
0.861413 5524
0.863168 5524
0.863168 5524
0.863168 6162
0.863252 6162
0.863264 6162
0.863276 6162
0.8633 6162
0.865042 6162
0.865042 6162
0.865042 5763
0.865138 5763
0.86515 5763
0.865162 5763
0.865186 5763
0.86676 5763
0.866857 5763
0.866869 5763
0.866881 5763
0.868563 5763
0.868563 5763
0.868563 6325
0.868599 6325
0.868707 6325
0.868719 6325
0.868731 6325
0.870546 6325
0.870546 6325
0.870546 5723
0.870654 5723
0.870666 5723
0.870678 5723
0.87069 5723
0.872336 5723
0.872432 5723
0.872444 5723
0.872456 5723
0.874102 5723
0.874102 5723
0.874102 6161
0.874126 6161
0.87421 6161
0.874234 6161
0.874246 6161
0.876049 6161
0.876049 6161
0.876049 5505
0.876145 5505
0.876169 5505
0.876181 5505
0.876193 5505
0.877839 5505
0.877839 5505
0.877839 4960
0.877923 4960
0.877947 4960
0.877959 4960
0.879642 4960
0.879726 4960
0.879738 4960
0.87975 4960
0.881372 4960
0.881372 4960
0.881372 5436
0.88148 5436
0.881492 5436
0.881504 5436
0.881528 5436
0.883379 5436
0.883379 5436
0.883379 4958
0.883463 4958
0.883475 4958
0.883499 4958
0.885217 4958
0.885289 4958
0.885313 4958
0.885325 4958
0.886887 4958
0.886971 4958
0.886995 4958
0.887007 4958
0.887031 4958
0.888906 4958
0.888906 4958
0.888906 6507
0.889002 6507
0.889026 6507
0.889038 6507
0.889062 6507
0.889086 6507
0.890732 6507
0.890841 6507
0.890865 6507
0.890877 6507
0.890901 6507
0.892451 6507
0.892547 6507
0.892571 6507
0.892583 6507
0.892607 6507
0.892619 6507
0.894421 6507
0.894421 6507
0.894421 8072
0.894553 8072
0.89459 8072
0.894614 8072
0.894638 8072
0.89465 8072
0.894674 8072
0.896224 8072
0.896392 8072
0.896404 8072
0.896416 8072
0.896428 8072
0.896452 8072
0.897834 8072
0.898014 8072
0.898038 8072
0.89805 8072
0.898062 8072
0.898086 8072
0.89811 8072
0.899744 8072
0.899744 8072
0.899744 9417
0.899961 9417
0.899985 9417
0.899997 9417
0.900009 9417
0.900033 9417
0.900045 9417
0.900069 9417
0.901595 9417
0.901595 9417
0.901595 8363
0.901823 8363
0.901835 8363
0.901859 8363
0.901871 8363
0.901883 8363
0.901907 8363
0.903301 8363
0.903505 8363
0.903529 8363
0.903553 8363
0.903565 8363
0.90359 8363
0.90514 8363
0.90514 8363
0.90514 8522
0.905392 8522
0.905416 8522
0.90544 8522
0.905452 8522
0.905464 8522
0.905488 8522
0.907002 8522
0.907218 8522
0.90723 8522
0.907242 8522
0.907254 8522
0.907278 8522
0.908744 8522
0.908949 8522
0.908949 8522
0.908949 8752
0.908961 8752
0.908973 8752
0.908985 8752
0.909009 8752
0.909021 8752
0.910787 8752
0.910955 8752
0.910955 8752
0.910955 7785
0.910967 7785
0.910979 7785
0.911003 7785
0.911015 7785
0.912553 7785
0.91271 7785
0.912722 7785
0.912746 7785
0.912758 7785
0.912782 7785
0.914464 7785
0.914464 7785
0.914464 7750
0.914644 7750
0.914656 7750
0.91468 7750
0.914692 7750
0.914716 7750
0.916218 7750
0.916423 7750
0.916423 7750
0.916423 6939
0.916435 6939
0.916447 6939
0.916471 6939
0.916495 6939
0.918081 6939
0.918285 6939
0.918297 6939
0.918321 6939
0.918345 6939
0.919775 6939
0.920003 6939
0.920003 6939
0.920003 7246
0.920015 7246
0.920027 7246
0.920039 7246
0.920063 7246
0.921698 7246
0.921986 7246
0.921986 7246
0.921986 6428
0.921998 6428
0.92201 6428
0.922034 6428
0.9235 6428
0.923788 6428
0.9238 6428
0.923824 6428
0.923848 6428
0.925134 6428
0.925471 6428
0.925483 6428
0.925507 6428
0.925531 6428
0.927093 6428
0.927093 6428
0.927093 7533
0.927117 7533
0.927513 7533
0.927525 7533
0.927549 7533
0.927573 7533
0.928931 7533
0.92928 7533
0.929304 7533
0.929328 7533
0.929352 7533
0.929364 7533
0.930626 7533
0.93095 7533
0.930974 7533
0.930998 7533
0.931022 7533
0.931034 7533
0.932548 7533
0.932548 7533
0.932548 8943
0.932572 8943
0.932945 8943
0.932969 8943
0.932993 8943
0.933017 8943
0.933029 8943
0.934362 8943
0.934699 8943
0.934699 8943
0.934699 8130
0.934735 8130
0.934759 8130
0.934783 8130
0.934795 8130
0.934819 8130
0.936117 8130
0.936501 8130
0.936549 8130
0.936561 8130
0.936573 8130
0.936585 8130
0.938015 8130
0.938015 8130
0.938015 8189
0.93846 8189
0.938508 8189
0.93852 8189
0.938532 8189
0.938544 8189
0.938568 8189
0.93983 8189
0.940274 8189
0.940286 8189
0.940298 8189
0.940322 8189
0.940334 8189
0.941536 8189
0.942053 8189
0.942053 8189
0.942053 8520
0.942065 8520
0.942077 8520
0.942101 8520
0.942113 8520
0.942125 8520
0.943531 8520
0.944095 8520
0.944095 8520
0.944095 7596
0.944107 7596
0.944132 7596
0.944144 7596
0.944156 7596
0.945381 7596
0.945898 7596
0.945922 7596
0.945934 7596
0.945946 7596
0.947075 7596
0.947099 7596
0.947664 7596
0.947664 7596
0.947664 7769
0.947688 7769
0.9477 7769
0.947712 7769
0.949082 7769
0.949118 7769
0.949142 7769
0.949719 7769
0.949719 7769
0.949719 6923
0.949743 6923
0.950909 6923
0.950933 6923
0.950957 6923
0.950981 6923
0.951521 6923
0.952603 6923
0.952615 6923
0.952639 6923
0.952663 6923
0.95324 6923
0.954561 6923
0.954561 6923
0.954561 7237
0.954585 7237
0.954609 7237
0.954633 7237
0.954658 7237
0.955318 7237
0.956424 7237
0.956448 7237
0.956472 7237
0.956496 7237
0.957073 7237
0.958142 7237
0.958166 7237
0.958178 7237
0.95819 7237
0.958214 7237
0.958863 7237
0.958863 7237
0.958863 8112
0.960149 8112
0.960173 8112
0.960185 8112
0.960197 8112
0.960221 8112
0.960233 8112
0.96087 8112
0.96087 8112
0.96087 7107
0.961987 7107
0.961999 7107
0.962011 7107
0.962023 7107
0.962035 7107
0.9626 7107
0.96367 7107
0.963682 7107
0.963694 7107
0.963706 7107
0.964342 7107
0.964342 7107
0.964342 7511
0.965616 7511
0.96564 7511
0.965652 7511
0.965664 7511
0.965688 7511
0.966409 7511
0.966409 7511
0.966409 6794
0.967515 6794
0.967527 6794
0.967539 6794
0.967551 6794
0.967575 6794
0.968212 6794
0.969257 6794
0.969269 6794
0.969281 6794
0.969293 6794
0.969918 6794
0.971155 6794
0.971155 6794
0.971155 7647
0.97118 7647
0.971192 7647
0.971204 7647
0.971228 7647
0.971949 7647
0.972982 7647
0.973018 7647
0.97303 7647
0.973042 7647
0.973679 7647
0.973703 7647
0.974676 7647
0.974712 7647
0.974724 7647
0.974736 7647
0.975445 7647
0.975445 7647
0.975445 8758
0.975481 8758
0.975505 8758
0.976647 8758
0.976683 8758
0.976695 8758
0.976707 8758
0.977392 8758
0.977392 8758
0.977392 7824
0.97744 7824
0.978461 7824
0.978497 7824
0.978521 7824
0.978533 7824
0.979134 7824
0.980107 7824
0.980143 7824
0.980167 7824
0.98018 7824
0.980204 7824
0.980816 7824
0.98197 7824
0.98197 7824
0.98197 8451
0.982018 8451
0.982042 8451
0.982054 8451
0.982078 8451
0.982102 8451
0.982811 8451
0.983844 8451
0.983892 8451
0.983916 8451
0.983941 8451
0.983953 8451
0.984601 8451
0.985551 8451
0.985611 8451
0.985635 8451
0.985647 8451
0.985671 8451
0.985683 8451
0.986368 8451
0.986368 8451
0.986368 9813
0.987473 9813
0.987545 9813
0.987569 9813
0.987581 9813
0.987605 9813
0.987617 9813
0.987629 9813
0.98835 9813
0.98835 9813
0.98835 8855
0.989444 8855
0.989468 8855
0.989492 8855
0.989516 8855
0.989528 8855
0.98954 8855
0.990189 8855
0.991138 8855
0.991162 8855
0.991186 8855
0.991198 8855
0.99121 8855
0.991811 8855
0.991811 8855
0.991811 8809
0.991835 8809
0.993013 8809
0.993049 8809
0.993073 8809
0.993085 8809
0.993097 8809
0.993746 8809
0.993746 8809
0.993746 7715
0.994827 7715
0.994863 7715
0.994887 7715
0.994899 7715
0.994911 7715
0.995524 7715
0.996449 7715
0.996485 7715
0.996497 7715
0.996509 7715
0.996533 7715
0.997134 7715
0.998288 7715
0.998288 7715
0.998288 8324
0.998336 8324
0.998348 8324
0.99836 8324
0.998384 8324
0.998408 8324
0.999081 8324
1.00019 8324
1.00019 8324
1.00019 7509
1.00023 7509
1.00025 7509
1.00027 7509
1.00028 7509
1.0009 7509
1.00198 7509
1.00204 7509
1.00206 7509
1.00207 7509
1.00261 7509
1.00264 7509
1.00378 7509
1.00378 7509
1.00378 7836
1.00385 7836
1.00388 7836
1.00389 7836
1.00448 7836
1.00451 7836
1.00576 7836
1.00576 7836
1.00576 6863
1.00583 6863
1.00585 6863
1.00639 6863
1.00641 6863
1.00643 6863
1.00749 6863
1.00755 6863
1.00802 6863
1.00804 6863
1.00807 6863
1.00921 6863
1.00921 6863
1.00921 7175
1.00927 7175
1.00931 7175
1.00986 7175
1.00988 7175
1.00991 7175
1.01124 7175
1.01124 7175
1.01124 6414
1.01131 6414
1.01177 6414
1.01181 6414
1.01183 6414
1.01301 6414
1.01343 6414
1.01346 6414
1.01349 6414
1.0135 6414
1.01485 6414
1.01485 6414
1.01485 6683
1.01534 6683
1.01539 6683
1.01541 6683
1.01542 6683
1.01545 6683
1.01683 6683
1.01683 6683
1.01683 5993
1.01726 5993
1.01728 5993
1.0173 5993
1.01732 5993
1.01856 5993
1.01898 5993
1.019 5993
1.01903 5993
1.01905 5993
1.02035 5993
1.02035 5993
1.02035 6359
1.02084 6359
1.02087 6359
1.0209 6359
1.02093 6359
1.02237 6359
1.02237 6359
1.02237 5525
1.02278 5525
1.02281 5525
1.02282 5525
1.02284 5525
1.02411 5525
1.02449 5525
1.02451 5525
1.02452 5525
1.02585 5525
1.02628 5525
1.02628 5525
1.02628 6057
1.0263 6057
1.02631 6057
1.02633 6057
1.02794 6057
1.0283 6057
1.0283 6057
1.0283 5249
1.02832 5249
1.02833 5249
1.02979 5249
1.02982 5249
1.03013 5249
1.03014 5249
1.03152 5249
1.03152 5249
1.03152 5278
1.03155 5278
1.03192 5278
1.03193 5278
1.03196 5278
1.03352 5278
1.03352 5278
1.03352 4798
1.03385 4798
1.03387 4798
1.03388 4798
1.03531 4798
1.03561 4798
1.03562 4798
1.03563 4798
1.03717 4798
1.03717 4798
1.03717 5291
1.03752 5291
1.03753 5291
1.03754 5291
1.03757 5291
1.03896 5291
1.0393 5291
1.03931 5291
1.03933 5291
1.04064 5291
1.04105 5291
1.04105 5291
1.04105 5931
1.04108 5931
1.04109 5931
1.0411 5931
1.04263 5931
1.04298 5931
1.04298 5931
1.04298 5163
1.043 5163
1.04301 5163
1.04441 5163
1.0448 5163
1.04481 5163
1.04484 5163
1.04612 5163
1.04656 5163
1.04656 5163
1.04656 5516
1.04657 5516
1.04659 5516
1.04808 5516
1.04811 5516
1.04851 5516
1.04851 5516
1.04851 4975
1.04854 4975
1.04987 4975
1.0499 4975
1.05036 4975
1.05154 4975
1.05157 4975
1.05159 4975
1.052 4975
1.05342 4975
1.05342 4975
1.05342 5728
1.05344 5728
1.05348 5728
1.0535 5728
1.05397 5728
1.05526 5728
1.0553 5728
1.05533 5728
1.05575 5728
1.05695 5728
1.05697 5728
1.05701 5728
1.05703 5728
1.05749 5728
1.05749 5728
1.05749 6880
1.05891 6880
1.05893 6880
1.05898 6880
1.059 6880
1.05902 6880
1.05949 6880
1.05949 6880
1.05949 6125
1.06075 6125
1.06078 6125
1.06081 6125
1.06082 6125
1.06128 6125
1.06242 6125
1.06244 6125
1.06245 6125
1.06248 6125
1.06296 6125
1.06432 6125
1.06432 6125
1.06432 6930
1.06434 6930
1.06435 6930
1.06438 6930
1.06495 6930
1.06499 6930
1.06619 6930
1.06621 6930
1.06623 6930
1.06672 6930
1.06675 6930
1.06787 6930
1.0679 6930
1.06792 6930
1.06794 6930
1.0685 6930
1.0685 6930
1.0685 8146
1.06853 8146
1.06989 8146
1.06991 8146
1.06994 8146
1.06998 8146
1.07 8146
1.0705 8146
1.0705 8146
1.0705 7374
1.07172 7374
1.07174 7374
1.07175 7374
1.07179 7374
1.07181 7374
1.07229 7374
1.07341 7374
1.07342 7374
1.07346 7374
1.07348 7374
1.07401 7374
1.07401 7374
1.07401 7850
1.07405 7850
1.07539 7850
1.07541 7850
1.07544 7850
1.07547 7850
1.07604 7850
1.07604 7850
1.07604 7114
1.0772 7114
1.07721 7114
1.07724 7114
1.07726 7114
1.07727 7114
1.07786 7114
1.0789 7114
1.07894 7114
1.07895 7114
1.07896 7114
1.07949 7114
1.08075 7114
1.08075 7114
1.08075 7771
1.08078 7771
1.08081 7771
1.08083 7771
1.08084 7771
1.08143 7771
1.08259 7771
1.08264 7771
1.08265 7771
1.08266 7771
1.08268 7771
1.08323 7771
1.08323 7771
1.08323 7858
1.08437 7858
1.08441 7858
1.08442 7858
1.08443 7858
1.08444 7858
1.08492 7858
1.08624 7858
1.08624 7858
1.08624 7485
1.08627 7485
1.08628 7485
1.08629 7485
1.08632 7485
1.08688 7485
1.0881 7485
1.08812 7485
1.08813 7485
1.08816 7485
1.08861 7485
1.08864 7485
1.08987 7485
1.08987 7485
1.08987 7993
1.0899 7993
1.08991 7993
1.08993 7993
1.09046 7993
1.09049 7993
1.09175 7993
1.09175 7993
1.09175 7153
1.09177 7153
1.0918 7153
1.09181 7153
1.09229 7153
1.09232 7153
1.09349 7153
1.09353 7153
1.09354 7153
1.09396 7153
1.094 7153
1.09528 7153
1.09528 7153
1.09528 7619
1.0953 7619
1.09533 7619
1.09534 7619
1.09583 7619
1.09587 7619
1.09718 7619
1.0972 7619
1.09722 7619
1.09722 7619
1.09722 7274
1.09762 7274
1.09766 7274
1.09768 7274
1.09893 7274
1.09896 7274
1.09898 7274
1.0994 7274
1.09943 7274
1.10081 7274
1.10081 7274
1.10081 7471
1.10083 7471
1.10086 7471
1.10088 7471
1.10137 7471
1.1014 7471
1.10269 7471
1.10269 7471
1.10269 6892
1.10272 6892
1.10274 6892
1.10321 6892
1.10324 6892
1.10326 6892
1.10442 6892
1.10446 6892
1.10492 6892
1.10494 6892
1.10497 6892
1.10625 6892
1.10625 6892
1.10625 7358
1.10629 7358
1.10632 7358
1.1068 7358
1.10683 7358
1.10685 7358
1.10814 7358
1.10814 7358
1.10814 6611
1.10817 6611
1.10863 6611
1.10865 6611
1.10869 6611
1.10989 6611
1.11029 6611
1.11031 6611
1.11034 6611
1.11036 6611
1.11168 6611
1.11168 6611
1.11168 6881
1.11215 6881
1.11219 6881
1.11222 6881
1.11225 6881
1.11226 6881
1.11358 6881
1.11358 6881
1.11358 6191
1.114 6191
1.11404 6191
1.11406 6191
1.11407 6191
1.11534 6191
1.11571 6191
1.11573 6191
1.11576 6191
1.11578 6191
1.11711 6191
1.11711 6191
1.11711 6613
1.11753 6613
1.11756 6613
1.11758 6613
1.11761 6613
1.11764 6613
1.11911 6613
1.11911 6613
1.11911 5876
1.11949 5876
1.11952 5876
1.11953 5876
1.11955 5876
1.12091 5876
1.12125 5876
1.12126 5876
1.12128 5876
1.12263 5876
1.12265 5876
1.12303 5876
1.12303 5876
1.12303 6535
1.12304 6535
1.12306 6535
1.12464 6535
1.12467 6535
1.1247 6535
1.12496 6535
1.12496 6535
1.12496 5859
1.12641 5859
1.12644 5859
1.12646 5859
1.1265 5859
1.12675 5859
1.12675 5859
1.12675 5315
1.12825 5315
1.12828 5315
1.12831 5315
1.12851 5315
1.12999 5315
1.12999 5315
1.12999 5135
1.13002 5135
1.13006 5135
1.13031 5135
1.13192 5135
1.13192 5135
1.13192 4626
1.13195 4626
1.13198 4626
1.13221 4626
1.1337 4626
1.13373 4626
1.13394 4626
1.13396 4626
1.1354 4626
1.13545 4626
1.13569 4626
1.13569 4626
1.13569 5842
1.13571 5842
1.13743 5842
1.13747 5842
1.1375 5842
1.1377 5842
1.1377 5842
1.1377 5282
1.13922 5282
1.13926 5282
1.13931 5282
1.13948 5282
1.14094 5282
1.14097 5282
1.141 5282
1.14122 5282
1.14122 5282
1.14122 5880
1.14294 5880
1.14296 5880
1.14298 5880
1.14302 5880
1.14324 5880
1.14324 5880
1.14324 5423
1.14475 5423
1.14477 5423
1.14481 5423
1.14504 5423
1.14646 5423
1.14648 5423
1.1465 5423
1.14679 5423
1.14679 5423
1.14679 6062
1.14844 6062
1.14846 6062
1.14849 6062
1.1485 6062
1.14882 6062
1.14882 6062
1.14882 5621
1.15028 5621
1.1503 5621
1.15031 5621
1.15034 5621
1.15066 5621
1.15192 5621
1.15195 5621
1.15197 5621
1.15228 5621
1.15232 5621
1.15385 5621
1.15385 5621
1.15385 6649
1.15387 6649
1.15391 6649
1.15427 6649
1.1543 6649
1.15557 6649
1.15561 6649
1.15596 6649
1.15599 6649
1.15601 6649
1.15739 6649
1.15739 6649
1.15739 6992
1.15745 6992
1.15784 6992
1.15787 6992
1.1579 6992
1.15792 6992
1.15922 6992
1.15961 6992
1.15965 6992
1.15967 6992
1.1597 6992
1.16101 6992
1.16101 6992
1.16101 7358
1.16146 7358
1.16149 7358
1.16151 7358
1.16154 7358
1.16156 7358
1.16289 7358
1.16289 7358
1.16289 6567
1.16328 6567
1.1633 6567
1.16334 6567
1.16336 6567
1.16461 6567
1.16507 6567
1.16511 6567
1.16511 6567
1.16511 6441
1.16513 6441
1.16514 6441
1.16658 6441
1.16712 6441
1.16717 6441
1.16717 6441
1.16717 5789
1.1672 5789
1.16842 5789
1.16846 5789
1.16895 5789
1.169 5789
1.17009 5789
1.17013 5789
1.1706 5789
1.17066 5789
1.17068 5789
1.17197 5789
1.17197 5789
1.17197 6741
1.17201 6741
1.17254 6741
1.17262 6741
1.17264 6741
1.17266 6741
1.17379 6741
1.17431 6741
1.17431 6741
1.17431 6374
1.17438 6374
1.17441 6374
1.17444 6374
1.17551 6374
1.17602 6374
1.17609 6374
1.17612 6374
1.17615 6374
1.1774 6374
1.1774 6374
1.1774 6824
1.17799 6824
1.17808 6824
1.17812 6824
1.17814 6824
1.17926 6824
1.17984 6824
1.17986 6824
1.17989 6824
1.17991 6824
1.18098 6824
1.18157 6824
1.18159 6824
1.18162 6824
1.18163 6824
1.18165 6824
1.18165 6824
1.18165 8216
1.18294 8216
1.18363 8216
1.18366 8216
1.18368 8216
1.18369 8216
1.18372 8216
1.18373 8216
1.18373 8216
1.18373 7419
1.1854 7419
1.18542 7419
1.18544 7419
1.18545 7419
1.18547 7419
1.1855 7419
1.18719 7419
1.18719 7419
1.18719 7077
1.1872 7077
1.18722 7077
1.18724 7077
1.18726 7077
1.18729 7077
1.1892 7077
1.1892 7077
1.1892 6466
1.18921 6466
1.18922 6466
1.18925 6466
1.18927 6466
1.19095 6466
1.19096 6466
1.19098 6466
1.191 6466
1.19102 6466
1.19273 6466
1.19273 6466
1.19273 6858
1.19274 6858
1.19275 6858
1.19278 6858
1.1928 6858
1.19283 6858
1.19467 6858
1.19467 6858
1.19467 6164
1.19468 6164
1.19469 6164
1.19471 6164
1.19474 6164
1.19636 6164
1.19637 6164
1.19638 6164
1.19641 6164
1.19643 6164
1.19826 6164
1.19826 6164
1.19826 6546
1.19827 6546
1.19828 6546
1.19831 6546
1.19833 6546
1.19835 6546
