0.0 0
0.0001016 1460
0.0001016 1460
0.000226637 2920
0.000351339 4380
0.000363355 5840
0.000476041 7300
0.000488057 8760
0.000500073 10220
0.000512089 11680
0.000600743 13140
0.000612759 14600
0.000624775 16060
0.000636791 17520
0.000648807 18980
0.000660823 20440
0.000672839 21900
0.000684855 23360
0.000725445 24820
0.000737461 26280
0.000749477 27740
0.000761493 29200
0.000773509 30660
0.000785525 32120
0.000797541 33580
0.000809557 35040
0.000821573 36500
0.000833589 37960
0.000845605 39420
0.000857621 40880
0.000869637 42340
0.000881653 43800
0.000893669 45260
0.000905685 46720
0.000917701 48180
0.000929717 49640
0.000941733 51100
0.000953749 52560
0.000965765 54020
0.000977781 55480
0.000989797 56940
0.00100181 58400
0.00101383 59860
0.00102585 61320
0.00103786 62780
0.00104988 64240
0.00106189 65700
0.00107391 67160
0.00108592 68620
0.00109794 70080
0.00110996 71540
0.00112197 73000
0.00113399 74460
0.001146 75920
0.00115802 77380
0.00117004 78840
0.00118205 80300
0.00119407 81760
0.00120608 83220
0.0012181 84680
0.00123012 86140
0.00124213 87600
0.00125415 89060
0.00126617 90520
0.00127818 91980
0.0012902 93440
0.00130221 94900
0.00131423 96360
0.00132624 97820
0.00133826 99280
0.00135028 100740
0.00136229 102200
0.00137431 103660
0.00138632 105120
0.00139834 106580
0.00141036 108040
0.00142237 109500
0.00143439 110960
0.0014464 112420
0.00145842 113880
0.00147044 115340
0.00148245 116800
0.00149447 118260
0.00150648 119720
0.0015185 121180
0.00153052 122640
0.00154253 124100
0.00155455 125560
0.00156657 127020
0.00157858 128480
0.0015906 129940
0.00160261 131400
0.00161463 132860
0.00162664 134320
0.00163866 135780
0.00165068 137240
0.00166269 138700
0.00167471 140160
0.00168673 141620
0.00169874 143080
0.00171076 144540
0.00172277 146000
0.00173479 147460
0.0017468 148920
0.00175882 150380
0.00177084 151840
0.00178285 153300
0.00179487 154760
0.00180689 156220
0.0018189 157680
0.00183092 159140
0.00184293 160600
0.00185495 162060
0.00186696 163520
0.00187898 164980
0.001891 166440
0.00190301 167900
0.00191503 169360
0.00192705 170820
0.00193906 172280
0.00195108 173740
0.00196309 175200
0.00197511 176660
0.00198713 178120
0.00199914 179580
0.00201116 181040
0.00202317 182500
0.00203519 183960
0.0020472 185420
0.00205922 186880
0.00207124 188340
0.00208325 189800
0.00209527 191260
0.00210728 192720
0.0021193 194180
0.00213132 195640
0.00214333 197100
0.00215535 198560
0.00216737 200020
0.00217938 201480
0.0021914 202940
0.00220341 204400
0.00221543 205860
0.00222744 207320
0.00223946 208780
0.00225148 210240
0.00226349 211700
0.00227551 213160
0.00228752 214620
0.00229954 216080
0.00231156 217540
0.00232357 219000
0.00233559 220460
0.00234761 221920
0.00235962 223380
0.00237164 224840
0.00238365 226300
0.00239567 227760
0.00240769 229220
0.0024197 230680
0.00243172 232140
0.00244373 233600
0.00245575 235060
0.00246776 236520
0.00247978 237980
0.0024918 239440
0.00250381 240900
0.00251583 242360
0.00252784 243820
0.00253986 245280
0.00255188 246740
0.00256389 248200
0.00257591 249660
0.00258793 251120
0.00259994 252580
0.00261196 254040
0.00262397 255500
0.00263599 256960
0.00264801 258420
0.00266002 259880
0.00267204 261340
0.00268405 262800
0.00269607 264260
0.00270808 265720
0.0027201 267180
0.00273212 268640
0.00274413 270100
0.00275615 271560
0.00276816 273020
0.00278018 274480
0.0027922 275940
0.00280421 277400
0.00281623 278860
0.00282825 280320
0.00284026 281780
0.00285228 283240
0.00286429 284700
0.00287631 286160
0.00288832 287620
0.00290034 289080
0.00291236 290540
0.00292437 292000
0.00293639 293460
0.0029484 294920
0.00296042 296380
0.00297244 297840
0.00298445 299300
0.00299647 300760
0.00300848 302220
0.0030205 303680
0.00303252 305140
0.00304453 306600
0.00305655 308060
0.00306857 309520
0.00308058 310980
0.0030926 312440
0.00310461 313900
0.00311663 315360
0.00312865 316820
0.00314066 318280
0.00315268 319740
0.00316469 321200
0.00317671 322660
0.00318872 324120
0.00320074 325580
0.00321276 327040
0.00322477 328500
0.00323679 329960
0.00324881 331420
0.00326082 332880
0.00327284 334340
0.00328485 335800
0.00329687 337260
0.00330889 338720
0.0033209 340180
0.00333292 341640
0.00334493 343100
0.00335695 344560
0.00336896 346020
0.00338098 347480
0.003393 348940
0.00340501 350400
0.00341703 351860
0.00342904 353320
0.00344106 354780
0.00345308 356240
0.00346509 357700
0.00347711 359160
0.00348913 360620
0.00350114 362080
0.00351316 363540
0.00352517 365000
0.00353719 366460
0.00354921 367920
0.00356122 369380
0.00357324 370840
0.00358525 372300
0.00359727 373760
0.00360928 375220
0.0036213 376680
0.00363332 378140
0.00364533 379600
0.00365735 381060
0.00366936 382520
0.00368138 383980
0.0036934 385440
0.00370541 386900
0.00371743 388360
0.00372945 389820
0.00374146 391280
0.00375348 392740
0.00376549 394200
0.00377751 395660
0.00378953 397120
0.00380154 398580
0.00381356 400040
0.00382557 401500
0.00383759 402960
0.0038496 404420
0.00386162 405880
0.00387364 407340
0.00388565 408800
0.00389767 410260
0.00390968 411720
0.0039217 413180
0.00393372 414640
0.00394573 416100
0.00395775 417560
0.00396977 419020
0.00398178 420480
0.0039938 421940
0.00400581 423400
0.00401783 424860
0.00402984 426320
0.00404186 427780
0.00405388 429240
0.00406589 430700
0.00407791 432160
0.00408993 433620
0.00410194 435080
0.00411396 436540
0.00412597 438000
0.00413799 439460
0.00415001 440920
0.00416202 442380
0.00417404 443840
0.00418605 445300
0.00419807 446760
0.00421008 448220
0.0042221 449680
0.00423412 451140
0.00424613 452600
0.00425815 454060
0.00427017 455520
0.00428218 456980
0.0042942 458440
0.00430621 459900
0.00431823 461360
0.00433024 462820
0.00434226 464280
0.00435428 465740
0.00436629 467200
0.00437831 468660
0.00439032 470120
0.00440234 471580
0.00441436 473040
0.00442637 474500
0.00443839 475960
0.00445041 477420
0.00446242 478880
0.00447444 480340
0.00448645 481800
0.00449847 483260
0.00451048 484720
0.0045225 486180
0.00453452 487640
0.00454653 489100
0.00455855 490560
0.00457057 492020
0.00458258 493480
0.0045946 494940
0.00460661 496400
0.00461863 497860
0.00463065 499320
0.00464266 500780
0.00465468 502240
0.00466669 503700
0.00467871 505160
0.00469072 506620
0.00470274 508080
0.00471476 509540
0.00472677 511000
0.00473879 512460
0.00475081 513920
0.00476282 515380
0.00477484 516840
0.00478685 518300
0.00479887 519760
0.00481088 521220
0.0048229 522680
0.00483492 524140
0.00484693 525600
0.00485895 527060
0.00487096 528520
0.00488298 529980
0.004895 531440
0.00490701 532900
0.00491903 534360
0.00493105 535820
0.00494306 537280
0.00495508 538740
0.00496709 540200
0.00497911 541660
0.00499112 543120
0.00500314 544580
0.00501516 546040
0.00502717 547500
0.00503919 548960
0.0050512 550420
0.00506322 551880
0.00507524 553340
0.00508725 554800
0.00509927 556260
0.00511129 557720
0.0051233 559180
0.00513532 560640
0.00514733 562100
0.00515935 563560
0.00517136 565020
0.00518338 566480
0.0051954 567940
0.00520741 569400
0.00521943 570860
0.00523145 572320
0.00524346 573780
0.00525548 575240
0.00526749 576700
0.00527951 578160
0.00529153 579620
0.00530354 581080
0.00531556 582540
0.00532757 584000
0.00533959 585460
0.0053516 586920
0.00536362 588380
0.00537564 589840
0.00538765 591300
0.00539967 592760
0.00541169 594220
0.0054237 595680
0.00543572 597140
0.00544773 598600
0.00545975 600060
0.00547176 601520
0.00548378 602980
0.0054958 604440
0.00550781 605900
0.00551983 607360
0.00553184 608820
0.00554386 610280
0.00555588 611740
0.00556789 613200
0.00557991 614660
0.00559193 616120
0.00560394 617580
0.00561596 619040
0.00562797 620500
0.00563999 621960
0.005652 623420
0.00566402 624880
0.00567604 626340
0.00568805 627800
0.00570007 629260
0.00571209 630720
0.0057241 632180
0.00573612 633640
0.00574813 635100
0.00576015 636560
0.00577217 638020
0.00578418 639480
0.0057962 640940
0.00580821 642400
0.00582023 643860
0.00583224 645320
0.00584426 646780
0.00585628 648240
0.00586829 649700
0.00588031 651160
0.00589233 652620
0.00590434 654080
0.00591636 655540
0.00592837 657000
0.00594039 658460
0.00595241 659920
0.00596442 661380
0.00597644 662840
0.00598845 664300
0.00600047 665760
0.00601248 667220
0.0060245 668680
0.00603652 670140
0.00604853 671600
0.00606055 673060
0.00607257 674520
0.00608458 675980
0.0060966 677440
0.00610861 678900
0.00612063 680360
0.00613264 681820
0.00614466 683280
0.00615668 684740
0.00616869 686200
0.00618071 687660
0.00619272 689120
0.00620474 690580
0.00621676 692040
0.00622877 693500
0.00624079 694960
0.00625281 696420
0.00626482 697880
0.00627684 699340
0.00628885 700800
0.00630087 702260
0.00631288 703720
0.0063249 705180
0.00633692 706640
0.00634893 708100
0.00636095 709560
0.00637296 711020
0.00638498 712480
0.006397 713940
0.00640901 715400
0.00642103 716860
0.00643305 718320
0.00644506 719780
0.00645708 721240
0.00646909 722700
0.00648111 724160
0.00649312 725620
0.00650514 727080
0.00651716 728540
0.00652917 730000
0.00654119 731460
0.00655321 732920
0.00656522 734380
0.00657724 735840
0.00658925 737300
0.00660127 738760
0.00661328 740220
0.0066253 741680
0.00663732 743140
0.00664933 744600
0.00666135 746060
0.00667336 747520
0.00668538 748980
0.0066974 750440
0.00670941 751900
0.00672143 753360
0.00673345 754820
0.00674546 756280
0.00675748 757740
0.00676949 759200
0.00678151 760660
0.00679352 762120
0.00680554 763580
0.00681756 765040
0.00682957 766500
0.00684159 767960
0.0068536 769420
0.00686562 770880
0.00687764 772340
0.00688965 773800
0.00690167 775260
0.00691369 776720
0.0069257 778180
0.00693772 779640
0.00694973 781100
0.00696175 782560
0.00697376 784020
0.00698578 785480
0.0069978 786940
0.00700981 788400
0.00702183 789860
0.00703385 791320
0.00704586 792780
0.00705788 794240
0.00706989 795700
0.00708191 797160
0.00709393 798620
0.00710594 800080
0.00711796 801540
0.00712997 803000
0.00714199 804460
0.007154 805920
0.00716602 807380
0.00717804 808840
0.00719005 810300
0.00720207 811760
0.00721409 813220
0.0072261 814680
0.00723812 816140
0.00725013 817600
0.00726215 819060
0.00727416 820520
0.00728618 821980
0.0072982 823440
0.00731021 824900
0.00732223 826360
0.00733424 827820
0.00734626 829280
0.00735828 830740
0.00737029 832200
0.00738231 833660
0.00739433 835120
0.00740634 836580
0.00741836 838040
0.00743037 839500
0.00744239 840960
0.0074544 842420
0.00746642 843880
0.00747844 845340
0.00749045 846800
0.00750247 848260
0.00751448 849720
0.0075265 851180
0.00753852 852640
0.00755053 854100
0.00756255 855560
0.00757457 857020
0.00758658 858480
0.0075986 859940
0.00761061 861400
0.00762263 862860
0.00763464 864320
0.00764666 865780
0.00765868 867240
0.00767069 868700
0.00768271 870160
0.00769473 871620
0.00770674 873080
0.00771876 874540
0.00773077 876000
0.00774279 877460
0.00775481 878920
0.00776682 880380
0.00777884 881840
0.00779085 883300
0.00780287 884760
0.00781489 886220
0.0078269 887680
0.00783892 889140
0.00785093 890600
0.00786295 892060
0.00787496 893520
0.00788698 894980
0.007899 896440
0.00791101 897900
0.00792303 899360
0.00793504 900820
0.00794706 902280
0.00795908 903740
0.00797109 905200
0.00798311 906660
0.00799513 908120
0.00800714 909580
0.00801916 911040
0.00803117 912500
0.00804319 913960
0.0080552 915420
0.00806722 916880
0.00807924 918340
0.00809125 919800
0.00810327 921260
0.00811528 922720
0.0081273 924180
0.00813932 925640
0.00815133 927100
0.00816335 928560
0.00817537 930020
0.00818738 931480
0.0081994 932940
0.00821141 934400
0.00822343 935860
0.00823544 937320
0.00824746 938780
0.00825948 940240
0.00827149 941700
0.00828351 943160
0.00829552 944620
0.00830754 946080
0.00831956 947540
0.00833157 949000
0.00834359 950460
0.00835561 951920
0.00836762 953380
0.00837964 954840
0.00839165 956300
0.00840367 957760
0.00841568 959220
0.0084277 960680
0.00843972 962140
0.00845173 963600
0.00846375 965060
0.00847576 966520
0.00848778 967980
0.0084998 969440
0.00851181 970900
0.00852383 972360
0.00853585 973820
0.00854786 975280
0.00855988 976740
0.00857189 978200
0.00858391 979660
0.00859593 981120
0.00860794 982580
0.00861996 984040
0.00863197 985500
0.00864399 986960
0.008656 988420
0.00866802 989880
0.00868004 991340
0.00869205 992800
0.00870407 994260
0.00871609 995720
0.0087281 997180
0.00874012 998640
0.00875213 1000100
0.00876415 1001560
0.00877617 1003020
0.00878818 1004480
0.0088002 1005940
0.00881221 1007400
0.00882423 1008860
0.00883624 1010320
0.00884826 1011780
0.00886028 1013240
0.00887229 1014700
0.00888431 1016160
0.00889633 1017620
0.00890834 1019080
0.00892036 1020540
0.00893237 1022000
0.00894439 1023460
0.00895641 1024920
0.00896842 1026380
0.00898044 1027840
0.00899245 1029300
0.00900447 1030760
0.00901648 1032220
0.0090285 1033680
0.00904052 1035140
0.00905253 1036600
0.00906455 1038060
0.00907656 1039520
0.00908858 1040980
0.0091006 1042440
0.00911261 1043900
0.00912463 1045360
0.00913665 1046820
0.00914866 1048280
0.00916068 1049740
0.00917269 1051200
0.00918471 1052660
0.00919672 1054120
0.00920874 1055580
0.00922076 1057040
0.00923277 1058500
0.00924479 1059960
0.0092568 1061420
0.00926882 1062880
0.00928084 1064340
0.00929285 1065800
0.00930487 1067260
0.00931689 1068720
0.0093289 1070180
0.00934092 1071640
0.00935293 1073100
0.00936495 1074560
0.00937696 1076020
0.00938898 1077480
0.009401 1078940
0.00941301 1080400
0.00942503 1081860
0.00943704 1083320
0.00944906 1084780
0.00946108 1086240
0.00947309 1087700
0.00948511 1089160
0.00949713 1090620
0.00950914 1092080
0.00952116 1093540
0.00953317 1095000
0.00954519 1096460
0.0095572 1097920
0.00956922 1099380
0.00958124 1100840
0.00959325 1102300
0.00960527 1103760
0.00961728 1105220
0.0096293 1106680
0.00964132 1108140
0.00965333 1109600
0.00966535 1111060
0.00967737 1112520
0.00968938 1113980
0.0097014 1115440
0.00971341 1116900
0.00972543 1118360
0.00973745 1119820
0.00974946 1121280
0.00976148 1122740
0.00977349 1124200
0.00978551 1125660
0.00979752 1127120
0.00980954 1128580
0.00982156 1130040
0.00983357 1131500
0.00984559 1132960
0.00985761 1134420
0.00986962 1135880
0.00988164 1137340
0.00989365 1138800
0.00990567 1140260
0.00991769 1141720
0.0099297 1143180
0.00994172 1144640
0.00995373 1146100
0.00996575 1147560
0.00997776 1149020
0.00998978 1150480
0.0100018 1151940
0.0100138 1153400
0.0100258 1154860
0.0100378 1156320
0.0100499 1157780
0.0100619 1159240
0.0100739 1160700
0.0100859 1162160
0.0100979 1163620
0.0101099 1165080
0.010122 1166540
0.010134 1168000
0.010146 1169460
0.010158 1170920
0.01017 1172380
0.010182 1173840
0.0101941 1175300
0.0102061 1176760
0.0102181 1178220
0.0102301 1179680
0.0102421 1181140
0.0102541 1182600
0.0102661 1184060
0.0102782 1185520
0.0102902 1186980
0.0103022 1188440
0.0103142 1189900
0.0103262 1191360
0.0103382 1192820
0.0103503 1194280
0.0103623 1195740
0.0103743 1197200
0.0103863 1198660
0.0103983 1200120
0.0104103 1201580
0.0104224 1203040
0.0104344 1204500
0.0104464 1205960
0.0104584 1207420
0.0104704 1208880
0.0104824 1210340
0.0104945 1211800
0.0105065 1213260
0.0105185 1214720
0.0105305 1216180
0.0105425 1217640
0.0105545 1219100
0.0105665 1220560
0.0105786 1222020
0.0105906 1223480
0.0106026 1224940
0.0106146 1226400
0.0106266 1227860
0.0106386 1229320
0.0106507 1230780
0.0106627 1232240
0.0106747 1233700
0.0106867 1235160
0.0106987 1236620
0.0107107 1238080
0.0107228 1239540
0.0107348 1241000
0.0107468 1242460
0.0107588 1243920
0.0107708 1245380
0.0107828 1246840
0.0107949 1248300
0.0108069 1249760
0.0108189 1251220
0.0108309 1252680
0.0108429 1254140
0.0108549 1255600
0.0108669 1257060
0.010879 1258520
0.010891 1259980
0.010903 1261440
0.010915 1262900
0.010927 1264360
0.010939 1265820
0.0109511 1267280
0.0109631 1268740
0.0109751 1270200
0.0109871 1271660
0.0109991 1273120
0.0110111 1274580
0.0110232 1276040
0.0110352 1277500
0.0110472 1278960
0.0110592 1280420
0.0110712 1281880
0.0110832 1283340
0.0110953 1284800
0.0111073 1286260
0.0111193 1287720
0.0111313 1289180
0.0111433 1290640
0.0111553 1292100
0.0111673 1293560
0.0111794 1295020
0.0111914 1296480
0.0112034 1297940
0.0112154 1299400
0.0112274 1300860
0.0112394 1302320
0.0112515 1303780
0.0112635 1305240
0.0112755 1306700
0.0112875 1308160
0.0112995 1309620
0.0113115 1311080
0.0113236 1312540
0.0113356 1314000
0.0113476 1315460
0.0113596 1316920
0.0113716 1318380
0.0113836 1319840
0.0113957 1321300
0.0114077 1322760
0.0114197 1324220
0.0114317 1325680
0.0114437 1327140
0.0114557 1328600
0.0114677 1330060
0.0114798 1331520
0.0114918 1332980
0.0115038 1334440
0.0115158 1335900
0.0115278 1337360
0.0115398 1338820
0.0115519 1340280
0.0115639 1341740
0.0115759 1343200
0.0115879 1344660
0.0115999 1346120
0.0116119 1347580
0.011624 1349040
0.011636 1350500
0.011648 1351960
0.01166 1353420
0.011672 1354880
0.011684 1356340
0.0116961 1357800
0.0117081 1359260
0.0117201 1360720
0.0117321 1362180
0.0117441 1363640
0.0117561 1365100
0.0117681 1366560
0.0117802 1368020
0.0117922 1369480
0.0118042 1370940
0.0118162 1372400
0.0118282 1373860
0.0118402 1375320
0.0118523 1376780
0.0118643 1378240
0.0118763 1379700
0.0118883 1381160
0.0119003 1382620
0.0119123 1384080
0.0119244 1385540
0.0119364 1387000
0.0119484 1388460
0.0119604 1389920
0.0119724 1391380
0.0119844 1392840
0.0119965 1394300
0.0120085 1395760
0.0120205 1397220
0.0120325 1398680
0.0120445 1400140
0.0120565 1401600
0.0120685 1403060
0.0120806 1404520
0.0120926 1405980
0.0121046 1407440
0.0121166 1408900
0.0121286 1410360
0.0121406 1411820
0.0121527 1413280
0.0121647 1414740
0.0121767 1416200
0.0121887 1417660
0.0122007 1419120
0.0122127 1420580
0.0122248 1422040
0.0122368 1423500
0.0122488 1424960
0.0122608 1426420
0.0122728 1427880
0.0122848 1429340
0.0122969 1430800
0.0123089 1432260
0.0123209 1433720
0.0123329 1435180
0.0123449 1436640
0.0123569 1438100
0.0123689 1439560
0.012381 1441020
0.012393 1442480
0.012405 1443940
0.012417 1445400
0.012429 1446860
0.012441 1448320
0.0124531 1449780
0.0124651 1451240
0.0124771 1452700
0.0124891 1454160
0.0125011 1455620
0.0125131 1457080
0.0125252 1458540
0.0125372 1460000
0.0125492 1461460
0.0125612 1462920
0.0125732 1464380
0.0125852 1465840
0.0125973 1467300
0.0126093 1468760
0.0126213 1470220
0.0126333 1471680
0.0126453 1473140
0.0126573 1474600
0.0126693 1476060
0.0126814 1477520
0.0126934 1478980
0.0127054 1480440
0.0127174 1481900
0.0127294 1483360
0.0127414 1484820
0.0127535 1486280
0.0127655 1487740
0.0127775 1489200
0.0127895 1490660
0.0128015 1492120
0.0128135 1493580
0.0128256 1495040
0.0128376 1496500
0.0128496 1497960
0.0128616 1499420
0.0128736 1500880
0.0128856 1502340
0.0128977 1503800
0.0129097 1505260
0.0129217 1506720
0.0129337 1508180
0.0129457 1509640
0.0129577 1511100
0.0129697 1512560
0.0129818 1514020
0.0129938 1515480
0.0130058 1516940
0.0130178 1518400
0.0130298 1519860
0.0130418 1521320
0.0130539 1522780
0.0130659 1524240
0.0130779 1525700
0.0130899 1527160
0.0131019 1528620
0.0131139 1530080
0.013126 1531540
0.013138 1533000
0.01315 1534460
0.013162 1535920
0.013174 1537380
0.013186 1538840
0.0131981 1540300
0.0132101 1541760
0.0132221 1543220
0.0132341 1544680
0.0132461 1546140
0.0132581 1547600
0.0132701 1549060
0.0132822 1550520
0.0132942 1551980
0.0133062 1553440
0.0133182 1554900
0.0133302 1556360
0.0133422 1557820
0.0133543 1559280
0.0133663 1560740
0.0133783 1562200
0.0133903 1563660
0.0134023 1565120
0.0134143 1566580
0.0134264 1568040
0.0134384 1569500
0.0134504 1570960
0.0134624 1572420
0.0134744 1573880
0.0134864 1575340
0.0134985 1576800
0.0135105 1578260
0.0135225 1579720
0.0135345 1581180
0.0135465 1582640
0.0135585 1584100
0.0135705 1585560
0.0135826 1587020
0.0135946 1588480
0.0136066 1589940
0.0136186 1591400
0.0136306 1592860
0.0136426 1594320
0.0136547 1595780
0.0136667 1597240
0.0136787 1598700
0.0136907 1600160
0.0137027 1601620
0.0137147 1603080
0.0137268 1604540
0.0137388 1606000
0.0137508 1607460
0.0137628 1608920
0.0137748 1610380
0.0137868 1611840
0.0137989 1613300
0.0138109 1614760
0.0138229 1616220
0.0138349 1617680
0.0138469 1619140
0.0138589 1620600
0.0138709 1622060
0.013883 1623520
0.013895 1624980
0.013907 1626440
0.013919 1627900
0.013931 1629360
0.013943 1630820
0.0139551 1632280
0.0139671 1633740
0.0139791 1635200
0.0139911 1636660
0.0140031 1638120
0.0140151 1639580
0.0140272 1641040
0.0140392 1642500
0.0140512 1643960
0.0140632 1645420
0.0140752 1646880
0.0140872 1648340
0.0140993 1649800
0.0141113 1651260
0.0141233 1652720
0.0141353 1654180
0.0141473 1655640
0.0141593 1657100
0.0141713 1658560
0.0141834 1660020
0.0141954 1661480
0.0142074 1662940
0.0142194 1664400
0.0142314 1665860
0.0142434 1667320
0.0142555 1668780
0.0142675 1670240
0.0142795 1671700
0.0142915 1673160
0.0143035 1674620
0.0143155 1676080
0.0143276 1677540
0.0143396 1679000
0.0143516 1680460
0.0143636 1681920
0.0143756 1683380
0.0143876 1684840
0.0143997 1686300
0.0144117 1687760
0.0144237 1689220
0.0144357 1690680
0.0144477 1692140
0.0144597 1693600
0.0144717 1695060
0.0144838 1696520
0.0144958 1697980
0.0145078 1699440
0.0145198 1700900
0.0145318 1702360
0.0145438 1703820
0.0145559 1705280
0.0145679 1706740
0.0145799 1708200
0.0145919 1709660
0.0146039 1711120
0.0146159 1712580
0.014628 1714040
0.01464 1715500
0.014652 1716960
0.014664 1718420
0.014676 1719880
0.014688 1721340
0.0147001 1722800
0.0147121 1724260
0.0147241 1725720
0.0147361 1727180
0.0147481 1728640
0.0147601 1730100
0.0147721 1731560
0.0147842 1733020
0.0147962 1734480
0.0148082 1735940
0.0148202 1737400
0.0148322 1738860
0.0148442 1740320
0.0148563 1741780
0.0148683 1743240
0.0148803 1744700
0.0148923 1746160
0.0149043 1747620
0.0149163 1749080
0.0149284 1750540
0.0149404 1752000
0.0149524 1753460
0.0149644 1754920
0.0149764 1756380
0.0149884 1757840
0.0150005 1759300
0.0150125 1760760
0.0150245 1762220
0.0150365 1763680
0.0150485 1765140
0.0150605 1766600
0.0150725 1768060
0.0150846 1769520
0.0150966 1770980
0.0151086 1772440
0.0151206 1773900
0.0151326 1775360
0.0151446 1776820
0.0151567 1778280
0.0151687 1779740
0.0151807 1781200
0.0151927 1782660
0.0152047 1784120
0.0152167 1785580
0.0152288 1787040
0.0152408 1788500
0.0152528 1789960
0.0152648 1791420
0.0152768 1792880
0.0152888 1794340
0.0153009 1795800
0.0153129 1797260
0.0153249 1798720
0.0153369 1800180
0.0153489 1801640
0.0153609 1803100
0.0153729 1804560
0.015385 1806020
0.015397 1807480
0.015409 1808940
0.015421 1810400
0.015433 1811860
0.015445 1813320
0.0154571 1814780
0.0154691 1816240
0.0154811 1817700
0.0154931 1819160
0.0155051 1820620
0.0155171 1822080
0.0155292 1823540
0.0155412 1825000
0.0155532 1826460
0.0155652 1827920
0.0155772 1829380
0.0155892 1830840
0.0156013 1832300
0.0156133 1833760
0.0156253 1835220
0.0156373 1836680
0.0156493 1838140
0.0156613 1839600
0.0156733 1841060
0.0156854 1842520
0.0156974 1843980
0.0157094 1845440
0.0157214 1846900
0.0157334 1848360
0.0157454 1849820
0.0157575 1851280
0.0157695 1852740
0.0157815 1854200
0.0157935 1855660
0.0158055 1857120
0.0158175 1858580
0.0158296 1860040
0.0158416 1861500
0.0158536 1862960
0.0158656 1864420
0.0158776 1865880
0.0158896 1867340
0.0159017 1868800
0.0159137 1870260
0.0159257 1871720
0.0159377 1873180
0.0159497 1874640
0.0159617 1876100
0.0159737 1877560
0.0159858 1879020
0.0159978 1880480
0.0160098 1881940
0.0160218 1883400
0.0160338 1884860
0.0160458 1886320
0.0160579 1887780
0.0160699 1889240
0.0160819 1890700
0.0160939 1892160
0.0161059 1893620
0.0161179 1895080
0.01613 1896540
0.016142 1898000
0.016154 1899460
0.016166 1900920
0.016178 1902380
0.01619 1903840
0.0162021 1905300
0.0162141 1906760
0.0162261 1908220
0.0162381 1909680
0.0162501 1911140
0.0162621 1912600
0.0162741 1914060
0.0162862 1915520
0.0162982 1916980
0.0163102 1918440
0.0163222 1919900
0.0163342 1921360
0.0163462 1922820
0.0163583 1924280
0.0163703 1925740
0.0163823 1927200
0.0163943 1928660
0.0164063 1930120
0.0164183 1931580
0.0164304 1933040
0.0164424 1934500
0.0164544 1935960
0.0164664 1937420
0.0164784 1938880
0.0164904 1940340
0.0165025 1941800
0.0165145 1943260
0.0165265 1944720
0.0165385 1946180
0.0165505 1947640
0.0165625 1949100
0.0165745 1950560
0.0165866 1952020
0.0165986 1953480
0.0166106 1954940
0.0166226 1956400
0.0166346 1957860
0.0166466 1959320
0.0166587 1960780
0.0166707 1962240
0.0166827 1963700
0.0166947 1965160
0.0167067 1966620
0.0167187 1968080
0.0167308 1969540
0.0167428 1971000
0.0167548 1972460
0.0167668 1973920
0.0167788 1975380
0.0167908 1976840
0.0168029 1978300
0.0168149 1979760
0.0168269 1981220
0.0168389 1982680
0.0168509 1984140
0.0168629 1985600
0.0168749 1987060
0.016887 1988520
0.016899 1989980
0.016911 1991440
0.016923 1992900
0.016935 1994360
0.016947 1995820
0.0169591 1997280
0.0169711 1998740
0.0169831 2000200
0.0169951 2001660
0.0170071 2003120
0.0170191 2004580
0.0170312 2006040
0.0170432 2007500
0.0170552 2008960
0.0170672 2010420
0.0170792 2011880
0.0170912 2013340
0.0171033 2014800
0.0171153 2016260
0.0171273 2017720
0.0171393 2019180
0.0171513 2020640
0.0171633 2022100
0.0171753 2023560
0.0171874 2025020
0.0171994 2026480
0.0172114 2027940
0.0172234 2029400
0.0172354 2030860
0.0172474 2032320
0.0172595 2033780
0.0172715 2035240
0.0172835 2036700
0.0172955 2038160
0.0173075 2039620
0.0173195 2041080
0.0173316 2042540
0.0173436 2044000
0.0173556 2045460
0.0173676 2046920
0.0173796 2048380
0.0173916 2049840
0.0174037 2051300
0.0174157 2052760
0.0174277 2054220
0.0174397 2055680
0.0174517 2057140
0.0174637 2058600
0.0174757 2060060
0.0174878 2061520
0.0174998 2062980
0.0175118 2064440
0.0175238 2065900
0.0175358 2067360
0.0175478 2068820
0.0175599 2070280
0.0175719 2071740
0.0175839 2073200
0.0175959 2074660
0.0176079 2076120
0.0176199 2077580
0.017632 2079040
0.017644 2080500
0.017656 2081960
0.017668 2083420
0.01768 2084880
0.017692 2086340
0.0177041 2087800
0.0177161 2089260
0.0177281 2090720
0.0177401 2092180
0.0177521 2093640
0.0177641 2095100
0.0177761 2096560
0.0177882 2098020
0.0178002 2099480
0.0178122 2100940
0.0178242 2102400
0.0178362 2103860
0.0178482 2105320
0.0178603 2106780
0.0178723 2108240
0.0178843 2109700
0.0178963 2111160
0.0179083 2112620
0.0179203 2114080
0.0179324 2115540
0.0179444 2117000
0.0179564 2118460
0.0179684 2119920
0.0179804 2121380
0.0179924 2122840
0.0180045 2124300
0.0180165 2125760
0.0180285 2127220
0.0180405 2128680
0.0180525 2130140
0.0180645 2131600
0.0180765 2133060
0.0180886 2134520
0.0181006 2135980
0.0181126 2137440
0.0181246 2138900
0.0181366 2140360
0.0181486 2141820
0.0181607 2143280
0.0181727 2144740
0.0181847 2146200
0.0181967 2147660
0.0182087 2149120
0.0182207 2150580
0.0182328 2152040
0.0182448 2153500
0.0182568 2154960
0.0182688 2156420
0.0182808 2157880
0.0182928 2159340
0.0183049 2160800
0.0183169 2162260
0.0183289 2163720
0.0183409 2165180
0.0183529 2166640
0.0183649 2168100
0.0183769 2169560
0.018389 2171020
0.018401 2172480
0.018413 2173940
0.018425 2175400
0.018437 2176860
0.018449 2178320
0.0184611 2179780
0.0184731 2181240
0.0184851 2182700
0.0184971 2184160
0.0185091 2185620
0.0185211 2187080
0.0185332 2188540
0.0185452 2190000
0.0185572 2191460
0.0185692 2192920
0.0185812 2194380
0.0185932 2195840
0.0186053 2197300
0.0186173 2198760
0.0186293 2200220
0.0186413 2201680
0.0186533 2203140
0.0186653 2204600
0.0186773 2206060
0.0186894 2207520
0.0187014 2208980
0.0187134 2210440
0.0187254 2211900
0.0187374 2213360
0.0187494 2214820
0.0187615 2216280
0.0187735 2217740
0.0187855 2219200
0.0187975 2220660
0.0188095 2222120
0.0188215 2223580
0.0188336 2225040
0.0188456 2226500
0.0188576 2227960
0.0188696 2229420
0.0188816 2230880
0.0188936 2232340
0.0189057 2233800
0.0189177 2235260
0.0189297 2236720
0.0189417 2238180
0.0189537 2239640
0.0189657 2241100
0.0189777 2242560
0.0189898 2244020
0.0190018 2245480
0.0190138 2246940
0.0190258 2248400
0.0190378 2249860
0.0190498 2251320
0.0190619 2252780
0.0190739 2254240
0.0190859 2255700
0.0190979 2257160
0.0191099 2258620
0.0191219 2260080
0.019134 2261540
0.019146 2263000
0.019158 2264460
0.01917 2265920
0.019182 2267380
0.019194 2268840
0.0192061 2270300
0.0192181 2271760
0.0192301 2273220
0.0192421 2274680
0.0192541 2276140
0.0192661 2277600
0.0192781 2279060
0.0192902 2280520
0.0193022 2281980
0.0193142 2283440
0.0193262 2284900
0.0193382 2286360
0.0193502 2287820
0.0193623 2289280
0.0193743 2290740
0.0193863 2292200
0.0193983 2293660
0.0194103 2295120
0.0194223 2296580
0.0194344 2298040
0.0194464 2299500
0.0194584 2300960
0.0194704 2302420
0.0194824 2303880
0.0194944 2305340
0.0195065 2306800
0.0195185 2308260
0.0195305 2309720
0.0195425 2311180
0.0195545 2312640
0.0195665 2314100
0.0195785 2315560
0.0195906 2317020
0.0196026 2318480
0.0196146 2319940
0.0196266 2321400
0.0196386 2322860
0.0196506 2324320
0.0196627 2325780
0.0196747 2327240
0.0196867 2328700
0.0196987 2330160
0.0197107 2331620
0.0197227 2333080
0.0197348 2334540
0.0197468 2336000
0.0197588 2337460
0.0197708 2338920
0.0197828 2340380
0.0197948 2341840
0.0198069 2343300
0.0198189 2344760
0.0198309 2346220
0.0198429 2347680
0.0198549 2349140
0.0198669 2350600
0.0198789 2352060
0.019891 2353520
0.019903 2354980
0.019915 2356440
0.019927 2357900
0.019939 2359360
0.019951 2360820
0.0199631 2362280
0.0199751 2363740
0.0199871 2365200
0.0199991 2366660
0.0200111 2368120
0.0200231 2369580
0.0200352 2371040
0.0200472 2372500
0.0200592 2373960
0.0200712 2375420
0.0200832 2376880
0.0200952 2378340
0.0201073 2379800
0.0201193 2381260
0.0201313 2382720
0.0201433 2384180
0.0201553 2385640
0.0201673 2387100
0.0201793 2388560
0.0201914 2390020
0.0202034 2391480
0.0202154 2392940
0.0202274 2394400
0.0202394 2395860
0.0202514 2397320
0.0202635 2398780
0.0202755 2400240
0.0202875 2401700
0.0202995 2403160
0.0203115 2404620
0.0203235 2406080
0.0203356 2407540
0.0203476 2409000
0.0203596 2410460
0.0203716 2411920
0.0203836 2413380
0.0203956 2414840
0.0204077 2416300
0.0204197 2417760
0.0204317 2419220
0.0204437 2420680
0.0204557 2422140
0.0204677 2423600
0.0204797 2425060
0.0204918 2426520
0.0205038 2427980
0.0205158 2429440
0.0205278 2430900
0.0205398 2432360
0.0205518 2433820
0.0205639 2435280
0.0205759 2436740
0.0205879 2438200
0.0205999 2439660
0.0206119 2441120
0.0206239 2442580
0.020636 2444040
0.020648 2445500
0.02066 2446960
0.020672 2448420
0.020684 2449880
0.020696 2451340
0.0207081 2452800
0.0207201 2454260
0.0207321 2455720
0.0207441 2457180
0.0207561 2458640
0.0207681 2460100
0.0207801 2461560
0.0207922 2463020
0.0208042 2464480
0.0208162 2465940
0.0208282 2467400
0.0208402 2468860
0.0208522 2470320
0.0208643 2471780
0.0208763 2473240
0.0208883 2474700
0.0209003 2476160
0.0209123 2477620
0.0209243 2479080
0.0209364 2480540
0.0209484 2482000
0.0209604 2483460
0.0209724 2484920
0.0209844 2486380
0.0209964 2487840
0.0210085 2489300
0.0210205 2490760
0.0210325 2492220
0.0210445 2493680
0.0210565 2495140
0.0210685 2496600
0.0210805 2498060
0.0210926 2499520
0.0211046 2500980
0.0211166 2502440
0.0211286 2503900
0.0211406 2505360
0.0211526 2506820
0.0211647 2508280
0.0211767 2509740
0.0211887 2511200
0.0212007 2512660
0.0212127 2514120
0.0212247 2515580
0.0212368 2517040
0.0212488 2518500
0.0212608 2519960
0.0212728 2521420
0.0212848 2522880
0.0212968 2524340
0.0213089 2525800
0.0213209 2527260
0.0213329 2528720
0.0213449 2530180
0.0213569 2531640
0.0213689 2533100
0.0213809 2534560
0.021393 2536020
0.021405 2537480
0.021417 2538940
0.021429 2540400
0.021441 2541860
0.021453 2543320
0.0214651 2544780
0.0214771 2546240
0.0214891 2547700
0.0215011 2549160
0.0215131 2550620
0.0215251 2552080
0.0215372 2553540
0.0215492 2555000
0.0215612 2556460
0.0215732 2557920
0.0215852 2559380
0.0215972 2560840
0.0216093 2562300
0.0216213 2563760
0.0216333 2565220
0.0216453 2566680
0.0216573 2568140
0.0216693 2569600
0.0216813 2571060
0.0216934 2572520
0.0217054 2573980
0.0217174 2575440
0.0217294 2576900
0.0217414 2578360
0.0217534 2579820
0.0217655 2581280
0.0217775 2582740
0.0217895 2584200
0.0218015 2585660
0.0218135 2587120
0.0218255 2588580
0.0218376 2590040
0.0218496 2591500
0.0218616 2592960
0.0218736 2594420
0.0218856 2595880
0.0218976 2597340
0.0219097 2598800
0.0219217 2600260
0.0219337 2601720
0.0219457 2603180
0.0219577 2604640
0.0219697 2606100
0.0219817 2607560
0.0219938 2609020
0.0220058 2610480
0.0220178 2611940
0.0220298 2613400
0.0220418 2614860
0.0220538 2616320
0.0220659 2617780
0.0220779 2619240
0.0220899 2620700
0.0221019 2622160
0.0221139 2623620
0.0221259 2625080
0.022138 2626540
0.02215 2628000
0.022162 2629460
0.022174 2630920
0.022186 2632380
0.022198 2633840
0.0222101 2635300
0.0222221 2636760
0.0222341 2638220
0.0222461 2639680
0.0222581 2641140
0.0222701 2642600
0.0222821 2644060
0.0222942 2645520
0.0223062 2646980
0.0223182 2648440
0.0223302 2649900
0.0223422 2651360
0.0223542 2652820
0.0223663 2654280
0.0223783 2655740
0.0223903 2657200
0.0224023 2658660
0.0224143 2660120
0.0224263 2661580
0.0224384 2663040
0.0224504 2664500
0.0224624 2665960
0.0224744 2667420
0.0224864 2668880
0.0224984 2670340
0.0225105 2671800
0.0225225 2673260
0.0225345 2674720
0.0225465 2676180
0.0225585 2677640
0.0225705 2679100
0.0225825 2680560
0.0225946 2682020
0.0226066 2683480
0.0226186 2684940
0.0226306 2686400
0.0226426 2687860
0.0226546 2689320
0.0226667 2690780
0.0226787 2692240
0.0226907 2693700
0.0227027 2695160
0.0227147 2696620
0.0227267 2698080
0.0227388 2699540
0.0227508 2701000
0.0227628 2702460
0.0227748 2703920
0.0227868 2705380
0.0227988 2706840
0.0228109 2708300
0.0228229 2709760
0.0228349 2711220
0.0228469 2712680
0.0228589 2714140
0.0228709 2715600
0.0228829 2717060
0.022895 2718520
0.022907 2719980
0.022919 2721440
0.022931 2722900
0.022943 2724360
0.022955 2725820
0.0229671 2727280
0.0229791 2728740
0.0229911 2730200
0.0230031 2731660
0.0230151 2733120
0.0230271 2734580
0.0230392 2736040
0.0230512 2737500
0.0230632 2738960
0.0230752 2740420
0.0230872 2741880
0.0230992 2743340
0.0231113 2744800
0.0231233 2746260
0.0231353 2747720
0.0231473 2749180
0.0231593 2750640
0.0231713 2752100
0.0231833 2753560
0.0231954 2755020
0.0232074 2756480
0.0232194 2757940
0.0232314 2759400
0.0232434 2760860
0.0232554 2762320
0.0232675 2763780
0.0232795 2765240
0.0232915 2766700
0.0233035 2768160
0.0233155 2769620
0.0233275 2771080
0.0233396 2772540
0.0233516 2774000
0.0233636 2775460
0.0233756 2776920
0.0233876 2778380
0.0233996 2779840
0.0234117 2781300
0.0234237 2782760
0.0234357 2784220
0.0234477 2785680
0.0234597 2787140
0.0234717 2788600
0.0234837 2790060
0.0234958 2791520
0.0235078 2792980
0.0235198 2794440
0.0235318 2795900
0.0235438 2797360
0.0235558 2798820
0.0235679 2800280
0.0235799 2801740
0.0235919 2803200
0.0236039 2804660
0.0236159 2806120
0.0236279 2807580
0.02364 2809040
0.023652 2810500
0.023664 2811960
0.023676 2813420
0.023688 2814880
0.0237 2816340
0.0237121 2817800
0.0237241 2819260
0.0237361 2820720
0.0237481 2822180
0.0237601 2823640
0.0237721 2825100
0.0237841 2826560
0.0237962 2828020
0.0238082 2829480
0.0238202 2830940
0.0238322 2832400
0.0238442 2833860
0.0238562 2835320
0.0238683 2836780
0.0238803 2838240
0.0238923 2839700
0.0239043 2841160
0.0239163 2842620
0.0239283 2844080
0.0239404 2845540
0.0239524 2847000
0.0239644 2848460
0.0239764 2849920
0.0239884 2851380
0.0240004 2852840
0.0240125 2854300
0.0240245 2855760
0.0240365 2857220
0.0240485 2858680
0.0240605 2860140
0.0240725 2861600
0.0240845 2863060
0.0240966 2864520
0.0241086 2865980
0.0241206 2867440
0.0241326 2868900
0.0241446 2870360
0.0241566 2871820
0.0241687 2873280
0.0241807 2874740
0.0241927 2876200
0.0242047 2877660
0.0242167 2879120
0.0242287 2880580
0.0242408 2882040
0.0242528 2883500
0.0242648 2884960
0.0242768 2886420
0.0242888 2887880
0.0243008 2889340
0.0243129 2890800
0.0243249 2892260
0.0243369 2893720
0.0243489 2895180
0.0243609 2896640
0.0243729 2898100
0.0243849 2899560
0.024397 2901020
0.024409 2902480
0.024421 2903940
0.024433 2905400
0.024445 2906860
0.024457 2908320
0.0244691 2909780
0.0244811 2911240
0.0244931 2912700
0.0245051 2914160
0.0245171 2915620
0.0245291 2917080
0.0245412 2918540
0.0245532 2920000
0.0245652 2921460
0.0245772 2922920
0.0245892 2924380
0.0246012 2925840
0.0246133 2927300
0.0246253 2928760
0.0246373 2930220
0.0246493 2931680
0.0246613 2933140
0.0246733 2934600
0.0246853 2936060
0.0246974 2937520
0.0247094 2938980
0.0247214 2940440
0.0247334 2941900
0.0247454 2943360
0.0247574 2944820
0.0247695 2946280
0.0247815 2947740
0.0247935 2949200
0.0248055 2950660
0.0248175 2952120
0.0248295 2953580
0.0248416 2955040
0.0248536 2956500
0.0248656 2957960
0.0248776 2959420
0.0248896 2960880
0.0249016 2962340
0.0249137 2963800
0.0249257 2965260
0.0249377 2966720
0.0249497 2968180
0.0249617 2969640
0.0249737 2971100
0.0249857 2972560
0.0249978 2974020
0.0250098 2975480
0.0250218 2976940
0.0250338 2978400
0.0250458 2979860
0.0250578 2981320
0.0250699 2982780
0.0250819 2984240
0.0250939 2985700
0.0251059 2987160
0.0251179 2988620
0.0251299 2990080
0.025142 2991540
0.025154 2993000
0.025166 2994460
0.025178 2995920
0.02519 2997380
0.025202 2998840
0.0252141 3000300
0.0252261 3001760
0.0252381 3003220
0.0252501 3004680
0.0252621 3006140
0.0252741 3007600
0.0252861 3009060
0.0252982 3010520
0.0253102 3011980
0.0253222 3013440
0.0253342 3014900
0.0253462 3016360
0.0253582 3017820
0.0253703 3019280
0.0253823 3020740
0.0253943 3022200
0.0254063 3023660
0.0254183 3025120
0.0254303 3026580
0.0254424 3028040
0.0254544 3029500
0.0254664 3030960
0.0254784 3032420
0.0254904 3033880
0.0255024 3035340
0.0255145 3036800
0.0255265 3038260
0.0255385 3039720
0.0255505 3041180
0.0255625 3042640
0.0255745 3044100
0.0255865 3045560
0.0255986 3047020
0.0256106 3048480
0.0256226 3049940
0.0256346 3051400
0.0256466 3052860
0.0256586 3054320
0.0256707 3055780
0.0256827 3057240
0.0256947 3058700
0.0257067 3060160
0.0257187 3061620
0.0257307 3063080
0.0257428 3064540
0.0257548 3066000
0.0257668 3067460
0.0257788 3068920
0.0257908 3070380
0.0258028 3071840
0.0258149 3073300
0.0258269 3074760
0.0258389 3076220
0.0258509 3077680
0.0258629 3079140
0.0258749 3080600
0.0258869 3082060
0.025899 3083520
0.025911 3084980
0.025923 3086440
0.025935 3087900
0.025947 3089360
0.025959 3090820
0.0259711 3092280
0.0259831 3093740
0.0259951 3095200
0.0260071 3096660
0.0260191 3098120
0.0260311 3099580
0.0260432 3101040
0.0260552 3102500
0.0260672 3103960
0.0260792 3105420
0.0260912 3106880
0.0261032 3108340
0.0261153 3109800
0.0261273 3111260
0.0261393 3112720
0.0261513 3114180
0.0261633 3115640
0.0261753 3117100
0.0261873 3118560
0.0261994 3120020
0.0262114 3121480
0.0262234 3122940
0.0262354 3124400
0.0262474 3125860
0.0262594 3127320
0.0262715 3128780
0.0262835 3130240
0.0262955 3131700
0.0263075 3133160
0.0263195 3134620
0.0263315 3136080
0.0263436 3137540
0.0263556 3139000
0.0263676 3140460
0.0263796 3141920
0.0263916 3143380
0.0264036 3144840
0.0264157 3146300
0.0264277 3147760
0.0264397 3149220
0.0264517 3150680
0.0264637 3152140
0.0264757 3153600
0.0264877 3155060
0.0264998 3156520
0.0265118 3157980
0.0265238 3159440
0.0265358 3160900
0.0265478 3162360
0.0265598 3163820
0.0265719 3165280
0.0265839 3166740
0.0265959 3168200
0.0266079 3169660
0.0266199 3171120
0.0266319 3172580
0.026644 3174040
0.026656 3175500
0.026668 3176960
0.02668 3178420
0.026692 3179880
0.026704 3181340
0.0267161 3182800
0.0267281 3184260
0.0267401 3185720
0.0267521 3187180
0.0267641 3188640
0.0267761 3190100
0.0267881 3191560
0.0268002 3193020
0.0268122 3194480
0.0268242 3195940
0.0268362 3197400
0.0268482 3198860
0.0268602 3200320
0.0268723 3201780
0.0268843 3203240
0.0268963 3204700
0.0269083 3206160
0.0269203 3207620
0.0269323 3209080
0.0269444 3210540
0.0269564 3212000
0.0269684 3213460
0.0269804 3214920
0.0269924 3216380
0.0270044 3217840
0.0270165 3219300
0.0270285 3220760
0.0270405 3222220
0.0270525 3223680
0.0270645 3225140
0.0270765 3226600
0.0270885 3228060
0.0271006 3229520
0.0271126 3230980
0.0271246 3232440
0.0271366 3233900
0.0271486 3235360
0.0271606 3236820
0.0271727 3238280
0.0271847 3239740
0.0271967 3241200
0.0272087 3242660
0.0272207 3244120
0.0272327 3245580
0.0272448 3247040
0.0272568 3248500
0.0272688 3249960
0.0272808 3251420
0.0272928 3252880
0.0273048 3254340
0.0273169 3255800
0.0273289 3257260
0.0273409 3258720
0.0273529 3260180
0.0273649 3261640
0.0273769 3263100
0.0273889 3264560
0.027401 3266020
0.027413 3267480
0.027425 3268940
0.027437 3270400
0.027449 3271860
0.027461 3273320
0.0274731 3274780
0.0274851 3276240
0.0274971 3277700
0.0275091 3279160
0.0275211 3280620
0.0275331 3282080
0.0275452 3283540
0.0275572 3285000
0.0275692 3286460
0.0275812 3287920
0.0275932 3289380
0.0276052 3290840
0.0276173 3292300
0.0276293 3293760
0.0276413 3295220
0.0276533 3296680
0.0276653 3298140
0.0276773 3299600
0.0276893 3301060
0.0277014 3302520
0.0277134 3303980
0.0277254 3305440
0.0277374 3306900
0.0277494 3308360
0.0277614 3309820
0.0277735 3311280
0.0277855 3312740
0.0277975 3314200
0.0278095 3315660
0.0278215 3317120
0.0278335 3318580
0.0278456 3320040
0.0278576 3321500
0.0278696 3322960
0.0278816 3324420
0.0278936 3325880
0.0279056 3327340
0.0279177 3328800
0.0279297 3330260
0.0279417 3331720
0.0279537 3333180
0.0279657 3334640
0.0279777 3336100
0.0279897 3337560
0.0280018 3339020
0.0280138 3340480
0.0280258 3341940
0.0280378 3343400
0.0280498 3344860
0.0280618 3346320
0.0280739 3347780
0.0280859 3349240
0.0280979 3350700
0.0281099 3352160
0.0281219 3353620
0.0281339 3355080
0.028146 3356540
0.028158 3358000
0.02817 3359460
0.028182 3360920
0.028194 3362380
0.028206 3363840
0.0282181 3365300
0.0282301 3366760
0.0282421 3368220
0.0282541 3369680
0.0282661 3371140
0.0282781 3372600
0.0282901 3374060
0.0283022 3375520
0.0283142 3376980
0.0283262 3378440
0.0283382 3379900
0.0283502 3381360
0.0283622 3382820
0.0283743 3384280
0.0283863 3385740
0.0283983 3387200
0.0284103 3388660
0.0284223 3390120
0.0284343 3391580
0.0284464 3393040
0.0284584 3394500
0.0284704 3395960
0.0284824 3397420
0.0284944 3398880
0.0285064 3400340
0.0285185 3401800
0.0285305 3403260
0.0285425 3404720
0.0285545 3406180
0.0285665 3407640
0.0285785 3409100
0.0285905 3410560
0.0286026 3412020
0.0286146 3413480
0.0286266 3414940
0.0286386 3416400
0.0286506 3417860
0.0286626 3419320
0.0286747 3420780
0.0286867 3422240
0.0286987 3423700
0.0287107 3425160
0.0287227 3426620
0.0287347 3428080
0.0287468 3429540
0.0287588 3431000
0.0287708 3432460
0.0287828 3433920
0.0287948 3435380
0.0288068 3436840
0.0288189 3438300
0.0288309 3439760
0.0288429 3441220
0.0288549 3442680
0.0288669 3444140
0.0288789 3445600
0.0288909 3447060
0.028903 3448520
0.028915 3449980
0.028927 3451440
0.028939 3452900
0.028951 3454360
0.028963 3455820
0.0289751 3457280
0.0289871 3458740
0.0289991 3460200
0.0290111 3461660
0.0290231 3463120
0.0290351 3464580
0.0290472 3466040
0.0290592 3467500
0.0290712 3468960
0.0290832 3470420
0.0290952 3471880
0.0291072 3473340
0.0291193 3474800
0.0291313 3476260
0.0291433 3477720
0.0291553 3479180
0.0291673 3480640
0.0291793 3482100
0.0291913 3483560
0.0292034 3485020
0.0292154 3486480
0.0292274 3487940
0.0292394 3489400
0.0292514 3490860
0.0292634 3492320
0.0292755 3493780
0.0292875 3495240
0.0292995 3496700
0.0293115 3498160
0.0293235 3499620
0.0293355 3501080
0.0293476 3502540
0.0293596 3504000
0.0293716 3505460
0.0293836 3506920
0.0293956 3508380
0.0294076 3509840
0.0294197 3511300
0.0294317 3512760
0.0294437 3514220
0.0294557 3515680
0.0294677 3517140
0.0294797 3518600
0.0294917 3520060
0.0295038 3521520
0.0295158 3522980
0.0295278 3524440
0.0295398 3525900
0.0295518 3527360
0.0295638 3528820
0.0295759 3530280
0.0295879 3531740
0.0295999 3533200
0.0296119 3534660
0.0296239 3536120
0.0296359 3537580
0.029648 3539040
0.02966 3540500
0.029672 3541960
0.029684 3543420
0.029696 3544880
0.029708 3546340
0.0297201 3547800
0.0297321 3549260
0.0297441 3550720
0.0297561 3552180
0.0297681 3553640
0.0297801 3555100
0.0297921 3556560
0.0298042 3558020
0.0298162 3559480
0.0298282 3560940
0.0298402 3562400
0.0298522 3563860
0.0298642 3565320
0.0298763 3566780
0.0298883 3568240
0.0299003 3569700
0.0299123 3571160
0.0299243 3572620
0.0299363 3574080
0.0299484 3575540
0.0299604 3577000
0.0299724 3578460
0.0299844 3579920
0.0299964 3581380
0.0300084 3582840
0.0300205 3584300
0.0300325 3585760
0.0300445 3587220
0.0300565 3588680
0.0300685 3590140
0.0300805 3591600
0.0300925 3593060
0.0301046 3594520
0.0301166 3595980
0.0301286 3597440
0.0301406 3598900
0.0301526 3600360
0.0301646 3601820
0.0301767 3603280
0.0301887 3604740
0.0302007 3606200
0.0302127 3607660
0.0302247 3609120
0.0302367 3610580
0.0302488 3612040
0.0302608 3613500
0.0302728 3614960
0.0302848 3616420
0.0302968 3617880
0.0303088 3619340
0.0303209 3620800
0.0303329 3622260
0.0303449 3623720
0.0303569 3625180
0.0303689 3626640
0.0303809 3628100
0.0303929 3629560
0.030405 3631020
0.030417 3632480
0.030429 3633940
0.030441 3635400
0.030453 3636860
0.030465 3638320
0.0304771 3639780
0.0304891 3641240
0.0305011 3642700
0.0305131 3644160
0.0305251 3645620
0.0305371 3647080
0.0305492 3648540
0.0305612 3650000
0.0305732 3651460
0.0305852 3652920
0.0305972 3654380
0.0306092 3655840
0.0306213 3657300
0.0306333 3658760
0.0306453 3660220
0.0306573 3661680
0.0306693 3663140
0.0306813 3664600
0.0306933 3666060
0.0307054 3667520
0.0307174 3668980
0.0307294 3670440
0.0307414 3671900
0.0307534 3673360
0.0307654 3674820
0.0307775 3676280
0.0307895 3677740
0.0308015 3679200
0.0308135 3680660
0.0308255 3682120
0.0308375 3683580
0.0308496 3685040
0.0308616 3686500
0.0308736 3687960
0.0308856 3689420
0.0308976 3690880
0.0309096 3692340
0.0309217 3693800
0.0309337 3695260
0.0309457 3696720
0.0309577 3698180
0.0309697 3699640
0.0309817 3701100
0.0309937 3702560
0.0310058 3704020
0.0310178 3705480
0.0310298 3706940
0.0310418 3708400
0.0310538 3709860
0.0310658 3711320
0.0310779 3712780
0.0310899 3714240
0.0311019 3715700
0.0311139 3717160
0.0311259 3718620
0.0311379 3720080
0.03115 3721540
0.031162 3723000
0.031174 3724460
0.031186 3725920
0.031198 3727380
0.03121 3728840
0.0312221 3730300
0.0312341 3731760
0.0312461 3733220
0.0312581 3734680
0.0312701 3736140
0.0312821 3737600
0.0312941 3739060
0.0313062 3740520
0.0313182 3741980
0.0313302 3743440
0.0313422 3744900
0.0313542 3746360
0.0313662 3747820
0.0313783 3749280
0.0313903 3750740
0.0314023 3752200
0.0314143 3753660
0.0314263 3755120
0.0314383 3756580
0.0314504 3758040
0.0314624 3759500
0.0314744 3760960
0.0314864 3762420
0.0314984 3763880
0.0315104 3765340
0.0315225 3766800
0.0315345 3768260
0.0315465 3769720
0.0315585 3771180
0.0315705 3772640
0.0315825 3774100
0.0315945 3775560
0.0316066 3777020
0.0316186 3778480
0.0316306 3779940
0.0316426 3781400
0.0316546 3782860
0.0316666 3784320
0.0316787 3785780
0.0316907 3787240
0.0317027 3788700
0.0317147 3790160
0.0317267 3791620
0.0317387 3793080
0.0317508 3794540
0.0317628 3796000
0.0317748 3797460
0.0317868 3798920
0.0317988 3800380
0.0318108 3801840
0.0318229 3803300
0.0318349 3804760
0.0318469 3806220
0.0318589 3807680
0.0318709 3809140
0.0318829 3810600
0.0318949 3812060
0.031907 3813520
0.031919 3814980
0.031931 3816440
0.031943 3817900
0.031955 3819360
0.031967 3820820
0.0319791 3822280
0.0319911 3823740
0.0320031 3825200
0.0320151 3826660
0.0320271 3828120
0.0320391 3829580
0.0320512 3831040
0.0320632 3832500
0.0320752 3833960
0.0320872 3835420
0.0320992 3836880
0.0321112 3838340
0.0321233 3839800
0.0321353 3841260
0.0321473 3842720
0.0321593 3844180
0.0321713 3845640
0.0321833 3847100
0.0321953 3848560
0.0322074 3850020
0.0322194 3851480
0.0322314 3852940
0.0322434 3854400
0.0322554 3855860
0.0322674 3857320
0.0322795 3858780
0.0322915 3860240
0.0323035 3861700
0.0323155 3863160
0.0323275 3864620
0.0323395 3866080
0.0323516 3867540
0.0323636 3869000
0.0323756 3870460
0.0323876 3871920
0.0323996 3873380
0.0324116 3874840
0.0324237 3876300
0.0324357 3877760
0.0324477 3879220
0.0324597 3880680
0.0324717 3882140
0.0324837 3883600
0.0324957 3885060
0.0325078 3886520
0.0325198 3887980
0.0325318 3889440
0.0325438 3890900
0.0325558 3892360
0.0325678 3893820
0.0325799 3895280
0.0325919 3896740
0.0326039 3898200
0.0326159 3899660
0.0326279 3901120
0.0326399 3902580
0.032652 3904040
0.032664 3905500
0.032676 3906960
0.032688 3908420
0.0327 3909880
0.032712 3911340
0.0327241 3912800
0.0327361 3914260
0.0327481 3915720
0.0327601 3917180
0.0327721 3918640
0.0327841 3920100
0.0327961 3921560
0.0328082 3923020
0.0328202 3924480
0.0328322 3925940
0.0328442 3927400
0.0328562 3928860
0.0328682 3930320
0.0328803 3931780
0.0328923 3933240
0.0329043 3934700
0.0329163 3936160
0.0329283 3937620
0.0329403 3939080
0.0329524 3940540
0.0329644 3942000
0.0329764 3943460
0.0329884 3944920
0.0330004 3946380
0.0330124 3947840
0.0330245 3949300
0.0330365 3950760
0.0330485 3952220
0.0330605 3953680
0.0330725 3955140
0.0330845 3956600
0.0330965 3958060
0.0331086 3959520
0.0331206 3960980
0.0331326 3962440
0.0331446 3963900
0.0331566 3965360
0.0331686 3966820
0.0331807 3968280
0.0331927 3969740
0.0332047 3971200
0.0332167 3972660
0.0332287 3974120
0.0332407 3975580
0.0332528 3977040
0.0332648 3978500
0.0332768 3979960
0.0332888 3981420
0.0333008 3982880
0.0333128 3984340
0.0333249 3985800
0.0333369 3987260
0.0333489 3988720
0.0333609 3990180
0.0333729 3991640
0.0333849 3993100
0.0333969 3994560
0.033409 3996020
0.033421 3997480
0.033433 3998940
0.033445 4000400
