0.0 0
0.0001016 4294967295
0.000226637 4294967295
0.000351339 4294967295
0.000363355 4294967295
0.000476041 4294967295
0.000488057 4294967295
0.000500073 4294967295
0.000512089 4294967295
0.000600743 4294967295
0.000612759 4294967295
0.000624775 4294967295
0.000636791 4294967295
0.000648807 4294967295
0.000660823 4294967295
0.000672839 4294967295
0.000684855 4294967295
0.000725445 4294967295
0.000737461 4294967295
0.000749477 4294967295
0.000761493 4294967295
0.000773509 4294967295
0.000785525 4294967295
0.000797541 4294967295
0.000809557 4294967295
0.000821573 4294967295
0.000833589 4294967295
0.000845605 4294967295
0.000857621 4294967295
0.000869637 4294967295
0.000881653 4294967295
0.000893669 4294967295
0.000905685 4294967295
0.000917701 4294967295
0.000929717 4294967295
0.000941733 4294967295
0.000953749 4294967295
0.000965765 4294967295
0.000977781 4294967295
0.000989797 4294967295
0.00100181 4294967295
0.00101383 4294967295
0.00102585 4294967295
0.00103786 4294967295
0.00104988 4294967295
0.00106189 4294967295
0.00107391 4294967295
0.00108592 4294967295
0.00109794 4294967295
0.00110996 4294967295
0.00112197 4294967295
0.00113399 4294967295
0.001146 4294967295
0.00115802 4294967295
0.00117004 4294967295
0.00118205 4294967295
0.00119407 4294967295
0.00120608 4294967295
0.0012181 4294967295
0.00123012 4294967295
0.00124213 4294967295
0.00125415 4294967295
0.00126617 4294967295
0.00127818 4294967295
0.0012902 4294967295
0.00130221 4294967295
0.00131423 4294967295
0.00132624 4294967295
0.00133826 4294967295
0.00135028 4294967295
0.00136229 4294967295
0.00137431 4294967295
0.00138632 4294967295
0.00139834 4294967295
0.00141036 4294967295
0.00142237 4294967295
0.00143439 4294967295
0.0014464 4294967295
0.00145842 4294967295
0.00147044 4294967295
0.00148245 4294967295
0.00149447 4294967295
0.00150648 4294967295
0.0015185 4294967295
0.00153052 4294967295
0.00154253 4294967295
0.00155455 4294967295
0.00156657 4294967295
0.00157858 4294967295
0.0015906 4294967295
0.00160261 4294967295
0.00161463 4294967295
0.00162664 4294967295
0.00163866 4294967295
0.00165068 4294967295
0.00166269 4294967295
0.00167471 4294967295
0.00168673 4294967295
0.00169874 4294967295
0.00171076 4294967295
0.00172277 4294967295
0.00173479 4294967295
0.0017468 4294967295
0.00175882 4294967295
0.00177084 4294967295
0.00178285 4294967295
0.00179487 4294967295
0.00180689 4294967295
0.0018189 4294967295
0.00183092 4294967295
0.00184293 4294967295
0.00185495 4294967295
0.00186696 4294967295
0.00187898 4294967295
0.001891 4294967295
0.00190301 4294967295
0.00191503 4294967295
0.00192705 4294967295
0.00193906 4294967295
0.00195108 4294967295
0.00196309 4294967295
0.00197511 4294967295
0.00198713 4294967295
0.00199914 4294967295
0.00201116 4294967295
0.00202317 4294967295
0.00203519 4294967295
0.0020472 4294967295
0.00205922 4294967295
0.00207124 4294967295
0.00208325 4294967295
0.00209527 4294967295
0.00210728 4294967295
0.0021193 4294967295
0.00213132 4294967295
0.00214333 4294967295
0.00215535 4294967295
0.00216737 4294967295
0.00217938 4294967295
0.0021914 4294967295
0.00220341 4294967295
0.00221543 4294967295
0.00222744 4294967295
0.00223946 4294967295
0.00225148 4294967295
0.00226349 4294967295
0.00227551 4294967295
0.00228752 4294967295
0.00229954 4294967295
0.00231156 4294967295
0.00232357 4294967295
0.00233559 4294967295
0.00234761 4294967295
0.00235962 4294967295
0.00237164 4294967295
0.00238365 4294967295
0.00239567 4294967295
0.00240769 4294967295
0.0024197 4294967295
0.00243172 4294967295
0.00244373 4294967295
0.00245575 4294967295
0.00246776 4294967295
0.00247978 4294967295
0.0024918 4294967295
0.00250381 4294967295
0.00251583 4294967295
0.00252784 4294967295
0.00253986 4294967295
0.00255188 4294967295
0.00256389 4294967295
0.00257591 4294967295
0.00258793 4294967295
0.00259994 4294967295
0.00261196 4294967295
0.00262397 4294967295
0.00263599 4294967295
0.00264801 4294967295
0.00266002 4294967295
0.00267204 4294967295
0.00268405 4294967295
0.00269607 4294967295
0.00270808 4294967295
0.0027201 4294967295
0.00273212 4294967295
0.00274413 4294967295
0.00275615 4294967295
0.00276816 4294967295
0.00278018 4294967295
0.0027922 4294967295
0.00280421 4294967295
0.00281623 4294967295
0.00282825 4294967295
0.00284026 4294967295
0.00285228 4294967295
0.00286429 4294967295
0.00287631 4294967295
0.00288832 4294967295
0.00290034 4294967295
0.00291236 4294967295
0.00292437 4294967295
0.00293639 4294967295
0.0029484 4294967295
0.00296042 4294967295
0.00297244 4294967295
0.00298445 4294967295
0.00299647 4294967295
0.00300848 4294967295
0.0030205 4294967295
0.00303252 4294967295
0.00304453 4294967295
0.00305655 4294967295
0.00306857 4294967295
0.00308058 4294967295
0.0030926 4294967295
0.00310461 4294967295
0.00311663 4294967295
0.00312865 4294967295
0.00314066 4294967295
0.00315268 4294967295
0.00316469 4294967295
0.00317671 4294967295
0.00318872 4294967295
0.00320074 4294967295
0.00321276 4294967295
0.00322477 4294967295
0.00323679 4294967295
0.00324881 4294967295
0.00326082 4294967295
0.00327284 4294967295
0.00328485 4294967295
0.00329687 4294967295
0.00330889 4294967295
0.0033209 4294967295
0.00333292 4294967295
0.00334493 4294967295
0.00335695 4294967295
0.00336896 4294967295
0.00338098 4294967295
0.003393 4294967295
0.00340501 4294967295
0.00341703 4294967295
0.00342904 4294967295
0.00344106 4294967295
0.00345308 4294967295
0.00346509 4294967295
0.00347711 4294967295
0.00348913 4294967295
0.00350114 4294967295
0.00351316 4294967295
0.00352517 4294967295
0.00353719 4294967295
0.00354921 4294967295
0.00356122 4294967295
0.00357324 4294967295
0.00358525 4294967295
0.00359727 4294967295
0.00360928 4294967295
0.0036213 4294967295
0.00363332 4294967295
0.00364533 4294967295
0.00365735 4294967295
0.00366936 4294967295
0.00368138 4294967295
0.0036934 4294967295
0.00370541 4294967295
0.00371743 4294967295
0.00372945 4294967295
0.00374146 4294967295
0.00375348 4294967295
0.00376549 4294967295
0.00377751 4294967295
0.00378953 4294967295
0.00380154 4294967295
0.00381356 4294967295
0.00382557 4294967295
0.00383759 4294967295
0.0038496 4294967295
0.00386162 4294967295
0.00387364 4294967295
0.00388565 4294967295
0.00389767 4294967295
0.00390968 4294967295
0.0039217 4294967295
0.00393372 4294967295
0.00394573 4294967295
0.00395775 4294967295
0.00396977 4294967295
0.00398178 4294967295
0.0039938 4294967295
0.00400581 4294967295
0.00401783 4294967295
0.00402984 4294967295
0.00404186 4294967295
0.00405388 4294967295
0.00406589 4294967295
0.00407791 4294967295
0.00408993 4294967295
0.00410194 4294967295
0.00411396 4294967295
0.00412597 4294967295
0.00413799 4294967295
0.00415001 4294967295
0.00416202 4294967295
0.00417404 4294967295
0.00418605 4294967295
0.00419807 4294967295
0.00421008 4294967295
0.0042221 4294967295
0.00423412 4294967295
0.00424613 4294967295
0.00425815 4294967295
0.00427017 4294967295
0.00428218 4294967295
0.0042942 4294967295
0.00430621 4294967295
0.00431823 4294967295
0.00433024 4294967295
0.00434226 4294967295
0.00435428 4294967295
0.00436629 4294967295
0.00437831 4294967295
0.00439032 4294967295
0.00440234 4294967295
0.00441436 4294967295
0.00442637 4294967295
0.00443839 4294967295
0.00445041 4294967295
0.00446242 4294967295
0.00447444 4294967295
0.00448645 4294967295
0.00449847 4294967295
0.00451048 4294967295
0.0045225 4294967295
0.00453452 4294967295
0.00454653 4294967295
0.00455855 4294967295
0.00457057 4294967295
0.00458258 4294967295
0.0045946 4294967295
0.00460661 4294967295
0.00461863 4294967295
0.00463065 4294967295
0.00464266 4294967295
0.00465468 4294967295
0.00466669 4294967295
0.00467871 4294967295
0.00469072 4294967295
0.00470274 4294967295
0.00471476 4294967295
0.00472677 4294967295
0.00473879 4294967295
0.00475081 4294967295
0.00476282 4294967295
0.00477484 4294967295
0.00478685 4294967295
0.00479887 4294967295
0.00481088 4294967295
0.0048229 4294967295
0.00483492 4294967295
0.00484693 4294967295
0.00485895 4294967295
0.00487096 4294967295
0.00488298 4294967295
0.004895 4294967295
0.00490701 4294967295
0.00491903 4294967295
0.00493105 4294967295
0.00494306 4294967295
0.00495508 4294967295
0.00496709 4294967295
0.00497911 4294967295
0.00499112 4294967295
0.00500314 4294967295
0.00501516 4294967295
0.00502717 4294967295
0.00503919 4294967295
0.0050512 4294967295
0.00506322 4294967295
0.00507524 4294967295
0.00508725 4294967295
0.00509927 4294967295
0.00511129 4294967295
0.0051233 4294967295
0.00513532 4294967295
0.00514733 4294967295
0.00515935 4294967295
0.00517136 4294967295
0.00518338 4294967295
0.0051954 4294967295
0.00520741 4294967295
0.00521943 4294967295
0.00523145 4294967295
0.00524346 4294967295
0.00525548 4294967295
0.00526749 4294967295
0.00527951 4294967295
0.00529153 4294967295
0.00530354 4294967295
0.00531556 4294967295
0.00532757 4294967295
0.00533959 4294967295
0.0053516 4294967295
0.00536362 4294967295
0.00537564 4294967295
0.00538765 4294967295
0.00539967 4294967295
0.00541169 4294967295
0.0054237 4294967295
0.00543572 4294967295
0.00544773 4294967295
0.00545975 4294967295
0.00547176 4294967295
0.00548378 4294967295
0.0054958 4294967295
0.00550781 4294967295
0.00551983 4294967295
0.00553184 4294967295
0.00554386 4294967295
0.00555588 4294967295
0.00556789 4294967295
0.00557991 4294967295
0.00559193 4294967295
0.00560394 4294967295
0.00561596 4294967295
0.00562797 4294967295
0.00563999 4294967295
0.005652 4294967295
0.00566402 4294967295
0.00567604 4294967295
0.00568805 4294967295
0.00570007 4294967295
0.00571209 4294967295
0.0057241 4294967295
0.00573612 4294967295
0.00574813 4294967295
0.00576015 4294967295
0.00577217 4294967295
0.00578418 4294967295
0.0057962 4294967295
0.00580821 4294967295
0.00582023 4294967295
0.00583224 4294967295
0.00584426 4294967295
0.00585628 4294967295
0.00586829 4294967295
0.00588031 4294967295
0.00589233 4294967295
0.00590434 4294967295
0.00591636 4294967295
0.00592837 4294967295
0.00594039 4294967295
0.00595241 4294967295
0.00596442 4294967295
0.00597644 4294967295
0.00598845 4294967295
0.00600047 4294967295
0.00601248 4294967295
0.0060245 4294967295
0.00603652 4294967295
0.00604853 4294967295
0.00606055 4294967295
0.00607257 4294967295
0.00608458 4294967295
0.0060966 4294967295
0.00610861 4294967295
0.00612063 4294967295
0.00613264 4294967295
0.00614466 4294967295
0.00615668 4294967295
0.00616869 4294967295
0.00618071 4294967295
0.00619272 4294967295
0.00620474 4294967295
0.00621676 4294967295
0.00622877 4294967295
0.00624079 4294967295
0.00625281 4294967295
0.00626482 4294967295
0.00627684 4294967295
0.00628885 4294967295
0.00630087 4294967295
0.00631288 4294967295
0.0063249 4294967295
0.00633692 4294967295
0.00634893 4294967295
0.00636095 4294967295
0.00637296 4294967295
0.00638498 4294967295
0.006397 4294967295
0.00640901 4294967295
0.00642103 4294967295
0.00643305 4294967295
0.00644506 4294967295
0.00645708 4294967295
0.00646909 4294967295
0.00648111 4294967295
0.00649312 4294967295
0.00650514 4294967295
0.00651716 4294967295
0.00652917 4294967295
0.00654119 4294967295
0.00655321 4294967295
0.00656522 4294967295
0.00657724 4294967295
0.00658925 4294967295
0.00660127 4294967295
0.00661328 4294967295
0.0066253 4294967295
0.00663732 4294967295
0.00664933 4294967295
0.00666135 4294967295
0.00667336 4294967295
0.00668538 4294967295
0.0066974 4294967295
0.00670941 4294967295
0.00672143 4294967295
0.00673345 4294967295
0.00674546 4294967295
0.00675748 4294967295
0.00676949 4294967295
0.00678151 4294967295
0.00679352 4294967295
0.00680554 4294967295
0.00681756 4294967295
0.00682957 4294967295
0.00684159 4294967295
0.0068536 4294967295
0.00686562 4294967295
0.00687764 4294967295
0.00688965 4294967295
0.00690167 4294967295
0.00691369 4294967295
0.0069257 4294967295
0.00693772 4294967295
0.00694973 4294967295
0.00696175 4294967295
0.00697376 4294967295
0.00698578 4294967295
0.0069978 4294967295
0.00700981 4294967295
0.00702183 4294967295
0.00703385 4294967295
0.00704586 4294967295
0.00705788 4294967295
0.00706989 4294967295
0.00708191 4294967295
0.00709393 4294967295
0.00710594 4294967295
0.00711796 4294967295
0.00712997 4294967295
0.00714199 4294967295
0.007154 4294967295
0.00716602 4294967295
0.00717804 4294967295
0.00719005 4294967295
0.00720207 4294967295
0.00721409 4294967295
0.0072261 4294967295
0.00723812 4294967295
0.00725013 4294967295
0.00726215 4294967295
0.00727416 4294967295
0.00728618 4294967295
0.0072982 4294967295
0.00731021 4294967295
0.00732223 4294967295
0.00733424 4294967295
0.00734626 4294967295
0.00735828 4294967295
0.00737029 4294967295
0.00738231 4294967295
0.00739433 4294967295
0.00740634 4294967295
0.00741836 4294967295
0.00743037 4294967295
0.00744239 4294967295
0.0074544 4294967295
0.00746642 4294967295
0.00747844 4294967295
0.00749045 4294967295
0.00750247 4294967295
0.00751448 4294967295
0.0075265 4294967295
0.00753852 4294967295
0.00755053 4294967295
0.00756255 4294967295
0.00757457 4294967295
0.00758658 4294967295
0.0075986 4294967295
0.00761061 4294967295
0.00762263 4294967295
0.00763464 4294967295
0.00764666 4294967295
0.00765868 4294967295
0.00767069 4294967295
0.00768271 4294967295
0.00769473 4294967295
0.00770674 4294967295
0.00771876 4294967295
0.00773077 4294967295
0.00774279 4294967295
0.00775481 4294967295
0.00776682 4294967295
0.00777884 4294967295
0.00779085 4294967295
0.00780287 4294967295
0.00781489 4294967295
0.0078269 4294967295
0.00783892 4294967295
0.00785093 4294967295
0.00786295 4294967295
0.00787496 4294967295
0.00788698 4294967295
0.007899 4294967295
0.00791101 4294967295
0.00792303 4294967295
0.00793504 4294967295
0.00794706 4294967295
0.00795908 4294967295
0.00797109 4294967295
0.00798311 4294967295
0.00799513 4294967295
0.00800714 4294967295
0.00801916 4294967295
0.00803117 4294967295
0.00804319 4294967295
0.0080552 4294967295
0.00806722 4294967295
0.00807924 4294967295
0.00809125 4294967295
0.00810327 4294967295
0.00811528 4294967295
0.0081273 4294967295
0.00813932 4294967295
0.00815133 4294967295
0.00816335 4294967295
0.00817537 4294967295
0.00818738 4294967295
0.0081994 4294967295
0.00821141 4294967295
0.00822343 4294967295
0.00823544 4294967295
0.00824746 4294967295
0.00825948 4294967295
0.00827149 4294967295
0.00828351 4294967295
0.00829552 4294967295
0.00830754 4294967295
0.00831956 4294967295
0.00833157 4294967295
0.00834359 4294967295
0.00835561 4294967295
0.00836762 4294967295
0.00837964 4294967295
0.00839165 4294967295
0.00840367 4294967295
0.00841568 4294967295
0.0084277 4294967295
0.00843972 4294967295
0.00845173 4294967295
0.00846375 4294967295
0.00847576 4294967295
0.00848778 4294967295
0.0084998 4294967295
0.00851181 4294967295
0.00852383 4294967295
0.00853585 4294967295
0.00854786 4294967295
0.00855988 4294967295
0.00857189 4294967295
0.00858391 4294967295
0.00859593 4294967295
0.00860794 4294967295
0.00861996 4294967295
0.00863197 4294967295
0.00864399 4294967295
0.008656 4294967295
0.00866802 4294967295
0.00868004 4294967295
0.00869205 4294967295
0.00870407 4294967295
0.00871609 4294967295
0.0087281 4294967295
0.00874012 4294967295
0.00875213 4294967295
0.00876415 4294967295
0.00877617 4294967295
0.00878818 4294967295
0.0088002 4294967295
0.00881221 4294967295
0.00882423 4294967295
0.00883624 4294967295
0.00884826 4294967295
0.00886028 4294967295
0.00887229 4294967295
0.00888431 4294967295
0.00889633 4294967295
0.00890834 4294967295
0.00892036 4294967295
0.00893237 4294967295
0.00894439 4294967295
0.00895641 4294967295
0.00896842 4294967295
0.00898044 4294967295
0.00899245 4294967295
0.00900447 4294967295
0.00901648 4294967295
0.0090285 4294967295
0.00904052 4294967295
0.00905253 4294967295
0.00906455 4294967295
0.00907656 4294967295
0.00908858 4294967295
0.0091006 4294967295
0.00911261 4294967295
0.00912463 4294967295
0.00913665 4294967295
0.00914866 4294967295
0.00916068 4294967295
0.00917269 4294967295
0.00918471 4294967295
0.00919672 4294967295
0.00920874 4294967295
0.00922076 4294967295
0.00923277 4294967295
0.00924479 4294967295
0.0092568 4294967295
0.00926882 4294967295
0.00928084 4294967295
0.00929285 4294967295
0.00930487 4294967295
0.00931689 4294967295
0.0093289 4294967295
0.00934092 4294967295
0.00935293 4294967295
0.00936495 4294967295
0.00937696 4294967295
0.00938898 4294967295
0.009401 4294967295
0.00941301 4294967295
0.00942503 4294967295
0.00943704 4294967295
0.00944906 4294967295
0.00946108 4294967295
0.00947309 4294967295
0.00948511 4294967295
0.00949713 4294967295
0.00950914 4294967295
0.00952116 4294967295
0.00953317 4294967295
0.00954519 4294967295
0.0095572 4294967295
0.00956922 4294967295
0.00958124 4294967295
0.00959325 4294967295
0.00960527 4294967295
0.00961728 4294967295
0.0096293 4294967295
0.00964132 4294967295
0.00965333 4294967295
0.00966535 4294967295
0.00967737 4294967295
0.00968938 4294967295
0.0097014 4294967295
0.00971341 4294967295
0.00972543 4294967295
0.00973745 4294967295
0.00974946 4294967295
0.00976148 4294967295
0.00977349 4294967295
0.00978551 4294967295
0.00979752 4294967295
0.00980954 4294967295
0.00982156 4294967295
0.00983357 4294967295
0.00984559 4294967295
0.00985761 4294967295
0.00986962 4294967295
0.00988164 4294967295
0.00989365 4294967295
0.00990567 4294967295
0.00991769 4294967295
0.0099297 4294967295
0.00994172 4294967295
0.00995373 4294967295
0.00996575 4294967295
0.00997776 4294967295
0.00998978 4294967295
0.0100018 4294967295
0.0100138 4294967295
0.0100258 4294967295
0.0100378 4294967295
0.0100499 4294967295
0.0100619 4294967295
0.0100739 4294967295
0.0100859 4294967295
0.0100979 4294967295
0.0101099 4294967295
0.010122 4294967295
0.010134 4294967295
0.010146 4294967295
0.010158 4294967295
0.01017 4294967295
0.010182 4294967295
0.0101941 4294967295
0.0102061 4294967295
0.0102181 4294967295
0.0102301 4294967295
0.0102421 4294967295
0.0102541 4294967295
0.0102661 4294967295
0.0102782 4294967295
0.0102902 4294967295
0.0103022 4294967295
0.0103142 4294967295
0.0103262 4294967295
0.0103382 4294967295
0.0103503 4294967295
0.0103623 4294967295
0.0103743 4294967295
0.0103863 4294967295
0.0103983 4294967295
0.0104103 4294967295
0.0104224 4294967295
0.0104344 4294967295
0.0104464 4294967295
0.0104584 4294967295
0.0104704 4294967295
0.0104824 4294967295
0.0104945 4294967295
0.0105065 4294967295
0.0105185 4294967295
0.0105305 4294967295
0.0105425 4294967295
0.0105545 4294967295
0.0105665 4294967295
0.0105786 4294967295
0.0105906 4294967295
0.0106026 4294967295
0.0106146 4294967295
0.0106266 4294967295
0.0106386 4294967295
0.0106507 4294967295
0.0106627 4294967295
0.0106747 4294967295
0.0106867 4294967295
0.0106987 4294967295
0.0107107 4294967295
0.0107228 4294967295
0.0107348 4294967295
0.0107468 4294967295
0.0107588 4294967295
0.0107708 4294967295
0.0107828 4294967295
0.0107949 4294967295
0.0108069 4294967295
0.0108189 4294967295
0.0108309 4294967295
0.0108429 4294967295
0.0108549 4294967295
0.0108669 4294967295
0.010879 4294967295
0.010891 4294967295
0.010903 4294967295
0.010915 4294967295
0.010927 4294967295
0.010939 4294967295
0.0109511 4294967295
0.0109631 4294967295
0.0109751 4294967295
0.0109871 4294967295
0.0109991 4294967295
0.0110111 4294967295
0.0110232 4294967295
0.0110352 4294967295
0.0110472 4294967295
0.0110592 4294967295
0.0110712 4294967295
0.0110832 4294967295
0.0110953 4294967295
0.0111073 4294967295
0.0111193 4294967295
0.0111313 4294967295
0.0111433 4294967295
0.0111553 4294967295
0.0111673 4294967295
0.0111794 4294967295
0.0111914 4294967295
0.0112034 4294967295
0.0112154 4294967295
0.0112274 4294967295
0.0112394 4294967295
0.0112515 4294967295
0.0112635 4294967295
0.0112755 4294967295
0.0112875 4294967295
0.0112995 4294967295
0.0113115 4294967295
0.0113236 4294967295
0.0113356 4294967295
0.0113476 4294967295
0.0113596 4294967295
0.0113716 4294967295
0.0113836 4294967295
0.0113957 4294967295
0.0114077 4294967295
0.0114197 4294967295
0.0114317 4294967295
0.0114437 4294967295
0.0114557 4294967295
0.0114677 4294967295
0.0114798 4294967295
0.0114918 4294967295
0.0115038 4294967295
0.0115158 4294967295
0.0115278 4294967295
0.0115398 4294967295
0.0115519 4294967295
0.0115639 4294967295
0.0115759 4294967295
0.0115879 4294967295
0.0115999 4294967295
0.0116119 4294967295
0.011624 4294967295
0.011636 4294967295
0.011648 4294967295
0.01166 4294967295
0.011672 4294967295
0.011684 4294967295
0.0116961 4294967295
0.0117081 4294967295
0.0117201 4294967295
0.0117321 4294967295
0.0117441 4294967295
0.0117561 4294967295
0.0117681 4294967295
0.0117802 4294967295
0.0117922 4294967295
0.0118042 4294967295
0.0118162 4294967295
0.0118282 4294967295
0.0118402 4294967295
0.0118523 4294967295
0.0118643 4294967295
0.0118763 4294967295
0.0118883 4294967295
0.0119003 4294967295
0.0119123 4294967295
0.0119244 4294967295
0.0119364 4294967295
0.0119484 4294967295
0.0119604 4294967295
0.0119724 4294967295
0.0119844 4294967295
0.0119965 4294967295
0.0120085 4294967295
0.0120205 4294967295
0.0120325 4294967295
0.0120445 4294967295
0.0120565 4294967295
0.0120685 4294967295
0.0120806 4294967295
0.0120926 4294967295
0.0121046 4294967295
0.0121166 4294967295
0.0121286 4294967295
0.0121406 4294967295
0.0121527 4294967295
0.0121647 4294967295
0.0121767 4294967295
0.0121887 4294967295
0.0122007 4294967295
0.0122127 4294967295
0.0122248 4294967295
0.0122368 4294967295
0.0122488 4294967295
0.0122608 4294967295
0.0122728 4294967295
0.0122848 4294967295
0.0122969 4294967295
0.0123089 4294967295
0.0123209 4294967295
0.0123329 4294967295
0.0123449 4294967295
0.0123569 4294967295
0.0123689 4294967295
0.012381 4294967295
0.012393 4294967295
0.012405 4294967295
0.012417 4294967295
0.012429 4294967295
0.012441 4294967295
0.0124531 4294967295
0.0124651 4294967295
0.0124771 4294967295
0.0124891 4294967295
0.0125011 4294967295
0.0125131 4294967295
0.0125252 4294967295
0.0125372 4294967295
0.0125492 4294967295
0.0125612 4294967295
0.0125732 4294967295
0.0125852 4294967295
0.0125973 4294967295
0.0126093 4294967295
0.0126213 4294967295
0.0126333 4294967295
0.0126453 4294967295
0.0126573 4294967295
0.0126693 4294967295
0.0126814 4294967295
0.0126934 4294967295
0.0127054 4294967295
0.0127174 4294967295
0.0127294 4294967295
0.0127414 4294967295
0.0127535 4294967295
0.0127655 4294967295
0.0127775 4294967295
0.0127895 4294967295
0.0128015 4294967295
0.0128135 4294967295
0.0128256 4294967295
0.0128376 4294967295
0.0128496 4294967295
0.0128616 4294967295
0.0128736 4294967295
0.0128856 4294967295
0.0128977 4294967295
0.0129097 4294967295
0.0129217 4294967295
0.0129337 4294967295
0.0129457 4294967295
0.0129577 4294967295
0.0129697 4294967295
0.0129818 4294967295
0.0129938 4294967295
0.0130058 4294967295
0.0130178 4294967295
0.0130298 4294967295
0.0130418 4294967295
0.0130539 4294967295
0.0130659 4294967295
0.0130779 4294967295
0.0130899 4294967295
0.0131019 4294967295
0.0131139 4294967295
0.013126 4294967295
0.013138 4294967295
0.01315 4294967295
0.013162 4294967295
0.013174 4294967295
0.013186 4294967295
0.0131981 4294967295
0.0132101 4294967295
0.0132221 4294967295
0.0132341 4294967295
0.0132461 4294967295
0.0132581 4294967295
0.0132701 4294967295
0.0132822 4294967295
0.0132942 4294967295
0.0133062 4294967295
0.0133182 4294967295
0.0133302 4294967295
0.0133422 4294967295
0.0133543 4294967295
0.0133663 4294967295
0.0133783 4294967295
0.0133903 4294967295
0.0134023 4294967295
0.0134143 4294967295
0.0134264 4294967295
0.0134384 4294967295
0.0134504 4294967295
0.0134624 4294967295
0.0134744 4294967295
0.0134864 4294967295
0.0134985 4294967295
0.0135105 4294967295
0.0135225 4294967295
0.0135345 4294967295
0.0135465 4294967295
0.0135585 4294967295
0.0135705 4294967295
0.0135826 4294967295
0.0135946 4294967295
0.0136066 4294967295
0.0136186 4294967295
0.0136306 4294967295
0.0136426 4294967295
0.0136547 4294967295
0.0136667 4294967295
0.0136787 4294967295
0.0136907 4294967295
0.0137027 4294967295
0.0137147 4294967295
0.0137268 4294967295
0.0137388 4294967295
0.0137508 4294967295
0.0137628 4294967295
0.0137748 4294967295
0.0137868 4294967295
0.0137989 4294967295
0.0138109 4294967295
0.0138229 4294967295
0.0138349 4294967295
0.0138469 4294967295
0.0138589 4294967295
0.0138709 4294967295
0.013883 4294967295
0.013895 4294967295
0.013907 4294967295
0.013919 4294967295
0.013931 4294967295
0.013943 4294967295
0.0139551 4294967295
0.0139671 4294967295
0.0139791 4294967295
0.0139911 4294967295
0.0140031 4294967295
0.0140151 4294967295
0.0140272 4294967295
0.0140392 4294967295
0.0140512 4294967295
0.0140632 4294967295
0.0140752 4294967295
0.0140872 4294967295
0.0140993 4294967295
0.0141113 4294967295
0.0141233 4294967295
0.0141353 4294967295
0.0141473 4294967295
0.0141593 4294967295
0.0141713 4294967295
0.0141834 4294967295
0.0141954 4294967295
0.0142074 4294967295
0.0142194 4294967295
0.0142314 4294967295
0.0142434 4294967295
0.0142555 4294967295
0.0142675 4294967295
0.0142795 4294967295
0.0142915 4294967295
0.0143035 4294967295
0.0143155 4294967295
0.0143276 4294967295
0.0143396 4294967295
0.0143516 4294967295
0.0143636 4294967295
0.0143756 4294967295
0.0143876 4294967295
0.0143997 4294967295
0.0144117 4294967295
0.0144237 4294967295
0.0144357 4294967295
0.0144477 4294967295
0.0144597 4294967295
0.0144717 4294967295
0.0144838 4294967295
0.0144958 4294967295
0.0145078 4294967295
0.0145198 4294967295
0.0145318 4294967295
0.0145438 4294967295
0.0145559 4294967295
0.0145679 4294967295
0.0145799 4294967295
0.0145919 4294967295
0.0146039 4294967295
0.0146159 4294967295
0.014628 4294967295
0.01464 4294967295
0.014652 4294967295
0.014664 4294967295
0.014676 4294967295
0.014688 4294967295
0.0147001 4294967295
0.0147121 4294967295
0.0147241 4294967295
0.0147361 4294967295
0.0147481 4294967295
0.0147601 4294967295
0.0147721 4294967295
0.0147842 4294967295
0.0147962 4294967295
0.0148082 4294967295
0.0148202 4294967295
0.0148322 4294967295
0.0148442 4294967295
0.0148563 4294967295
0.0148683 4294967295
0.0148803 4294967295
0.0148923 4294967295
0.0149043 4294967295
0.0149163 4294967295
0.0149284 4294967295
0.0149404 4294967295
0.0149524 4294967295
0.0149644 4294967295
0.0149764 4294967295
0.0149884 4294967295
0.0150005 4294967295
0.0150125 4294967295
0.0150245 4294967295
0.0150365 4294967295
0.0150485 4294967295
0.0150605 4294967295
0.0150725 4294967295
0.0150846 4294967295
0.0150966 4294967295
0.0151086 4294967295
0.0151206 4294967295
0.0151326 4294967295
0.0151446 4294967295
0.0151567 4294967295
0.0151687 4294967295
0.0151807 4294967295
0.0151927 4294967295
0.0152047 4294967295
0.0152167 4294967295
0.0152288 4294967295
0.0152408 4294967295
0.0152528 4294967295
0.0152648 4294967295
0.0152768 4294967295
0.0152888 4294967295
0.0153009 4294967295
0.0153129 4294967295
0.0153249 4294967295
0.0153369 4294967295
0.0153489 4294967295
0.0153609 4294967295
0.0153729 4294967295
0.015385 4294967295
0.015397 4294967295
0.015409 4294967295
0.015421 4294967295
0.015433 4294967295
0.015445 4294967295
0.0154571 4294967295
0.0154691 4294967295
0.0154811 4294967295
0.0154931 4294967295
0.0155051 4294967295
0.0155171 4294967295
0.0155292 4294967295
0.0155412 4294967295
0.0155532 4294967295
0.0155652 4294967295
0.0155772 4294967295
0.0155892 4294967295
0.0156013 4294967295
0.0156133 4294967295
0.0156253 4294967295
0.0156373 4294967295
0.0156493 4294967295
0.0156613 4294967295
0.0156733 4294967295
0.0156854 4294967295
0.0156974 4294967295
0.0157094 4294967295
0.0157214 4294967295
0.0157334 4294967295
0.0157454 4294967295
0.0157575 4294967295
0.0157695 4294967295
0.0157815 4294967295
0.0157935 4294967295
0.0158055 4294967295
0.0158175 4294967295
0.0158296 4294967295
0.0158416 4294967295
0.0158536 4294967295
0.0158656 4294967295
0.0158776 4294967295
0.0158896 4294967295
0.0159017 4294967295
0.0159137 4294967295
0.0159257 4294967295
0.0159377 4294967295
0.0159497 4294967295
0.0159617 4294967295
0.0159737 4294967295
0.0159858 4294967295
0.0159978 4294967295
0.0160098 4294967295
0.0160218 4294967295
0.0160338 4294967295
0.0160458 4294967295
0.0160579 4294967295
0.0160699 4294967295
0.0160819 4294967295
0.0160939 4294967295
0.0161059 4294967295
0.0161179 4294967295
0.01613 4294967295
0.016142 4294967295
0.016154 4294967295
0.016166 4294967295
0.016178 4294967295
0.01619 4294967295
0.0162021 4294967295
0.0162141 4294967295
0.0162261 4294967295
0.0162381 4294967295
0.0162501 4294967295
0.0162621 4294967295
0.0162741 4294967295
0.0162862 4294967295
0.0162982 4294967295
0.0163102 4294967295
0.0163222 4294967295
0.0163342 4294967295
0.0163462 4294967295
0.0163583 4294967295
0.0163703 4294967295
0.0163823 4294967295
0.0163943 4294967295
0.0164063 4294967295
0.0164183 4294967295
0.0164304 4294967295
0.0164424 4294967295
0.0164544 4294967295
0.0164664 4294967295
0.0164784 4294967295
0.0164904 4294967295
0.0165025 4294967295
0.0165145 4294967295
0.0165265 4294967295
0.0165385 4294967295
0.0165505 4294967295
0.0165625 4294967295
0.0165745 4294967295
0.0165866 4294967295
0.0165986 4294967295
0.0166106 4294967295
0.0166226 4294967295
0.0166346 4294967295
0.0166466 4294967295
0.0166587 4294967295
0.0166707 4294967295
0.0166827 4294967295
0.0166947 4294967295
0.0167067 4294967295
0.0167187 4294967295
0.0167308 4294967295
0.0167428 4294967295
0.0167548 4294967295
0.0167668 4294967295
0.0167788 4294967295
0.0167908 4294967295
0.0168029 4294967295
0.0168149 4294967295
0.0168269 4294967295
0.0168389 4294967295
0.0168509 4294967295
0.0168629 4294967295
0.0168749 4294967295
0.016887 4294967295
0.016899 4294967295
0.016911 4294967295
0.016923 4294967295
0.016935 4294967295
0.016947 4294967295
0.0169591 4294967295
0.0169711 4294967295
0.0169831 4294967295
0.0169951 4294967295
0.0170071 4294967295
0.0170191 4294967295
0.0170312 4294967295
0.0170432 4294967295
0.0170552 4294967295
0.0170672 4294967295
0.0170792 4294967295
0.0170912 4294967295
0.0171033 4294967295
0.0171153 4294967295
0.0171273 4294967295
0.0171393 4294967295
0.0171513 4294967295
0.0171633 4294967295
0.0171753 4294967295
0.0171874 4294967295
0.0171994 4294967295
0.0172114 4294967295
0.0172234 4294967295
0.0172354 4294967295
0.0172474 4294967295
0.0172595 4294967295
0.0172715 4294967295
0.0172835 4294967295
0.0172955 4294967295
0.0173075 4294967295
0.0173195 4294967295
0.0173316 4294967295
0.0173436 4294967295
0.0173556 4294967295
0.0173676 4294967295
0.0173796 4294967295
0.0173916 4294967295
0.0174037 4294967295
0.0174157 4294967295
0.0174277 4294967295
0.0174397 4294967295
0.0174517 4294967295
0.0174637 4294967295
0.0174757 4294967295
0.0174878 4294967295
0.0174998 4294967295
0.0175118 4294967295
0.0175238 4294967295
0.0175358 4294967295
0.0175478 4294967295
0.0175599 4294967295
0.0175719 4294967295
0.0175839 4294967295
0.0175959 4294967295
0.0176079 4294967295
0.0176199 4294967295
0.017632 4294967295
0.017644 4294967295
0.017656 4294967295
0.017668 4294967295
0.01768 4294967295
0.017692 4294967295
0.0177041 4294967295
0.0177161 4294967295
0.0177281 4294967295
0.0177401 4294967295
0.0177521 4294967295
0.0177641 4294967295
0.0177761 4294967295
0.0177882 4294967295
0.0178002 4294967295
0.0178122 4294967295
0.0178242 4294967295
0.0178362 4294967295
0.0178482 4294967295
0.0178603 4294967295
0.0178723 4294967295
0.0178843 4294967295
0.0178963 4294967295
0.0179083 4294967295
0.0179203 4294967295
0.0179324 4294967295
0.0179444 4294967295
0.0179564 4294967295
0.0179684 4294967295
0.0179804 4294967295
0.0179924 4294967295
0.0180045 4294967295
0.0180165 4294967295
0.0180285 4294967295
0.0180405 4294967295
0.0180525 4294967295
0.0180645 4294967295
0.0180765 4294967295
0.0180886 4294967295
0.0181006 4294967295
0.0181126 4294967295
0.0181246 4294967295
0.0181366 4294967295
0.0181486 4294967295
0.0181607 4294967295
0.0181727 4294967295
0.0181847 4294967295
0.0181967 4294967295
0.0182087 4294967295
0.0182207 4294967295
0.0182328 4294967295
0.0182448 4294967295
0.0182568 4294967295
0.0182688 4294967295
0.0182808 4294967295
0.0182928 4294967295
0.0183049 4294967295
0.0183169 4294967295
0.0183289 4294967295
0.0183409 4294967295
0.0183529 4294967295
0.0183649 4294967295
0.0183769 4294967295
0.018389 4294967295
0.018401 4294967295
0.018413 4294967295
0.018425 4294967295
0.018437 4294967295
0.018449 4294967295
0.0184611 4294967295
0.0184731 4294967295
0.0184851 4294967295
0.0184971 4294967295
0.0185091 4294967295
0.0185211 4294967295
0.0185332 4294967295
0.0185452 4294967295
0.0185572 4294967295
0.0185692 4294967295
0.0185812 4294967295
0.0185932 4294967295
0.0186053 4294967295
0.0186173 4294967295
0.0186293 4294967295
0.0186413 4294967295
0.0186533 4294967295
0.0186653 4294967295
0.0186773 4294967295
0.0186894 4294967295
0.0187014 4294967295
0.0187134 4294967295
0.0187254 4294967295
0.0187374 4294967295
0.0187494 4294967295
0.0187615 4294967295
0.0187735 4294967295
0.0187855 4294967295
0.0187975 4294967295
0.0188095 4294967295
0.0188215 4294967295
0.0188336 4294967295
0.0188456 4294967295
0.0188576 4294967295
0.0188696 4294967295
0.0188816 4294967295
0.0188936 4294967295
0.0189057 4294967295
0.0189177 4294967295
0.0189297 4294967295
0.0189417 4294967295
0.0189537 4294967295
0.0189657 4294967295
0.0189777 4294967295
0.0189898 4294967295
0.0190018 4294967295
0.0190138 4294967295
0.0190258 4294967295
0.0190378 4294967295
0.0190498 4294967295
0.0190619 4294967295
0.0190739 4294967295
0.0190859 4294967295
0.0190979 4294967295
0.0191099 4294967295
0.0191219 4294967295
0.019134 4294967295
0.019146 4294967295
0.019158 4294967295
0.01917 4294967295
0.019182 4294967295
0.019194 4294967295
0.0192061 4294967295
0.0192181 4294967295
0.0192301 4294967295
0.0192421 4294967295
0.0192541 4294967295
0.0192661 4294967295
0.0192781 4294967295
0.0192902 4294967295
0.0193022 4294967295
0.0193142 4294967295
0.0193262 4294967295
0.0193382 4294967295
0.0193502 4294967295
0.0193623 4294967295
0.0193743 4294967295
0.0193863 4294967295
0.0193983 4294967295
0.0194103 4294967295
0.0194223 4294967295
0.0194344 4294967295
0.0194464 4294967295
0.0194584 4294967295
0.0194704 4294967295
0.0194824 4294967295
0.0194944 4294967295
0.0195065 4294967295
0.0195185 4294967295
0.0195305 4294967295
0.0195425 4294967295
0.0195545 4294967295
0.0195665 4294967295
0.0195785 4294967295
0.0195906 4294967295
0.0196026 4294967295
0.0196146 4294967295
0.0196266 4294967295
0.0196386 4294967295
0.0196506 4294967295
0.0196627 4294967295
0.0196747 4294967295
0.0196867 4294967295
0.0196987 4294967295
0.0197107 4294967295
0.0197227 4294967295
0.0197348 4294967295
0.0197468 4294967295
0.0197588 4294967295
0.0197708 4294967295
0.0197828 4294967295
0.0197948 4294967295
0.0198069 4294967295
0.0198189 4294967295
0.0198309 4294967295
0.0198429 4294967295
0.0198549 4294967295
0.0198669 4294967295
0.0198789 4294967295
0.019891 4294967295
0.019903 4294967295
0.019915 4294967295
0.019927 4294967295
0.019939 4294967295
0.019951 4294967295
0.0199631 4294967295
0.0199751 4294967295
0.0199871 4294967295
0.0199991 4294967295
0.0200111 4294967295
0.0200231 4294967295
0.0200352 4294967295
0.0200472 4294967295
0.0200592 4294967295
0.0200712 4294967295
0.0200832 4294967295
0.0200952 4294967295
0.0201073 4294967295
0.0201193 4294967295
0.0201313 4294967295
0.0201433 4294967295
0.0201553 4294967295
0.0201673 4294967295
0.0201793 4294967295
0.0201914 4294967295
0.0202034 4294967295
0.0202154 4294967295
0.0202274 4294967295
0.0202394 4294967295
0.0202514 4294967295
0.0202635 4294967295
0.0202755 4294967295
0.0202875 4294967295
0.0202995 4294967295
0.0203115 4294967295
0.0203235 4294967295
0.0203356 4294967295
0.0203476 4294967295
0.0203596 4294967295
0.0203716 4294967295
0.0203836 4294967295
0.0203956 4294967295
0.0204077 4294967295
0.0204197 4294967295
0.0204317 4294967295
0.0204437 4294967295
0.0204557 4294967295
0.0204677 4294967295
0.0204797 4294967295
0.0204918 4294967295
0.0205038 4294967295
0.0205158 4294967295
0.0205278 4294967295
0.0205398 4294967295
0.0205518 4294967295
0.0205639 4294967295
0.0205759 4294967295
0.0205879 4294967295
0.0205999 4294967295
0.0206119 4294967295
0.0206239 4294967295
0.020636 4294967295
0.020648 4294967295
0.02066 4294967295
0.020672 4294967295
0.020684 4294967295
0.020696 4294967295
0.0207081 4294967295
0.0207201 4294967295
0.0207321 4294967295
0.0207441 4294967295
0.0207561 4294967295
0.0207681 4294967295
0.0207801 4294967295
0.0207922 4294967295
0.0208042 4294967295
0.0208162 4294967295
0.0208282 4294967295
0.0208402 4294967295
0.0208522 4294967295
0.0208643 4294967295
0.0208763 4294967295
0.0208883 4294967295
0.0209003 4294967295
0.0209123 4294967295
0.0209243 4294967295
0.0209364 4294967295
0.0209484 4294967295
0.0209604 4294967295
0.0209724 4294967295
0.0209844 4294967295
0.0209964 4294967295
0.0210085 4294967295
0.0210205 4294967295
0.0210325 4294967295
0.0210445 4294967295
0.0210565 4294967295
0.0210685 4294967295
0.0210805 4294967295
0.0210926 4294967295
0.0211046 4294967295
0.0211166 4294967295
0.0211286 4294967295
0.0211406 4294967295
0.0211526 4294967295
0.0211647 4294967295
0.0211767 4294967295
0.0211887 4294967295
0.0212007 4294967295
0.0212127 4294967295
0.0212247 4294967295
0.0212368 4294967295
0.0212488 4294967295
0.0212608 4294967295
0.0212728 4294967295
0.0212848 4294967295
0.0212968 4294967295
0.0213089 4294967295
0.0213209 4294967295
0.0213329 4294967295
0.0213449 4294967295
0.0213569 4294967295
0.0213689 4294967295
0.0213809 4294967295
0.021393 4294967295
0.021405 4294967295
0.021417 4294967295
0.021429 4294967295
0.021441 4294967295
0.021453 4294967295
0.0214651 4294967295
0.0214771 4294967295
0.0214891 4294967295
0.0215011 4294967295
0.0215131 4294967295
0.0215251 4294967295
0.0215372 4294967295
0.0215492 4294967295
0.0215612 4294967295
0.0215732 4294967295
0.0215852 4294967295
0.0215972 4294967295
0.0216093 4294967295
0.0216213 4294967295
0.0216333 4294967295
0.0216453 4294967295
0.0216573 4294967295
0.0216693 4294967295
0.0216813 4294967295
0.0216934 4294967295
0.0217054 4294967295
0.0217174 4294967295
0.0217294 4294967295
0.0217414 4294967295
0.0217534 4294967295
0.0217655 4294967295
0.0217775 4294967295
0.0217895 4294967295
0.0218015 4294967295
0.0218135 4294967295
0.0218255 4294967295
0.0218376 4294967295
0.0218496 4294967295
0.0218616 4294967295
0.0218736 4294967295
0.0218856 4294967295
0.0218976 4294967295
0.0219097 4294967295
0.0219217 4294967295
0.0219337 4294967295
0.0219457 4294967295
0.0219577 4294967295
0.0219697 4294967295
0.0219817 4294967295
0.0219938 4294967295
0.0220058 4294967295
0.0220178 4294967295
0.0220298 4294967295
0.0220418 4294967295
0.0220538 4294967295
0.0220659 4294967295
0.0220779 4294967295
0.0220899 4294967295
0.0221019 4294967295
0.0221139 4294967295
0.0221259 4294967295
0.022138 4294967295
0.02215 4294967295
0.022162 4294967295
0.022174 4294967295
0.022186 4294967295
0.022198 4294967295
0.0222101 4294967295
0.0222221 4294967295
0.0222341 4294967295
0.0222461 4294967295
0.0222581 4294967295
0.0222701 4294967295
0.0222821 4294967295
0.0222942 4294967295
0.0223062 4294967295
0.0223182 4294967295
0.0223302 4294967295
0.0223422 4294967295
0.0223542 4294967295
0.0223663 4294967295
0.0223783 4294967295
0.0223903 4294967295
0.0224023 4294967295
0.0224143 4294967295
0.0224263 4294967295
0.0224384 4294967295
0.0224504 4294967295
0.0224624 4294967295
0.0224744 4294967295
0.0224864 4294967295
0.0224984 4294967295
0.0225105 4294967295
0.0225225 4294967295
0.0225345 4294967295
0.0225465 4294967295
0.0225585 4294967295
0.0225705 4294967295
0.0225825 4294967295
0.0225946 4294967295
0.0226066 4294967295
0.0226186 4294967295
0.0226306 4294967295
0.0226426 4294967295
0.0226546 4294967295
0.0226667 4294967295
0.0226787 4294967295
0.0226907 4294967295
0.0227027 4294967295
0.0227147 4294967295
0.0227267 4294967295
0.0227388 4294967295
0.0227508 4294967295
0.0227628 4294967295
0.0227748 4294967295
0.0227868 4294967295
0.0227988 4294967295
0.0228109 4294967295
0.0228229 4294967295
0.0228349 4294967295
0.0228469 4294967295
0.0228589 4294967295
0.0228709 4294967295
0.0228829 4294967295
0.022895 4294967295
0.022907 4294967295
0.022919 4294967295
0.022931 4294967295
0.022943 4294967295
0.022955 4294967295
0.0229671 4294967295
0.0229791 4294967295
0.0229911 4294967295
0.0230031 4294967295
0.0230151 4294967295
0.0230271 4294967295
0.0230392 4294967295
0.0230512 4294967295
0.0230632 4294967295
0.0230752 4294967295
0.0230872 4294967295
0.0230992 4294967295
0.0231113 4294967295
0.0231233 4294967295
0.0231353 4294967295
0.0231473 4294967295
0.0231593 4294967295
0.0231713 4294967295
0.0231833 4294967295
0.0231954 4294967295
0.0232074 4294967295
0.0232194 4294967295
0.0232314 4294967295
0.0232434 4294967295
0.0232554 4294967295
0.0232675 4294967295
0.0232795 4294967295
0.0232915 4294967295
0.0233035 4294967295
0.0233155 4294967295
0.0233275 4294967295
0.0233396 4294967295
0.0233516 4294967295
0.0233636 4294967295
0.0233756 4294967295
0.0233876 4294967295
0.0233996 4294967295
0.0234117 4294967295
0.0234237 4294967295
0.0234357 4294967295
0.0234477 4294967295
0.0234597 4294967295
0.0234717 4294967295
0.0234837 4294967295
0.0234958 4294967295
0.0235078 4294967295
0.0235198 4294967295
0.0235318 4294967295
0.0235438 4294967295
0.0235558 4294967295
0.0235679 4294967295
0.0235799 4294967295
0.0235919 4294967295
0.0236039 4294967295
0.0236159 4294967295
0.0236279 4294967295
0.02364 4294967295
0.023652 4294967295
0.023664 4294967295
0.023676 4294967295
0.023688 4294967295
0.0237 4294967295
0.0237121 4294967295
0.0237241 4294967295
0.0237361 4294967295
0.0237481 4294967295
0.0237601 4294967295
0.0237721 4294967295
0.0237841 4294967295
0.0237962 4294967295
0.0238082 4294967295
0.0238202 4294967295
0.0238322 4294967295
0.0238442 4294967295
0.0238562 4294967295
0.0238683 4294967295
0.0238803 4294967295
0.0238923 4294967295
0.0239043 4294967295
0.0239163 4294967295
0.0239283 4294967295
0.0239404 4294967295
0.0239524 4294967295
0.0239644 4294967295
0.0239764 4294967295
0.0239884 4294967295
0.0240004 4294967295
0.0240125 4294967295
0.0240245 4294967295
0.0240365 4294967295
0.0240485 4294967295
0.0240605 4294967295
0.0240725 4294967295
0.0240845 4294967295
0.0240966 4294967295
0.0241086 4294967295
0.0241206 4294967295
0.0241326 4294967295
0.0241446 4294967295
0.0241566 4294967295
0.0241687 4294967295
0.0241807 4294967295
0.0241927 4294967295
0.0242047 4294967295
0.0242167 4294967295
0.0242287 4294967295
0.0242408 4294967295
0.0242528 4294967295
0.0242648 4294967295
0.0242768 4294967295
0.0242888 4294967295
0.0243008 4294967295
0.0243129 4294967295
0.0243249 4294967295
0.0243369 4294967295
0.0243489 4294967295
0.0243609 4294967295
0.0243729 4294967295
0.0243849 4294967295
0.024397 4294967295
0.024409 4294967295
0.024421 4294967295
0.024433 4294967295
0.024445 4294967295
0.024457 4294967295
0.0244691 4294967295
0.0244811 4294967295
0.0244931 4294967295
0.0245051 4294967295
0.0245171 4294967295
0.0245291 4294967295
0.0245412 4294967295
0.0245532 4294967295
0.0245652 4294967295
0.0245772 4294967295
0.0245892 4294967295
0.0246012 4294967295
0.0246133 4294967295
0.0246253 4294967295
0.0246373 4294967295
0.0246493 4294967295
0.0246613 4294967295
0.0246733 4294967295
0.0246853 4294967295
0.0246974 4294967295
0.0247094 4294967295
0.0247214 4294967295
0.0247334 4294967295
0.0247454 4294967295
0.0247574 4294967295
0.0247695 4294967295
0.0247815 4294967295
0.0247935 4294967295
0.0248055 4294967295
0.0248175 4294967295
0.0248295 4294967295
0.0248416 4294967295
0.0248536 4294967295
0.0248656 4294967295
0.0248776 4294967295
0.0248896 4294967295
0.0249016 4294967295
0.0249137 4294967295
0.0249257 4294967295
0.0249377 4294967295
0.0249497 4294967295
0.0249617 4294967295
0.0249737 4294967295
0.0249857 4294967295
0.0249978 4294967295
0.0250098 4294967295
0.0250218 4294967295
0.0250338 4294967295
0.0250458 4294967295
0.0250578 4294967295
0.0250699 4294967295
0.0250819 4294967295
0.0250939 4294967295
0.0251059 4294967295
0.0251179 4294967295
0.0251299 4294967295
0.025142 4294967295
0.025154 4294967295
0.025166 4294967295
0.025178 4294967295
0.02519 4294967295
0.025202 4294967295
0.0252141 4294967295
0.0252261 4294967295
0.0252381 4294967295
0.0252501 4294967295
0.0252621 4294967295
0.0252741 4294967295
0.0252861 4294967295
0.0252982 4294967295
0.0253102 4294967295
0.0253222 4294967295
0.0253342 4294967295
0.0253462 4294967295
0.0253582 4294967295
0.0253703 4294967295
0.0253823 4294967295
0.0253943 4294967295
0.0254063 4294967295
0.0254183 4294967295
0.0254303 4294967295
0.0254424 4294967295
0.0254544 4294967295
0.0254664 4294967295
0.0254784 4294967295
0.0254904 4294967295
0.0255024 4294967295
0.0255145 4294967295
0.0255265 4294967295
0.0255385 4294967295
0.0255505 4294967295
0.0255625 4294967295
0.0255745 4294967295
0.0255865 4294967295
0.0255986 4294967295
0.0256106 4294967295
0.0256226 4294967295
0.0256346 4294967295
0.0256466 4294967295
0.0256586 4294967295
0.0256707 4294967295
0.0256827 4294967295
0.0256947 4294967295
0.0257067 4294967295
0.0257187 4294967295
0.0257307 4294967295
0.0257428 4294967295
0.0257548 4294967295
0.0257668 4294967295
0.0257788 4294967295
0.0257908 4294967295
0.0258028 4294967295
0.0258149 4294967295
0.0258269 4294967295
0.0258389 4294967295
0.0258509 4294967295
0.0258629 4294967295
0.0258749 4294967295
0.0258869 4294967295
0.025899 4294967295
0.025911 4294967295
0.025923 4294967295
0.025935 4294967295
0.025947 4294967295
0.025959 4294967295
0.0259711 4294967295
0.0259831 4294967295
0.0259951 4294967295
0.0260071 4294967295
0.0260191 4294967295
0.0260311 4294967295
0.0260432 4294967295
0.0260552 4294967295
0.0260672 4294967295
0.0260792 4294967295
0.0260912 4294967295
0.0261032 4294967295
0.0261153 4294967295
0.0261273 4294967295
0.0261393 4294967295
0.0261513 4294967295
0.0261633 4294967295
0.0261753 4294967295
0.0261873 4294967295
0.0261994 4294967295
0.0262114 4294967295
0.0262234 4294967295
0.0262354 4294967295
0.0262474 4294967295
0.0262594 4294967295
0.0262715 4294967295
0.0262835 4294967295
0.0262955 4294967295
0.0263075 4294967295
0.0263195 4294967295
0.0263315 4294967295
0.0263436 4294967295
0.0263556 4294967295
0.0263676 4294967295
0.0263796 4294967295
0.0263916 4294967295
0.0264036 4294967295
0.0264157 4294967295
0.0264277 4294967295
0.0264397 4294967295
0.0264517 4294967295
0.0264637 4294967295
0.0264757 4294967295
0.0264877 4294967295
0.0264998 4294967295
0.0265118 4294967295
0.0265238 4294967295
0.0265358 4294967295
0.0265478 4294967295
0.0265598 4294967295
0.0265719 4294967295
0.0265839 4294967295
0.0265959 4294967295
0.0266079 4294967295
0.0266199 4294967295
0.0266319 4294967295
0.026644 4294967295
0.026656 4294967295
0.026668 4294967295
0.02668 4294967295
0.026692 4294967295
0.026704 4294967295
0.0267161 4294967295
0.0267281 4294967295
0.0267401 4294967295
0.0267521 4294967295
0.0267641 4294967295
0.0267761 4294967295
0.0267881 4294967295
0.0268002 4294967295
0.0268122 4294967295
0.0268242 4294967295
0.0268362 4294967295
0.0268482 4294967295
0.0268602 4294967295
0.0268723 4294967295
0.0268843 4294967295
0.0268963 4294967295
0.0269083 4294967295
0.0269203 4294967295
0.0269323 4294967295
0.0269444 4294967295
0.0269564 4294967295
0.0269684 4294967295
0.0269804 4294967295
0.0269924 4294967295
0.0270044 4294967295
0.0270165 4294967295
0.0270285 4294967295
0.0270405 4294967295
0.0270525 4294967295
0.0270645 4294967295
0.0270765 4294967295
0.0270885 4294967295
0.0271006 4294967295
0.0271126 4294967295
0.0271246 4294967295
0.0271366 4294967295
0.0271486 4294967295
0.0271606 4294967295
0.0271727 4294967295
0.0271847 4294967295
0.0271967 4294967295
0.0272087 4294967295
0.0272207 4294967295
0.0272327 4294967295
0.0272448 4294967295
0.0272568 4294967295
0.0272688 4294967295
0.0272808 4294967295
0.0272928 4294967295
0.0273048 4294967295
0.0273169 4294967295
0.0273289 4294967295
0.0273409 4294967295
0.0273529 4294967295
0.0273649 4294967295
0.0273769 4294967295
0.0273889 4294967295
0.027401 4294967295
0.027413 4294967295
0.027425 4294967295
0.027437 4294967295
0.027449 4294967295
0.027461 4294967295
0.0274731 4294967295
0.0274851 4294967295
0.0274971 4294967295
0.0275091 4294967295
0.0275211 4294967295
0.0275331 4294967295
0.0275452 4294967295
0.0275572 4294967295
0.0275692 4294967295
0.0275812 4294967295
0.0275932 4294967295
0.0276052 4294967295
0.0276173 4294967295
0.0276293 4294967295
0.0276413 4294967295
0.0276533 4294967295
0.0276653 4294967295
0.0276773 4294967295
0.0276893 4294967295
0.0277014 4294967295
0.0277134 4294967295
0.0277254 4294967295
0.0277374 4294967295
0.0277494 4294967295
0.0277614 4294967295
0.0277735 4294967295
0.0277855 4294967295
0.0277975 4294967295
0.0278095 4294967295
0.0278215 4294967295
0.0278335 4294967295
0.0278456 4294967295
0.0278576 4294967295
0.0278696 4294967295
0.0278816 4294967295
0.0278936 4294967295
0.0279056 4294967295
0.0279177 4294967295
0.0279297 4294967295
0.0279417 4294967295
0.0279537 4294967295
0.0279657 4294967295
0.0279777 4294967295
0.0279897 4294967295
0.0280018 4294967295
0.0280138 4294967295
0.0280258 4294967295
0.0280378 4294967295
0.0280498 4294967295
0.0280618 4294967295
0.0280739 4294967295
0.0280859 4294967295
0.0280979 4294967295
0.0281099 4294967295
0.0281219 4294967295
0.0281339 4294967295
0.028146 4294967295
0.028158 4294967295
0.02817 4294967295
0.028182 4294967295
0.028194 4294967295
0.028206 4294967295
0.0282181 4294967295
0.0282301 4294967295
0.0282421 4294967295
0.0282541 4294967295
0.0282661 4294967295
0.0282781 4294967295
0.0282901 4294967295
0.0283022 4294967295
0.0283142 4294967295
0.0283262 4294967295
0.0283382 4294967295
0.0283502 4294967295
0.0283622 4294967295
0.0283743 4294967295
0.0283863 4294967295
0.0283983 4294967295
0.0284103 4294967295
0.0284223 4294967295
0.0284343 4294967295
0.0284464 4294967295
0.0284584 4294967295
0.0284704 4294967295
0.0284824 4294967295
0.0284944 4294967295
0.0285064 4294967295
0.0285185 4294967295
0.0285305 4294967295
0.0285425 4294967295
0.0285545 4294967295
0.0285665 4294967295
0.0285785 4294967295
0.0285905 4294967295
0.0286026 4294967295
0.0286146 4294967295
0.0286266 4294967295
0.0286386 4294967295
0.0286506 4294967295
0.0286626 4294967295
0.0286747 4294967295
0.0286867 4294967295
0.0286987 4294967295
0.0287107 4294967295
0.0287227 4294967295
0.0287347 4294967295
0.0287468 4294967295
0.0287588 4294967295
0.0287708 4294967295
0.0287828 4294967295
0.0287948 4294967295
0.0288068 4294967295
0.0288189 4294967295
0.0288309 4294967295
0.0288429 4294967295
0.0288549 4294967295
0.0288669 4294967295
0.0288789 4294967295
0.0288909 4294967295
0.028903 4294967295
0.028915 4294967295
0.028927 4294967295
0.028939 4294967295
0.028951 4294967295
0.028963 4294967295
0.0289751 4294967295
0.0289871 4294967295
0.0289991 4294967295
0.0290111 4294967295
0.0290231 4294967295
0.0290351 4294967295
0.0290472 4294967295
0.0290592 4294967295
0.0290712 4294967295
0.0290832 4294967295
0.0290952 4294967295
0.0291072 4294967295
0.0291193 4294967295
0.0291313 4294967295
0.0291433 4294967295
0.0291553 4294967295
0.0291673 4294967295
0.0291793 4294967295
0.0291913 4294967295
0.0292034 4294967295
0.0292154 4294967295
0.0292274 4294967295
0.0292394 4294967295
0.0292514 4294967295
0.0292634 4294967295
0.0292755 4294967295
0.0292875 4294967295
0.0292995 4294967295
0.0293115 4294967295
0.0293235 4294967295
0.0293355 4294967295
0.0293476 4294967295
0.0293596 4294967295
0.0293716 4294967295
0.0293836 4294967295
0.0293956 4294967295
0.0294076 4294967295
0.0294197 4294967295
0.0294317 4294967295
0.0294437 4294967295
0.0294557 4294967295
0.0294677 4294967295
0.0294797 4294967295
0.0294917 4294967295
0.0295038 4294967295
0.0295158 4294967295
0.0295278 4294967295
0.0295398 4294967295
0.0295518 4294967295
0.0295638 4294967295
0.0295759 4294967295
0.0295879 4294967295
0.0295999 4294967295
0.0296119 4294967295
0.0296239 4294967295
0.0296359 4294967295
0.029648 4294967295
0.02966 4294967295
0.029672 4294967295
0.029684 4294967295
0.029696 4294967295
0.029708 4294967295
0.0297201 4294967295
0.0297321 4294967295
0.0297441 4294967295
0.0297561 4294967295
0.0297681 4294967295
0.0297801 4294967295
0.0297921 4294967295
0.0298042 4294967295
0.0298162 4294967295
0.0298282 4294967295
0.0298402 4294967295
0.0298522 4294967295
0.0298642 4294967295
0.0298763 4294967295
0.0298883 4294967295
0.0299003 4294967295
0.0299123 4294967295
0.0299243 4294967295
0.0299363 4294967295
0.0299484 4294967295
0.0299604 4294967295
0.0299724 4294967295
0.0299844 4294967295
0.0299964 4294967295
0.0300084 4294967295
0.0300205 4294967295
0.0300325 4294967295
0.0300445 4294967295
0.0300565 4294967295
0.0300685 4294967295
0.0300805 4294967295
0.0300925 4294967295
0.0301046 4294967295
0.0301166 4294967295
0.0301286 4294967295
0.0301406 4294967295
0.0301526 4294967295
0.0301646 4294967295
0.0301767 4294967295
0.0301887 4294967295
0.0302007 4294967295
0.0302127 4294967295
0.0302247 4294967295
0.0302367 4294967295
0.0302488 4294967295
0.0302608 4294967295
0.0302728 4294967295
0.0302848 4294967295
0.0302968 4294967295
0.0303088 4294967295
0.0303209 4294967295
0.0303329 4294967295
0.0303449 4294967295
0.0303569 4294967295
0.0303689 4294967295
0.0303809 4294967295
0.0303929 4294967295
0.030405 4294967295
0.030417 4294967295
0.030429 4294967295
0.030441 4294967295
0.030453 4294967295
0.030465 4294967295
0.0304771 4294967295
0.0304891 4294967295
0.0305011 4294967295
0.0305131 4294967295
0.0305251 4294967295
0.0305371 4294967295
0.0305492 4294967295
0.0305612 4294967295
0.0305732 4294967295
0.0305852 4294967295
0.0305972 4294967295
0.0306092 4294967295
0.0306213 4294967295
0.0306333 4294967295
0.0306453 4294967295
0.0306573 4294967295
0.0306693 4294967295
0.0306813 4294967295
0.0306933 4294967295
0.0307054 4294967295
0.0307174 4294967295
0.0307294 4294967295
0.0307414 4294967295
0.0307534 4294967295
0.0307654 4294967295
0.0307775 4294967295
0.0307895 4294967295
0.0308015 4294967295
0.0308135 4294967295
0.0308255 4294967295
0.0308375 4294967295
0.0308496 4294967295
0.0308616 4294967295
0.0308736 4294967295
0.0308856 4294967295
0.0308976 4294967295
0.0309096 4294967295
0.0309217 4294967295
0.0309337 4294967295
0.0309457 4294967295
0.0309577 4294967295
0.0309697 4294967295
0.0309817 4294967295
0.0309937 4294967295
0.0310058 4294967295
0.0310178 4294967295
0.0310298 4294967295
0.0310418 4294967295
0.0310538 4294967295
0.0310658 4294967295
0.0310779 4294967295
0.0310899 4294967295
0.0311019 4294967295
0.0311139 4294967295
0.0311259 4294967295
0.0311379 4294967295
0.03115 4294967295
0.031162 4294967295
0.031174 4294967295
0.031186 4294967295
0.031198 4294967295
0.03121 4294967295
0.0312221 4294967295
0.0312341 4294967295
0.0312461 4294967295
0.0312581 4294967295
0.0312701 4294967295
0.0312821 4294967295
0.0312941 4294967295
0.0313062 4294967295
0.0313182 4294967295
0.0313302 4294967295
0.0313422 4294967295
0.0313542 4294967295
0.0313662 4294967295
0.0313783 4294967295
0.0313903 4294967295
0.0314023 4294967295
0.0314143 4294967295
0.0314263 4294967295
0.0314383 4294967295
0.0314504 4294967295
0.0314624 4294967295
0.0314744 4294967295
0.0314864 4294967295
0.0314984 4294967295
0.0315104 4294967295
0.0315225 4294967295
0.0315345 4294967295
0.0315465 4294967295
0.0315585 4294967295
0.0315705 4294967295
0.0315825 4294967295
0.0315945 4294967295
0.0316066 4294967295
0.0316186 4294967295
0.0316306 4294967295
0.0316426 4294967295
0.0316546 4294967295
0.0316666 4294967295
0.0316787 4294967295
0.0316907 4294967295
0.0317027 4294967295
0.0317147 4294967295
0.0317267 4294967295
0.0317387 4294967295
0.0317508 4294967295
0.0317628 4294967295
0.0317748 4294967295
0.0317868 4294967295
0.0317988 4294967295
0.0318108 4294967295
0.0318229 4294967295
0.0318349 4294967295
0.0318469 4294967295
0.0318589 4294967295
0.0318709 4294967295
0.0318829 4294967295
0.0318949 4294967295
0.031907 4294967295
0.031919 4294967295
0.031931 4294967295
0.031943 4294967295
0.031955 4294967295
0.031967 4294967295
0.0319791 4294967295
0.0319911 4294967295
0.0320031 4294967295
0.0320151 4294967295
0.0320271 4294967295
0.0320391 4294967295
0.0320512 4294967295
0.0320632 4294967295
0.0320752 4294967295
0.0320872 4294967295
0.0320992 4294967295
0.0321112 4294967295
0.0321233 4294967295
0.0321353 4294967295
0.0321473 4294967295
0.0321593 4294967295
0.0321713 4294967295
0.0321833 4294967295
0.0321953 4294967295
0.0322074 4294967295
0.0322194 4294967295
0.0322314 4294967295
0.0322434 4294967295
0.0322554 4294967295
0.0322674 4294967295
0.0322795 4294967295
0.0322915 4294967295
0.0323035 4294967295
0.0323155 4294967295
0.0323275 4294967295
0.0323395 4294967295
0.0323516 4294967295
0.0323636 4294967295
0.0323756 4294967295
0.0323876 4294967295
0.0323996 4294967295
0.0324116 4294967295
0.0324237 4294967295
0.0324357 4294967295
0.0324477 4294967295
0.0324597 4294967295
0.0324717 4294967295
0.0324837 4294967295
0.0324957 4294967295
0.0325078 4294967295
0.0325198 4294967295
0.0325318 4294967295
0.0325438 4294967295
0.0325558 4294967295
0.0325678 4294967295
0.0325799 4294967295
0.0325919 4294967295
0.0326039 4294967295
0.0326159 4294967295
0.0326279 4294967295
0.0326399 4294967295
0.032652 4294967295
0.032664 4294967295
0.032676 4294967295
0.032688 4294967295
0.0327 4294967295
0.032712 4294967295
0.0327241 4294967295
0.0327361 4294967295
0.0327481 4294967295
0.0327601 4294967295
0.0327721 4294967295
0.0327841 4294967295
0.0327961 4294967295
0.0328082 4294967295
0.0328202 4294967295
0.0328322 4294967295
0.0328442 4294967295
0.0328562 4294967295
0.0328682 4294967295
0.0328803 4294967295
0.0328923 4294967295
0.0329043 4294967295
0.0329163 4294967295
0.0329283 4294967295
0.0329403 4294967295
0.0329524 4294967295
0.0329644 4294967295
0.0329764 4294967295
0.0329884 4294967295
0.0330004 4294967295
0.0330124 4294967295
0.0330245 4294967295
0.0330365 4294967295
0.0330485 4294967295
0.0330605 4294967295
0.0330725 4294967295
0.0330845 4294967295
0.0330965 4294967295
0.0331086 4294967295
0.0331206 4294967295
0.0331326 4294967295
0.0331446 4294967295
0.0331566 4294967295
0.0331686 4294967295
0.0331807 4294967295
0.0331927 4294967295
0.0332047 4294967295
0.0332167 4294967295
0.0332287 4294967295
0.0332407 4294967295
0.0332528 4294967295
0.0332648 4294967295
0.0332768 4294967295
0.0332888 4294967295
0.0333008 4294967295
0.0333128 4294967295
0.0333249 4294967295
0.0333369 4294967295
0.0333489 4294967295
0.0333609 4294967295
0.0333729 4294967295
0.0333849 4294967295
0.0333969 4294967295
0.033409 4294967295
0.033421 4294967295
0.033433 4294967295
0.033445 4294967295
