0.0 0
4.16e-05 1360
4.16e-05 1360
0.000105035 2720
0.000168135 4080
0.00017935 5440
0.000231235 6800
0.00024245 8160
0.000253665 9520
0.00026488 10880
0.000294335 12240
0.00030555 13600
0.000316765 14960
0.00032798 16320
0.000339195 17680
0.00035041 19040
0.000361625 20400
0.00037284 21760
0.000384055 23120
0.00039527 24480
0.000406485 25840
0.0004177 27200
0.000428915 28560
0.00044013 29920
0.000451345 31280
0.00046256 32640
0.000473775 34000
0.00048499 35360
0.000496205 36720
0.00050742 38080
0.000518635 39440
0.00052985 40800
0.000541065 42160
0.00055228 43520
0.000563495 44880
0.00057471 46240
0.000585925 47600
0.00059714 48960
0.000608355 50320
0.00061957 51680
0.000630785 53040
0.000642 54400
0.000653215 55760
0.00066443 57120
0.000675645 58480
0.00068686 59840
0.000698075 61200
0.00070929 62560
0.000720505 63920
0.00073172 65280
0.000742935 66640
0.00075415 68000
0.000765365 69360
0.00077658 70720
0.000787795 72080
0.00079901 73440
0.000810225 74800
0.00082144 76160
0.000832655 77520
0.00084387 78880
0.000855085 80240
0.0008663 81600
0.000877515 82960
0.00088873 84320
0.000899945 85680
0.00091116 87040
0.000922375 88400
0.00093359 89760
0.000944805 91120
0.00095602 92480
0.000967235 93840
0.00097845 95200
0.000989665 96560
0.00100088 97920
0.00101209 99280
0.00102331 100640
0.00103452 102000
0.00104574 103360
0.00105696 104720
0.00106817 106080
0.00107938 107440
0.0010906 108800
0.00110181 110160
0.00111303 111520
0.00112424 112880
0.00113546 114240
0.00114667 115600
0.00115789 116960
0.0011691 118320
0.00118032 119680
0.00119154 121040
0.00120275 122400
0.00121397 123760
0.00122518 125120
0.00123639 126480
0.00124761 127840
0.00125882 129200
0.00127004 130560
0.00128126 131920
0.00129247 133280
0.00130368 134640
0.0013149 136000
0.00132612 137360
0.00133733 138720
0.00134855 140080
0.00135976 141440
0.00137097 142800
0.00138219 144160
0.0013934 145520
0.00140462 146880
0.00141584 148240
0.00142705 149600
0.00143826 150960
0.00144948 152320
0.00146069 153680
0.00147191 155040
0.00148313 156400
0.00149434 157760
0.00150556 159120
0.00151677 160480
0.00152798 161840
0.0015392 163200
0.00155041 164560
0.00156163 165920
0.00157285 167280
0.00158406 168640
0.00159527 170000
0.00160649 171360
0.00161771 172720
0.00162892 174080
0.00164014 175440
0.00165135 176800
0.00166256 178160
0.00167378 179520
0.00168499 180880
0.00169621 182240
0.00170743 183600
0.00171864 184960
0.00172985 186320
0.00174107 187680
0.00175228 189040
0.0017635 190400
0.00177472 191760
0.00178593 193120
0.00179714 194480
0.00180836 195840
0.00181957 197200
0.00183079 198560
0.001842 199920
0.00185322 201280
0.00186444 202640
0.00187565 204000
0.00188686 205360
0.00189808 206720
0.0019093 208080
0.00192051 209440
0.00193173 210800
0.00194294 212160
0.00195415 213520
0.00196537 214880
0.00197658 216240
0.0019878 217600
0.00199901 218960
0.00201023 220320
0.00202145 221680
0.00203266 223040
0.00204388 224400
0.00205509 225760
0.00206631 227120
0.00207752 228480
0.00208873 229840
0.00209995 231200
0.00211116 232560
0.00212238 233920
0.00213359 235280
0.00214481 236640
0.00215602 238000
0.00216724 239360
0.00217846 240720
0.00218967 242080
0.00220089 243440
0.0022121 244800
0.00222332 246160
0.00223453 247520
0.00224574 248880
0.00225696 250240
0.00226817 251600
0.00227939 252960
0.0022906 254320
0.00230182 255680
0.00231303 257040
0.00232425 258400
0.00233547 259760
0.00234668 261120
0.0023579 262480
0.00236911 263840
0.00238032 265200
0.00239154 266560
0.00240275 267920
0.00241397 269280
0.00242518 270640
0.0024364 272000
0.00244762 273360
0.00245883 274720
0.00247005 276080
0.00248126 277440
0.00249248 278800
0.00250369 280160
0.00251491 281520
0.00252612 282880
0.00253733 284240
0.00254855 285600
0.00255976 286960
0.00257098 288320
0.00258219 289680
0.00259341 291040
0.00260463 292400
0.00261584 293760
0.00262706 295120
0.00263827 296480
0.00264949 297840
0.0026607 299200
0.00267191 300560
0.00268313 301920
0.00269434 303280
0.00270556 304640
0.00271677 306000
0.00272799 307360
0.0027392 308720
0.00275042 310080
0.00276164 311440
0.00277285 312800
0.00278407 314160
0.00279528 315520
0.00280649 316880
0.00281771 318240
0.00282892 319600
0.00284014 320960
0.00285135 322320
0.00286257 323680
0.00287378 325040
0.002885 326400
0.00289622 327760
0.00290743 329120
0.00291865 330480
0.00292986 331840
0.00294108 333200
0.00295229 334560
0.0029635 335920
0.00297472 337280
0.00298593 338640
0.00299715 340000
0.00300836 341360
0.00301958 342720
0.0030308 344080
0.00304201 345440
0.00305323 346800
0.00306444 348160
0.00307566 349520
0.00308687 350880
0.00309808 352240
0.0031093 353600
0.00312051 354960
0.00313173 356320
0.00314294 357680
0.00315416 359040
0.00316537 360400
0.00317659 361760
0.00318781 363120
0.00319902 364480
0.00321024 365840
0.00322145 367200
0.00323267 368560
0.00324388 369920
0.00325509 371280
0.00326631 372640
0.00327752 374000
0.00328874 375360
0.00329995 376720
0.00331117 378080
0.00332238 379440
0.0033336 380800
0.00334482 382160
0.00335603 383520
0.00336725 384880
0.00337846 386240
0.00338967 387600
0.00340089 388960
0.0034121 390320
0.00342332 391680
0.00343453 393040
0.00344575 394400
0.00345697 395760
0.00346818 397120
0.0034794 398480
0.00349061 399840
0.00350183 401200
0.00351304 402560
0.00352426 403920
0.00353547 405280
0.00354668 406640
0.0035579 408000
0.00356911 409360
0.00358033 410720
0.00359154 412080
0.00360276 413440
0.00361398 414800
0.00362519 416160
0.00363641 417520
0.00364762 418880
0.00365884 420240
0.00367005 421600
0.00368126 422960
0.00369248 424320
0.00370369 425680
0.00371491 427040
0.00372612 428400
0.00373734 429760
0.00374855 431120
0.00375977 432480
0.00377099 433840
0.0037822 435200
0.00379342 436560
0.00380463 437920
0.00381585 439280
0.00382706 440640
0.00383827 442000
0.00384949 443360
0.0038607 444720
0.00387192 446080
0.00388313 447440
0.00389435 448800
0.00390556 450160
0.00391678 451520
0.003928 452880
0.00393921 454240
0.00395042 455600
0.00396164 456960
0.00397285 458320
0.00398407 459680
0.00399529 461040
0.0040065 462400
0.00401771 463760
0.00402893 465120
0.00404015 466480
0.00405136 467840
0.00406257 469200
0.00407379 470560
0.00408501 471920
0.00409622 473280
0.00410743 474640
0.00411865 476000
0.00412986 477360
0.00414108 478720
0.0041523 480080
0.00416351 481440
0.00417472 482800
0.00418594 484160
0.00419716 485520
0.00420837 486880
0.00421958 488240
0.0042308 489600
0.00424202 490960
0.00425323 492320
0.00426445 493680
0.00427566 495040
0.00428687 496400
0.00429809 497760
0.00430931 499120
0.00432052 500480
0.00433173 501840
0.00434295 503200
0.00435417 504560
0.00436538 505920
0.00437659 507280
0.00438781 508640
0.00439902 510000
0.00441024 511360
0.00442146 512720
0.00443267 514080
0.00444388 515440
0.0044551 516800
0.00446632 518160
0.00447753 519520
0.00448874 520880
0.00449996 522240
0.00451118 523600
0.00452239 524960
0.0045336 526320
0.00454482 527680
0.00455603 529040
0.00456725 530400
0.00457847 531760
0.00458968 533120
0.00460089 534480
0.00461211 535840
0.00462333 537200
0.00463454 538560
0.00464575 539920
0.00465697 541280
0.00466819 542640
0.0046794 544000
0.00469062 545360
0.00470183 546720
0.00471304 548080
0.00472426 549440
0.00473548 550800
0.00474669 552160
0.0047579 553520
0.00476912 554880
0.00478034 556240
0.00479155 557600
0.00480276 558960
0.00481398 560320
0.0048252 561680
0.00483641 563040
0.00484763 564400
0.00485884 565760
0.00487005 567120
0.00488127 568480
0.00489249 569840
0.0049037 571200
0.00491491 572560
0.00492613 573920
0.00493735 575280
0.00494856 576640
0.00495977 578000
0.00497099 579360
0.0049822 580720
0.00499342 582080
0.00500464 583440
0.00501585 584800
0.00502706 586160
0.00503828 587520
0.0050495 588880
0.00506071 590240
0.00507192 591600
0.00508314 592960
0.00509436 594320
0.00510557 595680
0.00511679 597040
0.005128 598400
0.00513921 599760
0.00515043 601120
0.00516165 602480
0.00517286 603840
0.00518407 605200
0.00519529 606560
0.00520651 607920
0.00521772 609280
0.00522893 610640
0.00524015 612000
0.00525137 613360
0.00526258 614720
0.00527379 616080
0.00528501 617440
0.00529622 618800
0.00530744 620160
0.00531866 621520
0.00532987 622880
0.00534108 624240
0.0053523 625600
0.00536352 626960
0.00537473 628320
0.00538594 629680
0.00539716 631040
0.00540837 632400
0.00541959 633760
0.00543081 635120
0.00544202 636480
0.00545323 637840
0.00546445 639200
0.00547567 640560
0.00548688 641920
0.00549809 643280
0.00550931 644640
0.00552053 646000
0.00553174 647360
0.00554295 648720
0.00555417 650080
0.00556538 651440
0.0055766 652800
0.00558782 654160
0.00559903 655520
0.00561024 656880
0.00562146 658240
0.00563268 659600
0.00564389 660960
0.0056551 662320
0.00566632 663680
0.00567754 665040
0.00568875 666400
0.00569996 667760
0.00571118 669120
0.00572239 670480
0.00573361 671840
0.00574483 673200
0.00575604 674560
0.00576725 675920
0.00577847 677280
0.00578969 678640
0.0058009 680000
0.00581211 681360
0.00582333 682720
0.00583455 684080
0.00584576 685440
0.00585698 686800
0.00586819 688160
0.0058794 689520
0.00589062 690880
0.00590184 692240
0.00591305 693600
0.00592426 694960
0.00593548 696320
0.0059467 697680
0.00595791 699040
0.00596912 700400
0.00598034 701760
0.00599155 703120
0.00600277 704480
0.00601399 705840
0.0060252 707200
0.00603641 708560
0.00604763 709920
0.00605885 711280
0.00607006 712640
0.00608127 714000
0.00609249 715360
0.00610371 716720
0.00611492 718080
0.00612613 719440
0.00613735 720800
0.00614856 722160
0.00615978 723520
0.006171 724880
0.00618221 726240
0.00619342 727600
0.00620464 728960
0.00621586 730320
0.00622707 731680
0.00623828 733040
0.0062495 734400
0.00626072 735760
0.00627193 737120
0.00628315 738480
0.00629436 739840
0.00630557 741200
0.00631679 742560
0.00632801 743920
0.00633922 745280
0.00635043 746640
0.00636165 748000
0.00637287 749360
0.00638408 750720
0.00639529 752080
0.00640651 753440
0.00641772 754800
0.00642894 756160
0.00644016 757520
0.00645137 758880
0.00646258 760240
0.0064738 761600
0.00648502 762960
0.00649623 764320
0.00650744 765680
0.00651866 767040
0.00652988 768400
0.00654109 769760
0.0065523 771120
0.00656352 772480
0.00657473 773840
0.00658595 775200
0.00659717 776560
0.00660838 777920
0.00661959 779280
0.00663081 780640
0.00664203 782000
0.00665324 783360
0.00666445 784720
0.00667567 786080
0.00668689 787440
0.0066981 788800
0.00670932 790160
0.00672053 791520
0.00673174 792880
0.00674296 794240
0.00675418 795600
0.00676539 796960
0.0067766 798320
0.00678782 799680
0.00679904 801040
0.00681025 802400
0.00682146 803760
0.00683268 805120
0.0068439 806480
0.00685511 807840
0.00686632 809200
0.00687754 810560
0.00688875 811920
0.00689997 813280
0.00691119 814640
0.0069224 816000
0.00693361 817360
0.00694483 818720
0.00695605 820080
0.00696726 821440
0.00697847 822800
0.00698969 824160
0.0070009 825520
0.00701212 826880
0.00702334 828240
0.00703455 829600
0.00704576 830960
0.00705698 832320
0.0070682 833680
0.00707941 835040
0.00709062 836400
0.00710184 837760
0.00711306 839120
0.00712427 840480
0.00713548 841840
0.0071467 843200
0.00715791 844560
0.00716913 845920
0.00718035 847280
0.00719156 848640
0.00720277 850000
0.00721399 851360
0.00722521 852720
0.00723642 854080
0.00724763 855440
0.00725885 856800
0.00727007 858160
0.00728128 859520
0.00729249 860880
0.00730371 862240
0.00731492 863600
0.00732614 864960
0.00733736 866320
0.00734857 867680
0.00735978 869040
0.007371 870400
0.00738222 871760
0.00739343 873120
0.00740464 874480
0.00741586 875840
0.00742707 877200
0.00743829 878560
0.00744951 879920
0.00746072 881280
0.00747193 882640
0.00748315 884000
0.00749437 885360
0.00750558 886720
0.00751679 888080
0.00752801 889440
0.00753923 890800
0.00755044 892160
0.00756165 893520
0.00757287 894880
0.00758408 896240
0.0075953 897600
0.00760652 898960
0.00761773 900320
0.00762894 901680
0.00764016 903040
0.00765138 904400
0.00766259 905760
0.0076738 907120
0.00768502 908480
0.00769624 909840
0.00770745 911200
0.00771866 912560
0.00772988 913920
0.00774109 915280
0.00775231 916640
0.00776353 918000
0.00777474 919360
0.00778595 920720
0.00779717 922080
0.00780839 923440
0.0078196 924800
0.00783081 926160
0.00784203 927520
0.00785325 928880
0.00786446 930240
0.00787568 931600
0.00788689 932960
0.00789811 934320
0.00790932 935680
0.00792053 937040
0.00793175 938400
0.00794296 939760
0.00795418 941120
0.0079654 942480
0.00797661 943840
0.00798783 945200
0.00799904 946560
0.00801026 947920
0.00802147 949280
0.00803268 950640
0.0080439 952000
0.00805511 953360
0.00806633 954720
0.00807755 956080
0.00808876 957440
0.00809998 958800
0.00811119 960160
0.0081224 961520
0.00813362 962880
0.00814483 964240
0.00815605 965600
0.00816726 966960
0.00817848 968320
0.0081897 969680
0.00820091 971040
0.00821213 972400
0.00822334 973760
0.00823455 975120
0.00824577 976480
0.00825698 977840
0.0082682 979200
0.00827942 980560
0.00829063 981920
0.00830185 983280
0.00831306 984640
0.00832428 986000
0.00833549 987360
0.0083467 988720
0.00835792 990080
0.00836913 991440
0.00838035 992800
0.00839157 994160
0.00840278 995520
0.008414 996880
0.00842521 998240
0.00843642 999600
0.00844764 1000960
0.00845885 1002320
0.00847007 1003680
0.00848128 1005040
0.0084925 1006400
0.00850372 1007760
0.00851493 1009120
0.00852615 1010480
0.00853736 1011840
0.00854857 1013200
0.00855979 1014560
0.008571 1015920
0.00858222 1017280
0.00859343 1018640
0.00860465 1020000
0.00861587 1021360
0.00862708 1022720
0.0086383 1024080
0.00864951 1025440
0.00866072 1026800
0.00867194 1028160
0.00868315 1029520
0.00869437 1030880
0.00870559 1032240
0.0087168 1033600
0.00872802 1034960
0.00873923 1036320
0.00875045 1037680
0.00876166 1039040
0.00877287 1040400
0.00878409 1041760
0.0087953 1043120
0.00880652 1044480
0.00881774 1045840
0.00882895 1047200
0.00884017 1048560
0.00885138 1049920
0.00886259 1051280
0.00887381 1052640
0.00888502 1054000
0.00889624 1055360
0.00890745 1056720
0.00891867 1058080
0.00892989 1059440
0.0089411 1060800
0.00895232 1062160
0.00896353 1063520
0.00897474 1064880
0.00898596 1066240
0.00899717 1067600
0.00900839 1068960
0.0090196 1070320
0.00903082 1071680
0.00904204 1073040
0.00905325 1074400
0.00906447 1075760
0.00907568 1077120
0.00908689 1078480
0.00909811 1079840
0.00910932 1081200
0.00912054 1082560
0.00913176 1083920
0.00914297 1085280
0.00915419 1086640
0.0091654 1088000
0.00917662 1089360
0.00918783 1090720
0.00919904 1092080
0.00921026 1093440
0.00922147 1094800
0.00923269 1096160
0.00924391 1097520
0.00925512 1098880
0.00926634 1100240
0.00927755 1101600
0.00928876 1102960
0.00929998 1104320
0.00931119 1105680
0.00932241 1107040
0.00933362 1108400
0.00934484 1109760
0.00935606 1111120
0.00936727 1112480
0.00937849 1113840
0.0093897 1115200
0.00940091 1116560
0.00941213 1117920
0.00942334 1119280
0.00943456 1120640
0.00944578 1122000
0.00945699 1123360
0.00946821 1124720
0.00947942 1126080
0.00949064 1127440
0.00950185 1128800
0.00951306 1130160
0.00952428 1131520
0.00953549 1132880
0.00954671 1134240
0.00955793 1135600
0.00956914 1136960
0.00958036 1138320
0.00959157 1139680
0.00960278 1141040
0.009614 1142400
0.00962521 1143760
0.00963643 1145120
0.00964764 1146480
0.00965886 1147840
0.00967008 1149200
0.00968129 1150560
0.00969251 1151920
0.00970372 1153280
0.00971493 1154640
0.00972615 1156000
0.00973736 1157360
0.00974858 1158720
0.00975979 1160080
0.00977101 1161440
0.00978223 1162800
0.00979344 1164160
0.00980466 1165520
0.00981587 1166880
0.00982708 1168240
0.0098383 1169600
0.00984951 1170960
0.00986073 1172320
0.00987195 1173680
0.00988316 1175040
0.00989438 1176400
0.00990559 1177760
0.00991681 1179120
0.00992802 1180480
0.00993923 1181840
0.00995045 1183200
0.00996166 1184560
0.00997288 1185920
0.0099841 1187280
0.00999531 1188640
0.0100065 1190000
0.0100177 1191360
0.010029 1192720
0.0100402 1194080
0.0100514 1195440
0.0100626 1196800
0.0100738 1198160
0.010085 1199520
0.0100962 1200880
0.0101075 1202240
0.0101187 1203600
0.0101299 1204960
0.0101411 1206320
0.0101523 1207680
0.0101635 1209040
0.0101747 1210400
0.010186 1211760
0.0101972 1213120
0.0102084 1214480
0.0102196 1215840
0.0102308 1217200
0.010242 1218560
0.0102533 1219920
0.0102645 1221280
0.0102757 1222640
0.0102869 1224000
0.0102981 1225360
0.0103093 1226720
0.0103205 1228080
0.0103318 1229440
0.010343 1230800
0.0103542 1232160
0.0103654 1233520
0.0103766 1234880
0.0103878 1236240
0.010399 1237600
0.0104103 1238960
0.0104215 1240320
0.0104327 1241680
0.0104439 1243040
0.0104551 1244400
0.0104663 1245760
0.0104776 1247120
0.0104888 1248480
0.0105 1249840
0.0105112 1251200
0.0105224 1252560
0.0105336 1253920
0.0105448 1255280
0.0105561 1256640
0.0105673 1258000
0.0105785 1259360
0.0105897 1260720
0.0106009 1262080
0.0106121 1263440
0.0106234 1264800
0.0106346 1266160
0.0106458 1267520
0.010657 1268880
0.0106682 1270240
0.0106794 1271600
0.0106906 1272960
0.0107019 1274320
0.0107131 1275680
0.0107243 1277040
0.0107355 1278400
0.0107467 1279760
0.0107579 1281120
0.0107691 1282480
0.0107804 1283840
0.0107916 1285200
0.0108028 1286560
0.010814 1287920
0.0108252 1289280
0.0108364 1290640
0.0108477 1292000
0.0108589 1293360
0.0108701 1294720
0.0108813 1296080
0.0108925 1297440
0.0109037 1298800
0.0109149 1300160
0.0109262 1301520
0.0109374 1302880
0.0109486 1304240
0.0109598 1305600
0.010971 1306960
0.0109822 1308320
0.0109934 1309680
0.0110047 1311040
0.0110159 1312400
0.0110271 1313760
0.0110383 1315120
0.0110495 1316480
0.0110607 1317840
0.011072 1319200
0.0110832 1320560
0.0110944 1321920
0.0111056 1323280
0.0111168 1324640
0.011128 1326000
0.0111392 1327360
0.0111505 1328720
0.0111617 1330080
0.0111729 1331440
0.0111841 1332800
0.0111953 1334160
0.0112065 1335520
0.0112177 1336880
0.011229 1338240
0.0112402 1339600
0.0112514 1340960
0.0112626 1342320
0.0112738 1343680
0.011285 1345040
0.0112963 1346400
0.0113075 1347760
0.0113187 1349120
0.0113299 1350480
0.0113411 1351840
0.0113523 1353200
0.0113635 1354560
0.0113748 1355920
0.011386 1357280
0.0113972 1358640
0.0114084 1360000
0.0114196 1361360
0.0114308 1362720
0.011442 1364080
0.0114533 1365440
0.0114645 1366800
0.0114757 1368160
0.0114869 1369520
0.0114981 1370880
0.0115093 1372240
0.0115205 1373600
0.0115318 1374960
0.011543 1376320
0.0115542 1377680
0.0115654 1379040
0.0115766 1380400
0.0115878 1381760
0.0115991 1383120
0.0116103 1384480
0.0116215 1385840
0.0116327 1387200
0.0116439 1388560
0.0116551 1389920
0.0116663 1391280
0.0116776 1392640
0.0116888 1394000
0.0117 1395360
0.0117112 1396720
0.0117224 1398080
0.0117336 1399440
0.0117448 1400800
0.0117561 1402160
0.0117673 1403520
0.0117785 1404880
0.0117897 1406240
0.0118009 1407600
0.0118121 1408960
0.0118234 1410320
0.0118346 1411680
0.0118458 1413040
0.011857 1414400
0.0118682 1415760
0.0118794 1417120
0.0118906 1418480
0.0119019 1419840
0.0119131 1421200
0.0119243 1422560
0.0119355 1423920
0.0119467 1425280
0.0119579 1426640
0.0119691 1428000
0.0119804 1429360
0.0119916 1430720
0.0120028 1432080
0.012014 1433440
0.0120252 1434800
0.0120364 1436160
0.0120477 1437520
0.0120589 1438880
0.0120701 1440240
0.0120813 1441600
0.0120925 1442960
0.0121037 1444320
0.0121149 1445680
0.0121262 1447040
0.0121374 1448400
0.0121486 1449760
0.0121598 1451120
0.012171 1452480
0.0121822 1453840
0.0121934 1455200
0.0122047 1456560
0.0122159 1457920
0.0122271 1459280
0.0122383 1460640
0.0122495 1462000
0.0122607 1463360
0.012272 1464720
0.0122832 1466080
0.0122944 1467440
0.0123056 1468800
0.0123168 1470160
0.012328 1471520
0.0123392 1472880
0.0123505 1474240
0.0123617 1475600
0.0123729 1476960
0.0123841 1478320
0.0123953 1479680
0.0124065 1481040
0.0124177 1482400
0.012429 1483760
0.0124402 1485120
0.0124514 1486480
0.0124626 1487840
0.0124738 1489200
0.012485 1490560
0.0124963 1491920
0.0125075 1493280
0.0125187 1494640
0.0125299 1496000
0.0125411 1497360
0.0125523 1498720
0.0125635 1500080
0.0125748 1501440
0.012586 1502800
0.0125972 1504160
0.0126084 1505520
0.0126196 1506880
0.0126308 1508240
0.0126421 1509600
0.0126533 1510960
0.0126645 1512320
0.0126757 1513680
0.0126869 1515040
0.0126981 1516400
0.0127093 1517760
0.0127206 1519120
0.0127318 1520480
0.012743 1521840
0.0127542 1523200
0.0127654 1524560
0.0127766 1525920
0.0127878 1527280
0.0127991 1528640
0.0128103 1530000
0.0128215 1531360
0.0128327 1532720
0.0128439 1534080
0.0128551 1535440
0.0128664 1536800
0.0128776 1538160
0.0128888 1539520
0.0129 1540880
0.0129112 1542240
0.0129224 1543600
0.0129336 1544960
0.0129449 1546320
0.0129561 1547680
0.0129673 1549040
0.0129785 1550400
0.0129897 1551760
0.0130009 1553120
0.0130121 1554480
0.0130234 1555840
0.0130346 1557200
0.0130458 1558560
0.013057 1559920
0.0130682 1561280
0.0130794 1562640
0.0130907 1564000
0.0131019 1565360
0.0131131 1566720
0.0131243 1568080
0.0131355 1569440
0.0131467 1570800
0.0131579 1572160
0.0131692 1573520
0.0131804 1574880
0.0131916 1576240
0.0132028 1577600
0.013214 1578960
0.0132252 1580320
0.0132364 1581680
0.0132477 1583040
0.0132589 1584400
0.0132701 1585760
0.0132813 1587120
0.0132925 1588480
0.0133037 1589840
0.013315 1591200
0.0133262 1592560
0.0133374 1593920
0.0133486 1595280
0.0133598 1596640
0.013371 1598000
0.0133822 1599360
0.0133935 1600720
0.0134047 1602080
0.0134159 1603440
0.0134271 1604800
0.0134383 1606160
0.0134495 1607520
0.0134607 1608880
0.013472 1610240
0.0134832 1611600
0.0134944 1612960
0.0135056 1614320
0.0135168 1615680
0.013528 1617040
0.0135392 1618400
0.0135505 1619760
0.0135617 1621120
0.0135729 1622480
0.0135841 1623840
0.0135953 1625200
0.0136065 1626560
0.0136178 1627920
0.013629 1629280
0.0136402 1630640
0.0136514 1632000
0.0136626 1633360
0.0136738 1634720
0.013685 1636080
0.0136963 1637440
0.0137075 1638800
0.0137187 1640160
0.0137299 1641520
0.0137411 1642880
0.0137523 1644240
0.0137635 1645600
0.0137748 1646960
0.013786 1648320
0.0137972 1649680
0.0138084 1651040
0.0138196 1652400
0.0138308 1653760
0.0138421 1655120
0.0138533 1656480
0.0138645 1657840
0.0138757 1659200
0.0138869 1660560
0.0138981 1661920
0.0139093 1663280
0.0139206 1664640
0.0139318 1666000
0.013943 1667360
0.0139542 1668720
0.0139654 1670080
0.0139766 1671440
0.0139878 1672800
0.0139991 1674160
0.0140103 1675520
0.0140215 1676880
0.0140327 1678240
0.0140439 1679600
0.0140551 1680960
0.0140664 1682320
0.0140776 1683680
0.0140888 1685040
0.0141 1686400
0.0141112 1687760
0.0141224 1689120
0.0141336 1690480
0.0141449 1691840
0.0141561 1693200
0.0141673 1694560
0.0141785 1695920
0.0141897 1697280
0.0142009 1698640
0.0142121 1700000
0.0142234 1701360
0.0142346 1702720
0.0142458 1704080
0.014257 1705440
0.0142682 1706800
0.0142794 1708160
0.0142907 1709520
0.0143019 1710880
0.0143131 1712240
0.0143243 1713600
0.0143355 1714960
0.0143467 1716320
0.0143579 1717680
0.0143692 1719040
0.0143804 1720400
0.0143916 1721760
0.0144028 1723120
0.014414 1724480
0.0144252 1725840
0.0144364 1727200
0.0144477 1728560
0.0144589 1729920
0.0144701 1731280
0.0144813 1732640
0.0144925 1734000
0.0145037 1735360
0.014515 1736720
0.0145262 1738080
0.0145374 1739440
0.0145486 1740800
0.0145598 1742160
0.014571 1743520
0.0145822 1744880
0.0145935 1746240
0.0146047 1747600
0.0146159 1748960
0.0146271 1750320
0.0146383 1751680
0.0146495 1753040
0.0146608 1754400
0.014672 1755760
0.0146832 1757120
0.0146944 1758480
0.0147056 1759840
0.0147168 1761200
0.014728 1762560
0.0147393 1763920
0.0147505 1765280
0.0147617 1766640
0.0147729 1768000
0.0147841 1769360
0.0147953 1770720
0.0148065 1772080
0.0148178 1773440
0.014829 1774800
0.0148402 1776160
0.0148514 1777520
0.0148626 1778880
0.0148738 1780240
0.0148851 1781600
0.0148963 1782960
0.0149075 1784320
0.0149187 1785680
0.0149299 1787040
0.0149411 1788400
0.0149523 1789760
0.0149636 1791120
0.0149748 1792480
0.014986 1793840
0.0149972 1795200
0.0150084 1796560
0.0150196 1797920
0.0150308 1799280
0.0150421 1800640
0.0150533 1802000
0.0150645 1803360
0.0150757 1804720
0.0150869 1806080
0.0150981 1807440
0.0151094 1808800
0.0151206 1810160
0.0151318 1811520
0.015143 1812880
0.0151542 1814240
0.0151654 1815600
0.0151766 1816960
0.0151879 1818320
0.0151991 1819680
0.0152103 1821040
0.0152215 1822400
0.0152327 1823760
0.0152439 1825120
0.0152551 1826480
0.0152664 1827840
0.0152776 1829200
0.0152888 1830560
0.0153 1831920
0.0153112 1833280
0.0153224 1834640
0.0153337 1836000
0.0153449 1837360
0.0153561 1838720
0.0153673 1840080
0.0153785 1841440
0.0153897 1842800
0.0154009 1844160
0.0154122 1845520
0.0154234 1846880
0.0154346 1848240
0.0154458 1849600
0.015457 1850960
0.0154682 1852320
0.0154794 1853680
0.0154907 1855040
0.0155019 1856400
0.0155131 1857760
0.0155243 1859120
0.0155355 1860480
0.0155467 1861840
0.0155579 1863200
0.0155692 1864560
0.0155804 1865920
0.0155916 1867280
0.0156028 1868640
0.015614 1870000
0.0156252 1871360
0.0156365 1872720
0.0156477 1874080
0.0156589 1875440
0.0156701 1876800
0.0156813 1878160
0.0156925 1879520
0.0157037 1880880
0.015715 1882240
0.0157262 1883600
0.0157374 1884960
0.0157486 1886320
0.0157598 1887680
0.015771 1889040
0.0157823 1890400
0.0157935 1891760
0.0158047 1893120
0.0158159 1894480
0.0158271 1895840
0.0158383 1897200
0.0158495 1898560
0.0158608 1899920
0.015872 1901280
0.0158832 1902640
0.0158944 1904000
0.0159056 1905360
0.0159168 1906720
0.015928 1908080
0.0159393 1909440
0.0159505 1910800
0.0159617 1912160
0.0159729 1913520
0.0159841 1914880
0.0159953 1916240
0.0160066 1917600
0.0160178 1918960
0.016029 1920320
0.0160402 1921680
0.0160514 1923040
0.0160626 1924400
0.0160738 1925760
0.0160851 1927120
0.0160963 1928480
0.0161075 1929840
0.0161187 1931200
0.0161299 1932560
0.0161411 1933920
0.0161523 1935280
0.0161636 1936640
0.0161748 1938000
0.016186 1939360
0.0161972 1940720
0.0162084 1942080
0.0162196 1943440
0.0162309 1944800
0.0162421 1946160
0.0162533 1947520
0.0162645 1948880
0.0162757 1950240
0.0162869 1951600
0.0162981 1952960
0.0163094 1954320
0.0163206 1955680
0.0163318 1957040
0.016343 1958400
0.0163542 1959760
0.0163654 1961120
0.0163766 1962480
0.0163879 1963840
0.0163991 1965200
0.0164103 1966560
0.0164215 1967920
0.0164327 1969280
0.0164439 1970640
0.0164552 1972000
0.0164664 1973360
0.0164776 1974720
0.0164888 1976080
0.0165 1977440
0.0165112 1978800
0.0165224 1980160
0.0165337 1981520
0.0165449 1982880
0.0165561 1984240
0.0165673 1985600
0.0165785 1986960
0.0165897 1988320
0.0166009 1989680
0.0166122 1991040
0.0166234 1992400
0.0166346 1993760
0.0166458 1995120
0.016657 1996480
0.0166682 1997840
0.0166794 1999200
0.0166907 2000560
0.0167019 2001920
0.0167131 2003280
0.0167243 2004640
0.0167355 2006000
0.0167467 2007360
0.016758 2008720
0.0167692 2010080
0.0167804 2011440
0.0167916 2012800
0.0168028 2014160
0.016814 2015520
0.0168252 2016880
0.0168365 2018240
0.0168477 2019600
0.0168589 2020960
0.0168701 2022320
0.0168813 2023680
0.0168925 2025040
0.0169037 2026400
0.016915 2027760
0.0169262 2029120
0.0169374 2030480
0.0169486 2031840
0.0169598 2033200
0.016971 2034560
0.0169823 2035920
0.0169935 2037280
0.0170047 2038640
0.0170159 2040000
0.0170271 2041360
0.0170383 2042720
0.0170495 2044080
0.0170608 2045440
0.017072 2046800
0.0170832 2048160
0.0170944 2049520
0.0171056 2050880
0.0171168 2052240
0.017128 2053600
0.0171393 2054960
0.0171505 2056320
0.0171617 2057680
0.0171729 2059040
0.0171841 2060400
0.0171953 2061760
0.0172066 2063120
0.0172178 2064480
0.017229 2065840
0.0172402 2067200
0.0172514 2068560
0.0172626 2069920
0.0172738 2071280
0.0172851 2072640
0.0172963 2074000
0.0173075 2075360
0.0173187 2076720
0.0173299 2078080
0.0173411 2079440
0.0173523 2080800
0.0173636 2082160
0.0173748 2083520
0.017386 2084880
0.0173972 2086240
0.0174084 2087600
0.0174196 2088960
0.0174309 2090320
0.0174421 2091680
0.0174533 2093040
0.0174645 2094400
0.0174757 2095760
0.0174869 2097120
0.0174981 2098480
0.0175094 2099840
0.0175206 2101200
0.0175318 2102560
0.017543 2103920
0.0175542 2105280
0.0175654 2106640
0.0175766 2108000
0.0175879 2109360
0.0175991 2110720
0.0176103 2112080
0.0176215 2113440
0.0176327 2114800
0.0176439 2116160
0.0176552 2117520
0.0176664 2118880
0.0176776 2120240
0.0176888 2121600
0.0177 2122960
0.0177112 2124320
0.0177224 2125680
0.0177337 2127040
0.0177449 2128400
0.0177561 2129760
0.0177673 2131120
0.0177785 2132480
0.0177897 2133840
0.0178009 2135200
0.0178122 2136560
0.0178234 2137920
0.0178346 2139280
0.0178458 2140640
0.017857 2142000
0.0178682 2143360
0.0178795 2144720
0.0178907 2146080
0.0179019 2147440
0.0179131 2148800
0.0179243 2150160
0.0179355 2151520
0.0179467 2152880
0.017958 2154240
0.0179692 2155600
0.0179804 2156960
0.0179916 2158320
0.0180028 2159680
0.018014 2161040
0.0180252 2162400
0.0180365 2163760
0.0180477 2165120
0.0180589 2166480
0.0180701 2167840
0.0180813 2169200
0.0180925 2170560
0.0181038 2171920
0.018115 2173280
0.0181262 2174640
0.0181374 2176000
0.0181486 2177360
0.0181598 2178720
0.018171 2180080
0.0181823 2181440
0.0181935 2182800
0.0182047 2184160
0.0182159 2185520
0.0182271 2186880
0.0182383 2188240
0.0182495 2189600
0.0182608 2190960
0.018272 2192320
0.0182832 2193680
0.0182944 2195040
0.0183056 2196400
0.0183168 2197760
0.0183281 2199120
0.0183393 2200480
0.0183505 2201840
0.0183617 2203200
0.0183729 2204560
0.0183841 2205920
0.0183953 2207280
0.0184066 2208640
0.0184178 2210000
0.018429 2211360
0.0184402 2212720
0.0184514 2214080
0.0184626 2215440
0.0184738 2216800
0.0184851 2218160
0.0184963 2219520
0.0185075 2220880
0.0185187 2222240
0.0185299 2223600
0.0185411 2224960
0.0185524 2226320
0.0185636 2227680
0.0185748 2229040
0.018586 2230400
0.0185972 2231760
0.0186084 2233120
0.0186196 2234480
0.0186309 2235840
0.0186421 2237200
0.0186533 2238560
0.0186645 2239920
0.0186757 2241280
0.0186869 2242640
0.0186982 2244000
0.0187094 2245360
0.0187206 2246720
0.0187318 2248080
0.018743 2249440
0.0187542 2250800
0.0187654 2252160
0.0187767 2253520
0.0187879 2254880
0.0187991 2256240
0.0188103 2257600
0.0188215 2258960
0.0188327 2260320
0.0188439 2261680
0.0188552 2263040
0.0188664 2264400
0.0188776 2265760
0.0188888 2267120
0.0189 2268480
0.0189112 2269840
0.0189225 2271200
0.0189337 2272560
0.0189449 2273920
0.0189561 2275280
0.0189673 2276640
0.0189785 2278000
0.0189897 2279360
0.019001 2280720
0.0190122 2282080
0.0190234 2283440
0.0190346 2284800
0.0190458 2286160
0.019057 2287520
0.0190682 2288880
0.0190795 2290240
0.0190907 2291600
0.0191019 2292960
0.0191131 2294320
0.0191243 2295680
0.0191355 2297040
0.0191468 2298400
0.019158 2299760
0.0191692 2301120
0.0191804 2302480
0.0191916 2303840
0.0192028 2305200
0.019214 2306560
0.0192253 2307920
0.0192365 2309280
0.0192477 2310640
0.0192589 2312000
0.0192701 2313360
0.0192813 2314720
0.0192925 2316080
0.0193038 2317440
0.019315 2318800
0.0193262 2320160
0.0193374 2321520
0.0193486 2322880
0.0193598 2324240
0.0193711 2325600
0.0193823 2326960
0.0193935 2328320
0.0194047 2329680
0.0194159 2331040
0.0194271 2332400
0.0194383 2333760
0.0194496 2335120
0.0194608 2336480
0.019472 2337840
0.0194832 2339200
0.0194944 2340560
0.0195056 2341920
0.0195168 2343280
0.0195281 2344640
0.0195393 2346000
0.0195505 2347360
0.0195617 2348720
0.0195729 2350080
0.0195841 2351440
0.0195954 2352800
0.0196066 2354160
0.0196178 2355520
0.019629 2356880
0.0196402 2358240
0.0196514 2359600
0.0196626 2360960
0.0196739 2362320
0.0196851 2363680
0.0196963 2365040
0.0197075 2366400
0.0197187 2367760
0.0197299 2369120
0.0197411 2370480
0.0197524 2371840
0.0197636 2373200
0.0197748 2374560
0.019786 2375920
0.0197972 2377280
0.0198084 2378640
0.0198197 2380000
0.0198309 2381360
0.0198421 2382720
0.0198533 2384080
0.0198645 2385440
0.0198757 2386800
0.0198869 2388160
0.0198982 2389520
0.0199094 2390880
0.0199206 2392240
0.0199318 2393600
0.019943 2394960
0.0199542 2396320
0.0199654 2397680
0.0199767 2399040
0.0199879 2400400
0.0199991 2401760
0.0200103 2403120
0.0200215 2404480
0.0200327 2405840
0.020044 2407200
0.0200552 2408560
0.0200664 2409920
0.0200776 2411280
0.0200888 2412640
0.0201 2414000
0.0201112 2415360
0.0201225 2416720
0.0201337 2418080
0.0201449 2419440
0.0201561 2420800
0.0201673 2422160
0.0201785 2423520
0.0201897 2424880
0.020201 2426240
0.0202122 2427600
0.0202234 2428960
0.0202346 2430320
0.0202458 2431680
0.020257 2433040
0.0202683 2434400
0.0202795 2435760
0.0202907 2437120
0.0203019 2438480
0.0203131 2439840
0.0203243 2441200
0.0203355 2442560
0.0203468 2443920
0.020358 2445280
0.0203692 2446640
0.0203804 2448000
0.0203916 2449360
0.0204028 2450720
0.020414 2452080
0.0204253 2453440
0.0204365 2454800
0.0204477 2456160
0.0204589 2457520
0.0204701 2458880
0.0204813 2460240
0.0204925 2461600
0.0205038 2462960
0.020515 2464320
0.0205262 2465680
0.0205374 2467040
0.0205486 2468400
0.0205598 2469760
0.0205711 2471120
0.0205823 2472480
0.0205935 2473840
0.0206047 2475200
0.0206159 2476560
0.0206271 2477920
0.0206383 2479280
0.0206496 2480640
0.0206608 2482000
0.020672 2483360
0.0206832 2484720
0.0206944 2486080
0.0207056 2487440
0.0207168 2488800
0.0207281 2490160
0.0207393 2491520
0.0207505 2492880
0.0207617 2494240
0.0207729 2495600
0.0207841 2496960
0.0207954 2498320
0.0208066 2499680
0.0208178 2501040
0.020829 2502400
0.0208402 2503760
0.0208514 2505120
0.0208626 2506480
0.0208739 2507840
0.0208851 2509200
0.0208963 2510560
0.0209075 2511920
0.0209187 2513280
0.0209299 2514640
0.0209411 2516000
0.0209524 2517360
0.0209636 2518720
0.0209748 2520080
0.020986 2521440
0.0209972 2522800
0.0210084 2524160
0.0210197 2525520
0.0210309 2526880
0.0210421 2528240
0.0210533 2529600
0.0210645 2530960
0.0210757 2532320
0.0210869 2533680
0.0210982 2535040
0.0211094 2536400
0.0211206 2537760
0.0211318 2539120
0.021143 2540480
0.0211542 2541840
0.0211654 2543200
0.0211767 2544560
0.0211879 2545920
0.0211991 2547280
0.0212103 2548640
0.0212215 2550000
0.0212327 2551360
0.021244 2552720
0.0212552 2554080
0.0212664 2555440
0.0212776 2556800
0.0212888 2558160
0.0213 2559520
0.0213112 2560880
0.0213225 2562240
0.0213337 2563600
0.0213449 2564960
0.0213561 2566320
0.0213673 2567680
0.0213785 2569040
0.0213897 2570400
0.021401 2571760
0.0214122 2573120
0.0214234 2574480
0.0214346 2575840
0.0214458 2577200
0.021457 2578560
0.0214683 2579920
0.0214795 2581280
0.0214907 2582640
0.0215019 2584000
0.0215131 2585360
0.0215243 2586720
0.0215355 2588080
0.0215468 2589440
0.021558 2590800
0.0215692 2592160
0.0215804 2593520
0.0215916 2594880
0.0216028 2596240
0.021614 2597600
0.0216253 2598960
0.0216365 2600320
0.0216477 2601680
0.0216589 2603040
0.0216701 2604400
0.0216813 2605760
0.0216926 2607120
0.0217038 2608480
0.021715 2609840
0.0217262 2611200
0.0217374 2612560
0.0217486 2613920
0.0217598 2615280
0.0217711 2616640
0.0217823 2618000
0.0217935 2619360
0.0218047 2620720
0.0218159 2622080
0.0218271 2623440
0.0218383 2624800
0.0218496 2626160
0.0218608 2627520
0.021872 2628880
0.0218832 2630240
0.0218944 2631600
0.0219056 2632960
0.0219169 2634320
0.0219281 2635680
0.0219393 2637040
0.0219505 2638400
0.0219617 2639760
0.0219729 2641120
0.0219841 2642480
0.0219954 2643840
0.0220066 2645200
0.0220178 2646560
0.022029 2647920
0.0220402 2649280
0.0220514 2650640
0.0220626 2652000
0.0220739 2653360
0.0220851 2654720
0.0220963 2656080
0.0221075 2657440
0.0221187 2658800
0.0221299 2660160
0.0221412 2661520
0.0221524 2662880
0.0221636 2664240
0.0221748 2665600
0.022186 2666960
0.0221972 2668320
0.0222084 2669680
0.0222197 2671040
0.0222309 2672400
0.0222421 2673760
0.0222533 2675120
0.0222645 2676480
0.0222757 2677840
0.0222869 2679200
0.0222982 2680560
0.0223094 2681920
0.0223206 2683280
0.0223318 2684640
0.022343 2686000
0.0223542 2687360
0.0223655 2688720
0.0223767 2690080
0.0223879 2691440
0.0223991 2692800
0.0224103 2694160
0.0224215 2695520
0.0224327 2696880
0.022444 2698240
0.0224552 2699600
0.0224664 2700960
0.0224776 2702320
0.0224888 2703680
0.0225 2705040
0.0225113 2706400
0.0225225 2707760
0.0225337 2709120
0.0225449 2710480
0.0225561 2711840
0.0225673 2713200
0.0225785 2714560
0.0225898 2715920
0.022601 2717280
0.0226122 2718640
0.0226234 2720000
0.0226346 2721360
0.0226458 2722720
0.022657 2724080
0.0226683 2725440
0.0226795 2726800
0.0226907 2728160
0.0227019 2729520
0.0227131 2730880
0.0227243 2732240
0.0227356 2733600
0.0227468 2734960
0.022758 2736320
0.0227692 2737680
0.0227804 2739040
0.0227916 2740400
0.0228028 2741760
0.0228141 2743120
0.0228253 2744480
0.0228365 2745840
0.0228477 2747200
0.0228589 2748560
0.0228701 2749920
0.0228813 2751280
0.0228926 2752640
0.0229038 2754000
0.022915 2755360
0.0229262 2756720
0.0229374 2758080
0.0229486 2759440
0.0229599 2760800
0.0229711 2762160
0.0229823 2763520
0.0229935 2764880
0.0230047 2766240
0.0230159 2767600
0.0230271 2768960
0.0230384 2770320
0.0230496 2771680
0.0230608 2773040
0.023072 2774400
0.0230832 2775760
0.0230944 2777120
0.0231056 2778480
0.0231169 2779840
0.0231281 2781200
0.0231393 2782560
0.0231505 2783920
0.0231617 2785280
0.0231729 2786640
0.0231842 2788000
0.0231954 2789360
0.0232066 2790720
0.0232178 2792080
0.023229 2793440
0.0232402 2794800
0.0232514 2796160
0.0232627 2797520
0.0232739 2798880
0.0232851 2800240
0.0232963 2801600
0.0233075 2802960
0.0233187 2804320
0.0233299 2805680
0.0233412 2807040
0.0233524 2808400
0.0233636 2809760
0.0233748 2811120
0.023386 2812480
0.0233972 2813840
0.0234085 2815200
0.0234197 2816560
0.0234309 2817920
0.0234421 2819280
0.0234533 2820640
0.0234645 2822000
0.0234757 2823360
0.023487 2824720
0.0234982 2826080
0.0235094 2827440
0.0235206 2828800
0.0235318 2830160
0.023543 2831520
0.0235542 2832880
0.0235655 2834240
0.0235767 2835600
0.0235879 2836960
0.0235991 2838320
0.0236103 2839680
0.0236215 2841040
0.0236328 2842400
0.023644 2843760
0.0236552 2845120
0.0236664 2846480
0.0236776 2847840
0.0236888 2849200
0.0237 2850560
0.0237113 2851920
0.0237225 2853280
0.0237337 2854640
0.0237449 2856000
0.0237561 2857360
0.0237673 2858720
0.0237785 2860080
0.0237898 2861440
0.023801 2862800
0.0238122 2864160
0.0238234 2865520
0.0238346 2866880
0.0238458 2868240
0.0238571 2869600
0.0238683 2870960
0.0238795 2872320
0.0238907 2873680
0.0239019 2875040
0.0239131 2876400
0.0239243 2877760
0.0239356 2879120
0.0239468 2880480
0.023958 2881840
0.0239692 2883200
0.0239804 2884560
0.0239916 2885920
0.0240028 2887280
0.0240141 2888640
0.0240253 2890000
0.0240365 2891360
0.0240477 2892720
0.0240589 2894080
0.0240701 2895440
0.0240814 2896800
0.0240926 2898160
0.0241038 2899520
0.024115 2900880
0.0241262 2902240
0.0241374 2903600
0.0241486 2904960
0.0241599 2906320
0.0241711 2907680
0.0241823 2909040
0.0241935 2910400
0.0242047 2911760
0.0242159 2913120
0.0242271 2914480
0.0242384 2915840
0.0242496 2917200
0.0242608 2918560
0.024272 2919920
0.0242832 2921280
0.0242944 2922640
0.0243057 2924000
0.0243169 2925360
0.0243281 2926720
0.0243393 2928080
0.0243505 2929440
0.0243617 2930800
0.0243729 2932160
0.0243842 2933520
0.0243954 2934880
0.0244066 2936240
0.0244178 2937600
0.024429 2938960
0.0244402 2940320
0.0244514 2941680
0.0244627 2943040
0.0244739 2944400
0.0244851 2945760
0.0244963 2947120
0.0245075 2948480
0.0245187 2949840
0.0245299 2951200
0.0245412 2952560
0.0245524 2953920
0.0245636 2955280
0.0245748 2956640
0.024586 2958000
0.0245972 2959360
0.0246085 2960720
0.0246197 2962080
0.0246309 2963440
0.0246421 2964800
0.0246533 2966160
0.0246645 2967520
0.0246757 2968880
0.024687 2970240
0.0246982 2971600
0.0247094 2972960
0.0247206 2974320
0.0247318 2975680
0.024743 2977040
0.0247542 2978400
0.0247655 2979760
0.0247767 2981120
0.0247879 2982480
0.0247991 2983840
0.0248103 2985200
0.0248215 2986560
0.0248328 2987920
0.024844 2989280
0.0248552 2990640
0.0248664 2992000
0.0248776 2993360
0.0248888 2994720
0.0249 2996080
0.0249113 2997440
0.0249225 2998800
0.0249337 3000160
0.0249449 3001520
0.0249561 3002880
0.0249673 3004240
0.0249785 3005600
0.0249898 3006960
0.025001 3008320
0.0250122 3009680
0.0250234 3011040
0.0250346 3012400
0.0250458 3013760
0.0250571 3015120
0.0250683 3016480
0.0250795 3017840
0.0250907 3019200
0.0251019 3020560
0.0251131 3021920
0.0251243 3023280
0.0251356 3024640
0.0251468 3026000
0.025158 3027360
0.0251692 3028720
0.0251804 3030080
0.0251916 3031440
0.0252028 3032800
0.0252141 3034160
0.0252253 3035520
0.0252365 3036880
0.0252477 3038240
0.0252589 3039600
0.0252701 3040960
0.0252814 3042320
0.0252926 3043680
0.0253038 3045040
0.025315 3046400
0.0253262 3047760
0.0253374 3049120
0.0253486 3050480
0.0253599 3051840
0.0253711 3053200
0.0253823 3054560
0.0253935 3055920
0.0254047 3057280
0.0254159 3058640
0.0254271 3060000
0.0254384 3061360
0.0254496 3062720
0.0254608 3064080
0.025472 3065440
0.0254832 3066800
0.0254944 3068160
0.0255057 3069520
0.0255169 3070880
0.0255281 3072240
0.0255393 3073600
0.0255505 3074960
0.0255617 3076320
0.0255729 3077680
0.0255842 3079040
0.0255954 3080400
0.0256066 3081760
0.0256178 3083120
0.025629 3084480
0.0256402 3085840
0.0256514 3087200
0.0256627 3088560
0.0256739 3089920
0.0256851 3091280
0.0256963 3092640
0.0257075 3094000
0.0257187 3095360
0.02573 3096720
0.0257412 3098080
0.0257524 3099440
0.0257636 3100800
0.0257748 3102160
0.025786 3103520
0.0257972 3104880
0.0258085 3106240
0.0258197 3107600
0.0258309 3108960
0.0258421 3110320
0.0258533 3111680
0.0258645 3113040
0.0258757 3114400
0.025887 3115760
0.0258982 3117120
0.0259094 3118480
0.0259206 3119840
0.0259318 3121200
0.025943 3122560
0.0259543 3123920
0.0259655 3125280
0.0259767 3126640
0.0259879 3128000
0.0259991 3129360
0.0260103 3130720
0.0260215 3132080
0.0260328 3133440
0.026044 3134800
0.0260552 3136160
0.0260664 3137520
0.0260776 3138880
0.0260888 3140240
0.0261 3141600
0.0261113 3142960
0.0261225 3144320
0.0261337 3145680
0.0261449 3147040
0.0261561 3148400
0.0261673 3149760
0.0261786 3151120
0.0261898 3152480
0.026201 3153840
0.0262122 3155200
0.0262234 3156560
0.0262346 3157920
0.0262458 3159280
0.0262571 3160640
0.0262683 3162000
0.0262795 3163360
0.0262907 3164720
0.0263019 3166080
0.0263131 3167440
0.0263243 3168800
0.0263356 3170160
0.0263468 3171520
0.026358 3172880
0.0263692 3174240
0.0263804 3175600
0.0263916 3176960
0.0264029 3178320
0.0264141 3179680
0.0264253 3181040
0.0264365 3182400
0.0264477 3183760
0.0264589 3185120
0.0264701 3186480
0.0264814 3187840
0.0264926 3189200
0.0265038 3190560
0.026515 3191920
0.0265262 3193280
0.0265374 3194640
0.0265487 3196000
0.0265599 3197360
0.0265711 3198720
0.0265823 3200080
0.0265935 3201440
0.0266047 3202800
0.0266159 3204160
0.0266272 3205520
0.0266384 3206880
0.0266496 3208240
0.0266608 3209600
0.026672 3210960
0.0266832 3212320
0.0266944 3213680
0.0267057 3215040
0.0267169 3216400
0.0267281 3217760
0.0267393 3219120
0.0267505 3220480
0.0267617 3221840
0.026773 3223200
0.0267842 3224560
0.0267954 3225920
0.0268066 3227280
0.0268178 3228640
0.026829 3230000
0.0268402 3231360
0.0268515 3232720
0.0268627 3234080
0.0268739 3235440
0.0268851 3236800
0.0268963 3238160
0.0269075 3239520
0.0269187 3240880
0.02693 3242240
0.0269412 3243600
0.0269524 3244960
0.0269636 3246320
0.0269748 3247680
0.026986 3249040
0.0269973 3250400
0.0270085 3251760
0.0270197 3253120
0.0270309 3254480
0.0270421 3255840
0.0270533 3257200
0.0270645 3258560
0.0270758 3259920
0.027087 3261280
0.0270982 3262640
0.0271094 3264000
0.0271206 3265360
0.0271318 3266720
0.027143 3268080
0.0271543 3269440
0.0271655 3270800
0.0271767 3272160
0.0271879 3273520
0.0271991 3274880
0.0272103 3276240
0.0272216 3277600
0.0272328 3278960
0.027244 3280320
0.0272552 3281680
0.0272664 3283040
0.0272776 3284400
0.0272888 3285760
0.0273001 3287120
0.0273113 3288480
0.0273225 3289840
0.0273337 3291200
0.0273449 3292560
0.0273561 3293920
0.0273673 3295280
0.0273786 3296640
0.0273898 3298000
0.027401 3299360
0.0274122 3300720
0.0274234 3302080
0.0274346 3303440
0.0274459 3304800
0.0274571 3306160
0.0274683 3307520
0.0274795 3308880
0.0274907 3310240
0.0275019 3311600
0.0275131 3312960
0.0275244 3314320
0.0275356 3315680
0.0275468 3317040
0.027558 3318400
0.0275692 3319760
0.0275804 3321120
0.0275916 3322480
0.0276029 3323840
0.0276141 3325200
0.0276253 3326560
0.0276365 3327920
0.0276477 3329280
0.0276589 3330640
0.0276702 3332000
0.0276814 3333360
0.0276926 3334720
0.0277038 3336080
0.027715 3337440
0.0277262 3338800
0.0277374 3340160
0.0277487 3341520
0.0277599 3342880
0.0277711 3344240
0.0277823 3345600
0.0277935 3346960
0.0278047 3348320
0.0278159 3349680
0.0278272 3351040
0.0278384 3352400
0.0278496 3353760
0.0278608 3355120
0.027872 3356480
0.0278832 3357840
0.0278945 3359200
0.0279057 3360560
0.0279169 3361920
0.0279281 3363280
0.0279393 3364640
0.0279505 3366000
0.0279617 3367360
0.027973 3368720
0.0279842 3370080
0.0279954 3371440
0.0280066 3372800
0.0280178 3374160
0.028029 3375520
0.0280402 3376880
0.0280515 3378240
0.0280627 3379600
0.0280739 3380960
0.0280851 3382320
0.0280963 3383680
0.0281075 3385040
0.0281188 3386400
0.02813 3387760
0.0281412 3389120
0.0281524 3390480
0.0281636 3391840
0.0281748 3393200
0.028186 3394560
0.0281973 3395920
0.0282085 3397280
0.0282197 3398640
0.0282309 3400000
0.0282421 3401360
0.0282533 3402720
0.0282645 3404080
0.0282758 3405440
0.028287 3406800
0.0282982 3408160
0.0283094 3409520
0.0283206 3410880
0.0283318 3412240
0.0283431 3413600
0.0283543 3414960
0.0283655 3416320
0.0283767 3417680
0.0283879 3419040
0.0283991 3420400
0.0284103 3421760
0.0284216 3423120
0.0284328 3424480
0.028444 3425840
0.0284552 3427200
0.0284664 3428560
0.0284776 3429920
0.0284888 3431280
0.0285001 3432640
0.0285113 3434000
0.0285225 3435360
0.0285337 3436720
0.0285449 3438080
0.0285561 3439440
0.0285673 3440800
0.0285786 3442160
0.0285898 3443520
0.028601 3444880
0.0286122 3446240
0.0286234 3447600
0.0286346 3448960
0.0286459 3450320
0.0286571 3451680
0.0286683 3453040
0.0286795 3454400
0.0286907 3455760
0.0287019 3457120
0.0287131 3458480
0.0287244 3459840
0.0287356 3461200
0.0287468 3462560
0.028758 3463920
0.0287692 3465280
0.0287804 3466640
0.0287916 3468000
0.0288029 3469360
0.0288141 3470720
0.0288253 3472080
0.0288365 3473440
0.0288477 3474800
0.0288589 3476160
0.0288702 3477520
0.0288814 3478880
0.0288926 3480240
0.0289038 3481600
0.028915 3482960
0.0289262 3484320
0.0289374 3485680
0.0289487 3487040
0.0289599 3488400
0.0289711 3489760
0.0289823 3491120
0.0289935 3492480
0.0290047 3493840
0.0290159 3495200
0.0290272 3496560
0.0290384 3497920
0.0290496 3499280
0.0290608 3500640
0.029072 3502000
0.0290832 3503360
0.0290945 3504720
0.0291057 3506080
0.0291169 3507440
0.0291281 3508800
0.0291393 3510160
0.0291505 3511520
0.0291617 3512880
0.029173 3514240
0.0291842 3515600
0.0291954 3516960
0.0292066 3518320
0.0292178 3519680
0.029229 3521040
0.0292402 3522400
0.0292515 3523760
0.0292627 3525120
0.0292739 3526480
0.0292851 3527840
0.0292963 3529200
0.0293075 3530560
0.0293188 3531920
0.02933 3533280
0.0293412 3534640
0.0293524 3536000
0.0293636 3537360
0.0293748 3538720
0.029386 3540080
0.0293973 3541440
0.0294085 3542800
0.0294197 3544160
0.0294309 3545520
0.0294421 3546880
0.0294533 3548240
0.0294645 3549600
0.0294758 3550960
0.029487 3552320
0.0294982 3553680
0.0295094 3555040
0.0295206 3556400
0.0295318 3557760
0.0295431 3559120
0.0295543 3560480
0.0295655 3561840
0.0295767 3563200
0.0295879 3564560
0.0295991 3565920
0.0296103 3567280
0.0296216 3568640
0.0296328 3570000
0.029644 3571360
0.0296552 3572720
0.0296664 3574080
0.0296776 3575440
0.0296888 3576800
0.0297001 3578160
0.0297113 3579520
0.0297225 3580880
0.0297337 3582240
0.0297449 3583600
0.0297561 3584960
0.0297674 3586320
0.0297786 3587680
0.0297898 3589040
0.029801 3590400
0.0298122 3591760
0.0298234 3593120
0.0298346 3594480
0.0298459 3595840
0.0298571 3597200
0.0298683 3598560
0.0298795 3599920
0.0298907 3601280
0.0299019 3602640
0.0299131 3604000
0.0299244 3605360
0.0299356 3606720
0.0299468 3608080
0.029958 3609440
0.0299692 3610800
0.0299804 3612160
0.0299917 3613520
0.0300029 3614880
0.0300141 3616240
0.0300253 3617600
0.0300365 3618960
0.0300477 3620320
0.0300589 3621680
0.0300702 3623040
0.0300814 3624400
0.0300926 3625760
0.0301038 3627120
0.030115 3628480
0.0301262 3629840
0.0301374 3631200
0.0301487 3632560
0.0301599 3633920
0.0301711 3635280
0.0301823 3636640
0.0301935 3638000
0.0302047 3639360
0.030216 3640720
0.0302272 3642080
0.0302384 3643440
0.0302496 3644800
0.0302608 3646160
0.030272 3647520
0.0302832 3648880
0.0302945 3650240
0.0303057 3651600
0.0303169 3652960
0.0303281 3654320
0.0303393 3655680
0.0303505 3657040
0.0303617 3658400
0.030373 3659760
0.0303842 3661120
0.0303954 3662480
0.0304066 3663840
0.0304178 3665200
0.030429 3666560
0.0304403 3667920
0.0304515 3669280
0.0304627 3670640
0.0304739 3672000
0.0304851 3673360
0.0304963 3674720
0.0305075 3676080
0.0305188 3677440
0.03053 3678800
0.0305412 3680160
0.0305524 3681520
0.0305636 3682880
0.0305748 3684240
0.0305861 3685600
0.0305973 3686960
0.0306085 3688320
0.0306197 3689680
0.0306309 3691040
0.0306421 3692400
0.0306533 3693760
0.0306646 3695120
0.0306758 3696480
0.030687 3697840
0.0306982 3699200
0.0307094 3700560
0.0307206 3701920
0.0307318 3703280
0.0307431 3704640
0.0307543 3706000
0.0307655 3707360
0.0307767 3708720
0.0307879 3710080
0.0307991 3711440
0.0308104 3712800
0.0308216 3714160
0.0308328 3715520
0.030844 3716880
0.0308552 3718240
0.0308664 3719600
0.0308776 3720960
0.0308889 3722320
0.0309001 3723680
0.0309113 3725040
0.0309225 3726400
0.0309337 3727760
0.0309449 3729120
0.0309561 3730480
0.0309674 3731840
0.0309786 3733200
0.0309898 3734560
0.031001 3735920
0.0310122 3737280
0.0310234 3738640
0.0310347 3740000
0.0310459 3741360
0.0310571 3742720
0.0310683 3744080
0.0310795 3745440
0.0310907 3746800
0.0311019 3748160
0.0311132 3749520
0.0311244 3750880
0.0311356 3752240
0.0311468 3753600
0.031158 3754960
0.0311692 3756320
0.0311804 3757680
0.0311917 3759040
0.0312029 3760400
0.0312141 3761760
0.0312253 3763120
0.0312365 3764480
0.0312477 3765840
0.031259 3767200
0.0312702 3768560
0.0312814 3769920
0.0312926 3771280
0.0313038 3772640
0.031315 3774000
0.0313262 3775360
0.0313375 3776720
0.0313487 3778080
0.0313599 3779440
0.0313711 3780800
0.0313823 3782160
0.0313935 3783520
0.0314047 3784880
0.031416 3786240
0.0314272 3787600
0.0314384 3788960
0.0314496 3790320
0.0314608 3791680
0.031472 3793040
0.0314832 3794400
0.0314945 3795760
0.0315057 3797120
0.0315169 3798480
0.0315281 3799840
0.0315393 3801200
0.0315505 3802560
0.0315618 3803920
0.031573 3805280
0.0315842 3806640
0.0315954 3808000
0.0316066 3809360
0.0316178 3810720
0.031629 3812080
0.0316403 3813440
0.0316515 3814800
0.0316627 3816160
0.0316739 3817520
0.0316851 3818880
0.0316963 3820240
0.0317076 3821600
0.0317188 3822960
0.03173 3824320
0.0317412 3825680
0.0317524 3827040
0.0317636 3828400
0.0317748 3829760
0.0317861 3831120
0.0317973 3832480
0.0318085 3833840
0.0318197 3835200
0.0318309 3836560
0.0318421 3837920
0.0318533 3839280
0.0318646 3840640
0.0318758 3842000
0.031887 3843360
0.0318982 3844720
0.0319094 3846080
0.0319206 3847440
0.0319318 3848800
0.0319431 3850160
0.0319543 3851520
0.0319655 3852880
0.0319767 3854240
0.0319879 3855600
0.0319991 3856960
0.0320104 3858320
0.0320216 3859680
0.0320328 3861040
0.032044 3862400
0.0320552 3863760
0.0320664 3865120
0.0320776 3866480
0.0320889 3867840
0.0321001 3869200
0.0321113 3870560
0.0321225 3871920
0.0321337 3873280
0.0321449 3874640
0.0321562 3876000
0.0321674 3877360
0.0321786 3878720
0.0321898 3880080
0.032201 3881440
0.0322122 3882800
0.0322234 3884160
0.0322347 3885520
0.0322459 3886880
0.0322571 3888240
0.0322683 3889600
0.0322795 3890960
0.0322907 3892320
0.0323019 3893680
0.0323132 3895040
0.0323244 3896400
0.0323356 3897760
0.0323468 3899120
0.032358 3900480
0.0323692 3901840
0.0323804 3903200
0.0323917 3904560
0.0324029 3905920
0.0324141 3907280
0.0324253 3908640
0.0324365 3910000
0.0324477 3911360
0.032459 3912720
0.0324702 3914080
0.0324814 3915440
0.0324926 3916800
0.0325038 3918160
0.032515 3919520
0.0325262 3920880
0.0325375 3922240
0.0325487 3923600
0.0325599 3924960
0.0325711 3926320
0.0325823 3927680
0.0325935 3929040
0.0326048 3930400
0.032616 3931760
0.0326272 3933120
0.0326384 3934480
0.0326496 3935840
0.0326608 3937200
0.032672 3938560
0.0326833 3939920
0.0326945 3941280
0.0327057 3942640
0.0327169 3944000
0.0327281 3945360
0.0327393 3946720
0.0327505 3948080
0.0327618 3949440
0.032773 3950800
0.0327842 3952160
0.0327954 3953520
0.0328066 3954880
0.0328178 3956240
0.032829 3957600
0.0328403 3958960
0.0328515 3960320
0.0328627 3961680
0.0328739 3963040
0.0328851 3964400
0.0328963 3965760
0.0329076 3967120
0.0329188 3968480
0.03293 3969840
0.0329412 3971200
0.0329524 3972560
0.0329636 3973920
0.0329748 3975280
0.0329861 3976640
0.0329973 3978000
0.0330085 3979360
0.0330197 3980720
0.0330309 3982080
0.0330421 3983440
0.0330534 3984800
0.0330646 3986160
0.0330758 3987520
0.033087 3988880
0.0330982 3990240
0.0331094 3991600
0.0331206 3992960
0.0331319 3994320
0.0331431 3995680
0.0331543 3997040
0.0331655 3998400
0.0331767 3999760
0.0331879 4001120
0.0331991 4002480
0.0332104 4003840
0.0332216 4005200
0.0332328 4006560
0.033244 4007920
0.0332552 4009280
0.0332664 4010640
0.0332776 4012000
0.0332889 4013360
0.0333001 4014720
0.0333113 4016080
0.0333225 4017440
0.0333337 4018800
0.0333449 4020160
0.0333562 4021520
0.0333674 4022880
0.0333786 4024240
0.0333898 4025600
0.033401 4026960
0.0334122 4028320
0.0334234 4029680
0.0334347 4031040
0.0334459 4032400
0.0334571 4033760
0.0334683 4035120
0.0334795 4036480
0.0334907 4037840
0.033502 4039200
0.0335132 4040560
0.0335244 4041920
0.0335356 4043280
0.0335468 4044640
0.033558 4046000
0.0335692 4047360
0.0335805 4048720
0.0335917 4050080
0.0336029 4051440
0.0336141 4052800
0.0336253 4054160
0.0336365 4055520
0.0336477 4056880
0.033659 4058240
0.0336702 4059600
0.0336814 4060960
0.0336926 4062320
0.0337038 4063680
0.033715 4065040
0.0337262 4066400
0.0337375 4067760
0.0337487 4069120
0.0337599 4070480
0.0337711 4071840
0.0337823 4073200
0.0337935 4074560
0.0338048 4075920
0.033816 4077280
0.0338272 4078640
0.0338384 4080000
0.0338496 4081360
0.0338608 4082720
0.033872 4084080
0.0338833 4085440
0.0338945 4086800
0.0339057 4088160
0.0339169 4089520
0.0339281 4090880
0.0339393 4092240
0.0339506 4093600
0.0339618 4094960
0.033973 4096320
0.0339842 4097680
0.0339954 4099040
0.0340066 4100400
0.0340178 4101760
0.0340291 4103120
0.0340403 4104480
0.0340515 4105840
0.0340627 4107200
0.0340739 4108560
0.0340851 4109920
0.0340963 4111280
0.0341076 4112640
0.0341188 4114000
0.03413 4115360
0.0341412 4116720
0.0341524 4118080
0.0341636 4119440
0.0341748 4120800
0.0341861 4122160
0.0341973 4123520
0.0342085 4124880
0.0342197 4126240
0.0342309 4127600
0.0342421 4128960
0.0342534 4130320
0.0342646 4131680
0.0342758 4133040
0.034287 4134400
0.0342982 4135760
0.0343094 4137120
0.0343206 4138480
0.0343319 4139840
0.0343431 4141200
0.0343543 4142560
0.0343655 4143920
0.0343767 4145280
0.0343879 4146640
0.0343992 4148000
0.0344104 4149360
0.0344216 4150720
0.0344328 4152080
0.034444 4153440
0.0344552 4154800
0.0344664 4156160
0.0344777 4157520
0.0344889 4158880
0.0345001 4160240
0.0345113 4161600
0.0345225 4162960
0.0345337 4164320
0.0345449 4165680
0.0345562 4167040
0.0345674 4168400
0.0345786 4169760
0.0345898 4171120
0.034601 4172480
0.0346122 4173840
0.0346235 4175200
0.0346347 4176560
0.0346459 4177920
0.0346571 4179280
0.0346683 4180640
0.0346795 4182000
0.0346907 4183360
0.034702 4184720
0.0347132 4186080
0.0347244 4187440
0.0347356 4188800
0.0347468 4190160
0.034758 4191520
0.0347692 4192880
0.0347805 4194240
0.0347917 4195600
