0.0 0
4.16e-05 4294967295
0.000105035 4294967295
0.000168135 4294967295
0.00017935 4294967295
0.000231235 4294967295
0.00024245 4294967295
0.000253665 4294967295
0.00026488 4294967295
0.000294335 4294967295
0.00030555 4294967295
0.000316765 4294967295
0.00032798 4294967295
0.000339195 4294967295
0.00035041 4294967295
0.000361625 4294967295
0.00037284 4294967295
0.000384055 4294967295
0.00039527 4294967295
0.000406485 4294967295
0.0004177 4294967295
0.000428915 4294967295
0.00044013 4294967295
0.000451345 4294967295
0.00046256 4294967295
0.000473775 4294967295
0.00048499 4294967295
0.000496205 4294967295
0.00050742 4294967295
0.000518635 4294967295
0.00052985 4294967295
0.000541065 4294967295
0.00055228 4294967295
0.000563495 4294967295
0.00057471 4294967295
0.000585925 4294967295
0.00059714 4294967295
0.000608355 4294967295
0.00061957 4294967295
0.000630785 4294967295
0.000642 4294967295
0.000653215 4294967295
0.00066443 4294967295
0.000675645 4294967295
0.00068686 4294967295
0.000698075 4294967295
0.00070929 4294967295
0.000720505 4294967295
0.00073172 4294967295
0.000742935 4294967295
0.00075415 4294967295
0.000765365 4294967295
0.00077658 4294967295
0.000787795 4294967295
0.00079901 4294967295
0.000810225 4294967295
0.00082144 4294967295
0.000832655 4294967295
0.00084387 4294967295
0.000855085 4294967295
0.0008663 4294967295
0.000877515 4294967295
0.00088873 4294967295
0.000899945 4294967295
0.00091116 4294967295
0.000922375 4294967295
0.00093359 4294967295
0.000944805 4294967295
0.00095602 4294967295
0.000967235 4294967295
0.00097845 4294967295
0.000989665 4294967295
0.00100088 4294967295
0.00101209 4294967295
0.00102331 4294967295
0.00103452 4294967295
0.00104574 4294967295
0.00105696 4294967295
0.00106817 4294967295
0.00107938 4294967295
0.0010906 4294967295
0.00110181 4294967295
0.00111303 4294967295
0.00112424 4294967295
0.00113546 4294967295
0.00114667 4294967295
0.00115789 4294967295
0.0011691 4294967295
0.00118032 4294967295
0.00119154 4294967295
0.00120275 4294967295
0.00121397 4294967295
0.00122518 4294967295
0.00123639 4294967295
0.00124761 4294967295
0.00125882 4294967295
0.00127004 4294967295
0.00128126 4294967295
0.00129247 4294967295
0.00130368 4294967295
0.0013149 4294967295
0.00132612 4294967295
0.00133733 4294967295
0.00134855 4294967295
0.00135976 4294967295
0.00137097 4294967295
0.00138219 4294967295
0.0013934 4294967295
0.00140462 4294967295
0.00141584 4294967295
0.00142705 4294967295
0.00143826 4294967295
0.00144948 4294967295
0.00146069 4294967295
0.00147191 4294967295
0.00148313 4294967295
0.00149434 4294967295
0.00150556 4294967295
0.00151677 4294967295
0.00152798 4294967295
0.0015392 4294967295
0.00155041 4294967295
0.00156163 4294967295
0.00157285 4294967295
0.00158406 4294967295
0.00159527 4294967295
0.00160649 4294967295
0.00161771 4294967295
0.00162892 4294967295
0.00164014 4294967295
0.00165135 4294967295
0.00166256 4294967295
0.00167378 4294967295
0.00168499 4294967295
0.00169621 4294967295
0.00170743 4294967295
0.00171864 4294967295
0.00172985 4294967295
0.00174107 4294967295
0.00175228 4294967295
0.0017635 4294967295
0.00177472 4294967295
0.00178593 4294967295
0.00179714 4294967295
0.00180836 4294967295
0.00181957 4294967295
0.00183079 4294967295
0.001842 4294967295
0.00185322 4294967295
0.00186444 4294967295
0.00187565 4294967295
0.00188686 4294967295
0.00189808 4294967295
0.0019093 4294967295
0.00192051 4294967295
0.00193173 4294967295
0.00194294 4294967295
0.00195415 4294967295
0.00196537 4294967295
0.00197658 4294967295
0.0019878 4294967295
0.00199901 4294967295
0.00201023 4294967295
0.00202145 4294967295
0.00203266 4294967295
0.00204388 4294967295
0.00205509 4294967295
0.00206631 4294967295
0.00207752 4294967295
0.00208873 4294967295
0.00209995 4294967295
0.00211116 4294967295
0.00212238 4294967295
0.00213359 4294967295
0.00214481 4294967295
0.00215602 4294967295
0.00216724 4294967295
0.00217846 4294967295
0.00218967 4294967295
0.00220089 4294967295
0.0022121 4294967295
0.00222332 4294967295
0.00223453 4294967295
0.00224574 4294967295
0.00225696 4294967295
0.00226817 4294967295
0.00227939 4294967295
0.0022906 4294967295
0.00230182 4294967295
0.00231303 4294967295
0.00232425 4294967295
0.00233547 4294967295
0.00234668 4294967295
0.0023579 4294967295
0.00236911 4294967295
0.00238032 4294967295
0.00239154 4294967295
0.00240275 4294967295
0.00241397 4294967295
0.00242518 4294967295
0.0024364 4294967295
0.00244762 4294967295
0.00245883 4294967295
0.00247005 4294967295
0.00248126 4294967295
0.00249248 4294967295
0.00250369 4294967295
0.00251491 4294967295
0.00252612 4294967295
0.00253733 4294967295
0.00254855 4294967295
0.00255976 4294967295
0.00257098 4294967295
0.00258219 4294967295
0.00259341 4294967295
0.00260463 4294967295
0.00261584 4294967295
0.00262706 4294967295
0.00263827 4294967295
0.00264949 4294967295
0.0026607 4294967295
0.00267191 4294967295
0.00268313 4294967295
0.00269434 4294967295
0.00270556 4294967295
0.00271677 4294967295
0.00272799 4294967295
0.0027392 4294967295
0.00275042 4294967295
0.00276164 4294967295
0.00277285 4294967295
0.00278407 4294967295
0.00279528 4294967295
0.00280649 4294967295
0.00281771 4294967295
0.00282892 4294967295
0.00284014 4294967295
0.00285135 4294967295
0.00286257 4294967295
0.00287378 4294967295
0.002885 4294967295
0.00289622 4294967295
0.00290743 4294967295
0.00291865 4294967295
0.00292986 4294967295
0.00294108 4294967295
0.00295229 4294967295
0.0029635 4294967295
0.00297472 4294967295
0.00298593 4294967295
0.00299715 4294967295
0.00300836 4294967295
0.00301958 4294967295
0.0030308 4294967295
0.00304201 4294967295
0.00305323 4294967295
0.00306444 4294967295
0.00307566 4294967295
0.00308687 4294967295
0.00309808 4294967295
0.0031093 4294967295
0.00312051 4294967295
0.00313173 4294967295
0.00314294 4294967295
0.00315416 4294967295
0.00316537 4294967295
0.00317659 4294967295
0.00318781 4294967295
0.00319902 4294967295
0.00321024 4294967295
0.00322145 4294967295
0.00323267 4294967295
0.00324388 4294967295
0.00325509 4294967295
0.00326631 4294967295
0.00327752 4294967295
0.00328874 4294967295
0.00329995 4294967295
0.00331117 4294967295
0.00332238 4294967295
0.0033336 4294967295
0.00334482 4294967295
0.00335603 4294967295
0.00336725 4294967295
0.00337846 4294967295
0.00338967 4294967295
0.00340089 4294967295
0.0034121 4294967295
0.00342332 4294967295
0.00343453 4294967295
0.00344575 4294967295
0.00345697 4294967295
0.00346818 4294967295
0.0034794 4294967295
0.00349061 4294967295
0.00350183 4294967295
0.00351304 4294967295
0.00352426 4294967295
0.00353547 4294967295
0.00354668 4294967295
0.0035579 4294967295
0.00356911 4294967295
0.00358033 4294967295
0.00359154 4294967295
0.00360276 4294967295
0.00361398 4294967295
0.00362519 4294967295
0.00363641 4294967295
0.00364762 4294967295
0.00365884 4294967295
0.00367005 4294967295
0.00368126 4294967295
0.00369248 4294967295
0.00370369 4294967295
0.00371491 4294967295
0.00372612 4294967295
0.00373734 4294967295
0.00374855 4294967295
0.00375977 4294967295
0.00377099 4294967295
0.0037822 4294967295
0.00379342 4294967295
0.00380463 4294967295
0.00381585 4294967295
0.00382706 4294967295
0.00383827 4294967295
0.00384949 4294967295
0.0038607 4294967295
0.00387192 4294967295
0.00388313 4294967295
0.00389435 4294967295
0.00390556 4294967295
0.00391678 4294967295
0.003928 4294967295
0.00393921 4294967295
0.00395042 4294967295
0.00396164 4294967295
0.00397285 4294967295
0.00398407 4294967295
0.00399529 4294967295
0.0040065 4294967295
0.00401771 4294967295
0.00402893 4294967295
0.00404015 4294967295
0.00405136 4294967295
0.00406257 4294967295
0.00407379 4294967295
0.00408501 4294967295
0.00409622 4294967295
0.00410743 4294967295
0.00411865 4294967295
0.00412986 4294967295
0.00414108 4294967295
0.0041523 4294967295
0.00416351 4294967295
0.00417472 4294967295
0.00418594 4294967295
0.00419716 4294967295
0.00420837 4294967295
0.00421958 4294967295
0.0042308 4294967295
0.00424202 4294967295
0.00425323 4294967295
0.00426445 4294967295
0.00427566 4294967295
0.00428687 4294967295
0.00429809 4294967295
0.00430931 4294967295
0.00432052 4294967295
0.00433173 4294967295
0.00434295 4294967295
0.00435417 4294967295
0.00436538 4294967295
0.00437659 4294967295
0.00438781 4294967295
0.00439902 4294967295
0.00441024 4294967295
0.00442146 4294967295
0.00443267 4294967295
0.00444388 4294967295
0.0044551 4294967295
0.00446632 4294967295
0.00447753 4294967295
0.00448874 4294967295
0.00449996 4294967295
0.00451118 4294967295
0.00452239 4294967295
0.0045336 4294967295
0.00454482 4294967295
0.00455603 4294967295
0.00456725 4294967295
0.00457847 4294967295
0.00458968 4294967295
0.00460089 4294967295
0.00461211 4294967295
0.00462333 4294967295
0.00463454 4294967295
0.00464575 4294967295
0.00465697 4294967295
0.00466819 4294967295
0.0046794 4294967295
0.00469062 4294967295
0.00470183 4294967295
0.00471304 4294967295
0.00472426 4294967295
0.00473548 4294967295
0.00474669 4294967295
0.0047579 4294967295
0.00476912 4294967295
0.00478034 4294967295
0.00479155 4294967295
0.00480276 4294967295
0.00481398 4294967295
0.0048252 4294967295
0.00483641 4294967295
0.00484763 4294967295
0.00485884 4294967295
0.00487005 4294967295
0.00488127 4294967295
0.00489249 4294967295
0.0049037 4294967295
0.00491491 4294967295
0.00492613 4294967295
0.00493735 4294967295
0.00494856 4294967295
0.00495977 4294967295
0.00497099 4294967295
0.0049822 4294967295
0.00499342 4294967295
0.00500464 4294967295
0.00501585 4294967295
0.00502706 4294967295
0.00503828 4294967295
0.0050495 4294967295
0.00506071 4294967295
0.00507192 4294967295
0.00508314 4294967295
0.00509436 4294967295
0.00510557 4294967295
0.00511679 4294967295
0.005128 4294967295
0.00513921 4294967295
0.00515043 4294967295
0.00516165 4294967295
0.00517286 4294967295
0.00518407 4294967295
0.00519529 4294967295
0.00520651 4294967295
0.00521772 4294967295
0.00522893 4294967295
0.00524015 4294967295
0.00525137 4294967295
0.00526258 4294967295
0.00527379 4294967295
0.00528501 4294967295
0.00529622 4294967295
0.00530744 4294967295
0.00531866 4294967295
0.00532987 4294967295
0.00534108 4294967295
0.0053523 4294967295
0.00536352 4294967295
0.00537473 4294967295
0.00538594 4294967295
0.00539716 4294967295
0.00540837 4294967295
0.00541959 4294967295
0.00543081 4294967295
0.00544202 4294967295
0.00545323 4294967295
0.00546445 4294967295
0.00547567 4294967295
0.00548688 4294967295
0.00549809 4294967295
0.00550931 4294967295
0.00552053 4294967295
0.00553174 4294967295
0.00554295 4294967295
0.00555417 4294967295
0.00556538 4294967295
0.0055766 4294967295
0.00558782 4294967295
0.00559903 4294967295
0.00561024 4294967295
0.00562146 4294967295
0.00563268 4294967295
0.00564389 4294967295
0.0056551 4294967295
0.00566632 4294967295
0.00567754 4294967295
0.00568875 4294967295
0.00569996 4294967295
0.00571118 4294967295
0.00572239 4294967295
0.00573361 4294967295
0.00574483 4294967295
0.00575604 4294967295
0.00576725 4294967295
0.00577847 4294967295
0.00578969 4294967295
0.0058009 4294967295
0.00581211 4294967295
0.00582333 4294967295
0.00583455 4294967295
0.00584576 4294967295
0.00585698 4294967295
0.00586819 4294967295
0.0058794 4294967295
0.00589062 4294967295
0.00590184 4294967295
0.00591305 4294967295
0.00592426 4294967295
0.00593548 4294967295
0.0059467 4294967295
0.00595791 4294967295
0.00596912 4294967295
0.00598034 4294967295
0.00599155 4294967295
0.00600277 4294967295
0.00601399 4294967295
0.0060252 4294967295
0.00603641 4294967295
0.00604763 4294967295
0.00605885 4294967295
0.00607006 4294967295
0.00608127 4294967295
0.00609249 4294967295
0.00610371 4294967295
0.00611492 4294967295
0.00612613 4294967295
0.00613735 4294967295
0.00614856 4294967295
0.00615978 4294967295
0.006171 4294967295
0.00618221 4294967295
0.00619342 4294967295
0.00620464 4294967295
0.00621586 4294967295
0.00622707 4294967295
0.00623828 4294967295
0.0062495 4294967295
0.00626072 4294967295
0.00627193 4294967295
0.00628315 4294967295
0.00629436 4294967295
0.00630557 4294967295
0.00631679 4294967295
0.00632801 4294967295
0.00633922 4294967295
0.00635043 4294967295
0.00636165 4294967295
0.00637287 4294967295
0.00638408 4294967295
0.00639529 4294967295
0.00640651 4294967295
0.00641772 4294967295
0.00642894 4294967295
0.00644016 4294967295
0.00645137 4294967295
0.00646258 4294967295
0.0064738 4294967295
0.00648502 4294967295
0.00649623 4294967295
0.00650744 4294967295
0.00651866 4294967295
0.00652988 4294967295
0.00654109 4294967295
0.0065523 4294967295
0.00656352 4294967295
0.00657473 4294967295
0.00658595 4294967295
0.00659717 4294967295
0.00660838 4294967295
0.00661959 4294967295
0.00663081 4294967295
0.00664203 4294967295
0.00665324 4294967295
0.00666445 4294967295
0.00667567 4294967295
0.00668689 4294967295
0.0066981 4294967295
0.00670932 4294967295
0.00672053 4294967295
0.00673174 4294967295
0.00674296 4294967295
0.00675418 4294967295
0.00676539 4294967295
0.0067766 4294967295
0.00678782 4294967295
0.00679904 4294967295
0.00681025 4294967295
0.00682146 4294967295
0.00683268 4294967295
0.0068439 4294967295
0.00685511 4294967295
0.00686632 4294967295
0.00687754 4294967295
0.00688875 4294967295
0.00689997 4294967295
0.00691119 4294967295
0.0069224 4294967295
0.00693361 4294967295
0.00694483 4294967295
0.00695605 4294967295
0.00696726 4294967295
0.00697847 4294967295
0.00698969 4294967295
0.0070009 4294967295
0.00701212 4294967295
0.00702334 4294967295
0.00703455 4294967295
0.00704576 4294967295
0.00705698 4294967295
0.0070682 4294967295
0.00707941 4294967295
0.00709062 4294967295
0.00710184 4294967295
0.00711306 4294967295
0.00712427 4294967295
0.00713548 4294967295
0.0071467 4294967295
0.00715791 4294967295
0.00716913 4294967295
0.00718035 4294967295
0.00719156 4294967295
0.00720277 4294967295
0.00721399 4294967295
0.00722521 4294967295
0.00723642 4294967295
0.00724763 4294967295
0.00725885 4294967295
0.00727007 4294967295
0.00728128 4294967295
0.00729249 4294967295
0.00730371 4294967295
0.00731492 4294967295
0.00732614 4294967295
0.00733736 4294967295
0.00734857 4294967295
0.00735978 4294967295
0.007371 4294967295
0.00738222 4294967295
0.00739343 4294967295
0.00740464 4294967295
0.00741586 4294967295
0.00742707 4294967295
0.00743829 4294967295
0.00744951 4294967295
0.00746072 4294967295
0.00747193 4294967295
0.00748315 4294967295
0.00749437 4294967295
0.00750558 4294967295
0.00751679 4294967295
0.00752801 4294967295
0.00753923 4294967295
0.00755044 4294967295
0.00756165 4294967295
0.00757287 4294967295
0.00758408 4294967295
0.0075953 4294967295
0.00760652 4294967295
0.00761773 4294967295
0.00762894 4294967295
0.00764016 4294967295
0.00765138 4294967295
0.00766259 4294967295
0.0076738 4294967295
0.00768502 4294967295
0.00769624 4294967295
0.00770745 4294967295
0.00771866 4294967295
0.00772988 4294967295
0.00774109 4294967295
0.00775231 4294967295
0.00776353 4294967295
0.00777474 4294967295
0.00778595 4294967295
0.00779717 4294967295
0.00780839 4294967295
0.0078196 4294967295
0.00783081 4294967295
0.00784203 4294967295
0.00785325 4294967295
0.00786446 4294967295
0.00787568 4294967295
0.00788689 4294967295
0.00789811 4294967295
0.00790932 4294967295
0.00792053 4294967295
0.00793175 4294967295
0.00794296 4294967295
0.00795418 4294967295
0.0079654 4294967295
0.00797661 4294967295
0.00798783 4294967295
0.00799904 4294967295
0.00801026 4294967295
0.00802147 4294967295
0.00803268 4294967295
0.0080439 4294967295
0.00805511 4294967295
0.00806633 4294967295
0.00807755 4294967295
0.00808876 4294967295
0.00809998 4294967295
0.00811119 4294967295
0.0081224 4294967295
0.00813362 4294967295
0.00814483 4294967295
0.00815605 4294967295
0.00816726 4294967295
0.00817848 4294967295
0.0081897 4294967295
0.00820091 4294967295
0.00821213 4294967295
0.00822334 4294967295
0.00823455 4294967295
0.00824577 4294967295
0.00825698 4294967295
0.0082682 4294967295
0.00827942 4294967295
0.00829063 4294967295
0.00830185 4294967295
0.00831306 4294967295
0.00832428 4294967295
0.00833549 4294967295
0.0083467 4294967295
0.00835792 4294967295
0.00836913 4294967295
0.00838035 4294967295
0.00839157 4294967295
0.00840278 4294967295
0.008414 4294967295
0.00842521 4294967295
0.00843642 4294967295
0.00844764 4294967295
0.00845885 4294967295
0.00847007 4294967295
0.00848128 4294967295
0.0084925 4294967295
0.00850372 4294967295
0.00851493 4294967295
0.00852615 4294967295
0.00853736 4294967295
0.00854857 4294967295
0.00855979 4294967295
0.008571 4294967295
0.00858222 4294967295
0.00859343 4294967295
0.00860465 4294967295
0.00861587 4294967295
0.00862708 4294967295
0.0086383 4294967295
0.00864951 4294967295
0.00866072 4294967295
0.00867194 4294967295
0.00868315 4294967295
0.00869437 4294967295
0.00870559 4294967295
0.0087168 4294967295
0.00872802 4294967295
0.00873923 4294967295
0.00875045 4294967295
0.00876166 4294967295
0.00877287 4294967295
0.00878409 4294967295
0.0087953 4294967295
0.00880652 4294967295
0.00881774 4294967295
0.00882895 4294967295
0.00884017 4294967295
0.00885138 4294967295
0.00886259 4294967295
0.00887381 4294967295
0.00888502 4294967295
0.00889624 4294967295
0.00890745 4294967295
0.00891867 4294967295
0.00892989 4294967295
0.0089411 4294967295
0.00895232 4294967295
0.00896353 4294967295
0.00897474 4294967295
0.00898596 4294967295
0.00899717 4294967295
0.00900839 4294967295
0.0090196 4294967295
0.00903082 4294967295
0.00904204 4294967295
0.00905325 4294967295
0.00906447 4294967295
0.00907568 4294967295
0.00908689 4294967295
0.00909811 4294967295
0.00910932 4294967295
0.00912054 4294967295
0.00913176 4294967295
0.00914297 4294967295
0.00915419 4294967295
0.0091654 4294967295
0.00917662 4294967295
0.00918783 4294967295
0.00919904 4294967295
0.00921026 4294967295
0.00922147 4294967295
0.00923269 4294967295
0.00924391 4294967295
0.00925512 4294967295
0.00926634 4294967295
0.00927755 4294967295
0.00928876 4294967295
0.00929998 4294967295
0.00931119 4294967295
0.00932241 4294967295
0.00933362 4294967295
0.00934484 4294967295
0.00935606 4294967295
0.00936727 4294967295
0.00937849 4294967295
0.0093897 4294967295
0.00940091 4294967295
0.00941213 4294967295
0.00942334 4294967295
0.00943456 4294967295
0.00944578 4294967295
0.00945699 4294967295
0.00946821 4294967295
0.00947942 4294967295
0.00949064 4294967295
0.00950185 4294967295
0.00951306 4294967295
0.00952428 4294967295
0.00953549 4294967295
0.00954671 4294967295
0.00955793 4294967295
0.00956914 4294967295
0.00958036 4294967295
0.00959157 4294967295
0.00960278 4294967295
0.009614 4294967295
0.00962521 4294967295
0.00963643 4294967295
0.00964764 4294967295
0.00965886 4294967295
0.00967008 4294967295
0.00968129 4294967295
0.00969251 4294967295
0.00970372 4294967295
0.00971493 4294967295
0.00972615 4294967295
0.00973736 4294967295
0.00974858 4294967295
0.00975979 4294967295
0.00977101 4294967295
0.00978223 4294967295
0.00979344 4294967295
0.00980466 4294967295
0.00981587 4294967295
0.00982708 4294967295
0.0098383 4294967295
0.00984951 4294967295
0.00986073 4294967295
0.00987195 4294967295
0.00988316 4294967295
0.00989438 4294967295
0.00990559 4294967295
0.00991681 4294967295
0.00992802 4294967295
0.00993923 4294967295
0.00995045 4294967295
0.00996166 4294967295
0.00997288 4294967295
0.0099841 4294967295
0.00999531 4294967295
0.0100065 4294967295
0.0100177 4294967295
0.010029 4294967295
0.0100402 4294967295
0.0100514 4294967295
0.0100626 4294967295
0.0100738 4294967295
0.010085 4294967295
0.0100962 4294967295
0.0101075 4294967295
0.0101187 4294967295
0.0101299 4294967295
0.0101411 4294967295
0.0101523 4294967295
0.0101635 4294967295
0.0101747 4294967295
0.010186 4294967295
0.0101972 4294967295
0.0102084 4294967295
0.0102196 4294967295
0.0102308 4294967295
0.010242 4294967295
0.0102533 4294967295
0.0102645 4294967295
0.0102757 4294967295
0.0102869 4294967295
0.0102981 4294967295
0.0103093 4294967295
0.0103205 4294967295
0.0103318 4294967295
0.010343 4294967295
0.0103542 4294967295
0.0103654 4294967295
0.0103766 4294967295
0.0103878 4294967295
0.010399 4294967295
0.0104103 4294967295
0.0104215 4294967295
0.0104327 4294967295
0.0104439 4294967295
0.0104551 4294967295
0.0104663 4294967295
0.0104776 4294967295
0.0104888 4294967295
0.0105 4294967295
0.0105112 4294967295
0.0105224 4294967295
0.0105336 4294967295
0.0105448 4294967295
0.0105561 4294967295
0.0105673 4294967295
0.0105785 4294967295
0.0105897 4294967295
0.0106009 4294967295
0.0106121 4294967295
0.0106234 4294967295
0.0106346 4294967295
0.0106458 4294967295
0.010657 4294967295
0.0106682 4294967295
0.0106794 4294967295
0.0106906 4294967295
0.0107019 4294967295
0.0107131 4294967295
0.0107243 4294967295
0.0107355 4294967295
0.0107467 4294967295
0.0107579 4294967295
0.0107691 4294967295
0.0107804 4294967295
0.0107916 4294967295
0.0108028 4294967295
0.010814 4294967295
0.0108252 4294967295
0.0108364 4294967295
0.0108477 4294967295
0.0108589 4294967295
0.0108701 4294967295
0.0108813 4294967295
0.0108925 4294967295
0.0109037 4294967295
0.0109149 4294967295
0.0109262 4294967295
0.0109374 4294967295
0.0109486 4294967295
0.0109598 4294967295
0.010971 4294967295
0.0109822 4294967295
0.0109934 4294967295
0.0110047 4294967295
0.0110159 4294967295
0.0110271 4294967295
0.0110383 4294967295
0.0110495 4294967295
0.0110607 4294967295
0.011072 4294967295
0.0110832 4294967295
0.0110944 4294967295
0.0111056 4294967295
0.0111168 4294967295
0.011128 4294967295
0.0111392 4294967295
0.0111505 4294967295
0.0111617 4294967295
0.0111729 4294967295
0.0111841 4294967295
0.0111953 4294967295
0.0112065 4294967295
0.0112177 4294967295
0.011229 4294967295
0.0112402 4294967295
0.0112514 4294967295
0.0112626 4294967295
0.0112738 4294967295
0.011285 4294967295
0.0112963 4294967295
0.0113075 4294967295
0.0113187 4294967295
0.0113299 4294967295
0.0113411 4294967295
0.0113523 4294967295
0.0113635 4294967295
0.0113748 4294967295
0.011386 4294967295
0.0113972 4294967295
0.0114084 4294967295
0.0114196 4294967295
0.0114308 4294967295
0.011442 4294967295
0.0114533 4294967295
0.0114645 4294967295
0.0114757 4294967295
0.0114869 4294967295
0.0114981 4294967295
0.0115093 4294967295
0.0115205 4294967295
0.0115318 4294967295
0.011543 4294967295
0.0115542 4294967295
0.0115654 4294967295
0.0115766 4294967295
0.0115878 4294967295
0.0115991 4294967295
0.0116103 4294967295
0.0116215 4294967295
0.0116327 4294967295
0.0116439 4294967295
0.0116551 4294967295
0.0116663 4294967295
0.0116776 4294967295
0.0116888 4294967295
0.0117 4294967295
0.0117112 4294967295
0.0117224 4294967295
0.0117336 4294967295
0.0117448 4294967295
0.0117561 4294967295
0.0117673 4294967295
0.0117785 4294967295
0.0117897 4294967295
0.0118009 4294967295
0.0118121 4294967295
0.0118234 4294967295
0.0118346 4294967295
0.0118458 4294967295
0.011857 4294967295
0.0118682 4294967295
0.0118794 4294967295
0.0118906 4294967295
0.0119019 4294967295
0.0119131 4294967295
0.0119243 4294967295
0.0119355 4294967295
0.0119467 4294967295
0.0119579 4294967295
0.0119691 4294967295
0.0119804 4294967295
0.0119916 4294967295
0.0120028 4294967295
0.012014 4294967295
0.0120252 4294967295
0.0120364 4294967295
0.0120477 4294967295
0.0120589 4294967295
0.0120701 4294967295
0.0120813 4294967295
0.0120925 4294967295
0.0121037 4294967295
0.0121149 4294967295
0.0121262 4294967295
0.0121374 4294967295
0.0121486 4294967295
0.0121598 4294967295
0.012171 4294967295
0.0121822 4294967295
0.0121934 4294967295
0.0122047 4294967295
0.0122159 4294967295
0.0122271 4294967295
0.0122383 4294967295
0.0122495 4294967295
0.0122607 4294967295
0.012272 4294967295
0.0122832 4294967295
0.0122944 4294967295
0.0123056 4294967295
0.0123168 4294967295
0.012328 4294967295
0.0123392 4294967295
0.0123505 4294967295
0.0123617 4294967295
0.0123729 4294967295
0.0123841 4294967295
0.0123953 4294967295
0.0124065 4294967295
0.0124177 4294967295
0.012429 4294967295
0.0124402 4294967295
0.0124514 4294967295
0.0124626 4294967295
0.0124738 4294967295
0.012485 4294967295
0.0124963 4294967295
0.0125075 4294967295
0.0125187 4294967295
0.0125299 4294967295
0.0125411 4294967295
0.0125523 4294967295
0.0125635 4294967295
0.0125748 4294967295
0.012586 4294967295
0.0125972 4294967295
0.0126084 4294967295
0.0126196 4294967295
0.0126308 4294967295
0.0126421 4294967295
0.0126533 4294967295
0.0126645 4294967295
0.0126757 4294967295
0.0126869 4294967295
0.0126981 4294967295
0.0127093 4294967295
0.0127206 4294967295
0.0127318 4294967295
0.012743 4294967295
0.0127542 4294967295
0.0127654 4294967295
0.0127766 4294967295
0.0127878 4294967295
0.0127991 4294967295
0.0128103 4294967295
0.0128215 4294967295
0.0128327 4294967295
0.0128439 4294967295
0.0128551 4294967295
0.0128664 4294967295
0.0128776 4294967295
0.0128888 4294967295
0.0129 4294967295
0.0129112 4294967295
0.0129224 4294967295
0.0129336 4294967295
0.0129449 4294967295
0.0129561 4294967295
0.0129673 4294967295
0.0129785 4294967295
0.0129897 4294967295
0.0130009 4294967295
0.0130121 4294967295
0.0130234 4294967295
0.0130346 4294967295
0.0130458 4294967295
0.013057 4294967295
0.0130682 4294967295
0.0130794 4294967295
0.0130907 4294967295
0.0131019 4294967295
0.0131131 4294967295
0.0131243 4294967295
0.0131355 4294967295
0.0131467 4294967295
0.0131579 4294967295
0.0131692 4294967295
0.0131804 4294967295
0.0131916 4294967295
0.0132028 4294967295
0.013214 4294967295
0.0132252 4294967295
0.0132364 4294967295
0.0132477 4294967295
0.0132589 4294967295
0.0132701 4294967295
0.0132813 4294967295
0.0132925 4294967295
0.0133037 4294967295
0.013315 4294967295
0.0133262 4294967295
0.0133374 4294967295
0.0133486 4294967295
0.0133598 4294967295
0.013371 4294967295
0.0133822 4294967295
0.0133935 4294967295
0.0134047 4294967295
0.0134159 4294967295
0.0134271 4294967295
0.0134383 4294967295
0.0134495 4294967295
0.0134607 4294967295
0.013472 4294967295
0.0134832 4294967295
0.0134944 4294967295
0.0135056 4294967295
0.0135168 4294967295
0.013528 4294967295
0.0135392 4294967295
0.0135505 4294967295
0.0135617 4294967295
0.0135729 4294967295
0.0135841 4294967295
0.0135953 4294967295
0.0136065 4294967295
0.0136178 4294967295
0.013629 4294967295
0.0136402 4294967295
0.0136514 4294967295
0.0136626 4294967295
0.0136738 4294967295
0.013685 4294967295
0.0136963 4294967295
0.0137075 4294967295
0.0137187 4294967295
0.0137299 4294967295
0.0137411 4294967295
0.0137523 4294967295
0.0137635 4294967295
0.0137748 4294967295
0.013786 4294967295
0.0137972 4294967295
0.0138084 4294967295
0.0138196 4294967295
0.0138308 4294967295
0.0138421 4294967295
0.0138533 4294967295
0.0138645 4294967295
0.0138757 4294967295
0.0138869 4294967295
0.0138981 4294967295
0.0139093 4294967295
0.0139206 4294967295
0.0139318 4294967295
0.013943 4294967295
0.0139542 4294967295
0.0139654 4294967295
0.0139766 4294967295
0.0139878 4294967295
0.0139991 4294967295
0.0140103 4294967295
0.0140215 4294967295
0.0140327 4294967295
0.0140439 4294967295
0.0140551 4294967295
0.0140664 4294967295
0.0140776 4294967295
0.0140888 4294967295
0.0141 4294967295
0.0141112 4294967295
0.0141224 4294967295
0.0141336 4294967295
0.0141449 4294967295
0.0141561 4294967295
0.0141673 4294967295
0.0141785 4294967295
0.0141897 4294967295
0.0142009 4294967295
0.0142121 4294967295
0.0142234 4294967295
0.0142346 4294967295
0.0142458 4294967295
0.014257 4294967295
0.0142682 4294967295
0.0142794 4294967295
0.0142907 4294967295
0.0143019 4294967295
0.0143131 4294967295
0.0143243 4294967295
0.0143355 4294967295
0.0143467 4294967295
0.0143579 4294967295
0.0143692 4294967295
0.0143804 4294967295
0.0143916 4294967295
0.0144028 4294967295
0.014414 4294967295
0.0144252 4294967295
0.0144364 4294967295
0.0144477 4294967295
0.0144589 4294967295
0.0144701 4294967295
0.0144813 4294967295
0.0144925 4294967295
0.0145037 4294967295
0.014515 4294967295
0.0145262 4294967295
0.0145374 4294967295
0.0145486 4294967295
0.0145598 4294967295
0.014571 4294967295
0.0145822 4294967295
0.0145935 4294967295
0.0146047 4294967295
0.0146159 4294967295
0.0146271 4294967295
0.0146383 4294967295
0.0146495 4294967295
0.0146608 4294967295
0.014672 4294967295
0.0146832 4294967295
0.0146944 4294967295
0.0147056 4294967295
0.0147168 4294967295
0.014728 4294967295
0.0147393 4294967295
0.0147505 4294967295
0.0147617 4294967295
0.0147729 4294967295
0.0147841 4294967295
0.0147953 4294967295
0.0148065 4294967295
0.0148178 4294967295
0.014829 4294967295
0.0148402 4294967295
0.0148514 4294967295
0.0148626 4294967295
0.0148738 4294967295
0.0148851 4294967295
0.0148963 4294967295
0.0149075 4294967295
0.0149187 4294967295
0.0149299 4294967295
0.0149411 4294967295
0.0149523 4294967295
0.0149636 4294967295
0.0149748 4294967295
0.014986 4294967295
0.0149972 4294967295
0.0150084 4294967295
0.0150196 4294967295
0.0150308 4294967295
0.0150421 4294967295
0.0150533 4294967295
0.0150645 4294967295
0.0150757 4294967295
0.0150869 4294967295
0.0150981 4294967295
0.0151094 4294967295
0.0151206 4294967295
0.0151318 4294967295
0.015143 4294967295
0.0151542 4294967295
0.0151654 4294967295
0.0151766 4294967295
0.0151879 4294967295
0.0151991 4294967295
0.0152103 4294967295
0.0152215 4294967295
0.0152327 4294967295
0.0152439 4294967295
0.0152551 4294967295
0.0152664 4294967295
0.0152776 4294967295
0.0152888 4294967295
0.0153 4294967295
0.0153112 4294967295
0.0153224 4294967295
0.0153337 4294967295
0.0153449 4294967295
0.0153561 4294967295
0.0153673 4294967295
0.0153785 4294967295
0.0153897 4294967295
0.0154009 4294967295
0.0154122 4294967295
0.0154234 4294967295
0.0154346 4294967295
0.0154458 4294967295
0.015457 4294967295
0.0154682 4294967295
0.0154794 4294967295
0.0154907 4294967295
0.0155019 4294967295
0.0155131 4294967295
0.0155243 4294967295
0.0155355 4294967295
0.0155467 4294967295
0.0155579 4294967295
0.0155692 4294967295
0.0155804 4294967295
0.0155916 4294967295
0.0156028 4294967295
0.015614 4294967295
0.0156252 4294967295
0.0156365 4294967295
0.0156477 4294967295
0.0156589 4294967295
0.0156701 4294967295
0.0156813 4294967295
0.0156925 4294967295
0.0157037 4294967295
0.015715 4294967295
0.0157262 4294967295
0.0157374 4294967295
0.0157486 4294967295
0.0157598 4294967295
0.015771 4294967295
0.0157823 4294967295
0.0157935 4294967295
0.0158047 4294967295
0.0158159 4294967295
0.0158271 4294967295
0.0158383 4294967295
0.0158495 4294967295
0.0158608 4294967295
0.015872 4294967295
0.0158832 4294967295
0.0158944 4294967295
0.0159056 4294967295
0.0159168 4294967295
0.015928 4294967295
0.0159393 4294967295
0.0159505 4294967295
0.0159617 4294967295
0.0159729 4294967295
0.0159841 4294967295
0.0159953 4294967295
0.0160066 4294967295
0.0160178 4294967295
0.016029 4294967295
0.0160402 4294967295
0.0160514 4294967295
0.0160626 4294967295
0.0160738 4294967295
0.0160851 4294967295
0.0160963 4294967295
0.0161075 4294967295
0.0161187 4294967295
0.0161299 4294967295
0.0161411 4294967295
0.0161523 4294967295
0.0161636 4294967295
0.0161748 4294967295
0.016186 4294967295
0.0161972 4294967295
0.0162084 4294967295
0.0162196 4294967295
0.0162309 4294967295
0.0162421 4294967295
0.0162533 4294967295
0.0162645 4294967295
0.0162757 4294967295
0.0162869 4294967295
0.0162981 4294967295
0.0163094 4294967295
0.0163206 4294967295
0.0163318 4294967295
0.016343 4294967295
0.0163542 4294967295
0.0163654 4294967295
0.0163766 4294967295
0.0163879 4294967295
0.0163991 4294967295
0.0164103 4294967295
0.0164215 4294967295
0.0164327 4294967295
0.0164439 4294967295
0.0164552 4294967295
0.0164664 4294967295
0.0164776 4294967295
0.0164888 4294967295
0.0165 4294967295
0.0165112 4294967295
0.0165224 4294967295
0.0165337 4294967295
0.0165449 4294967295
0.0165561 4294967295
0.0165673 4294967295
0.0165785 4294967295
0.0165897 4294967295
0.0166009 4294967295
0.0166122 4294967295
0.0166234 4294967295
0.0166346 4294967295
0.0166458 4294967295
0.016657 4294967295
0.0166682 4294967295
0.0166794 4294967295
0.0166907 4294967295
0.0167019 4294967295
0.0167131 4294967295
0.0167243 4294967295
0.0167355 4294967295
0.0167467 4294967295
0.016758 4294967295
0.0167692 4294967295
0.0167804 4294967295
0.0167916 4294967295
0.0168028 4294967295
0.016814 4294967295
0.0168252 4294967295
0.0168365 4294967295
0.0168477 4294967295
0.0168589 4294967295
0.0168701 4294967295
0.0168813 4294967295
0.0168925 4294967295
0.0169037 4294967295
0.016915 4294967295
0.0169262 4294967295
0.0169374 4294967295
0.0169486 4294967295
0.0169598 4294967295
0.016971 4294967295
0.0169823 4294967295
0.0169935 4294967295
0.0170047 4294967295
0.0170159 4294967295
0.0170271 4294967295
0.0170383 4294967295
0.0170495 4294967295
0.0170608 4294967295
0.017072 4294967295
0.0170832 4294967295
0.0170944 4294967295
0.0171056 4294967295
0.0171168 4294967295
0.017128 4294967295
0.0171393 4294967295
0.0171505 4294967295
0.0171617 4294967295
0.0171729 4294967295
0.0171841 4294967295
0.0171953 4294967295
0.0172066 4294967295
0.0172178 4294967295
0.017229 4294967295
0.0172402 4294967295
0.0172514 4294967295
0.0172626 4294967295
0.0172738 4294967295
0.0172851 4294967295
0.0172963 4294967295
0.0173075 4294967295
0.0173187 4294967295
0.0173299 4294967295
0.0173411 4294967295
0.0173523 4294967295
0.0173636 4294967295
0.0173748 4294967295
0.017386 4294967295
0.0173972 4294967295
0.0174084 4294967295
0.0174196 4294967295
0.0174309 4294967295
0.0174421 4294967295
0.0174533 4294967295
0.0174645 4294967295
0.0174757 4294967295
0.0174869 4294967295
0.0174981 4294967295
0.0175094 4294967295
0.0175206 4294967295
0.0175318 4294967295
0.017543 4294967295
0.0175542 4294967295
0.0175654 4294967295
0.0175766 4294967295
0.0175879 4294967295
0.0175991 4294967295
0.0176103 4294967295
0.0176215 4294967295
0.0176327 4294967295
0.0176439 4294967295
0.0176552 4294967295
0.0176664 4294967295
0.0176776 4294967295
0.0176888 4294967295
0.0177 4294967295
0.0177112 4294967295
0.0177224 4294967295
0.0177337 4294967295
0.0177449 4294967295
0.0177561 4294967295
0.0177673 4294967295
0.0177785 4294967295
0.0177897 4294967295
0.0178009 4294967295
0.0178122 4294967295
0.0178234 4294967295
0.0178346 4294967295
0.0178458 4294967295
0.017857 4294967295
0.0178682 4294967295
0.0178795 4294967295
0.0178907 4294967295
0.0179019 4294967295
0.0179131 4294967295
0.0179243 4294967295
0.0179355 4294967295
0.0179467 4294967295
0.017958 4294967295
0.0179692 4294967295
0.0179804 4294967295
0.0179916 4294967295
0.0180028 4294967295
0.018014 4294967295
0.0180252 4294967295
0.0180365 4294967295
0.0180477 4294967295
0.0180589 4294967295
0.0180701 4294967295
0.0180813 4294967295
0.0180925 4294967295
0.0181038 4294967295
0.018115 4294967295
0.0181262 4294967295
0.0181374 4294967295
0.0181486 4294967295
0.0181598 4294967295
0.018171 4294967295
0.0181823 4294967295
0.0181935 4294967295
0.0182047 4294967295
0.0182159 4294967295
0.0182271 4294967295
0.0182383 4294967295
0.0182495 4294967295
0.0182608 4294967295
0.018272 4294967295
0.0182832 4294967295
0.0182944 4294967295
0.0183056 4294967295
0.0183168 4294967295
0.0183281 4294967295
0.0183393 4294967295
0.0183505 4294967295
0.0183617 4294967295
0.0183729 4294967295
0.0183841 4294967295
0.0183953 4294967295
0.0184066 4294967295
0.0184178 4294967295
0.018429 4294967295
0.0184402 4294967295
0.0184514 4294967295
0.0184626 4294967295
0.0184738 4294967295
0.0184851 4294967295
0.0184963 4294967295
0.0185075 4294967295
0.0185187 4294967295
0.0185299 4294967295
0.0185411 4294967295
0.0185524 4294967295
0.0185636 4294967295
0.0185748 4294967295
0.018586 4294967295
0.0185972 4294967295
0.0186084 4294967295
0.0186196 4294967295
0.0186309 4294967295
0.0186421 4294967295
0.0186533 4294967295
0.0186645 4294967295
0.0186757 4294967295
0.0186869 4294967295
0.0186982 4294967295
0.0187094 4294967295
0.0187206 4294967295
0.0187318 4294967295
0.018743 4294967295
0.0187542 4294967295
0.0187654 4294967295
0.0187767 4294967295
0.0187879 4294967295
0.0187991 4294967295
0.0188103 4294967295
0.0188215 4294967295
0.0188327 4294967295
0.0188439 4294967295
0.0188552 4294967295
0.0188664 4294967295
0.0188776 4294967295
0.0188888 4294967295
0.0189 4294967295
0.0189112 4294967295
0.0189225 4294967295
0.0189337 4294967295
0.0189449 4294967295
0.0189561 4294967295
0.0189673 4294967295
0.0189785 4294967295
0.0189897 4294967295
0.019001 4294967295
0.0190122 4294967295
0.0190234 4294967295
0.0190346 4294967295
0.0190458 4294967295
0.019057 4294967295
0.0190682 4294967295
0.0190795 4294967295
0.0190907 4294967295
0.0191019 4294967295
0.0191131 4294967295
0.0191243 4294967295
0.0191355 4294967295
0.0191468 4294967295
0.019158 4294967295
0.0191692 4294967295
0.0191804 4294967295
0.0191916 4294967295
0.0192028 4294967295
0.019214 4294967295
0.0192253 4294967295
0.0192365 4294967295
0.0192477 4294967295
0.0192589 4294967295
0.0192701 4294967295
0.0192813 4294967295
0.0192925 4294967295
0.0193038 4294967295
0.019315 4294967295
0.0193262 4294967295
0.0193374 4294967295
0.0193486 4294967295
0.0193598 4294967295
0.0193711 4294967295
0.0193823 4294967295
0.0193935 4294967295
0.0194047 4294967295
0.0194159 4294967295
0.0194271 4294967295
0.0194383 4294967295
0.0194496 4294967295
0.0194608 4294967295
0.019472 4294967295
0.0194832 4294967295
0.0194944 4294967295
0.0195056 4294967295
0.0195168 4294967295
0.0195281 4294967295
0.0195393 4294967295
0.0195505 4294967295
0.0195617 4294967295
0.0195729 4294967295
0.0195841 4294967295
0.0195954 4294967295
0.0196066 4294967295
0.0196178 4294967295
0.019629 4294967295
0.0196402 4294967295
0.0196514 4294967295
0.0196626 4294967295
0.0196739 4294967295
0.0196851 4294967295
0.0196963 4294967295
0.0197075 4294967295
0.0197187 4294967295
0.0197299 4294967295
0.0197411 4294967295
0.0197524 4294967295
0.0197636 4294967295
0.0197748 4294967295
0.019786 4294967295
0.0197972 4294967295
0.0198084 4294967295
0.0198197 4294967295
0.0198309 4294967295
0.0198421 4294967295
0.0198533 4294967295
0.0198645 4294967295
0.0198757 4294967295
0.0198869 4294967295
0.0198982 4294967295
0.0199094 4294967295
0.0199206 4294967295
0.0199318 4294967295
0.019943 4294967295
0.0199542 4294967295
0.0199654 4294967295
0.0199767 4294967295
0.0199879 4294967295
0.0199991 4294967295
0.0200103 4294967295
0.0200215 4294967295
0.0200327 4294967295
0.020044 4294967295
0.0200552 4294967295
0.0200664 4294967295
0.0200776 4294967295
0.0200888 4294967295
0.0201 4294967295
0.0201112 4294967295
0.0201225 4294967295
0.0201337 4294967295
0.0201449 4294967295
0.0201561 4294967295
0.0201673 4294967295
0.0201785 4294967295
0.0201897 4294967295
0.020201 4294967295
0.0202122 4294967295
0.0202234 4294967295
0.0202346 4294967295
0.0202458 4294967295
0.020257 4294967295
0.0202683 4294967295
0.0202795 4294967295
0.0202907 4294967295
0.0203019 4294967295
0.0203131 4294967295
0.0203243 4294967295
0.0203355 4294967295
0.0203468 4294967295
0.020358 4294967295
0.0203692 4294967295
0.0203804 4294967295
0.0203916 4294967295
0.0204028 4294967295
0.020414 4294967295
0.0204253 4294967295
0.0204365 4294967295
0.0204477 4294967295
0.0204589 4294967295
0.0204701 4294967295
0.0204813 4294967295
0.0204925 4294967295
0.0205038 4294967295
0.020515 4294967295
0.0205262 4294967295
0.0205374 4294967295
0.0205486 4294967295
0.0205598 4294967295
0.0205711 4294967295
0.0205823 4294967295
0.0205935 4294967295
0.0206047 4294967295
0.0206159 4294967295
0.0206271 4294967295
0.0206383 4294967295
0.0206496 4294967295
0.0206608 4294967295
0.020672 4294967295
0.0206832 4294967295
0.0206944 4294967295
0.0207056 4294967295
0.0207168 4294967295
0.0207281 4294967295
0.0207393 4294967295
0.0207505 4294967295
0.0207617 4294967295
0.0207729 4294967295
0.0207841 4294967295
0.0207954 4294967295
0.0208066 4294967295
0.0208178 4294967295
0.020829 4294967295
0.0208402 4294967295
0.0208514 4294967295
0.0208626 4294967295
0.0208739 4294967295
0.0208851 4294967295
0.0208963 4294967295
0.0209075 4294967295
0.0209187 4294967295
0.0209299 4294967295
0.0209411 4294967295
0.0209524 4294967295
0.0209636 4294967295
0.0209748 4294967295
0.020986 4294967295
0.0209972 4294967295
0.0210084 4294967295
0.0210197 4294967295
0.0210309 4294967295
0.0210421 4294967295
0.0210533 4294967295
0.0210645 4294967295
0.0210757 4294967295
0.0210869 4294967295
0.0210982 4294967295
0.0211094 4294967295
0.0211206 4294967295
0.0211318 4294967295
0.021143 4294967295
0.0211542 4294967295
0.0211654 4294967295
0.0211767 4294967295
0.0211879 4294967295
0.0211991 4294967295
0.0212103 4294967295
0.0212215 4294967295
0.0212327 4294967295
0.021244 4294967295
0.0212552 4294967295
0.0212664 4294967295
0.0212776 4294967295
0.0212888 4294967295
0.0213 4294967295
0.0213112 4294967295
0.0213225 4294967295
0.0213337 4294967295
0.0213449 4294967295
0.0213561 4294967295
0.0213673 4294967295
0.0213785 4294967295
0.0213897 4294967295
0.021401 4294967295
0.0214122 4294967295
0.0214234 4294967295
0.0214346 4294967295
0.0214458 4294967295
0.021457 4294967295
0.0214683 4294967295
0.0214795 4294967295
0.0214907 4294967295
0.0215019 4294967295
0.0215131 4294967295
0.0215243 4294967295
0.0215355 4294967295
0.0215468 4294967295
0.021558 4294967295
0.0215692 4294967295
0.0215804 4294967295
0.0215916 4294967295
0.0216028 4294967295
0.021614 4294967295
0.0216253 4294967295
0.0216365 4294967295
0.0216477 4294967295
0.0216589 4294967295
0.0216701 4294967295
0.0216813 4294967295
0.0216926 4294967295
0.0217038 4294967295
0.021715 4294967295
0.0217262 4294967295
0.0217374 4294967295
0.0217486 4294967295
0.0217598 4294967295
0.0217711 4294967295
0.0217823 4294967295
0.0217935 4294967295
0.0218047 4294967295
0.0218159 4294967295
0.0218271 4294967295
0.0218383 4294967295
0.0218496 4294967295
0.0218608 4294967295
0.021872 4294967295
0.0218832 4294967295
0.0218944 4294967295
0.0219056 4294967295
0.0219169 4294967295
0.0219281 4294967295
0.0219393 4294967295
0.0219505 4294967295
0.0219617 4294967295
0.0219729 4294967295
0.0219841 4294967295
0.0219954 4294967295
0.0220066 4294967295
0.0220178 4294967295
0.022029 4294967295
0.0220402 4294967295
0.0220514 4294967295
0.0220626 4294967295
0.0220739 4294967295
0.0220851 4294967295
0.0220963 4294967295
0.0221075 4294967295
0.0221187 4294967295
0.0221299 4294967295
0.0221412 4294967295
0.0221524 4294967295
0.0221636 4294967295
0.0221748 4294967295
0.022186 4294967295
0.0221972 4294967295
0.0222084 4294967295
0.0222197 4294967295
0.0222309 4294967295
0.0222421 4294967295
0.0222533 4294967295
0.0222645 4294967295
0.0222757 4294967295
0.0222869 4294967295
0.0222982 4294967295
0.0223094 4294967295
0.0223206 4294967295
0.0223318 4294967295
0.022343 4294967295
0.0223542 4294967295
0.0223655 4294967295
0.0223767 4294967295
0.0223879 4294967295
0.0223991 4294967295
0.0224103 4294967295
0.0224215 4294967295
0.0224327 4294967295
0.022444 4294967295
0.0224552 4294967295
0.0224664 4294967295
0.0224776 4294967295
0.0224888 4294967295
0.0225 4294967295
0.0225113 4294967295
0.0225225 4294967295
0.0225337 4294967295
0.0225449 4294967295
0.0225561 4294967295
0.0225673 4294967295
0.0225785 4294967295
0.0225898 4294967295
0.022601 4294967295
0.0226122 4294967295
0.0226234 4294967295
0.0226346 4294967295
0.0226458 4294967295
0.022657 4294967295
0.0226683 4294967295
0.0226795 4294967295
0.0226907 4294967295
0.0227019 4294967295
0.0227131 4294967295
0.0227243 4294967295
0.0227356 4294967295
0.0227468 4294967295
0.022758 4294967295
0.0227692 4294967295
0.0227804 4294967295
0.0227916 4294967295
0.0228028 4294967295
0.0228141 4294967295
0.0228253 4294967295
0.0228365 4294967295
0.0228477 4294967295
0.0228589 4294967295
0.0228701 4294967295
0.0228813 4294967295
0.0228926 4294967295
0.0229038 4294967295
0.022915 4294967295
0.0229262 4294967295
0.0229374 4294967295
0.0229486 4294967295
0.0229599 4294967295
0.0229711 4294967295
0.0229823 4294967295
0.0229935 4294967295
0.0230047 4294967295
0.0230159 4294967295
0.0230271 4294967295
0.0230384 4294967295
0.0230496 4294967295
0.0230608 4294967295
0.023072 4294967295
0.0230832 4294967295
0.0230944 4294967295
0.0231056 4294967295
0.0231169 4294967295
0.0231281 4294967295
0.0231393 4294967295
0.0231505 4294967295
0.0231617 4294967295
0.0231729 4294967295
0.0231842 4294967295
0.0231954 4294967295
0.0232066 4294967295
0.0232178 4294967295
0.023229 4294967295
0.0232402 4294967295
0.0232514 4294967295
0.0232627 4294967295
0.0232739 4294967295
0.0232851 4294967295
0.0232963 4294967295
0.0233075 4294967295
0.0233187 4294967295
0.0233299 4294967295
0.0233412 4294967295
0.0233524 4294967295
0.0233636 4294967295
0.0233748 4294967295
0.023386 4294967295
0.0233972 4294967295
0.0234085 4294967295
0.0234197 4294967295
0.0234309 4294967295
0.0234421 4294967295
0.0234533 4294967295
0.0234645 4294967295
0.0234757 4294967295
0.023487 4294967295
0.0234982 4294967295
0.0235094 4294967295
0.0235206 4294967295
0.0235318 4294967295
0.023543 4294967295
0.0235542 4294967295
0.0235655 4294967295
0.0235767 4294967295
0.0235879 4294967295
0.0235991 4294967295
0.0236103 4294967295
0.0236215 4294967295
0.0236328 4294967295
0.023644 4294967295
0.0236552 4294967295
0.0236664 4294967295
0.0236776 4294967295
0.0236888 4294967295
0.0237 4294967295
0.0237113 4294967295
0.0237225 4294967295
0.0237337 4294967295
0.0237449 4294967295
0.0237561 4294967295
0.0237673 4294967295
0.0237785 4294967295
0.0237898 4294967295
0.023801 4294967295
0.0238122 4294967295
0.0238234 4294967295
0.0238346 4294967295
0.0238458 4294967295
0.0238571 4294967295
0.0238683 4294967295
0.0238795 4294967295
0.0238907 4294967295
0.0239019 4294967295
0.0239131 4294967295
0.0239243 4294967295
0.0239356 4294967295
0.0239468 4294967295
0.023958 4294967295
0.0239692 4294967295
0.0239804 4294967295
0.0239916 4294967295
0.0240028 4294967295
0.0240141 4294967295
0.0240253 4294967295
0.0240365 4294967295
0.0240477 4294967295
0.0240589 4294967295
0.0240701 4294967295
0.0240814 4294967295
0.0240926 4294967295
0.0241038 4294967295
0.024115 4294967295
0.0241262 4294967295
0.0241374 4294967295
0.0241486 4294967295
0.0241599 4294967295
0.0241711 4294967295
0.0241823 4294967295
0.0241935 4294967295
0.0242047 4294967295
0.0242159 4294967295
0.0242271 4294967295
0.0242384 4294967295
0.0242496 4294967295
0.0242608 4294967295
0.024272 4294967295
0.0242832 4294967295
0.0242944 4294967295
0.0243057 4294967295
0.0243169 4294967295
0.0243281 4294967295
0.0243393 4294967295
0.0243505 4294967295
0.0243617 4294967295
0.0243729 4294967295
0.0243842 4294967295
0.0243954 4294967295
0.0244066 4294967295
0.0244178 4294967295
0.024429 4294967295
0.0244402 4294967295
0.0244514 4294967295
0.0244627 4294967295
0.0244739 4294967295
0.0244851 4294967295
0.0244963 4294967295
0.0245075 4294967295
0.0245187 4294967295
0.0245299 4294967295
0.0245412 4294967295
0.0245524 4294967295
0.0245636 4294967295
0.0245748 4294967295
0.024586 4294967295
0.0245972 4294967295
0.0246085 4294967295
0.0246197 4294967295
0.0246309 4294967295
0.0246421 4294967295
0.0246533 4294967295
0.0246645 4294967295
0.0246757 4294967295
0.024687 4294967295
0.0246982 4294967295
0.0247094 4294967295
0.0247206 4294967295
0.0247318 4294967295
0.024743 4294967295
0.0247542 4294967295
0.0247655 4294967295
0.0247767 4294967295
0.0247879 4294967295
0.0247991 4294967295
0.0248103 4294967295
0.0248215 4294967295
0.0248328 4294967295
0.024844 4294967295
0.0248552 4294967295
0.0248664 4294967295
0.0248776 4294967295
0.0248888 4294967295
0.0249 4294967295
0.0249113 4294967295
0.0249225 4294967295
0.0249337 4294967295
0.0249449 4294967295
0.0249561 4294967295
0.0249673 4294967295
0.0249785 4294967295
0.0249898 4294967295
0.025001 4294967295
0.0250122 4294967295
0.0250234 4294967295
0.0250346 4294967295
0.0250458 4294967295
0.0250571 4294967295
0.0250683 4294967295
0.0250795 4294967295
0.0250907 4294967295
0.0251019 4294967295
0.0251131 4294967295
0.0251243 4294967295
0.0251356 4294967295
0.0251468 4294967295
0.025158 4294967295
0.0251692 4294967295
0.0251804 4294967295
0.0251916 4294967295
0.0252028 4294967295
0.0252141 4294967295
0.0252253 4294967295
0.0252365 4294967295
0.0252477 4294967295
0.0252589 4294967295
0.0252701 4294967295
0.0252814 4294967295
0.0252926 4294967295
0.0253038 4294967295
0.025315 4294967295
0.0253262 4294967295
0.0253374 4294967295
0.0253486 4294967295
0.0253599 4294967295
0.0253711 4294967295
0.0253823 4294967295
0.0253935 4294967295
0.0254047 4294967295
0.0254159 4294967295
0.0254271 4294967295
0.0254384 4294967295
0.0254496 4294967295
0.0254608 4294967295
0.025472 4294967295
0.0254832 4294967295
0.0254944 4294967295
0.0255057 4294967295
0.0255169 4294967295
0.0255281 4294967295
0.0255393 4294967295
0.0255505 4294967295
0.0255617 4294967295
0.0255729 4294967295
0.0255842 4294967295
0.0255954 4294967295
0.0256066 4294967295
0.0256178 4294967295
0.025629 4294967295
0.0256402 4294967295
0.0256514 4294967295
0.0256627 4294967295
0.0256739 4294967295
0.0256851 4294967295
0.0256963 4294967295
0.0257075 4294967295
0.0257187 4294967295
0.02573 4294967295
0.0257412 4294967295
0.0257524 4294967295
0.0257636 4294967295
0.0257748 4294967295
0.025786 4294967295
0.0257972 4294967295
0.0258085 4294967295
0.0258197 4294967295
0.0258309 4294967295
0.0258421 4294967295
0.0258533 4294967295
0.0258645 4294967295
0.0258757 4294967295
0.025887 4294967295
0.0258982 4294967295
0.0259094 4294967295
0.0259206 4294967295
0.0259318 4294967295
0.025943 4294967295
0.0259543 4294967295
0.0259655 4294967295
0.0259767 4294967295
0.0259879 4294967295
0.0259991 4294967295
0.0260103 4294967295
0.0260215 4294967295
0.0260328 4294967295
0.026044 4294967295
0.0260552 4294967295
0.0260664 4294967295
0.0260776 4294967295
0.0260888 4294967295
0.0261 4294967295
0.0261113 4294967295
0.0261225 4294967295
0.0261337 4294967295
0.0261449 4294967295
0.0261561 4294967295
0.0261673 4294967295
0.0261786 4294967295
0.0261898 4294967295
0.026201 4294967295
0.0262122 4294967295
0.0262234 4294967295
0.0262346 4294967295
0.0262458 4294967295
0.0262571 4294967295
0.0262683 4294967295
0.0262795 4294967295
0.0262907 4294967295
0.0263019 4294967295
0.0263131 4294967295
0.0263243 4294967295
0.0263356 4294967295
0.0263468 4294967295
0.026358 4294967295
0.0263692 4294967295
0.0263804 4294967295
0.0263916 4294967295
0.0264029 4294967295
0.0264141 4294967295
0.0264253 4294967295
0.0264365 4294967295
0.0264477 4294967295
0.0264589 4294967295
0.0264701 4294967295
0.0264814 4294967295
0.0264926 4294967295
0.0265038 4294967295
0.026515 4294967295
0.0265262 4294967295
0.0265374 4294967295
0.0265487 4294967295
0.0265599 4294967295
0.0265711 4294967295
0.0265823 4294967295
0.0265935 4294967295
0.0266047 4294967295
0.0266159 4294967295
0.0266272 4294967295
0.0266384 4294967295
0.0266496 4294967295
0.0266608 4294967295
0.026672 4294967295
0.0266832 4294967295
0.0266944 4294967295
0.0267057 4294967295
0.0267169 4294967295
0.0267281 4294967295
0.0267393 4294967295
0.0267505 4294967295
0.0267617 4294967295
0.026773 4294967295
0.0267842 4294967295
0.0267954 4294967295
0.0268066 4294967295
0.0268178 4294967295
0.026829 4294967295
0.0268402 4294967295
0.0268515 4294967295
0.0268627 4294967295
0.0268739 4294967295
0.0268851 4294967295
0.0268963 4294967295
0.0269075 4294967295
0.0269187 4294967295
0.02693 4294967295
0.0269412 4294967295
0.0269524 4294967295
0.0269636 4294967295
0.0269748 4294967295
0.026986 4294967295
0.0269973 4294967295
0.0270085 4294967295
0.0270197 4294967295
0.0270309 4294967295
0.0270421 4294967295
0.0270533 4294967295
0.0270645 4294967295
0.0270758 4294967295
0.027087 4294967295
0.0270982 4294967295
0.0271094 4294967295
0.0271206 4294967295
0.0271318 4294967295
0.027143 4294967295
0.0271543 4294967295
0.0271655 4294967295
0.0271767 4294967295
0.0271879 4294967295
0.0271991 4294967295
0.0272103 4294967295
0.0272216 4294967295
0.0272328 4294967295
0.027244 4294967295
0.0272552 4294967295
0.0272664 4294967295
0.0272776 4294967295
0.0272888 4294967295
0.0273001 4294967295
0.0273113 4294967295
0.0273225 4294967295
0.0273337 4294967295
0.0273449 4294967295
0.0273561 4294967295
0.0273673 4294967295
0.0273786 4294967295
0.0273898 4294967295
0.027401 4294967295
0.0274122 4294967295
0.0274234 4294967295
0.0274346 4294967295
0.0274459 4294967295
0.0274571 4294967295
0.0274683 4294967295
0.0274795 4294967295
0.0274907 4294967295
0.0275019 4294967295
0.0275131 4294967295
0.0275244 4294967295
0.0275356 4294967295
0.0275468 4294967295
0.027558 4294967295
0.0275692 4294967295
0.0275804 4294967295
0.0275916 4294967295
0.0276029 4294967295
0.0276141 4294967295
0.0276253 4294967295
0.0276365 4294967295
0.0276477 4294967295
0.0276589 4294967295
0.0276702 4294967295
0.0276814 4294967295
0.0276926 4294967295
0.0277038 4294967295
0.027715 4294967295
0.0277262 4294967295
0.0277374 4294967295
0.0277487 4294967295
0.0277599 4294967295
0.0277711 4294967295
0.0277823 4294967295
0.0277935 4294967295
0.0278047 4294967295
0.0278159 4294967295
0.0278272 4294967295
0.0278384 4294967295
0.0278496 4294967295
0.0278608 4294967295
0.027872 4294967295
0.0278832 4294967295
0.0278945 4294967295
0.0279057 4294967295
0.0279169 4294967295
0.0279281 4294967295
0.0279393 4294967295
0.0279505 4294967295
0.0279617 4294967295
0.027973 4294967295
0.0279842 4294967295
0.0279954 4294967295
0.0280066 4294967295
0.0280178 4294967295
0.028029 4294967295
0.0280402 4294967295
0.0280515 4294967295
0.0280627 4294967295
0.0280739 4294967295
0.0280851 4294967295
0.0280963 4294967295
0.0281075 4294967295
0.0281188 4294967295
0.02813 4294967295
0.0281412 4294967295
0.0281524 4294967295
0.0281636 4294967295
0.0281748 4294967295
0.028186 4294967295
0.0281973 4294967295
0.0282085 4294967295
0.0282197 4294967295
0.0282309 4294967295
0.0282421 4294967295
0.0282533 4294967295
0.0282645 4294967295
0.0282758 4294967295
0.028287 4294967295
0.0282982 4294967295
0.0283094 4294967295
0.0283206 4294967295
0.0283318 4294967295
0.0283431 4294967295
0.0283543 4294967295
0.0283655 4294967295
0.0283767 4294967295
0.0283879 4294967295
0.0283991 4294967295
0.0284103 4294967295
0.0284216 4294967295
0.0284328 4294967295
0.028444 4294967295
0.0284552 4294967295
0.0284664 4294967295
0.0284776 4294967295
0.0284888 4294967295
0.0285001 4294967295
0.0285113 4294967295
0.0285225 4294967295
0.0285337 4294967295
0.0285449 4294967295
0.0285561 4294967295
0.0285673 4294967295
0.0285786 4294967295
0.0285898 4294967295
0.028601 4294967295
0.0286122 4294967295
0.0286234 4294967295
0.0286346 4294967295
0.0286459 4294967295
0.0286571 4294967295
0.0286683 4294967295
0.0286795 4294967295
0.0286907 4294967295
0.0287019 4294967295
0.0287131 4294967295
0.0287244 4294967295
0.0287356 4294967295
0.0287468 4294967295
0.028758 4294967295
0.0287692 4294967295
0.0287804 4294967295
0.0287916 4294967295
0.0288029 4294967295
0.0288141 4294967295
0.0288253 4294967295
0.0288365 4294967295
0.0288477 4294967295
0.0288589 4294967295
0.0288702 4294967295
0.0288814 4294967295
0.0288926 4294967295
0.0289038 4294967295
0.028915 4294967295
0.0289262 4294967295
0.0289374 4294967295
0.0289487 4294967295
0.0289599 4294967295
0.0289711 4294967295
0.0289823 4294967295
0.0289935 4294967295
0.0290047 4294967295
0.0290159 4294967295
0.0290272 4294967295
0.0290384 4294967295
0.0290496 4294967295
0.0290608 4294967295
0.029072 4294967295
0.0290832 4294967295
0.0290945 4294967295
0.0291057 4294967295
0.0291169 4294967295
0.0291281 4294967295
0.0291393 4294967295
0.0291505 4294967295
0.0291617 4294967295
0.029173 4294967295
0.0291842 4294967295
0.0291954 4294967295
0.0292066 4294967295
0.0292178 4294967295
0.029229 4294967295
0.0292402 4294967295
0.0292515 4294967295
0.0292627 4294967295
0.0292739 4294967295
0.0292851 4294967295
0.0292963 4294967295
0.0293075 4294967295
0.0293188 4294967295
0.02933 4294967295
0.0293412 4294967295
0.0293524 4294967295
0.0293636 4294967295
0.0293748 4294967295
0.029386 4294967295
0.0293973 4294967295
0.0294085 4294967295
0.0294197 4294967295
0.0294309 4294967295
0.0294421 4294967295
0.0294533 4294967295
0.0294645 4294967295
0.0294758 4294967295
0.029487 4294967295
0.0294982 4294967295
0.0295094 4294967295
0.0295206 4294967295
0.0295318 4294967295
0.0295431 4294967295
0.0295543 4294967295
0.0295655 4294967295
0.0295767 4294967295
0.0295879 4294967295
0.0295991 4294967295
0.0296103 4294967295
0.0296216 4294967295
0.0296328 4294967295
0.029644 4294967295
0.0296552 4294967295
0.0296664 4294967295
0.0296776 4294967295
0.0296888 4294967295
0.0297001 4294967295
0.0297113 4294967295
0.0297225 4294967295
0.0297337 4294967295
0.0297449 4294967295
0.0297561 4294967295
0.0297674 4294967295
0.0297786 4294967295
0.0297898 4294967295
0.029801 4294967295
0.0298122 4294967295
0.0298234 4294967295
0.0298346 4294967295
0.0298459 4294967295
0.0298571 4294967295
0.0298683 4294967295
0.0298795 4294967295
0.0298907 4294967295
0.0299019 4294967295
0.0299131 4294967295
0.0299244 4294967295
0.0299356 4294967295
0.0299468 4294967295
0.029958 4294967295
0.0299692 4294967295
0.0299804 4294967295
0.0299917 4294967295
0.0300029 4294967295
0.0300141 4294967295
0.0300253 4294967295
0.0300365 4294967295
0.0300477 4294967295
0.0300589 4294967295
0.0300702 4294967295
0.0300814 4294967295
0.0300926 4294967295
0.0301038 4294967295
0.030115 4294967295
0.0301262 4294967295
0.0301374 4294967295
0.0301487 4294967295
0.0301599 4294967295
0.0301711 4294967295
0.0301823 4294967295
0.0301935 4294967295
0.0302047 4294967295
0.030216 4294967295
0.0302272 4294967295
0.0302384 4294967295
0.0302496 4294967295
0.0302608 4294967295
0.030272 4294967295
0.0302832 4294967295
0.0302945 4294967295
0.0303057 4294967295
0.0303169 4294967295
0.0303281 4294967295
0.0303393 4294967295
0.0303505 4294967295
0.0303617 4294967295
0.030373 4294967295
0.0303842 4294967295
0.0303954 4294967295
0.0304066 4294967295
0.0304178 4294967295
0.030429 4294967295
0.0304403 4294967295
0.0304515 4294967295
0.0304627 4294967295
0.0304739 4294967295
0.0304851 4294967295
0.0304963 4294967295
0.0305075 4294967295
0.0305188 4294967295
0.03053 4294967295
0.0305412 4294967295
0.0305524 4294967295
0.0305636 4294967295
0.0305748 4294967295
0.0305861 4294967295
0.0305973 4294967295
0.0306085 4294967295
0.0306197 4294967295
0.0306309 4294967295
0.0306421 4294967295
0.0306533 4294967295
0.0306646 4294967295
0.0306758 4294967295
0.030687 4294967295
0.0306982 4294967295
0.0307094 4294967295
0.0307206 4294967295
0.0307318 4294967295
0.0307431 4294967295
0.0307543 4294967295
0.0307655 4294967295
0.0307767 4294967295
0.0307879 4294967295
0.0307991 4294967295
0.0308104 4294967295
0.0308216 4294967295
0.0308328 4294967295
0.030844 4294967295
0.0308552 4294967295
0.0308664 4294967295
0.0308776 4294967295
0.0308889 4294967295
0.0309001 4294967295
0.0309113 4294967295
0.0309225 4294967295
0.0309337 4294967295
0.0309449 4294967295
0.0309561 4294967295
0.0309674 4294967295
0.0309786 4294967295
0.0309898 4294967295
0.031001 4294967295
0.0310122 4294967295
0.0310234 4294967295
0.0310347 4294967295
0.0310459 4294967295
0.0310571 4294967295
0.0310683 4294967295
0.0310795 4294967295
0.0310907 4294967295
0.0311019 4294967295
0.0311132 4294967295
0.0311244 4294967295
0.0311356 4294967295
0.0311468 4294967295
0.031158 4294967295
0.0311692 4294967295
0.0311804 4294967295
0.0311917 4294967295
0.0312029 4294967295
0.0312141 4294967295
0.0312253 4294967295
0.0312365 4294967295
0.0312477 4294967295
0.031259 4294967295
0.0312702 4294967295
0.0312814 4294967295
0.0312926 4294967295
0.0313038 4294967295
0.031315 4294967295
0.0313262 4294967295
0.0313375 4294967295
0.0313487 4294967295
0.0313599 4294967295
0.0313711 4294967295
0.0313823 4294967295
0.0313935 4294967295
0.0314047 4294967295
0.031416 4294967295
0.0314272 4294967295
0.0314384 4294967295
0.0314496 4294967295
0.0314608 4294967295
0.031472 4294967295
0.0314832 4294967295
0.0314945 4294967295
0.0315057 4294967295
0.0315169 4294967295
0.0315281 4294967295
0.0315393 4294967295
0.0315505 4294967295
0.0315618 4294967295
0.031573 4294967295
0.0315842 4294967295
0.0315954 4294967295
0.0316066 4294967295
0.0316178 4294967295
0.031629 4294967295
0.0316403 4294967295
0.0316515 4294967295
0.0316627 4294967295
0.0316739 4294967295
0.0316851 4294967295
0.0316963 4294967295
0.0317076 4294967295
0.0317188 4294967295
0.03173 4294967295
0.0317412 4294967295
0.0317524 4294967295
0.0317636 4294967295
0.0317748 4294967295
0.0317861 4294967295
0.0317973 4294967295
0.0318085 4294967295
0.0318197 4294967295
0.0318309 4294967295
0.0318421 4294967295
0.0318533 4294967295
0.0318646 4294967295
0.0318758 4294967295
0.031887 4294967295
0.0318982 4294967295
0.0319094 4294967295
0.0319206 4294967295
0.0319318 4294967295
0.0319431 4294967295
0.0319543 4294967295
0.0319655 4294967295
0.0319767 4294967295
0.0319879 4294967295
0.0319991 4294967295
0.0320104 4294967295
0.0320216 4294967295
0.0320328 4294967295
0.032044 4294967295
0.0320552 4294967295
0.0320664 4294967295
0.0320776 4294967295
0.0320889 4294967295
0.0321001 4294967295
0.0321113 4294967295
0.0321225 4294967295
0.0321337 4294967295
0.0321449 4294967295
0.0321562 4294967295
0.0321674 4294967295
0.0321786 4294967295
0.0321898 4294967295
0.032201 4294967295
0.0322122 4294967295
0.0322234 4294967295
0.0322347 4294967295
0.0322459 4294967295
0.0322571 4294967295
0.0322683 4294967295
0.0322795 4294967295
0.0322907 4294967295
0.0323019 4294967295
0.0323132 4294967295
0.0323244 4294967295
0.0323356 4294967295
0.0323468 4294967295
0.032358 4294967295
0.0323692 4294967295
0.0323804 4294967295
0.0323917 4294967295
0.0324029 4294967295
0.0324141 4294967295
0.0324253 4294967295
0.0324365 4294967295
0.0324477 4294967295
0.032459 4294967295
0.0324702 4294967295
0.0324814 4294967295
0.0324926 4294967295
0.0325038 4294967295
0.032515 4294967295
0.0325262 4294967295
0.0325375 4294967295
0.0325487 4294967295
0.0325599 4294967295
0.0325711 4294967295
0.0325823 4294967295
0.0325935 4294967295
0.0326048 4294967295
0.032616 4294967295
0.0326272 4294967295
0.0326384 4294967295
0.0326496 4294967295
0.0326608 4294967295
0.032672 4294967295
0.0326833 4294967295
0.0326945 4294967295
0.0327057 4294967295
0.0327169 4294967295
0.0327281 4294967295
0.0327393 4294967295
0.0327505 4294967295
0.0327618 4294967295
0.032773 4294967295
0.0327842 4294967295
0.0327954 4294967295
0.0328066 4294967295
0.0328178 4294967295
0.032829 4294967295
0.0328403 4294967295
0.0328515 4294967295
0.0328627 4294967295
0.0328739 4294967295
0.0328851 4294967295
0.0328963 4294967295
0.0329076 4294967295
0.0329188 4294967295
0.03293 4294967295
0.0329412 4294967295
0.0329524 4294967295
0.0329636 4294967295
0.0329748 4294967295
0.0329861 4294967295
0.0329973 4294967295
0.0330085 4294967295
0.0330197 4294967295
0.0330309 4294967295
0.0330421 4294967295
0.0330534 4294967295
0.0330646 4294967295
0.0330758 4294967295
0.033087 4294967295
0.0330982 4294967295
0.0331094 4294967295
0.0331206 4294967295
0.0331319 4294967295
0.0331431 4294967295
0.0331543 4294967295
0.0331655 4294967295
0.0331767 4294967295
0.0331879 4294967295
0.0331991 4294967295
0.0332104 4294967295
0.0332216 4294967295
0.0332328 4294967295
0.033244 4294967295
0.0332552 4294967295
0.0332664 4294967295
0.0332776 4294967295
0.0332889 4294967295
0.0333001 4294967295
0.0333113 4294967295
0.0333225 4294967295
0.0333337 4294967295
0.0333449 4294967295
0.0333562 4294967295
0.0333674 4294967295
0.0333786 4294967295
0.0333898 4294967295
0.033401 4294967295
0.0334122 4294967295
0.0334234 4294967295
0.0334347 4294967295
0.0334459 4294967295
0.0334571 4294967295
0.0334683 4294967295
0.0334795 4294967295
0.0334907 4294967295
0.033502 4294967295
0.0335132 4294967295
0.0335244 4294967295
0.0335356 4294967295
0.0335468 4294967295
0.033558 4294967295
0.0335692 4294967295
0.0335805 4294967295
0.0335917 4294967295
0.0336029 4294967295
0.0336141 4294967295
0.0336253 4294967295
0.0336365 4294967295
0.0336477 4294967295
0.033659 4294967295
0.0336702 4294967295
0.0336814 4294967295
0.0336926 4294967295
0.0337038 4294967295
0.033715 4294967295
0.0337262 4294967295
0.0337375 4294967295
0.0337487 4294967295
0.0337599 4294967295
0.0337711 4294967295
0.0337823 4294967295
0.0337935 4294967295
0.0338048 4294967295
0.033816 4294967295
0.0338272 4294967295
0.0338384 4294967295
0.0338496 4294967295
0.0338608 4294967295
0.033872 4294967295
0.0338833 4294967295
0.0338945 4294967295
0.0339057 4294967295
0.0339169 4294967295
0.0339281 4294967295
0.0339393 4294967295
0.0339506 4294967295
0.0339618 4294967295
0.033973 4294967295
0.0339842 4294967295
0.0339954 4294967295
0.0340066 4294967295
0.0340178 4294967295
0.0340291 4294967295
0.0340403 4294967295
0.0340515 4294967295
0.0340627 4294967295
0.0340739 4294967295
0.0340851 4294967295
0.0340963 4294967295
0.0341076 4294967295
0.0341188 4294967295
0.03413 4294967295
0.0341412 4294967295
0.0341524 4294967295
0.0341636 4294967295
0.0341748 4294967295
0.0341861 4294967295
0.0341973 4294967295
0.0342085 4294967295
0.0342197 4294967295
0.0342309 4294967295
0.0342421 4294967295
0.0342534 4294967295
0.0342646 4294967295
0.0342758 4294967295
0.034287 4294967295
0.0342982 4294967295
0.0343094 4294967295
0.0343206 4294967295
0.0343319 4294967295
0.0343431 4294967295
0.0343543 4294967295
0.0343655 4294967295
0.0343767 4294967295
0.0343879 4294967295
0.0343992 4294967295
0.0344104 4294967295
0.0344216 4294967295
0.0344328 4294967295
0.034444 4294967295
0.0344552 4294967295
0.0344664 4294967295
0.0344777 4294967295
0.0344889 4294967295
0.0345001 4294967295
0.0345113 4294967295
0.0345225 4294967295
0.0345337 4294967295
0.0345449 4294967295
0.0345562 4294967295
0.0345674 4294967295
0.0345786 4294967295
0.0345898 4294967295
0.034601 4294967295
0.0346122 4294967295
0.0346235 4294967295
0.0346347 4294967295
0.0346459 4294967295
0.0346571 4294967295
0.0346683 4294967295
0.0346795 4294967295
0.0346907 4294967295
0.034702 4294967295
0.0347132 4294967295
0.0347244 4294967295
0.0347356 4294967295
0.0347468 4294967295
0.034758 4294967295
0.0347692 4294967295
0.0347805 4294967295
0.0347917 4294967295
