0.0 0
0.0200186 14400
0.0200186 14400
0.0402706 15840
0.0414658 17280
0.042661 18720
0.0438562 20160
0.0450514 21600
0.0605182 23040
0.0617134 24480
0.062311 25920
0.0637453 27360
0.065299 28800
0.0658966 30240
0.0673309 31680
0.0807659 33120
0.081244 34560
0.0827977 36000
0.0835149 37440
0.0841125 38880
0.0862638 40320
0.0879371 41760
0.0884152 43200
0.0892518 44640
0.0915227 46080
0.0918813 47520
0.101253 48960
0.101731 50400
0.102328 51840
0.104838 53280
0.105436 54720
0.105914 56160
0.106512 57600
0.109858 59040
0.110217 60480
0.112009 61920
0.112488 63360
0.113085 64800
0.11428 66240
0.117149 67680
0.117507 69120
0.117985 70560
0.1215 72000
0.121978 73440
0.122337 74880
0.122935 76320
0.123532 77760
0.127118 79200
0.127596 80640
0.128074 82080
0.128432 83520
0.12903 84960
0.129628 86400
0.134169 87840
0.134408 89280
0.134887 90720
0.137875 92160
0.138353 93600
0.138592 95040
0.139428 96480
0.140863 97920
0.14146 99360
0.144926 100800
0.145404 102240
0.145763 103680
0.146241 105120
0.150185 106560
0.150663 108000
0.151141 109440
0.151619 110880
0.151858 112320
0.152695 113760
0.153173 115200
0.15389 116640
0.159388 118080
0.159866 119520
0.160105 120960
0.160583 122400
0.160942 123840
0.161181 125280
0.162018 126720
0.162496 128160
0.162974 129600
0.169906 131040
0.170264 132480
0.170623 133920
0.171101 135360
0.175165 136800
0.175762 138240
0.176121 139680
0.17648 141120
0.176958 142560
0.177794 144000
0.179348 145440
0.180065 146880
0.180543 148320
0.185922 149760
0.18628 151200
0.186758 152640
0.187117 154080
0.187595 155520
0.188073 156960
0.193093 158400
0.19369 159840
0.194168 161280
0.194647 162720
0.195125 164160
0.195483 165600
0.195842 167040
0.196559 168480
0.197276 169920
0.197874 171360
0.198352 172800
0.198949 174240
0.207316 175680
0.208033 177120
0.208391 178560
0.20863 180000
0.208989 181440
0.209467 182880
0.209706 184320
0.209945 185760
0.210423 187200
0.21114 188640
0.211738 190080
0.212096 191520
0.212575 192960
0.213053 194400
0.22357 195840
0.224048 197280
0.224288 198720
0.224885 200160
0.228949 201600
0.229546 203040
0.230024 204480
0.230264 205920
0.230742 207360
0.231578 208800
0.233252 210240
0.233969 211680
0.234327 213120
0.239825 214560
0.240064 216000
0.240542 217440
0.24102 218880
0.241379 220320
0.241857 221760
0.246877 223200
0.247474 224640
0.247952 226080
0.248431 227520
0.248909 228960
0.249387 230400
0.249745 231840
0.250462 233280
0.25118 234720
0.251658 236160
0.252255 237600
0.252853 239040
0.2611 240480
0.261817 241920
0.262295 243360
0.262534 244800
0.262892 246240
0.263371 247680
0.263729 249120
0.263968 250560
0.264327 252000
0.265163 253440
0.265761 254880
0.26612 256320
0.266598 257760
0.267076 259200
0.277713 260640
0.278191 262080
0.27855 263520
0.279028 264960
0.282733 266400
0.28333 267840
0.283808 269280
0.284048 270720
0.284526 272160
0.285362 273600
0.287155 275040
0.287872 276480
0.288111 277920
0.293609 279360
0.293848 280800
0.294326 282240
0.294804 283680
0.295163 285120
0.295641 286560
0.300661 288000
0.301258 289440
0.301736 290880
0.302215 292320
0.302693 293760
0.303171 295200
0.303529 296640
0.304366 298080
0.305083 299520
0.305442 300960
0.306039 302400
0.306637 303840
0.314884 305280
0.315601 306720
0.316079 308160
0.316318 309600
0.316676 311040
0.317155 312480
0.317513 313920
0.317752 315360
0.318111 316800
0.318947 318240
0.319545 319680
0.319904 321120
0.320382 322560
0.32086 324000
0.331497 325440
0.331975 326880
0.332334 328320
0.332812 329760
0.336517 331200
0.337114 332640
0.337592 334080
0.337832 335520
0.33831 336960
0.339146 338400
0.340939 339840
0.341656 341280
0.341895 342720
0.347393 344160
0.347632 345600
0.34811 347040
0.348588 348480
0.348947 349920
0.349425 351360
0.354445 352800
0.355042 354240
0.35552 355680
0.355999 357120
0.356477 358560
0.356955 360000
0.357313 361440
0.35815 362880
0.358867 364320
0.359226 365760
0.359823 367200
0.360421 368640
0.368668 370080
0.369385 371520
0.369863 372960
0.370102 374400
0.37046 375840
0.370939 377280
0.371297 378720
0.371536 380160
0.371895 381600
0.372731 383040
0.373329 384480
0.373688 385920
0.374166 387360
0.374644 388800
0.385281 390240
0.385759 391680
0.386118 393120
0.386596 394560
0.390301 396000
0.390898 397440
0.391376 398880
0.391616 400320
0.392094 401760
0.39293 403200
0.394723 404640
0.39544 406080
0.395679 407520
0.401177 408960
0.401416 410400
0.401894 411840
0.402372 413280
0.402731 414720
0.403209 416160
0.408229 417600
0.408826 419040
0.409304 420480
0.409783 421920
0.410261 423360
0.410739 424800
0.411097 426240
0.411934 427680
0.412651 429120
0.41301 430560
0.413607 432000
0.414205 433440
0.422452 434880
0.423169 436320
0.423647 437760
0.423886 439200
0.424244 440640
0.424723 442080
0.425081 443520
0.42532 444960
0.425679 446400
0.426515 447840
0.427113 449280
0.427472 450720
0.42795 452160
0.428428 453600
0.439065 455040
0.439543 456480
0.439902 457920
0.44038 459360
0.444085 460800
0.444682 462240
0.44516 463680
0.4454 465120
0.445878 466560
0.446714 468000
0.448507 469440
0.449224 470880
0.449463 472320
0.454961 473760
0.4552 475200
0.455678 476640
0.456156 478080
0.456515 479520
0.456993 480960
0.462013 482400
0.46261 483840
0.463088 485280
0.463567 486720
0.464045 488160
0.464523 489600
0.464881 491040
0.465718 492480
0.466435 493920
0.466794 495360
0.467391 496800
0.467989 498240
0.476236 499680
0.476953 501120
0.477431 502560
0.47767 504000
0.478028 505440
0.478507 506880
0.478865 508320
0.479104 509760
0.479463 511200
0.480299 512640
0.480897 514080
0.481256 515520
0.481734 516960
0.482212 518400
0.492849 519840
0.493327 521280
0.493686 522720
0.494164 524160
0.497869 525600
0.498466 527040
0.498944 528480
0.499184 529920
0.499662 531360
0.500498 532800
0.502291 534240
0.503008 535680
0.503247 537120
0.508745 538560
0.508984 540000
0.509462 541440
0.50994 542880
0.510299 544320
0.510777 545760
0.515797 547200
0.516394 548640
0.516872 550080
0.517351 551520
0.517829 552960
0.518307 554400
0.518665 555840
0.519502 557280
0.520219 558720
0.520578 560160
0.521175 561600
0.521773 563040
0.53002 564480
0.530737 565920
0.531215 567360
0.531454 568800
0.531812 570240
0.532291 571680
0.532649 573120
0.532888 574560
0.533247 576000
0.534083 577440
0.534681 578880
0.53504 580320
0.535518 581760
0.535996 583200
0.546633 584640
0.547111 586080
0.54747 587520
0.547948 588960
0.551653 590400
0.55225 591840
0.552728 593280
0.552968 594720
0.553446 596160
0.554282 597600
0.556075 599040
0.556792 600480
0.557031 601920
0.562529 603360
0.562768 604800
0.563246 606240
0.563724 607680
0.564083 609120
0.564561 610560
0.569581 612000
0.570178 613440
0.570656 614880
0.571135 616320
0.571613 617760
0.572091 619200
0.572449 620640
0.573286 622080
0.574003 623520
0.574362 624960
0.574959 626400
0.575557 627840
0.583804 629280
0.584521 630720
0.584999 632160
0.585238 633600
0.585596 635040
0.586075 636480
0.586433 637920
0.586672 639360
0.587031 640800
0.587867 642240
0.588465 643680
0.588824 645120
0.589302 646560
0.58978 648000
0.600417 649440
0.600895 650880
0.601254 652320
0.601732 653760
0.605437 655200
0.606034 656640
0.606512 658080
0.606752 659520
0.60723 660960
0.608066 662400
0.609859 663840
0.610576 665280
0.610815 666720
0.616313 668160
0.616552 669600
0.61703 671040
0.617508 672480
0.617867 673920
0.618345 675360
0.623365 676800
0.623962 678240
0.62444 679680
0.624919 681120
0.625397 682560
0.625875 684000
0.626233 685440
0.62707 686880
0.627787 688320
0.628146 689760
0.628743 691200
0.629341 692640
0.637588 694080
0.638305 695520
0.638783 696960
0.639022 698400
0.63938 699840
0.639859 701280
0.640217 702720
0.640456 704160
0.640815 705600
0.641651 707040
0.642249 708480
0.642608 709920
0.643086 711360
0.643564 712800
0.654201 714240
0.654679 715680
0.655038 717120
0.655516 718560
0.659221 720000
0.659818 721440
0.660296 722880
0.660536 724320
0.661014 725760
0.66185 727200
0.663643 728640
0.66436 730080
0.664599 731520
0.670097 732960
0.670336 734400
0.670814 735840
0.671292 737280
0.671651 738720
0.672129 740160
0.677149 741600
0.677746 743040
0.678224 744480
0.678703 745920
0.679181 747360
0.679659 748800
0.680017 750240
0.680854 751680
0.681571 753120
0.68193 754560
0.682527 756000
0.683125 757440
0.691372 758880
0.692089 760320
0.692567 761760
0.692806 763200
0.693164 764640
0.693643 766080
0.694001 767520
0.69424 768960
0.694599 770400
0.695435 771840
0.696033 773280
0.696392 774720
0.69687 776160
0.697348 777600
0.707985 779040
0.708463 780480
0.708822 781920
0.7093 783360
0.713005 784800
0.713602 786240
0.71408 787680
0.71432 789120
0.714798 790560
0.715634 792000
0.717427 793440
0.718144 794880
0.718383 796320
0.723881 797760
0.72412 799200
0.724598 800640
0.725076 802080
0.725435 803520
0.725913 804960
0.730933 806400
0.73153 807840
0.732008 809280
0.732487 810720
0.732965 812160
0.733443 813600
0.733801 815040
0.734638 816480
0.735355 817920
0.735714 819360
0.736311 820800
0.736909 822240
0.745156 823680
0.745873 825120
0.746351 826560
0.74659 828000
0.746948 829440
0.747427 830880
0.747785 832320
0.748024 833760
0.748383 835200
0.749219 836640
0.749817 838080
0.750176 839520
0.750654 840960
0.751132 842400
0.761769 843840
0.762247 845280
0.762606 846720
0.763084 848160
0.766789 849600
0.767386 851040
0.767864 852480
0.768104 853920
0.768582 855360
0.769418 856800
0.771211 858240
0.771928 859680
0.772167 861120
0.777665 862560
0.777904 864000
0.778382 865440
0.77886 866880
0.779219 868320
0.779697 869760
0.784717 871200
0.785314 872640
0.785792 874080
0.786271 875520
0.786749 876960
0.787227 878400
0.787585 879840
0.788422 881280
0.789139 882720
0.789498 884160
0.790095 885600
0.790693 887040
0.79894 888480
0.799657 889920
0.800135 891360
0.800374 892800
0.800732 894240
0.801211 895680
0.801569 897120
0.801808 898560
0.802167 900000
0.803003 901440
0.803601 902880
0.80396 904320
0.804438 905760
0.804916 907200
0.815553 908640
0.816031 910080
0.81639 911520
0.816868 912960
0.820573 914400
0.82117 915840
0.821648 917280
0.821888 918720
0.822366 920160
0.823202 921600
0.824995 923040
0.825712 924480
0.825951 925920
0.831449 927360
0.831688 928800
0.832166 930240
0.832644 931680
0.833003 933120
0.833481 934560
0.838501 936000
0.839098 937440
0.839576 938880
0.840055 940320
0.840533 941760
0.841011 943200
0.841369 944640
0.842206 946080
0.842923 947520
0.843282 948960
0.843879 950400
0.844477 951840
0.852724 953280
0.853441 954720
0.853919 956160
0.854158 957600
0.854516 959040
0.854995 960480
0.855353 961920
0.855592 963360
0.855951 964800
0.856787 966240
0.857385 967680
0.857744 969120
0.858222 970560
0.8587 972000
0.869337 973440
0.869815 974880
0.870174 976320
0.870652 977760
0.874357 979200
0.874954 980640
0.875432 982080
0.875672 983520
0.87615 984960
0.876986 986400
0.878779 987840
0.879496 989280
0.879735 990720
0.885233 992160
0.885472 993600
0.88595 995040
0.886428 996480
0.886787 997920
0.887265 999360
0.892285 1000800
0.892882 1002240
0.89336 1003680
0.893839 1005120
0.894317 1006560
0.894795 1008000
0.895153 1009440
0.89599 1010880
0.896707 1012320
0.897066 1013760
0.897663 1015200
0.898261 1016640
0.906508 1018080
0.907225 1019520
0.907703 1020960
0.907942 1022400
0.9083 1023840
0.908779 1025280
0.909137 1026720
0.909376 1028160
0.909735 1029600
0.910571 1031040
0.911169 1032480
0.911528 1033920
0.912006 1035360
0.912484 1036800
0.923121 1038240
0.923599 1039680
0.923958 1041120
0.924436 1042560
0.928141 1044000
0.928738 1045440
0.929216 1046880
0.929456 1048320
0.929934 1049760
0.93077 1051200
0.932563 1052640
0.93328 1054080
0.933519 1055520
0.939017 1056960
0.939256 1058400
0.939734 1059840
0.940212 1061280
0.940571 1062720
0.941049 1064160
0.946069 1065600
0.946666 1067040
0.947144 1068480
0.947623 1069920
0.948101 1071360
0.948579 1072800
0.948937 1074240
0.949774 1075680
0.950491 1077120
0.95085 1078560
0.951447 1080000
0.952045 1081440
0.960292 1082880
0.961009 1084320
0.961487 1085760
0.961726 1087200
0.962084 1088640
0.962563 1090080
0.962921 1091520
0.96316 1092960
0.963519 1094400
0.964355 1095840
0.964953 1097280
0.965312 1098720
0.96579 1100160
0.966268 1101600
0.976905 1103040
0.977383 1104480
0.977742 1105920
0.97822 1107360
0.981925 1108800
0.982522 1110240
0.983 1111680
0.98324 1113120
0.983718 1114560
0.984554 1116000
0.986347 1117440
0.987064 1118880
0.987303 1120320
0.992801 1121760
0.99304 1123200
0.993518 1124640
0.993996 1126080
0.994355 1127520
0.994833 1128960
0.999853 1130400
1.00045 1131840
1.00093 1133280
1.00141 1134720
1.00188 1136160
1.00236 1137600
1.00272 1139040
1.00356 1140480
1.00428 1141920
1.00463 1143360
1.00523 1144800
1.00583 1146240
1.01408 1147680
1.01479 1149120
1.01527 1150560
1.01551 1152000
1.01587 1153440
1.01635 1154880
1.01671 1156320
1.01694 1157760
1.0173 1159200
1.01814 1160640
1.01874 1162080
1.0191 1163520
1.01957 1164960
1.02005 1166400
1.03069 1167840
1.03117 1169280
1.03153 1170720
1.032 1172160
1.03571 1173600
1.03631 1175040
1.03678 1176480
1.03702 1177920
1.0375 1179360
1.03834 1180800
1.04013 1182240
1.04085 1183680
1.04109 1185120
1.04659 1186560
1.04682 1188000
1.0473 1189440
1.04778 1190880
1.04814 1192320
1.04862 1193760
1.05364 1195200
1.05423 1196640
1.05471 1198080
1.05519 1199520
1.05567 1200960
1.05615 1202400
1.05651 1203840
1.05734 1205280
1.05806 1206720
1.05842 1208160
1.05902 1209600
1.05961 1211040
1.06786 1212480
1.06858 1213920
1.06905 1215360
1.06929 1216800
1.06965 1218240
1.07013 1219680
1.07049 1221120
1.07073 1222560
1.07109 1224000
1.07192 1225440
1.07252 1226880
1.07288 1228320
1.07336 1229760
1.07384 1231200
1.08447 1232640
1.08495 1234080
1.08531 1235520
1.08579 1236960
1.08949 1238400
1.09009 1239840
1.09057 1241280
1.09081 1242720
1.09129 1244160
1.09212 1245600
1.09392 1247040
1.09463 1248480
1.09487 1249920
1.10037 1251360
1.10061 1252800
1.10109 1254240
1.10156 1255680
1.10192 1257120
1.1024 1258560
1.10742 1260000
1.10802 1261440
1.1085 1262880
1.10897 1264320
1.10945 1265760
1.10993 1267200
1.11029 1268640
1.11113 1270080
1.11184 1271520
1.1122 1272960
1.1128 1274400
1.1134 1275840
1.12164 1277280
1.12236 1278720
1.12284 1280160
1.12308 1281600
1.12344 1283040
1.12391 1284480
1.12427 1285920
1.12451 1287360
1.12487 1288800
1.12571 1290240
1.1263 1291680
1.12666 1293120
1.12714 1294560
1.12762 1296000
1.13826 1297440
1.13874 1298880
1.13909 1300320
1.13957 1301760
1.14328 1303200
1.14387 1304640
1.14435 1306080
1.14459 1307520
1.14507 1308960
1.14591 1310400
1.1477 1311840
1.14842 1313280
1.14866 1314720
1.15415 1316160
1.15439 1317600
1.15487 1319040
1.15535 1320480
1.15571 1321920
1.15618 1323360
1.1612 1324800
1.1618 1326240
1.16228 1327680
1.16276 1329120
1.16324 1330560
1.16371 1332000
1.16407 1333440
1.16491 1334880
1.16563 1336320
1.16599 1337760
1.16658 1339200
1.16718 1340640
1.17543 1342080
1.17614 1343520
1.17662 1344960
1.17686 1346400
1.17722 1347840
1.1777 1349280
1.17806 1350720
1.1783 1352160
1.17865 1353600
1.17949 1355040
1.18009 1356480
1.18045 1357920
1.18093 1359360
1.1814 1360800
1.19204 1362240
1.19252 1363680
1.19288 1365120
1.19336 1366560
1.19706 1368000
1.19766 1369440
1.19814 1370880
1.19838 1372320
1.19885 1373760
1.19969 1375200
1.20148 1376640
1.2022 1378080
1.20244 1379520
1.20794 1380960
1.20818 1382400
1.20865 1383840
1.20913 1385280
1.20949 1386720
1.20997 1388160
1.21499 1389600
1.21559 1391040
1.21606 1392480
1.21654 1393920
1.21702 1395360
1.2175 1396800
1.21786 1398240
1.21869 1399680
1.21941 1401120
1.21977 1402560
1.22037 1404000
1.22096 1405440
1.22921 1406880
1.22993 1408320
1.23041 1409760
1.23065 1411200
1.231 1412640
1.23148 1414080
1.23184 1415520
1.23208 1416960
1.23244 1418400
1.23328 1419840
1.23387 1421280
1.23423 1422720
1.23471 1424160
1.23519 1425600
1.24582 1427040
1.2463 1428480
1.24666 1429920
1.24714 1431360
1.25084 1432800
1.25144 1434240
1.25192 1435680
1.25216 1437120
1.25264 1438560
1.25347 1440000
1.25527 1441440
1.25598 1442880
1.25622 1444320
1.26172 1445760
1.26196 1447200
1.26244 1448640
1.26292 1450080
1.26327 1451520
1.26375 1452960
1.26877 1454400
1.26937 1455840
1.26985 1457280
1.27033 1458720
1.2708 1460160
1.27128 1461600
1.27164 1463040
1.27248 1464480
1.2732 1465920
1.27355 1467360
1.27415 1468800
1.27475 1470240
1.283 1471680
1.28371 1473120
1.28419 1474560
1.28443 1476000
1.28479 1477440
1.28527 1478880
1.28563 1480320
1.28586 1481760
1.28622 1483200
1.28706 1484640
1.28766 1486080
1.28802 1487520
1.28849 1488960
1.28897 1490400
1.29961 1491840
1.30009 1493280
1.30045 1494720
1.30092 1496160
1.30463 1497600
1.30523 1499040
1.3057 1500480
1.30594 1501920
1.30642 1503360
1.30726 1504800
1.30905 1506240
1.30977 1507680
1.31001 1509120
1.31551 1510560
1.31574 1512000
1.31622 1513440
1.3167 1514880
1.31706 1516320
1.31754 1517760
1.32256 1519200
1.32315 1520640
1.32363 1522080
1.32411 1523520
1.32459 1524960
1.32507 1526400
1.32543 1527840
1.32626 1529280
1.32698 1530720
1.32734 1532160
1.32794 1533600
1.32853 1535040
1.33678 1536480
1.3375 1537920
1.33797 1539360
1.33821 1540800
1.33857 1542240
1.33905 1543680
1.33941 1545120
1.33965 1546560
1.34001 1548000
1.34084 1549440
1.34144 1550880
1.3418 1552320
1.34228 1553760
1.34276 1555200
1.35339 1556640
1.35387 1558080
1.35423 1559520
1.35471 1560960
1.35841 1562400
1.35901 1563840
1.35949 1565280
1.35973 1566720
1.36021 1568160
1.36104 1569600
1.36284 1571040
1.36355 1572480
1.36379 1573920
1.36929 1575360
1.36953 1576800
1.37001 1578240
1.37048 1579680
1.37084 1581120
1.37132 1582560
1.37634 1584000
1.37694 1585440
1.37742 1586880
1.37789 1588320
1.37837 1589760
1.37885 1591200
1.37921 1592640
1.38005 1594080
1.38076 1595520
1.38112 1596960
1.38172 1598400
1.38232 1599840
1.39056 1601280
1.39128 1602720
1.39176 1604160
1.392 1605600
1.39236 1607040
1.39283 1608480
1.39319 1609920
1.39343 1611360
1.39379 1612800
1.39463 1614240
1.39522 1615680
1.39558 1617120
1.39606 1618560
1.39654 1620000
1.40718 1621440
1.40766 1622880
1.40801 1624320
1.40849 1625760
1.4122 1627200
1.41279 1628640
1.41327 1630080
1.41351 1631520
1.41399 1632960
1.41483 1634400
1.41662 1635840
1.41734 1637280
1.41758 1638720
1.42307 1640160
1.42331 1641600
1.42379 1643040
1.42427 1644480
1.42463 1645920
1.4251 1647360
1.43012 1648800
1.43072 1650240
1.4312 1651680
1.43168 1653120
1.43216 1654560
1.43263 1656000
1.43299 1657440
1.43383 1658880
1.43455 1660320
1.43491 1661760
1.4355 1663200
1.4361 1664640
1.44435 1666080
1.44506 1667520
1.44554 1668960
1.44578 1670400
1.44614 1671840
1.44662 1673280
1.44698 1674720
1.44722 1676160
1.44757 1677600
1.44841 1679040
1.44901 1680480
1.44937 1681920
1.44985 1683360
1.45032 1684800
1.46096 1686240
1.46144 1687680
1.4618 1689120
1.46228 1690560
1.46598 1692000
1.46658 1693440
1.46706 1694880
1.4673 1696320
1.46777 1697760
1.46861 1699200
1.4704 1700640
1.47112 1702080
1.47136 1703520
1.47686 1704960
1.4771 1706400
1.47757 1707840
1.47805 1709280
1.47841 1710720
1.47889 1712160
1.48391 1713600
1.48451 1715040
1.48498 1716480
1.48546 1717920
1.48594 1719360
1.48642 1720800
1.48678 1722240
1.48761 1723680
1.48833 1725120
1.48869 1726560
1.48929 1728000
1.48988 1729440
1.49813 1730880
1.49885 1732320
1.49933 1733760
1.49957 1735200
1.49992 1736640
1.5004 1738080
1.50076 1739520
1.501 1740960
1.50136 1742400
1.5022 1743840
1.50279 1745280
1.50315 1746720
1.50363 1748160
1.50411 1749600
1.51474 1751040
1.51522 1752480
1.51558 1753920
1.51606 1755360
1.51976 1756800
1.52036 1758240
1.52084 1759680
1.52108 1761120
1.52156 1762560
1.52239 1764000
1.52419 1765440
1.5249 1766880
1.52514 1768320
1.53064 1769760
1.53088 1771200
1.53136 1772640
1.53184 1774080
1.53219 1775520
1.53267 1776960
1.53769 1778400
1.53829 1779840
1.53877 1781280
1.53925 1782720
1.53972 1784160
1.5402 1785600
1.54056 1787040
1.5414 1788480
1.54212 1789920
1.54247 1791360
1.54307 1792800
1.54367 1794240
1.55192 1795680
1.55263 1797120
1.55311 1798560
1.55335 1800000
1.55371 1801440
1.55419 1802880
1.55455 1804320
1.55478 1805760
1.55514 1807200
1.55598 1808640
1.55658 1810080
1.55694 1811520
1.55741 1812960
1.55789 1814400
1.56853 1815840
1.56901 1817280
1.56937 1818720
1.56984 1820160
1.57355 1821600
1.57415 1823040
1.57462 1824480
1.57486 1825920
1.57534 1827360
1.57618 1828800
1.57797 1830240
1.57869 1831680
1.57893 1833120
1.58443 1834560
1.58466 1836000
1.58514 1837440
1.58562 1838880
1.58598 1840320
1.58646 1841760
1.59148 1843200
1.59207 1844640
1.59255 1846080
1.59303 1847520
1.59351 1848960
1.59399 1850400
1.59435 1851840
1.59518 1853280
1.5959 1854720
1.59626 1856160
1.59686 1857600
1.59745 1859040
1.6057 1860480
1.60642 1861920
1.60689 1863360
1.60713 1864800
1.60749 1866240
1.60797 1867680
1.60833 1869120
1.60857 1870560
1.60893 1872000
1.60976 1873440
1.61036 1874880
1.61072 1876320
1.6112 1877760
1.61168 1879200
1.62231 1880640
1.62279 1882080
1.62315 1883520
1.62363 1884960
1.62733 1886400
1.62793 1887840
1.62841 1889280
1.62865 1890720
1.62913 1892160
1.62996 1893600
1.63176 1895040
1.63247 1896480
1.63271 1897920
1.63821 1899360
1.63845 1900800
1.63893 1902240
1.6394 1903680
1.63976 1905120
1.64024 1906560
1.64526 1908000
1.64586 1909440
1.64634 1910880
1.64681 1912320
1.64729 1913760
1.64777 1915200
1.64813 1916640
1.64897 1918080
1.64968 1919520
1.65004 1920960
1.65064 1922400
1.65124 1923840
1.65948 1925280
1.6602 1926720
1.66068 1928160
1.66092 1929600
1.66128 1931040
1.66175 1932480
1.66211 1933920
1.66235 1935360
1.66271 1936800
1.66355 1938240
1.66414 1939680
1.6645 1941120
1.66498 1942560
1.66546 1944000
1.6761 1945440
1.67658 1946880
1.67693 1948320
1.67741 1949760
1.68112 1951200
1.68171 1952640
1.68219 1954080
1.68243 1955520
1.68291 1956960
1.68375 1958400
1.68554 1959840
1.68626 1961280
1.6865 1962720
1.69199 1964160
1.69223 1965600
1.69271 1967040
1.69319 1968480
1.69355 1969920
1.69402 1971360
1.69904 1972800
1.69964 1974240
1.70012 1975680
1.7006 1977120
1.70108 1978560
1.70155 1980000
1.70191 1981440
1.70275 1982880
1.70347 1984320
1.70383 1985760
1.70442 1987200
1.70502 1988640
1.71327 1990080
1.71398 1991520
1.71446 1992960
1.7147 1994400
1.71506 1995840
1.71554 1997280
1.7159 1998720
1.71614 2000160
1.71649 2001600
1.71733 2003040
1.71793 2004480
1.71829 2005920
1.71877 2007360
1.71924 2008800
1.72988 2010240
1.73036 2011680
1.73072 2013120
1.7312 2014560
1.7349 2016000
1.7355 2017440
1.73598 2018880
1.73622 2020320
1.73669 2021760
1.73753 2023200
1.73932 2024640
1.74004 2026080
1.74028 2027520
1.74578 2028960
1.74602 2030400
1.74649 2031840
1.74697 2033280
1.74733 2034720
1.74781 2036160
1.75283 2037600
1.75343 2039040
1.7539 2040480
1.75438 2041920
1.75486 2043360
1.75534 2044800
1.7557 2046240
1.75653 2047680
1.75725 2049120
1.75761 2050560
1.75821 2052000
1.7588 2053440
1.76705 2054880
1.76777 2056320
1.76825 2057760
1.76849 2059200
1.76884 2060640
1.76932 2062080
1.76968 2063520
1.76992 2064960
1.77028 2066400
1.77112 2067840
1.77171 2069280
1.77207 2070720
1.77255 2072160
1.77303 2073600
1.78366 2075040
1.78414 2076480
1.7845 2077920
1.78498 2079360
1.78868 2080800
1.78928 2082240
1.78976 2083680
1.79 2085120
1.79048 2086560
1.79131 2088000
1.79311 2089440
1.79382 2090880
1.79406 2092320
1.79956 2093760
1.7998 2095200
1.80028 2096640
1.80076 2098080
1.80111 2099520
1.80159 2100960
1.80661 2102400
1.80721 2103840
1.80769 2105280
1.80817 2106720
1.80864 2108160
1.80912 2109600
1.80948 2111040
1.81032 2112480
1.81104 2113920
1.81139 2115360
1.81199 2116800
1.81259 2118240
1.82084 2119680
1.82155 2121120
1.82203 2122560
1.82227 2124000
1.82263 2125440
1.82311 2126880
1.82347 2128320
1.8237 2129760
1.82406 2131200
1.8249 2132640
1.8255 2134080
1.82586 2135520
1.82633 2136960
1.82681 2138400
1.83745 2139840
1.83793 2141280
1.83829 2142720
1.83876 2144160
1.84247 2145600
1.84307 2147040
1.84354 2148480
1.84378 2149920
1.84426 2151360
1.8451 2152800
1.84689 2154240
1.84761 2155680
1.84785 2157120
1.85335 2158560
1.85358 2160000
1.85406 2161440
1.85454 2162880
1.8549 2164320
1.85538 2165760
1.8604 2167200
1.86099 2168640
1.86147 2170080
1.86195 2171520
1.86243 2172960
1.86291 2174400
1.86327 2175840
1.8641 2177280
1.86482 2178720
1.86518 2180160
1.86578 2181600
1.86637 2183040
1.87462 2184480
1.87534 2185920
1.87581 2187360
1.87605 2188800
1.87641 2190240
1.87689 2191680
1.87725 2193120
1.87749 2194560
1.87785 2196000
1.87868 2197440
1.87928 2198880
1.87964 2200320
1.88012 2201760
1.8806 2203200
1.89123 2204640
1.89171 2206080
1.89207 2207520
1.89255 2208960
1.89625 2210400
1.89685 2211840
1.89733 2213280
1.89757 2214720
1.89805 2216160
1.89888 2217600
1.90068 2219040
1.90139 2220480
1.90163 2221920
1.90713 2223360
1.90737 2224800
1.90785 2226240
1.90832 2227680
1.90868 2229120
1.90916 2230560
1.91418 2232000
1.91478 2233440
1.91526 2234880
1.91573 2236320
1.91621 2237760
1.91669 2239200
1.91705 2240640
1.91789 2242080
1.9186 2243520
1.91896 2244960
1.91956 2246400
1.92016 2247840
1.9284 2249280
1.92912 2250720
1.9296 2252160
1.92984 2253600
1.9302 2255040
1.93067 2256480
1.93103 2257920
1.93127 2259360
1.93163 2260800
1.93247 2262240
1.93306 2263680
1.93342 2265120
1.9339 2266560
1.93438 2268000
1.94502 2269440
1.9455 2270880
1.94585 2272320
1.94633 2273760
1.95004 2275200
1.95063 2276640
1.95111 2278080
1.95135 2279520
1.95183 2280960
1.95267 2282400
1.95446 2283840
1.95518 2285280
1.95542 2286720
1.96091 2288160
1.96115 2289600
1.96163 2291040
1.96211 2292480
1.96247 2293920
1.96294 2295360
1.96796 2296800
1.96856 2298240
1.96904 2299680
1.96952 2301120
1.97 2302560
1.97047 2304000
1.97083 2305440
1.97167 2306880
1.97239 2308320
1.97275 2309760
1.97334 2311200
1.97394 2312640
1.98219 2314080
1.9829 2315520
1.98338 2316960
1.98362 2318400
1.98398 2319840
1.98446 2321280
1.98482 2322720
1.98506 2324160
1.98541 2325600
1.98625 2327040
1.98685 2328480
1.98721 2329920
1.98769 2331360
1.98816 2332800
1.9988 2334240
1.99928 2335680
1.99964 2337120
2.00012 2338560
2.00382 2340000
2.00442 2341440
2.0049 2342880
2.00514 2344320
2.00561 2345760
2.00645 2347200
2.00824 2348640
2.00896 2350080
2.0092 2351520
2.0147 2352960
2.01494 2354400
2.01541 2355840
2.01589 2357280
2.01625 2358720
2.01673 2360160
2.02175 2361600
2.02235 2363040
2.02282 2364480
2.0233 2365920
2.02378 2367360
2.02426 2368800
2.02462 2370240
2.02545 2371680
2.02617 2373120
2.02653 2374560
2.02713 2376000
2.02772 2377440
2.03597 2378880
2.03669 2380320
2.03717 2381760
2.03741 2383200
2.03776 2384640
2.03824 2386080
2.0386 2387520
2.03884 2388960
2.0392 2390400
2.04004 2391840
2.04063 2393280
2.04099 2394720
2.04147 2396160
2.04195 2397600
2.05258 2399040
2.05306 2400480
2.05342 2401920
2.0539 2403360
2.0576 2404800
2.0582 2406240
2.05868 2407680
2.05892 2409120
2.0594 2410560
2.06023 2412000
2.06203 2413440
2.06274 2414880
2.06298 2416320
2.06848 2417760
2.06872 2419200
2.0692 2420640
2.06968 2422080
2.07003 2423520
2.07051 2424960
2.07553 2426400
2.07613 2427840
2.07661 2429280
2.07709 2430720
2.07756 2432160
2.07804 2433600
2.0784 2435040
2.07924 2436480
2.07996 2437920
2.08031 2439360
2.08091 2440800
2.08151 2442240
2.08976 2443680
2.09047 2445120
2.09095 2446560
2.09119 2448000
2.09155 2449440
2.09203 2450880
2.09239 2452320
2.09262 2453760
2.09298 2455200
2.09382 2456640
2.09442 2458080
2.09478 2459520
2.09525 2460960
2.09573 2462400
2.10637 2463840
2.10685 2465280
2.10721 2466720
2.10768 2468160
2.11139 2469600
2.11199 2471040
2.11246 2472480
2.1127 2473920
2.11318 2475360
2.11402 2476800
2.11581 2478240
2.11653 2479680
2.11677 2481120
2.12227 2482560
2.1225 2484000
2.12298 2485440
2.12346 2486880
2.12382 2488320
2.1243 2489760
2.12932 2491200
2.12991 2492640
2.13039 2494080
2.13087 2495520
2.13135 2496960
2.13183 2498400
2.13219 2499840
2.13302 2501280
2.13374 2502720
2.1341 2504160
2.1347 2505600
2.13529 2507040
2.14354 2508480
2.14426 2509920
2.14473 2511360
2.14497 2512800
2.14533 2514240
2.14581 2515680
2.14617 2517120
2.14641 2518560
2.14677 2520000
2.1476 2521440
2.1482 2522880
2.14856 2524320
2.14904 2525760
2.14952 2527200
2.16015 2528640
2.16063 2530080
2.16099 2531520
2.16147 2532960
2.16517 2534400
2.16577 2535840
2.16625 2537280
2.16649 2538720
2.16697 2540160
2.1678 2541600
2.1696 2543040
2.17031 2544480
2.17055 2545920
2.17605 2547360
2.17629 2548800
2.17677 2550240
2.17724 2551680
2.1776 2553120
2.17808 2554560
2.1831 2556000
2.1837 2557440
2.18418 2558880
2.18465 2560320
2.18513 2561760
2.18561 2563200
2.18597 2564640
2.18681 2566080
2.18752 2567520
2.18788 2568960
2.18848 2570400
2.18908 2571840
2.19732 2573280
2.19804 2574720
2.19852 2576160
2.19876 2577600
2.19912 2579040
2.19959 2580480
2.19995 2581920
2.20019 2583360
2.20055 2584800
2.20139 2586240
2.20198 2587680
2.20234 2589120
2.20282 2590560
2.2033 2592000
2.21394 2593440
2.21442 2594880
2.21477 2596320
2.21525 2597760
2.21896 2599200
2.21955 2600640
2.22003 2602080
2.22027 2603520
2.22075 2604960
2.22159 2606400
2.22338 2607840
2.2241 2609280
2.22434 2610720
2.22983 2612160
2.23007 2613600
2.23055 2615040
2.23103 2616480
2.23139 2617920
2.23186 2619360
2.23688 2620800
2.23748 2622240
2.23796 2623680
2.23844 2625120
2.23892 2626560
2.23939 2628000
2.23975 2629440
2.24059 2630880
2.24131 2632320
2.24167 2633760
2.24226 2635200
2.24286 2636640
2.25111 2638080
2.25182 2639520
2.2523 2640960
2.25254 2642400
2.2529 2643840
2.25338 2645280
2.25374 2646720
2.25398 2648160
2.25433 2649600
2.25517 2651040
2.25577 2652480
2.25613 2653920
2.25661 2655360
2.25708 2656800
2.26772 2658240
2.2682 2659680
2.26856 2661120
2.26904 2662560
2.27274 2664000
2.27334 2665440
2.27382 2666880
2.27406 2668320
2.27453 2669760
2.27537 2671200
2.27716 2672640
2.27788 2674080
2.27812 2675520
2.28362 2676960
2.28386 2678400
2.28433 2679840
2.28481 2681280
2.28517 2682720
2.28565 2684160
2.29067 2685600
2.29127 2687040
2.29174 2688480
2.29222 2689920
2.2927 2691360
2.29318 2692800
2.29354 2694240
2.29437 2695680
2.29509 2697120
2.29545 2698560
2.29605 2700000
2.29664 2701440
2.30489 2702880
2.30561 2704320
2.30609 2705760
2.30633 2707200
2.30668 2708640
2.30716 2710080
2.30752 2711520
2.30776 2712960
2.30812 2714400
2.30896 2715840
2.30955 2717280
2.30991 2718720
2.31039 2720160
2.31087 2721600
2.3215 2723040
2.32198 2724480
2.32234 2725920
2.32282 2727360
2.32652 2728800
2.32712 2730240
2.3276 2731680
2.32784 2733120
2.32832 2734560
2.32915 2736000
2.33095 2737440
2.33166 2738880
2.3319 2740320
2.3374 2741760
2.33764 2743200
2.33812 2744640
2.3386 2746080
2.33895 2747520
2.33943 2748960
2.34445 2750400
2.34505 2751840
2.34553 2753280
2.34601 2754720
2.34648 2756160
2.34696 2757600
2.34732 2759040
2.34816 2760480
2.34888 2761920
2.34923 2763360
2.34983 2764800
2.35043 2766240
2.35868 2767680
2.35939 2769120
2.35987 2770560
2.36011 2772000
2.36047 2773440
2.36095 2774880
2.36131 2776320
2.36154 2777760
2.3619 2779200
2.36274 2780640
2.36334 2782080
2.3637 2783520
2.36417 2784960
2.36465 2786400
2.37529 2787840
2.37577 2789280
2.37613 2790720
2.3766 2792160
2.38031 2793600
2.38091 2795040
2.38138 2796480
2.38162 2797920
2.3821 2799360
2.38294 2800800
2.38473 2802240
2.38545 2803680
2.38569 2805120
2.39119 2806560
2.39142 2808000
2.3919 2809440
2.39238 2810880
2.39274 2812320
2.39322 2813760
2.39824 2815200
2.39883 2816640
2.39931 2818080
2.39979 2819520
2.40027 2820960
2.40075 2822400
2.40111 2823840
2.40194 2825280
2.40266 2826720
2.40302 2828160
2.40362 2829600
2.40421 2831040
2.41246 2832480
2.41318 2833920
2.41365 2835360
2.41389 2836800
2.41425 2838240
2.41473 2839680
2.41509 2841120
2.41533 2842560
2.41569 2844000
2.41652 2845440
2.41712 2846880
2.41748 2848320
2.41796 2849760
2.41844 2851200
2.42907 2852640
2.42955 2854080
2.42991 2855520
2.43039 2856960
2.43409 2858400
2.43469 2859840
2.43517 2861280
2.43541 2862720
2.43589 2864160
2.43672 2865600
2.43852 2867040
2.43923 2868480
2.43947 2869920
2.44497 2871360
2.44521 2872800
2.44569 2874240
2.44616 2875680
2.44652 2877120
2.447 2878560
2.45202 2880000
2.45262 2881440
2.4531 2882880
2.45357 2884320
2.45405 2885760
2.45453 2887200
2.45489 2888640
2.45573 2890080
2.45644 2891520
2.4568 2892960
2.4574 2894400
2.458 2895840
2.46624 2897280
2.46696 2898720
2.46744 2900160
2.46768 2901600
2.46804 2903040
2.46851 2904480
2.46887 2905920
2.46911 2907360
2.46947 2908800
2.47031 2910240
2.4709 2911680
2.47126 2913120
2.47174 2914560
2.47222 2916000
2.48286 2917440
2.48334 2918880
2.48369 2920320
2.48417 2921760
2.48788 2923200
2.48847 2924640
2.48895 2926080
2.48919 2927520
2.48967 2928960
2.49051 2930400
2.4923 2931840
2.49302 2933280
2.49326 2934720
2.49875 2936160
2.49899 2937600
2.49947 2939040
2.49995 2940480
2.50031 2941920
2.50078 2943360
2.5058 2944800
2.5064 2946240
2.50688 2947680
2.50736 2949120
2.50784 2950560
2.50831 2952000
2.50867 2953440
2.50951 2954880
2.51023 2956320
2.51059 2957760
2.51118 2959200
2.51178 2960640
2.52003 2962080
2.52074 2963520
2.52122 2964960
2.52146 2966400
2.52182 2967840
2.5223 2969280
2.52266 2970720
2.5229 2972160
2.52325 2973600
2.52409 2975040
2.52469 2976480
2.52505 2977920
2.52553 2979360
2.526 2980800
2.53664 2982240
2.53712 2983680
2.53748 2985120
2.53796 2986560
2.54166 2988000
2.54226 2989440
2.54274 2990880
2.54298 2992320
2.54345 2993760
2.54429 2995200
2.54608 2996640
2.5468 2998080
2.54704 2999520
2.55254 3000960
2.55278 3002400
2.55325 3003840
2.55373 3005280
2.55409 3006720
2.55457 3008160
2.55959 3009600
2.56019 3011040
2.56066 3012480
2.56114 3013920
2.56162 3015360
2.5621 3016800
2.56246 3018240
2.56329 3019680
2.56401 3021120
2.56437 3022560
2.56497 3024000
2.56556 3025440
2.57381 3026880
2.57453 3028320
2.57501 3029760
2.57525 3031200
2.5756 3032640
2.57608 3034080
2.57644 3035520
2.57668 3036960
2.57704 3038400
2.57788 3039840
2.57847 3041280
2.57883 3042720
2.57931 3044160
2.57979 3045600
2.59042 3047040
2.5909 3048480
2.59126 3049920
2.59174 3051360
2.59544 3052800
2.59604 3054240
2.59652 3055680
2.59676 3057120
2.59724 3058560
2.59807 3060000
2.59987 3061440
2.60058 3062880
2.60082 3064320
2.60632 3065760
2.60656 3067200
2.60704 3068640
2.60752 3070080
2.60787 3071520
2.60835 3072960
2.61337 3074400
2.61397 3075840
2.61445 3077280
2.61493 3078720
2.6154 3080160
2.61588 3081600
2.61624 3083040
2.61708 3084480
2.6178 3085920
2.61815 3087360
2.61875 3088800
2.61935 3090240
2.6276 3091680
2.62831 3093120
2.62879 3094560
2.62903 3096000
2.62939 3097440
2.62987 3098880
2.63023 3100320
2.63046 3101760
2.63082 3103200
2.63166 3104640
2.63226 3106080
2.63262 3107520
2.63309 3108960
2.63357 3110400
2.64421 3111840
2.64469 3113280
2.64505 3114720
2.64552 3116160
2.64923 3117600
2.64983 3119040
2.6503 3120480
2.65054 3121920
2.65102 3123360
2.65186 3124800
2.65365 3126240
2.65437 3127680
2.65461 3129120
2.66011 3130560
2.66034 3132000
2.66082 3133440
2.6613 3134880
2.66166 3136320
2.66214 3137760
2.66716 3139200
2.66775 3140640
2.66823 3142080
2.66871 3143520
2.66919 3144960
2.66967 3146400
2.67003 3147840
2.67086 3149280
2.67158 3150720
2.67194 3152160
2.67254 3153600
2.67313 3155040
2.68138 3156480
2.6821 3157920
2.68257 3159360
2.68281 3160800
2.68317 3162240
2.68365 3163680
2.68401 3165120
2.68425 3166560
2.68461 3168000
2.68544 3169440
2.68604 3170880
2.6864 3172320
2.68688 3173760
2.68736 3175200
2.69799 3176640
2.69847 3178080
2.69883 3179520
2.69931 3180960
2.70301 3182400
2.70361 3183840
2.70409 3185280
2.70433 3186720
2.70481 3188160
2.70564 3189600
2.70744 3191040
2.70815 3192480
2.70839 3193920
2.71389 3195360
2.71413 3196800
2.71461 3198240
2.71508 3199680
2.71544 3201120
2.71592 3202560
2.72094 3204000
2.72154 3205440
2.72202 3206880
2.72249 3208320
2.72297 3209760
2.72345 3211200
2.72381 3212640
2.72465 3214080
2.72536 3215520
2.72572 3216960
2.72632 3218400
2.72692 3219840
2.73516 3221280
2.73588 3222720
2.73636 3224160
2.7366 3225600
2.73696 3227040
2.73743 3228480
2.73779 3229920
2.73803 3231360
2.73839 3232800
2.73923 3234240
2.73982 3235680
2.74018 3237120
2.74066 3238560
2.74114 3240000
2.75178 3241440
2.75226 3242880
2.75261 3244320
2.75309 3245760
2.7568 3247200
2.75739 3248640
2.75787 3250080
2.75811 3251520
2.75859 3252960
2.75943 3254400
2.76122 3255840
2.76194 3257280
2.76218 3258720
2.76767 3260160
2.76791 3261600
2.76839 3263040
2.76887 3264480
2.76923 3265920
2.7697 3267360
2.77472 3268800
2.77532 3270240
2.7758 3271680
2.77628 3273120
2.77676 3274560
2.77723 3276000
2.77759 3277440
2.77843 3278880
2.77915 3280320
2.77951 3281760
2.7801 3283200
2.7807 3284640
2.78895 3286080
2.78966 3287520
2.79014 3288960
2.79038 3290400
2.79074 3291840
2.79122 3293280
2.79158 3294720
2.79182 3296160
2.79217 3297600
2.79301 3299040
2.79361 3300480
2.79397 3301920
2.79445 3303360
2.79492 3304800
2.80556 3306240
2.80604 3307680
2.8064 3309120
2.80688 3310560
2.81058 3312000
2.81118 3313440
2.81166 3314880
2.8119 3316320
2.81237 3317760
2.81321 3319200
2.815 3320640
2.81572 3322080
2.81596 3323520
2.82146 3324960
2.8217 3326400
2.82217 3327840
2.82265 3329280
2.82301 3330720
2.82349 3332160
2.82851 3333600
2.82911 3335040
2.82958 3336480
2.83006 3337920
2.83054 3339360
2.83102 3340800
2.83138 3342240
2.83221 3343680
2.83293 3345120
2.83329 3346560
2.83389 3348000
2.83448 3349440
2.84273 3350880
2.84345 3352320
2.84393 3353760
2.84417 3355200
2.84452 3356640
2.845 3358080
2.84536 3359520
2.8456 3360960
2.84596 3362400
2.8468 3363840
2.84739 3365280
2.84775 3366720
2.84823 3368160
2.84871 3369600
2.85934 3371040
2.85982 3372480
2.86018 3373920
2.86066 3375360
2.86436 3376800
2.86496 3378240
2.86544 3379680
2.86568 3381120
2.86616 3382560
2.86699 3384000
2.86879 3385440
2.8695 3386880
2.86974 3388320
2.87524 3389760
2.87548 3391200
2.87596 3392640
2.87644 3394080
2.87679 3395520
2.87727 3396960
2.88229 3398400
2.88289 3399840
2.88337 3401280
2.88385 3402720
2.88432 3404160
2.8848 3405600
2.88516 3407040
2.886 3408480
2.88672 3409920
2.88707 3411360
2.88767 3412800
2.88827 3414240
2.89652 3415680
2.89723 3417120
2.89771 3418560
2.89795 3420000
2.89831 3421440
2.89879 3422880
2.89915 3424320
2.89938 3425760
2.89974 3427200
2.90058 3428640
2.90118 3430080
2.90154 3431520
2.90201 3432960
2.90249 3434400
2.91313 3435840
2.91361 3437280
2.91397 3438720
2.91444 3440160
2.91815 3441600
2.91875 3443040
2.91922 3444480
2.91946 3445920
2.91994 3447360
2.92078 3448800
2.92257 3450240
2.92329 3451680
2.92353 3453120
2.92903 3454560
2.92926 3456000
2.92974 3457440
2.93022 3458880
2.93058 3460320
2.93106 3461760
2.93608 3463200
2.93667 3464640
2.93715 3466080
2.93763 3467520
2.93811 3468960
2.93859 3470400
2.93895 3471840
2.93978 3473280
2.9405 3474720
2.94086 3476160
2.94146 3477600
2.94205 3479040
2.9503 3480480
2.95102 3481920
2.95149 3483360
2.95173 3484800
2.95209 3486240
2.95257 3487680
2.95293 3489120
2.95317 3490560
2.95353 3492000
2.95436 3493440
2.95496 3494880
2.95532 3496320
2.9558 3497760
2.95628 3499200
2.96691 3500640
2.96739 3502080
2.96775 3503520
2.96823 3504960
2.97193 3506400
2.97253 3507840
2.97301 3509280
2.97325 3510720
2.97373 3512160
2.97456 3513600
2.97636 3515040
2.97707 3516480
2.97731 3517920
2.98281 3519360
2.98305 3520800
2.98353 3522240
2.984 3523680
2.98436 3525120
2.98484 3526560
2.98986 3528000
2.99046 3529440
2.99094 3530880
2.99141 3532320
2.99189 3533760
2.99237 3535200
2.99273 3536640
2.99357 3538080
2.99428 3539520
2.99464 3540960
2.99524 3542400
2.99584 3543840
3.00408 3545280
3.0048 3546720
3.00528 3548160
3.00552 3549600
3.00588 3551040
3.00635 3552480
3.00671 3553920
3.00695 3555360
3.00731 3556800
3.00815 3558240
3.00874 3559680
3.0091 3561120
3.00958 3562560
3.01006 3564000
3.0207 3565440
3.02118 3566880
3.02153 3568320
3.02201 3569760
3.02572 3571200
3.02631 3572640
3.02679 3574080
3.02703 3575520
3.02751 3576960
3.02835 3578400
3.03014 3579840
3.03086 3581280
3.0311 3582720
3.03659 3584160
3.03683 3585600
3.03731 3587040
3.03779 3588480
3.03815 3589920
3.03862 3591360
3.04364 3592800
3.04424 3594240
3.04472 3595680
3.0452 3597120
3.04568 3598560
3.04615 3600000
3.04651 3601440
3.04735 3602880
3.04807 3604320
3.04843 3605760
3.04902 3607200
3.04962 3608640
3.05787 3610080
3.05858 3611520
3.05906 3612960
3.0593 3614400
3.05966 3615840
3.06014 3617280
3.0605 3618720
3.06074 3620160
3.06109 3621600
3.06193 3623040
3.06253 3624480
3.06289 3625920
3.06337 3627360
3.06384 3628800
3.07448 3630240
3.07496 3631680
3.07532 3633120
3.0758 3634560
3.0795 3636000
3.0801 3637440
3.08058 3638880
3.08082 3640320
3.08129 3641760
3.08213 3643200
3.08392 3644640
3.08464 3646080
3.08488 3647520
3.09038 3648960
3.09062 3650400
3.09109 3651840
3.09157 3653280
3.09193 3654720
3.09241 3656160
3.09743 3657600
3.09803 3659040
3.0985 3660480
3.09898 3661920
3.09946 3663360
3.09994 3664800
3.1003 3666240
3.10113 3667680
3.10185 3669120
3.10221 3670560
3.10281 3672000
3.1034 3673440
3.11165 3674880
3.11237 3676320
3.11285 3677760
3.11309 3679200
3.11344 3680640
3.11392 3682080
3.11428 3683520
3.11452 3684960
3.11488 3686400
3.11572 3687840
3.11631 3689280
3.11667 3690720
3.11715 3692160
3.11763 3693600
3.12826 3695040
3.12874 3696480
3.1291 3697920
3.12958 3699360
3.13328 3700800
3.13388 3702240
3.13436 3703680
3.1346 3705120
3.13508 3706560
3.13591 3708000
3.13771 3709440
3.13842 3710880
3.13866 3712320
3.14416 3713760
3.1444 3715200
3.14488 3716640
3.14536 3718080
3.14571 3719520
3.14619 3720960
3.15121 3722400
3.15181 3723840
3.15229 3725280
3.15277 3726720
3.15324 3728160
3.15372 3729600
3.15408 3731040
3.15492 3732480
3.15564 3733920
3.15599 3735360
3.15659 3736800
3.15719 3738240
3.16544 3739680
3.16615 3741120
3.16663 3742560
3.16687 3744000
3.16723 3745440
3.16771 3746880
3.16807 3748320
3.1683 3749760
3.16866 3751200
3.1695 3752640
3.1701 3754080
3.17046 3755520
3.17093 3756960
3.17141 3758400
3.18205 3759840
3.18253 3761280
3.18289 3762720
3.18336 3764160
3.18707 3765600
3.18767 3767040
3.18814 3768480
3.18838 3769920
3.18886 3771360
3.1897 3772800
3.19149 3774240
3.19221 3775680
3.19245 3777120
3.19795 3778560
3.19818 3780000
3.19866 3781440
3.19914 3782880
3.1995 3784320
3.19998 3785760
3.205 3787200
3.20559 3788640
3.20607 3790080
3.20655 3791520
3.20703 3792960
3.20751 3794400
3.20787 3795840
3.2087 3797280
3.20942 3798720
3.20978 3800160
3.21038 3801600
3.21097 3803040
3.21922 3804480
3.21994 3805920
3.22041 3807360
3.22065 3808800
3.22101 3810240
3.22149 3811680
3.22185 3813120
3.22209 3814560
3.22245 3816000
3.22328 3817440
3.22388 3818880
3.22424 3820320
3.22472 3821760
3.2252 3823200
3.23583 3824640
3.23631 3826080
3.23667 3827520
3.23715 3828960
3.24085 3830400
3.24145 3831840
3.24193 3833280
3.24217 3834720
3.24265 3836160
3.24348 3837600
3.24528 3839040
3.24599 3840480
3.24623 3841920
3.25173 3843360
3.25197 3844800
3.25245 3846240
3.25292 3847680
3.25328 3849120
3.25376 3850560
3.25878 3852000
3.25938 3853440
3.25986 3854880
3.26033 3856320
3.26081 3857760
3.26129 3859200
3.26165 3860640
3.26249 3862080
3.2632 3863520
3.26356 3864960
3.26416 3866400
3.26476 3867840
3.273 3869280
3.27372 3870720
3.2742 3872160
3.27444 3873600
3.2748 3875040
3.27527 3876480
3.27563 3877920
3.27587 3879360
3.27623 3880800
3.27707 3882240
3.27766 3883680
3.27802 3885120
3.2785 3886560
3.27898 3888000
3.28962 3889440
3.2901 3890880
3.29045 3892320
3.29093 3893760
3.29464 3895200
3.29523 3896640
3.29571 3898080
3.29595 3899520
3.29643 3900960
3.29727 3902400
3.29906 3903840
3.29978 3905280
3.30002 3906720
3.30551 3908160
3.30575 3909600
3.30623 3911040
3.30671 3912480
3.30707 3913920
3.30754 3915360
3.31256 3916800
3.31316 3918240
3.31364 3919680
3.31412 3921120
3.3146 3922560
3.31507 3924000
3.31543 3925440
3.31627 3926880
3.31699 3928320
3.31735 3929760
3.31794 3931200
3.31854 3932640
3.32679 3934080
3.3275 3935520
3.32798 3936960
3.32822 3938400
3.32858 3939840
3.32906 3941280
3.32942 3942720
3.32966 3944160
3.33001 3945600
3.33085 3947040
3.33145 3948480
3.33181 3949920
3.33229 3951360
3.33276 3952800
3.3434 3954240
3.34388 3955680
3.34424 3957120
3.34472 3958560
3.34842 3960000
3.34902 3961440
3.3495 3962880
3.34974 3964320
3.35021 3965760
3.35105 3967200
3.35284 3968640
3.35356 3970080
3.3538 3971520
3.3593 3972960
3.35954 3974400
3.36001 3975840
3.36049 3977280
3.36085 3978720
3.36133 3980160
3.36635 3981600
3.36695 3983040
3.36742 3984480
3.3679 3985920
3.36838 3987360
3.36886 3988800
3.36922 3990240
3.37005 3991680
3.37077 3993120
3.37113 3994560
3.37173 3996000
3.37232 3997440
3.38057 3998880
3.38129 4000320
3.38177 4001760
3.38201 4003200
3.38236 4004640
3.38284 4006080
3.3832 4007520
3.38344 4008960
3.3838 4010400
3.38464 4011840
3.38523 4013280
3.38559 4014720
3.38607 4016160
3.38655 4017600
3.39718 4019040
3.39766 4020480
3.39802 4021920
3.3985 4023360
3.4022 4024800
3.4028 4026240
3.40328 4027680
3.40352 4029120
3.404 4030560
3.40483 4032000
3.40663 4033440
3.40734 4034880
3.40758 4036320
3.41308 4037760
3.41332 4039200
3.4138 4040640
3.41428 4042080
3.41463 4043520
3.41511 4044960
3.42013 4046400
3.42073 4047840
3.42121 4049280
3.42169 4050720
3.42216 4052160
3.42264 4053600
3.423 4055040
3.42384 4056480
3.42456 4057920
3.42491 4059360
3.42551 4060800
3.42611 4062240
3.43436 4063680
3.43507 4065120
3.43555 4066560
3.43579 4068000
3.43615 4069440
3.43663 4070880
3.43699 4072320
3.43722 4073760
3.43758 4075200
3.43842 4076640
3.43902 4078080
3.43938 4079520
3.43985 4080960
3.44033 4082400
3.45097 4083840
3.45145 4085280
3.45181 4086720
3.45228 4088160
3.45599 4089600
3.45659 4091040
3.45706 4092480
3.4573 4093920
3.45778 4095360
3.45862 4096800
3.46041 4098240
3.46113 4099680
3.46137 4101120
3.46687 4102560
3.4671 4104000
3.46758 4105440
3.46806 4106880
3.46842 4108320
3.4689 4109760
3.47392 4111200
3.47451 4112640
3.47499 4114080
3.47547 4115520
3.47595 4116960
3.47643 4118400
3.47679 4119840
3.47762 4121280
3.47834 4122720
3.4787 4124160
3.4793 4125600
3.47989 4127040
3.48814 4128480
3.48886 4129920
3.48933 4131360
3.48957 4132800
3.48993 4134240
3.49041 4135680
3.49077 4137120
3.49101 4138560
3.49137 4140000
3.4922 4141440
3.4928 4142880
3.49316 4144320
3.49364 4145760
3.49412 4147200
3.50475 4148640
3.50523 4150080
3.50559 4151520
3.50607 4152960
3.50977 4154400
3.51037 4155840
3.51085 4157280
3.51109 4158720
3.51157 4160160
3.5124 4161600
3.5142 4163040
3.51491 4164480
3.51515 4165920
3.52065 4167360
3.52089 4168800
3.52137 4170240
3.52184 4171680
3.5222 4173120
3.52268 4174560
3.5277 4176000
3.5283 4177440
3.52878 4178880
3.52925 4180320
3.52973 4181760
3.53021 4183200
3.53057 4184640
3.53141 4186080
3.53212 4187520
3.53248 4188960
3.53308 4190400
3.53368 4191840
3.54192 4193280
3.54264 4194720
3.54312 4196160
3.54336 4197600
3.54372 4199040
3.54419 4200480
3.54455 4201920
3.54479 4203360
3.54515 4204800
3.54599 4206240
3.54658 4207680
3.54694 4209120
3.54742 4210560
3.5479 4212000
3.55854 4213440
3.55902 4214880
3.55937 4216320
3.55985 4217760
3.56356 4219200
3.56415 4220640
3.56463 4222080
3.56487 4223520
3.56535 4224960
3.56619 4226400
3.56798 4227840
3.5687 4229280
3.56894 4230720
3.57443 4232160
3.57467 4233600
3.57515 4235040
3.57563 4236480
3.57599 4237920
3.57646 4239360
3.58148 4240800
3.58208 4242240
3.58256 4243680
3.58304 4245120
3.58352 4246560
3.58399 4248000
3.58435 4249440
3.58519 4250880
3.58591 4252320
3.58627 4253760
3.58686 4255200
3.58746 4256640
3.59571 4258080
3.59642 4259520
3.5969 4260960
3.59714 4262400
3.5975 4263840
3.59798 4265280
3.59834 4266720
3.59858 4268160
3.59893 4269600
3.59977 4271040
3.60037 4272480
3.60073 4273920
3.60121 4275360
3.60168 4276800
3.61232 4278240
3.6128 4279680
3.61316 4281120
3.61364 4282560
3.61734 4284000
3.61794 4285440
3.61842 4286880
3.61866 4288320
3.61913 4289760
3.61997 4291200
3.62176 4292640
3.62248 4294080
3.62272 4295520
3.62822 4296960
3.62846 4298400
3.62893 4299840
3.62941 4301280
3.62977 4302720
3.63025 4304160
3.63527 4305600
3.63587 4307040
3.63634 4308480
3.63682 4309920
3.6373 4311360
3.63778 4312800
3.63814 4314240
3.63897 4315680
3.63969 4317120
3.64005 4318560
3.64065 4320000
3.64124 4321440
3.64949 4322880
3.65021 4324320
3.65069 4325760
3.65093 4327200
3.65128 4328640
3.65176 4330080
3.65212 4331520
3.65236 4332960
3.65272 4334400
3.65356 4335840
3.65415 4337280
3.65451 4338720
3.65499 4340160
3.65547 4341600
3.6661 4343040
3.66658 4344480
3.66694 4345920
3.66742 4347360
3.67112 4348800
3.67172 4350240
3.6722 4351680
3.67244 4353120
3.67292 4354560
3.67375 4356000
3.67555 4357440
3.67626 4358880
3.6765 4360320
3.682 4361760
3.68224 4363200
3.68272 4364640
3.6832 4366080
3.68355 4367520
3.68403 4368960
3.68905 4370400
3.68965 4371840
3.69013 4373280
3.69061 4374720
3.69108 4376160
3.69156 4377600
3.69192 4379040
3.69276 4380480
3.69348 4381920
3.69383 4383360
3.69443 4384800
3.69503 4386240
3.70328 4387680
3.70399 4389120
3.70447 4390560
3.70471 4392000
3.70507 4393440
3.70555 4394880
3.70591 4396320
3.70614 4397760
3.7065 4399200
3.70734 4400640
3.70794 4402080
3.7083 4403520
3.70877 4404960
3.70925 4406400
3.71989 4407840
3.72037 4409280
3.72073 4410720
3.7212 4412160
3.72491 4413600
3.72551 4415040
3.72598 4416480
3.72622 4417920
3.7267 4419360
3.72754 4420800
3.72933 4422240
3.73005 4423680
3.73029 4425120
3.73579 4426560
3.73602 4428000
3.7365 4429440
3.73698 4430880
3.73734 4432320
3.73782 4433760
3.74284 4435200
3.74343 4436640
3.74391 4438080
3.74439 4439520
3.74487 4440960
3.74535 4442400
3.74571 4443840
3.74654 4445280
3.74726 4446720
3.74762 4448160
3.74822 4449600
3.74881 4451040
3.75706 4452480
3.75778 4453920
3.75825 4455360
3.75849 4456800
3.75885 4458240
3.75933 4459680
3.75969 4461120
3.75993 4462560
3.76029 4464000
3.76112 4465440
3.76172 4466880
3.76208 4468320
3.76256 4469760
3.76304 4471200
3.77367 4472640
3.77415 4474080
3.77451 4475520
3.77499 4476960
3.77869 4478400
3.77929 4479840
3.77977 4481280
3.78001 4482720
3.78049 4484160
3.78132 4485600
3.78312 4487040
3.78383 4488480
3.78407 4489920
3.78957 4491360
3.78981 4492800
3.79029 4494240
3.79076 4495680
3.79112 4497120
3.7916 4498560
3.79662 4500000
3.79722 4501440
3.7977 4502880
3.79817 4504320
3.79865 4505760
3.79913 4507200
3.79949 4508640
3.80033 4510080
3.80104 4511520
3.8014 4512960
3.802 4514400
3.8026 4515840
3.81084 4517280
3.81156 4518720
3.81204 4520160
3.81228 4521600
3.81264 4523040
3.81311 4524480
3.81347 4525920
3.81371 4527360
3.81407 4528800
3.81491 4530240
3.8155 4531680
3.81586 4533120
3.81634 4534560
3.81682 4536000
3.82746 4537440
3.82794 4538880
3.82829 4540320
3.82877 4541760
3.83248 4543200
3.83307 4544640
3.83355 4546080
3.83379 4547520
3.83427 4548960
3.83511 4550400
3.8369 4551840
3.83762 4553280
3.83786 4554720
3.84335 4556160
3.84359 4557600
3.84407 4559040
3.84455 4560480
3.84491 4561920
3.84538 4563360
3.8504 4564800
3.851 4566240
3.85148 4567680
3.85196 4569120
3.85244 4570560
3.85291 4572000
3.85327 4573440
3.85411 4574880
3.85483 4576320
3.85519 4577760
3.85578 4579200
3.85638 4580640
3.86463 4582080
3.86534 4583520
3.86582 4584960
3.86606 4586400
3.86642 4587840
3.8669 4589280
3.86726 4590720
3.8675 4592160
3.86785 4593600
3.86869 4595040
3.86929 4596480
3.86965 4597920
3.87013 4599360
3.8706 4600800
3.88124 4602240
3.88172 4603680
3.88208 4605120
3.88256 4606560
3.88626 4608000
3.88686 4609440
3.88734 4610880
3.88758 4612320
3.88805 4613760
3.88889 4615200
3.89068 4616640
3.8914 4618080
3.89164 4619520
3.89714 4620960
3.89738 4622400
3.89785 4623840
3.89833 4625280
3.89869 4626720
3.89917 4628160
3.90419 4629600
3.90479 4631040
3.90526 4632480
3.90574 4633920
3.90622 4635360
3.9067 4636800
3.90706 4638240
3.90789 4639680
3.90861 4641120
3.90897 4642560
3.90957 4644000
3.91016 4645440
3.91841 4646880
3.91913 4648320
3.91961 4649760
3.91985 4651200
3.9202 4652640
3.92068 4654080
3.92104 4655520
3.92128 4656960
3.92164 4658400
3.92248 4659840
3.92307 4661280
3.92343 4662720
3.92391 4664160
3.92439 4665600
3.93502 4667040
3.9355 4668480
3.93586 4669920
3.93634 4671360
3.94004 4672800
3.94064 4674240
3.94112 4675680
3.94136 4677120
3.94184 4678560
3.94267 4680000
3.94447 4681440
3.94518 4682880
3.94542 4684320
3.95092 4685760
3.95116 4687200
3.95164 4688640
3.95212 4690080
3.95247 4691520
3.95295 4692960
3.95797 4694400
3.95857 4695840
3.95905 4697280
3.95953 4698720
3.96 4700160
3.96048 4701600
3.96084 4703040
3.96168 4704480
3.9624 4705920
3.96275 4707360
3.96335 4708800
3.96395 4710240
3.9722 4711680
3.97291 4713120
3.97339 4714560
3.97363 4716000
3.97399 4717440
3.97447 4718880
3.97483 4720320
3.97506 4721760
3.97542 4723200
3.97626 4724640
3.97686 4726080
3.97722 4727520
3.97769 4728960
3.97817 4730400
