0.0 0
0.0200186 0.02
0.0414658 0.020125
0.042661 0.0203594
0.0438562 0.0206895
0.0450514 0.0212283
0.0605182 0.0235747
0.0617134 0.0232529
0.062311 0.0229713
0.0637453 0.0227249
0.065299 0.0227593
0.0658966 0.0226644
0.0673309 0.0225813
0.0807659 0.0241336
0.081244 0.0237419
0.0827977 0.0233992
0.0835149 0.0232243
0.0841125 0.0230713
0.0862638 0.0230624
0.0879371 0.0231796
0.0884152 0.0231571
0.0892518 0.0232625
0.0915227 0.0236047
0.0918813 0.0236541
0.101253 0.0233223
0.101731 0.023032
0.102328 0.022778
0.104838 0.0226808
0.105436 0.0227207
0.105914 0.0226306
0.106512 0.0225518
0.109858 0.0228578
0.110217 0.0230006
0.112009 0.0232505
0.112488 0.0234692
0.113085 0.0236605
0.11428 0.023828
0.117149 0.0243495
0.117507 0.0245558
0.117985 0.0247363
0.1215 0.0253943
0.121978 0.02472
0.122337 0.024255
0.122935 0.0238481
0.123532 0.0234921
0.127118 0.0234306
0.127596 0.0233768
0.128074 0.0233297
0.128432 0.0232885
0.12903 0.0233774
0.129628 0.0233302
0.134169 0.0235389
0.134408 0.0237216
0.134887 0.0237564
0.137875 0.0239118
0.138353 0.0241729
0.138592 0.0244012
0.139428 0.0246011
0.140863 0.024901
0.14146 0.0251633
0.144926 0.0253929
0.145404 0.0257188
0.145763 0.026004
0.146241 0.0263785
0.150185 0.0272061
0.150663 0.0274304
0.151141 0.0277516
0.151619 0.0280326
0.151858 0.0281536
0.152695 0.0283844
0.153173 0.0287113
0.15389 0.0288724
0.159388 0.0292633
0.159866 0.0296054
0.160105 0.0300298
0.160583 0.030276
0.160942 0.0304915
0.161181 0.0308051
0.162018 0.0310795
0.162496 0.0313195
0.162974 0.0315296
0.169906 0.0319634
0.170264 0.032468
0.170623 0.0329095
0.171101 0.0334208
0.175165 0.0343682
0.175762 0.0348222
0.176121 0.0352194
0.17648 0.035567
0.176958 0.0358711
0.177794 0.0361372
0.179348 0.0366201
0.180065 0.0370425
0.180543 0.0372872
0.185922 0.0381263
0.18628 0.0386105
0.186758 0.0389092
0.187117 0.0392956
0.187595 0.0396336
0.188073 0.0399294
0.193093 0.0408132
0.19369 0.0410866
0.194168 0.0414508
0.194647 0.0417694
0.195125 0.0420482
0.195483 0.0422922
0.195842 0.0425057
0.196559 0.0428175
0.197276 0.0430903
0.197874 0.043329
0.198352 0.0435379
0.198949 0.0437206
0.207316 0.0450056
0.208033 0.0455049
0.208391 0.0459418
0.20863 0.046324
0.208989 0.0465335
0.209467 0.0468418
0.209706 0.0471116
0.209945 0.0473477
0.210423 0.0475542
0.21114 0.0478599
0.211738 0.0480024
0.212096 0.0482521
0.212575 0.0484706
0.213053 0.0487868
0.22357 0.0494384
0.224048 0.0501336
0.224288 0.0506169
0.224885 0.0510398
0.228949 0.0517848
0.229546 0.0520617
0.230024 0.052429
0.230264 0.0526254
0.230742 0.0527972
0.231578 0.0530726
0.233252 0.0534385
0.233969 0.0535087
0.234327 0.0535701
0.239825 0.0542488
0.240064 0.0543427
0.240542 0.0542999
0.24102 0.0543874
0.241379 0.054339
0.241857 0.0542966
0.246877 0.0547595
0.247474 0.0546646
0.247952 0.0545815
0.248431 0.0545088
0.248909 0.0544452
0.249387 0.0543896
0.249745 0.0543409
0.250462 0.0544233
0.25118 0.0544954
0.251658 0.0544334
0.252255 0.0545043
0.252853 0.0544412
0.2611 0.0555111
0.261817 0.0553222
0.262295 0.0551569
0.262534 0.0550123
0.262892 0.0548858
0.263371 0.0549
0.263729 0.0547875
0.263968 0.0546891
0.264327 0.054728
0.265163 0.054762
0.265761 0.0546667
0.26612 0.0547084
0.266598 0.0546198
0.267076 0.0546673
0.277713 0.0558339
0.278191 0.0557297
0.27855 0.0555135
0.279028 0.0554493
0.282733 0.0557681
0.28333 0.0556721
0.283808 0.0554631
0.284048 0.0552802
0.284526 0.0551202
0.285362 0.0551052
0.287155 0.055217
0.287872 0.0550649
0.288111 0.0550568
0.293609 0.0555497
0.293848 0.055356
0.294326 0.0551865
0.294804 0.0550382
0.295163 0.0549084
0.295641 0.0547948
0.300661 0.0553205
0.301258 0.0552804
0.301736 0.0551204
0.302215 0.0551053
0.302693 0.0549672
0.303171 0.0549713
0.303529 0.0548499
0.304366 0.0548686
0.305083 0.054885
0.305442 0.0547744
0.306039 0.0548026
0.306637 0.0547023
0.314884 0.0556145
0.315601 0.0554127
0.316079 0.0553611
0.316318 0.055191
0.316676 0.0550421
0.317155 0.0550368
0.317513 0.0549072
0.317752 0.0547938
0.318111 0.0548196
0.318947 0.0547171
0.319545 0.0546275
0.319904 0.0545491
0.320382 0.0544804
0.32086 0.0544204
0.331497 0.0556178
0.331975 0.0554156
0.332334 0.0552387
0.332812 0.0550838
0.336517 0.0553233
0.337114 0.0552829
0.337592 0.0551226
0.337832 0.0549822
0.33831 0.0548595
0.339146 0.054877
0.340939 0.0548924
0.341656 0.0547808
0.341895 0.0546832
0.347393 0.0552228
0.347632 0.05507
0.34811 0.0550612
0.348588 0.0549286
0.348947 0.0548125
0.349425 0.0547109
0.354445 0.0552471
0.355042 0.0552162
0.35552 0.0550642
0.355999 0.0549311
0.356477 0.0548148
0.356955 0.0547129
0.357313 0.0546238
0.35815 0.0546708
0.358867 0.054587
0.359226 0.0545136
0.359823 0.0544494
0.360421 0.0543932
0.368668 0.0553441
0.369385 0.0553011
0.369863 0.0551384
0.370102 0.0549961
0.37046 0.0548716
0.370939 0.0547627
0.371297 0.0546673
0.371536 0.0545839
0.371895 0.0545109
0.372731 0.0544471
0.373329 0.0545162
0.373688 0.0544516
0.374166 0.0545202
0.374644 0.0544552
0.385281 0.0557733
0.385759 0.0555516
0.386118 0.0554827
0.386596 0.0552973
0.390301 0.0556352
0.390898 0.0554308
0.391376 0.0552519
0.391616 0.0550954
0.392094 0.0550835
0.39293 0.0549481
0.394723 0.0549546
0.39544 0.0549602
0.395679 0.0548402
0.401177 0.0554852
0.401416 0.0552995
0.401894 0.0551371
0.402372 0.054995
0.402731 0.0548706
0.403209 0.0548868
0.408229 0.0554009
0.408826 0.0552258
0.409304 0.0550726
0.409783 0.0549385
0.410261 0.0549462
0.410739 0.0548279
0.411097 0.0548494
0.411934 0.0547432
0.412651 0.0546503
0.41301 0.054694
0.413607 0.0546073
0.414205 0.0546564
0.422452 0.0555743
0.423169 0.0555025
0.423647 0.0553147
0.423886 0.0551504
0.424244 0.0550066
0.424723 0.0548808
0.425081 0.0548957
0.42532 0.0547837
0.425679 0.0546857
0.426515 0.054725
0.427113 0.0547594
0.427472 0.0546645
0.42795 0.0545814
0.428428 0.0545087
0.439065 0.0558201
0.439543 0.0555926
0.439902 0.0553935
0.44038 0.0552194
0.444085 0.0555669
0.444682 0.0553711
0.44516 0.0553247
0.4454 0.0551591
0.445878 0.0550142
0.446714 0.0548874
0.448507 0.0550265
0.449224 0.0550232
0.449463 0.0548953
0.454961 0.0554084
0.4552 0.0552323
0.455678 0.0550783
0.456156 0.0550685
0.456515 0.0549349
0.456993 0.0548181
0.462013 0.0553408
0.46261 0.0551732
0.463088 0.0551516
0.463567 0.0550076
0.464045 0.0550067
0.464523 0.0548808
0.464881 0.0547707
0.465718 0.0546744
0.466435 0.0547151
0.466794 0.0546257
0.467391 0.0545475
0.467989 0.0544791
0.476236 0.0554192
0.476953 0.0552418
0.477431 0.0550865
0.47767 0.0549507
0.478028 0.0549569
0.478507 0.0548373
0.478865 0.0547326
0.479104 0.054641
0.479463 0.0545609
0.480299 0.0546158
0.480897 0.0545388
0.481256 0.0544715
0.481734 0.0544125
0.482212 0.054486
0.492849 0.0556752
0.493327 0.0554658
0.493686 0.0552826
0.494164 0.0552473
0.497869 0.0554664
0.498466 0.0552831
0.498944 0.0551227
0.499184 0.0549823
0.499662 0.0548595
0.500498 0.0548771
0.502291 0.0550175
0.503008 0.0550153
0.503247 0.0548884
0.508745 0.0554023
0.508984 0.055227
0.509462 0.0550737
0.50994 0.0549394
0.510299 0.054822
0.510777 0.0547193
0.515797 0.0552544
0.516394 0.0550976
0.516872 0.0549604
0.517351 0.0548403
0.517829 0.0547353
0.518307 0.0546434
0.518665 0.0545629
0.519502 0.0546176
0.520219 0.0546654
0.520578 0.0545822
0.521175 0.0546344
0.521773 0.0545551
0.53002 0.0556107
0.530737 0.0554094
0.531215 0.0553582
0.531454 0.0551884
0.531812 0.0550399
0.532291 0.0549099
0.532649 0.0547962
0.532888 0.0546966
0.533247 0.0546096
0.534083 0.0546584
0.534681 0.0545761
0.53504 0.0546291
0.535518 0.0545504
0.535996 0.0544816
0.546633 0.0556714
0.547111 0.0555875
0.54747 0.0553891
0.547948 0.0552154
0.551653 0.0554385
0.55225 0.0553837
0.552728 0.0552107
0.552968 0.0550594
0.553446 0.054927
0.554282 0.0549361
0.556075 0.0550691
0.556792 0.0549354
0.557031 0.0548185
0.562529 0.0553412
0.562768 0.0551735
0.563246 0.0551519
0.563724 0.0550079
0.564083 0.0550069
0.564561 0.054881
0.569581 0.0553959
0.570178 0.0553464
0.570656 0.0551781
0.571135 0.0551558
0.571613 0.0550114
0.572091 0.0550099
0.572449 0.0548837
0.573286 0.0548982
0.574003 0.054911
0.574362 0.0547971
0.574959 0.0546974
0.575557 0.0546103
0.583804 0.055534
0.584521 0.0553422
0.584999 0.0551745
0.585238 0.0550276
0.585596 0.0548992
0.586075 0.0549118
0.586433 0.0547978
0.586672 0.0546981
0.587031 0.0547358
0.587867 0.0546438
0.588465 0.0545634
0.588824 0.0544929
0.589302 0.0544313
0.58978 0.0543774
0.600417 0.0557052
0.600895 0.0554921
0.601254 0.0553056
0.601732 0.0551424
0.605437 0.0554996
0.606034 0.0554371
0.606512 0.0552575
0.606752 0.0551003
0.60723 0.0550878
0.608066 0.0550768
0.609859 0.0550672
0.610576 0.0549338
0.610815 0.0548171
0.616313 0.0553399
0.616552 0.0551724
0.61703 0.0551509
0.617508 0.055007
0.617867 0.0548811
0.618345 0.054771
0.623365 0.0552996
0.623962 0.0551372
0.62444 0.054995
0.624919 0.0548706
0.625397 0.0547618
0.625875 0.0546666
0.626233 0.0545833
0.62707 0.0546354
0.627787 0.0545559
0.628146 0.0544864
0.628743 0.0544256
0.629341 0.0544974
0.637588 0.0554353
0.638305 0.0553808
0.638783 0.0552082
0.639022 0.0551822
0.63938 0.0550344
0.639859 0.0549051
0.640217 0.054792
0.640456 0.054693
0.640815 0.0546064
0.641651 0.0545306
0.642249 0.0545892
0.642608 0.0545156
0.643086 0.0545761
0.643564 0.0545041
0.654201 0.0558161
0.654679 0.0555891
0.655038 0.0555155
0.655516 0.055326
0.659221 0.0556603
0.659818 0.0554527
0.660296 0.0552711
0.660536 0.0551123
0.661014 0.0550982
0.66185 0.0549609
0.663643 0.0549658
0.66436 0.0549701
0.664599 0.0548488
0.670097 0.0554927
0.670336 0.0553061
0.670814 0.0551429
0.671292 0.055
0.671651 0.054875
0.672129 0.0548906
0.677149 0.0554043
0.677746 0.0552288
0.678224 0.0552002
0.678703 0.0550501
0.679181 0.0550439
0.679659 0.0549134
0.680017 0.0549242
0.680854 0.0548087
0.681571 0.0547076
0.68193 0.0546192
0.682527 0.0545418
0.683125 0.054599
0.691372 0.0555242
0.692089 0.0554586
0.692567 0.0552763
0.692806 0.0551168
0.693164 0.0549772
0.693643 0.054855
0.694001 0.0548731
0.69424 0.054764
0.694599 0.0546685
0.695435 0.0547099
0.696033 0.0547462
0.696392 0.0546529
0.69687 0.0545713
0.697348 0.0544999
0.707985 0.0556874
0.708463 0.0554765
0.708822 0.0552919
0.7093 0.0551304
0.713005 0.0554891
0.713602 0.055303
0.71408 0.0552651
0.71432 0.055107
0.714798 0.0549686
0.715634 0.0548475
0.717427 0.0549916
0.718144 0.0549926
0.718383 0.0548686
0.723881 0.055385
0.72412 0.0552119
0.724598 0.0550604
0.725076 0.0550528
0.725435 0.0549212
0.725913 0.0548061
0.730933 0.0552053
0.73153 0.0550546
0.732008 0.0550478
0.732487 0.0549168
0.732965 0.0548022
0.733443 0.054702
0.733801 0.0546142
0.734638 0.0545374
0.735355 0.0545953
0.735714 0.0545208
0.736311 0.0545807
0.736909 0.0545081
0.745156 0.0554446
0.745873 0.055264
0.746351 0.055106
0.74659 0.0549678
0.746948 0.0548468
0.747427 0.054741
0.747785 0.0546483
0.748024 0.0545673
0.748383 0.0544964
0.749219 0.0545593
0.749817 0.0544894
0.750176 0.0544282
0.750654 0.0543747
0.751132 0.0544529
0.761769 0.0556463
0.762247 0.0555655
0.762606 0.0553698
0.763084 0.0553236
0.766789 0.0555331
0.767386 0.0553415
0.767864 0.0551738
0.768104 0.0550271
0.768582 0.0548987
0.769418 0.0549113
0.771211 0.0550474
0.771928 0.0549165
0.772167 0.0548019
0.777665 0.0553267
0.777904 0.0551609
0.778382 0.0550158
0.77886 0.0548888
0.779219 0.0547777
0.779697 0.0546805
0.784717 0.0552204
0.785314 0.0551929
0.785792 0.0550438
0.786271 0.0549133
0.786749 0.0547991
0.787227 0.0548242
0.787585 0.0547212
0.788422 0.0547561
0.789139 0.0547865
0.789498 0.0546882
0.790095 0.0547272
0.790693 0.0546363
0.79894 0.0555568
0.799657 0.0553622
0.800135 0.0553169
0.800374 0.0551523
0.800732 0.0550082
0.801211 0.0550072
0.801569 0.0548813
0.801808 0.0547711
0.802167 0.0546748
0.803003 0.0547154
0.803601 0.054626
0.80396 0.0545477
0.804438 0.0544793
0.804916 0.0544194
0.815553 0.0556169
0.816031 0.0555398
0.81639 0.0553473
0.816868 0.0551789
0.820573 0.0554066
0.82117 0.0553557
0.821648 0.0551863
0.821888 0.055038
0.822366 0.0549082
0.823202 0.0549197
0.824995 0.0549297
0.825712 0.0548135
0.825951 0.0547118
0.831449 0.0552479
0.831688 0.0550919
0.832166 0.0550804
0.832644 0.0549453
0.833003 0.0549522
0.833481 0.0548331
0.838501 0.055354
0.839098 0.0553098
0.839576 0.055146
0.840055 0.0551278
0.840533 0.0549868
0.841011 0.0549885
0.841369 0.0548649
0.842206 0.0548818
0.842923 0.0547716
0.843282 0.0546751
0.843879 0.0545907
0.844477 0.0545169
0.852724 0.0554523
0.853441 0.0553957
0.853919 0.0552213
0.854158 0.0550686
0.854516 0.054935
0.854995 0.0548182
0.855353 0.0547159
0.855592 0.0546264
0.855951 0.0545481
0.856787 0.0544796
0.857385 0.0544196
0.857744 0.0543672
0.858222 0.0544463
0.8587 0.0543905
0.869337 0.0557167
0.869815 0.0555021
0.870174 0.0553143
0.870652 0.05515
0.874357 0.0555063
0.874954 0.055318
0.875432 0.0551533
0.875672 0.0550091
0.87615 0.055008
0.876986 0.054882
0.878779 0.0548967
0.879496 0.0549096
0.879735 0.0547959
0.885233 0.0554464
0.885472 0.0552656
0.88595 0.0551074
0.886428 0.054969
0.886787 0.0548479
0.887265 0.0547419
0.892285 0.0552741
0.892882 0.0551149
0.89336 0.0549755
0.893839 0.0548536
0.894317 0.0547469
0.894795 0.0546535
0.895153 0.0545718
0.89599 0.0545004
0.896707 0.0544378
0.897066 0.0545081
0.897663 0.0544446
0.898261 0.054514
0.906508 0.0554497
0.907225 0.0553935
0.907703 0.0552193
0.907942 0.0550669
0.9083 0.0549336
0.908779 0.0548169
0.909137 0.0548398
0.909376 0.0547348
0.909735 0.0546429
0.910571 0.0546876
0.911169 0.0547266
0.911528 0.0546358
0.912006 0.0546813
0.912484 0.0545962
0.923121 0.0558966
0.923599 0.0556596
0.923958 0.0554521
0.924436 0.0552706
0.928141 0.0556118
0.928738 0.0554103
0.929216 0.055359
0.929456 0.0551891
0.929934 0.0550405
0.93077 0.0549104
0.932563 0.0550466
0.93328 0.0550408
0.933519 0.0549107
0.939017 0.0555469
0.939256 0.0553535
0.939734 0.0551843
0.940212 0.0551613
0.940571 0.0550161
0.941049 0.0550141
0.946069 0.0555123
0.946666 0.0553233
0.947144 0.0552829
0.947623 0.0551225
0.948101 0.0551072
0.948579 0.0549688
0.948937 0.0548477
0.949774 0.0547417
0.950491 0.054774
0.95085 0.0546773
0.951447 0.0545926
0.952045 0.0546435
0.960292 0.0555631
0.961009 0.0554927
0.961487 0.0553061
0.961726 0.0551429
0.962084 0.055125
0.962563 0.0549844
0.962921 0.0548613
0.96316 0.0547537
0.963519 0.0546594
0.964355 0.054702
0.964953 0.0546143
0.965312 0.0545375
0.96579 0.0544703
0.966268 0.0544115
0.976905 0.0556101
0.977383 0.0554088
0.977742 0.0552327
0.97822 0.0552036
0.981925 0.0554282
0.982522 0.0552496
0.983 0.0552184
0.98324 0.0550661
0.983718 0.0549329
0.984554 0.0549413
0.986347 0.0550736
0.987064 0.0550644
0.987303 0.0549313
0.992801 0.0554399
0.99304 0.0552599
0.993518 0.0551024
0.993996 0.0549646
0.994355 0.0548441
0.994833 0.0547386
0.999853 0.0551462
1.00045 0.055003
1.00093 0.0548776
1.00141 0.0547679
1.00188 0.0546719
1.00236 0.0545879
1.00272 0.0545144
1.00356 0.0545751
1.00428 0.0546282
1.00463 0.0545497
1.00523 0.054606
1.00583 0.0545302
1.01408 0.055464
1.01479 0.055281
1.01527 0.0551208
1.01551 0.0549807
1.01587 0.0548581
1.01635 0.0547509
1.01671 0.054657
1.01694 0.0545749
1.0173 0.054503
1.01814 0.0545651
1.01874 0.0544945
1.0191 0.0545577
1.01957 0.054488
1.02005 0.054552
1.03069 0.055733
1.03117 0.0556414
1.03153 0.0554362
1.032 0.0553817
1.03571 0.055584
1.03631 0.055511
1.03678 0.0553221
1.03702 0.0551568
1.0375 0.0550122
1.03834 0.0550107
1.04013 0.0551344
1.04085 0.0549926
1.04109 0.0548685
1.04659 0.0553849
1.04682 0.0552118
1.0473 0.0550603
1.04778 0.0549278
1.04814 0.0549368
1.04862 0.0548197
1.05364 0.0553423
1.05423 0.0552995
1.05471 0.055137
1.05519 0.0551199
1.05567 0.0549799
1.05615 0.0549824
1.05651 0.0548596
1.05734 0.0548772
1.05806 0.0548925
1.05842 0.054781
1.05902 0.0548083
1.05961 0.0547073
1.06786 0.0556189
1.06858 0.0554165
1.06905 0.0553645
1.06929 0.0551939
1.06965 0.0550447
1.07013 0.0550391
1.07049 0.0549092
1.07073 0.0547955
1.07109 0.0548211
1.07192 0.0547185
1.07252 0.0546287
1.07288 0.0545501
1.07336 0.0544813
1.07384 0.0544211
1.08447 0.0556185
1.08495 0.0554162
1.08531 0.0552392
1.08579 0.0550843
1.08949 0.0553237
1.09009 0.0552833
1.09057 0.0551229
1.09081 0.0549825
1.09129 0.0548597
1.09212 0.0548772
1.09392 0.0548926
1.09463 0.054781
1.09487 0.0546834
1.10037 0.055223
1.10061 0.0550701
1.10109 0.0550613
1.10156 0.0549287
1.10192 0.0548126
1.1024 0.054711
1.10742 0.0552471
1.10802 0.0552162
1.1085 0.0550642
1.10897 0.0549312
1.10945 0.0548148
1.10993 0.0547129
1.11029 0.0546238
1.11113 0.0546708
1.11184 0.054587
1.1122 0.0545136
1.1128 0.0544494
1.1134 0.0543932
1.12164 0.0553441
1.12236 0.0553011
1.12284 0.0551384
1.12308 0.0549961
1.12344 0.0548716
1.12391 0.0547627
1.12427 0.0546673
1.12451 0.0545839
1.12487 0.0545109
1.12571 0.0544471
1.1263 0.0545162
1.12666 0.0544517
1.12714 0.0545202
1.12762 0.0544552
1.13826 0.0557733
1.13874 0.0555516
1.13909 0.0554827
1.13957 0.0552973
1.14328 0.0556352
1.14387 0.0554308
1.14435 0.0552519
1.14459 0.0550954
1.14507 0.0550835
1.14591 0.0549481
1.1477 0.0549546
1.14842 0.0549602
1.14866 0.0548402
1.15415 0.0554852
1.15439 0.0552995
1.15487 0.0551371
1.15535 0.054995
1.15571 0.0548706
1.15618 0.0548868
1.1612 0.0554009
1.1618 0.0552258
1.16228 0.0550726
1.16276 0.0549385
1.16324 0.0549462
1.16371 0.0548279
1.16407 0.0548494
1.16491 0.0547432
1.16563 0.0546503
1.16599 0.054569
1.16658 0.0544979
1.16718 0.0545607
1.17543 0.0554906
1.17614 0.0554293
1.17662 0.0552506
1.17686 0.0550943
1.17722 0.0549575
1.1777 0.0548378
1.17806 0.0548581
1.1783 0.0547508
1.17865 0.054657
1.17949 0.0546998
1.18009 0.0547374
1.18045 0.0546452
1.18093 0.0545645
1.1814 0.054494
1.19204 0.0558072
1.19252 0.0555813
1.19288 0.0553837
1.19336 0.0552107
1.19706 0.0555594
1.19766 0.0553644
1.19814 0.0553189
1.19838 0.055154
1.19885 0.0550098
1.19969 0.0548835
1.20148 0.0550231
1.2022 0.0550202
1.20244 0.0548927
1.20794 0.0554061
1.20818 0.0552303
1.20865 0.0550765
1.20913 0.055067
1.20949 0.0549336
1.20997 0.0548169
1.21499 0.0552148
1.21559 0.0550629
1.21606 0.0550551
1.21654 0.0549232
1.21702 0.0549328
1.2175 0.0548162
1.21786 0.0547142
1.21869 0.0546249
1.21941 0.0546718
1.21977 0.0545878
1.22037 0.0546393
1.22096 0.0545594
1.22921 0.0554895
1.22993 0.0553033
1.23041 0.0551404
1.23065 0.0549978
1.231 0.0549981
1.23148 0.0548733
1.23184 0.0547642
1.23208 0.0546687
1.23244 0.0545851
1.23328 0.0546369
1.23387 0.0545573
1.23423 0.0544877
1.23471 0.0544267
1.23519 0.0544984
1.24582 0.0556861
1.2463 0.0554753
1.24666 0.0552909
1.24714 0.0552545
1.25084 0.0554727
1.25144 0.0552886
1.25192 0.0551275
1.25216 0.0549866
1.25264 0.0548633
1.25347 0.0548804
1.25527 0.0550203
1.25598 0.0548928
1.25622 0.0547812
1.26172 0.0553085
1.26196 0.055145
1.26244 0.0550018
1.26292 0.0548766
1.26327 0.054767
1.26375 0.0546712
1.26877 0.0552123
1.26937 0.0551857
1.26985 0.0550375
1.27033 0.0549078
1.2708 0.0547943
1.27128 0.0546951
1.27164 0.0546082
1.27248 0.0546571
1.2732 0.0547
1.27355 0.0546125
1.27415 0.0546609
1.27475 0.0545783
1.283 0.055506
1.28371 0.0553178
1.28419 0.0552781
1.28443 0.0551183
1.28479 0.0549785
1.28527 0.0548562
1.28563 0.0547492
1.28586 0.0546555
1.28622 0.0545736
1.28706 0.0546269
1.28766 0.0545485
1.28802 0.054605
1.28849 0.0545293
1.28897 0.0544632
1.29961 0.0556553
1.30009 0.0555734
1.30045 0.0553767
1.30092 0.0552046
1.30463 0.055429
1.30523 0.0553754
1.3057 0.0552035
1.30594 0.055053
1.30642 0.0549214
1.30726 0.0549312
1.30905 0.0550648
1.30977 0.0549317
1.31001 0.0549403
1.31551 0.0554477
1.31574 0.0552668
1.31622 0.0552334
1.3167 0.0550792
1.31706 0.0550693
1.31754 0.0549357
1.32256 0.0554437
1.32315 0.0553882
1.32363 0.0552147
1.32411 0.0551879
1.32459 0.0550394
1.32507 0.0550345
1.32543 0.0549052
1.32626 0.054917
1.32698 0.0548024
1.32734 0.0547021
1.32794 0.0546143
1.32853 0.0545375
1.33678 0.0554703
1.3375 0.0554115
1.33797 0.0552351
1.33821 0.0550807
1.33857 0.0549456
1.33905 0.0549524
1.33941 0.0548334
1.33965 0.0547292
1.34001 0.054763
1.34084 0.0546677
1.34144 0.0545842
1.3418 0.0545112
1.34228 0.0544473
1.34276 0.0543914
1.35339 0.0557175
1.35387 0.0555028
1.35423 0.0553149
1.35471 0.0551506
1.35841 0.0555067
1.35901 0.0554434
1.35949 0.055263
1.35973 0.0551051
1.36021 0.055092
1.36104 0.0550805
1.36284 0.0550704
1.36355 0.0549366
1.36379 0.0548195
1.36929 0.0553421
1.36953 0.0551743
1.37001 0.0551525
1.37048 0.0550085
1.37084 0.0548824
1.37132 0.0547721
1.37634 0.0553006
1.37694 0.055138
1.37742 0.0549958
1.37789 0.0548713
1.37837 0.0547624
1.37885 0.0546671
1.37921 0.0545837
1.38005 0.0546357
1.38076 0.0545563
1.38112 0.0546117
1.38172 0.0545353
1.38232 0.0545934
1.39056 0.0555192
1.39128 0.0554543
1.39176 0.0552725
1.392 0.0551134
1.39236 0.0549743
1.39283 0.0548525
1.39319 0.0547459
1.39343 0.0546527
1.39379 0.0545711
1.39463 0.0544997
1.39522 0.0545622
1.39558 0.054492
1.39606 0.0545555
1.39654 0.054486
1.40718 0.0558003
1.40766 0.0555752
1.40801 0.0555033
1.40849 0.0553154
1.4122 0.055651
1.41279 0.0554446
1.41327 0.055264
1.41351 0.055106
1.41399 0.0549678
1.41483 0.0548468
1.41662 0.054866
1.41734 0.0548827
1.41758 0.0547724
1.42307 0.0554258
1.42331 0.0552476
1.42379 0.0550916
1.42427 0.0549552
1.42463 0.0548358
1.4251 0.0548563
1.43012 0.0553743
1.43072 0.0552025
1.4312 0.0551772
1.43168 0.05503
1.43216 0.0550263
1.43263 0.054898
1.43299 0.0547857
1.43383 0.0546875
1.43455 0.0546016
1.43491 0.0545264
1.4355 0.0544606
1.4361 0.054528
1.44435 0.055462
1.44506 0.0554043
1.44554 0.0552287
1.44578 0.0550751
1.44614 0.0550657
1.44662 0.0549325
1.44698 0.054816
1.44722 0.054714
1.44757 0.0546247
1.44841 0.0546716
1.44901 0.0547127
1.44937 0.0546236
1.44985 0.0545456
1.45032 0.0544774
1.46096 0.0556678
1.46144 0.0554593
1.4618 0.0552769
1.46228 0.0551173
1.46598 0.0553526
1.46658 0.0551835
1.46706 0.0551606
1.4673 0.0550155
1.46777 0.0548886
1.46861 0.0549025
1.4704 0.0550397
1.47112 0.0550347
1.47136 0.0549054
1.47686 0.0554172
1.4771 0.0552401
1.47757 0.0550851
1.47805 0.0550744
1.47841 0.0549401
1.47889 0.0548226
1.48391 0.0552198
1.48451 0.0550673
1.48498 0.0549339
1.48546 0.0548172
1.48594 0.054715
1.48642 0.0546256
1.48678 0.0545474
1.48761 0.054604
1.48833 0.0546535
1.48869 0.0545718
1.48929 0.0546253
1.48988 0.0545472
1.49813 0.0554788
1.49885 0.0552939
1.49933 0.0551322
1.49957 0.0549907
1.49992 0.0548668
1.5004 0.0547585
1.50076 0.0546637
1.501 0.0547057
1.50136 0.0546175
1.5022 0.0546653
1.50279 0.0545821
1.50315 0.0545094
1.50363 0.0544457
1.50411 0.054515
1.51474 0.0557006
1.51522 0.055613
1.51558 0.0554114
1.51606 0.05536
1.51976 0.055565
1.52036 0.0554944
1.52084 0.0553076
1.52108 0.0551441
1.52156 0.0550011
1.52239 0.055001
1.52419 0.0551258
1.5249 0.0549851
1.52514 0.054862
1.53064 0.0553792
1.53088 0.0552068
1.53136 0.055056
1.53184 0.054924
1.53219 0.0548085
1.53267 0.0547074
1.53769 0.055244
1.53829 0.0552135
1.53877 0.0550618
1.53925 0.0550541
1.53972 0.0549223
1.5402 0.054932
1.54056 0.0548155
1.5414 0.0548386
1.54212 0.0548588
1.54247 0.0547514
1.54307 0.0547825
1.54367 0.0546847
1.55192 0.0555991
1.55263 0.0553992
1.55311 0.0553493
1.55335 0.0551806
1.55371 0.0550331
1.55419 0.0550289
1.55455 0.0549003
1.55478 0.0547878
1.55514 0.0546893
1.55598 0.0546031
1.55658 0.0545277
1.55694 0.0544618
1.55741 0.0544041
1.55789 0.0543535
1.56853 0.0555594
1.56901 0.0554894
1.56937 0.0553033
1.56984 0.0551403
1.57355 0.0553728
1.57415 0.0553262
1.57462 0.0551604
1.57486 0.0550154
1.57534 0.0548884
1.57618 0.0549024
1.57797 0.0549146
1.57869 0.0548003
1.57893 0.0547002
1.58443 0.0552377
1.58466 0.055083
1.58514 0.0550726
1.58562 0.0549385
1.58598 0.0548212
1.58646 0.0547186
1.59148 0.0552537
1.59207 0.055222
1.59255 0.0550693
1.59303 0.0550606
1.59351 0.054928
1.59399 0.054812
1.59435 0.0547105
1.59518 0.0547467
1.5959 0.0546534
1.59626 0.0545717
1.59686 0.0545002
1.59745 0.0544377
1.6057 0.055383
1.60642 0.0553351
1.60689 0.0551682
1.60713 0.0550222
1.60749 0.0548944
1.60797 0.0547826
1.60833 0.0546848
1.60857 0.0545992
1.60893 0.0545243
1.60976 0.0544588
1.61036 0.0545264
1.61072 0.0544606
1.6112 0.054528
1.61168 0.054462
1.62231 0.0557793
1.62279 0.0555569
1.62315 0.0553623
1.62363 0.055192
1.62733 0.055543
1.62793 0.0553501
1.62841 0.0551813
1.62865 0.0550337
1.62913 0.0550295
1.62996 0.0549008
1.63176 0.0549132
1.63247 0.054924
1.63271 0.0548085
1.63821 0.0554575
1.63845 0.0552753
1.63893 0.0551159
1.6394 0.0549764
1.63976 0.0548543
1.64024 0.0548725
1.64526 0.0553885
1.64586 0.0552149
1.64634 0.0550631
1.64681 0.0549302
1.64729 0.0548139
1.64777 0.0547122
1.64813 0.0547481
1.64897 0.0546546
1.64968 0.0545728
1.65004 0.0546262
1.65064 0.0545479
1.65124 0.0546044
1.65948 0.0555289
1.6602 0.0554628
1.66068 0.0552799
1.66092 0.0551199
1.66128 0.0549799
1.66175 0.0548574
1.66211 0.0548753
1.66235 0.0547659
1.66271 0.0546701
1.66355 0.0547114
1.66414 0.0547474
1.6645 0.054654
1.66498 0.0545723
1.66546 0.0545007
1.6761 0.0558131
1.67658 0.0555865
1.67693 0.0553882
1.67741 0.0552147
1.68112 0.0555628
1.68171 0.0553675
1.68219 0.0553215
1.68243 0.0551563
1.68291 0.0550118
1.68375 0.0548853
1.68554 0.0550247
1.68626 0.0550216
1.6865 0.0548939
1.69199 0.0554071
1.69223 0.0552313
1.69271 0.0550773
1.69319 0.0550677
1.69355 0.0549342
1.69402 0.0549424
1.69904 0.0554496
1.69964 0.0552684
1.70012 0.0552349
1.7006 0.0550805
1.70108 0.0550704
1.70155 0.0549366
1.70191 0.0548196
1.70275 0.0547171
1.70347 0.0547525
1.70383 0.0546584
1.70442 0.0545761
1.70502 0.0546291
1.71327 0.0555505
1.71398 0.0553567
1.71446 0.0551871
1.7147 0.0550387
1.71506 0.0550339
1.71554 0.0549046
1.7159 0.0547915
1.71614 0.0546926
1.71649 0.054606
1.71733 0.0546553
1.71793 0.0545734
1.71829 0.0545017
1.71877 0.054439
1.71924 0.0545091
1.72988 0.0556955
1.73036 0.0554835
1.73072 0.0552981
1.7312 0.0552608
1.7349 0.0554782
1.7355 0.0552934
1.73598 0.0551318
1.73622 0.0549903
1.73669 0.0548665
1.73753 0.0548832
1.73932 0.0550228
1.74004 0.0550199
1.74028 0.0548925
1.74578 0.0554059
1.74602 0.0553552
1.74649 0.0551858
1.74697 0.0550375
1.74733 0.0549078
1.74781 0.0547944
1.75283 0.0551951
1.75343 0.0550457
1.7539 0.054915
1.75438 0.0548006
1.75486 0.0547005
1.75534 0.054613
1.7557 0.0545363
1.75653 0.0545943
1.75725 0.054645
1.75761 0.0545644
1.75821 0.0546188
1.7588 0.0545415
1.76705 0.0554738
1.76777 0.0552896
1.76825 0.0552534
1.76849 0.0550967
1.76884 0.0549596
1.76932 0.0548397
1.76968 0.0547347
1.76992 0.0546429
1.77028 0.0545625
1.77112 0.0546172
1.77171 0.05454
1.77207 0.0545975
1.77255 0.0545228
1.77303 0.0545825
1.78366 0.0557597
1.78414 0.0556647
1.7845 0.0554566
1.78498 0.0552745
1.78868 0.0554902
1.78928 0.0554289
1.78976 0.0552503
1.79 0.055094
1.79048 0.0549573
1.79131 0.0549626
1.79311 0.0550923
1.79382 0.0549558
1.79406 0.0548363
1.79956 0.0553568
1.7998 0.0551872
1.80028 0.0550388
1.80076 0.0549089
1.80111 0.0549203
1.80159 0.0548053
1.80661 0.0553296
1.80721 0.0552884
1.80769 0.0551274
1.80817 0.0551114
1.80864 0.0549725
1.80912 0.0549759
1.80948 0.0548539
1.81032 0.0548722
1.81104 0.0548882
1.81139 0.0547772
1.81199 0.05468
1.81259 0.054595
1.82084 0.0555206
1.82155 0.0553306
1.82203 0.0552892
1.82227 0.0551281
1.82263 0.0549871
1.82311 0.0549887
1.82347 0.0548651
1.8237 0.054757
1.82406 0.0547873
1.8249 0.0546889
1.8255 0.0546028
1.82586 0.0545275
1.82633 0.0544615
1.82681 0.0544038
1.83745 0.0556034
1.83793 0.0554029
1.83829 0.0552276
1.83876 0.0550741
1.84247 0.0554399
1.84307 0.0553849
1.84354 0.0552118
1.84378 0.0550603
1.84426 0.0550528
1.8451 0.0550462
1.84689 0.0550404
1.84761 0.0549103
1.84785 0.0547965
1.85335 0.055322
1.85358 0.0551567
1.85406 0.0551371
1.85454 0.054995
1.8549 0.0548706
1.85538 0.0547618
1.8604 0.0552916
1.86099 0.0551301
1.86147 0.0549889
1.86195 0.0548652
1.86243 0.0547571
1.86291 0.0546625
1.86327 0.0545796
1.8641 0.0546322
1.86482 0.0545532
1.86518 0.054484
1.86578 0.0544235
1.86637 0.0544956
1.87462 0.0554336
1.87534 0.0553794
1.87581 0.055207
1.87605 0.0550561
1.87641 0.0549241
1.87689 0.0548086
1.87725 0.0547075
1.87749 0.0546191
1.87785 0.0545417
1.87868 0.054474
1.87928 0.0545397
1.87964 0.0544723
1.88012 0.0545382
1.8806 0.054471
1.89123 0.0557871
1.89171 0.0555637
1.89207 0.0554932
1.89255 0.0553066
1.89625 0.0556433
1.89685 0.0554378
1.89733 0.0552581
1.89757 0.0551009
1.89805 0.0550882
1.89888 0.0549522
1.90068 0.0549582
1.90139 0.0549634
1.90163 0.054843
1.90713 0.0554876
1.90737 0.0553017
1.90785 0.055139
1.90832 0.0549966
1.90868 0.054872
1.90916 0.054888
1.91418 0.055402
1.91478 0.0552268
1.91526 0.0551984
1.91573 0.0550486
1.91621 0.0550425
1.91669 0.0549122
1.91705 0.0549232
1.91789 0.0548078
1.9186 0.0547068
1.91896 0.0546185
1.91956 0.0545412
1.92016 0.0545985
1.9284 0.0555237
1.92912 0.0554582
1.9296 0.055276
1.92984 0.0551165
1.9302 0.0549769
1.93067 0.0548548
1.93103 0.0548729
1.93127 0.0547638
1.93163 0.0546683
1.93247 0.0547098
1.93306 0.0547461
1.93342 0.0546528
1.9339 0.0545712
1.93438 0.0544998
1.94502 0.0558123
1.9455 0.0555858
1.94585 0.0553876
1.94633 0.0552141
1.95004 0.0555624
1.95063 0.0553671
1.95111 0.0553212
1.95135 0.055156
1.95183 0.0550115
1.95267 0.0548851
1.95446 0.0550244
1.95518 0.0550214
1.95542 0.0548937
1.96091 0.055407
1.96115 0.0552311
1.96163 0.0550772
1.96211 0.0550676
1.96247 0.0549341
1.96294 0.0548174
1.96796 0.0552152
1.96856 0.0550633
1.96904 0.0550554
1.96952 0.0549235
1.97 0.054808
1.97047 0.054707
1.97083 0.0546186
1.97167 0.0545413
1.97239 0.0545986
1.97275 0.0545238
1.97334 0.0545833
1.97394 0.0545104
1.98219 0.0554466
1.9829 0.0552658
1.98338 0.0551076
1.98362 0.0549691
1.98398 0.054848
1.98446 0.054742
1.98482 0.0546492
1.98506 0.0545681
1.98541 0.0544971
1.98625 0.0545599
1.98685 0.0544899
1.98721 0.0544287
1.98769 0.0543751
1.98816 0.0544532
1.9988 0.0556466
1.99928 0.0554407
1.99964 0.0552607
2.00012 0.0552281
2.00382 0.0554496
2.00442 0.0552684
2.0049 0.0551098
2.00514 0.0549711
2.00561 0.0548497
2.00645 0.0548685
2.00824 0.0550099
2.00896 0.0548837
2.0092 0.0547732
2.0147 0.0553016
2.01494 0.0551389
2.01541 0.0549965
2.01589 0.054872
2.01625 0.054763
2.01673 0.0546676
2.02175 0.0552091
2.02235 0.055183
2.02282 0.0550351
2.0233 0.0549057
2.02378 0.0547925
2.02426 0.0548184
2.02462 0.0547161
2.02545 0.0547516
2.02617 0.0547827
2.02653 0.0546848
2.02713 0.0547242
2.02772 0.0546337
2.03597 0.0555545
2.03669 0.0553602
2.03717 0.0553152
2.03741 0.0551508
2.03776 0.0550069
2.03824 0.0550061
2.0386 0.0548803
2.03884 0.0547703
2.0392 0.054674
2.04004 0.0547147
2.04063 0.0546254
2.04099 0.0545472
2.04147 0.0544788
2.04195 0.054419
2.05258 0.0556166
2.05306 0.0555395
2.05342 0.0553471
2.0539 0.0551787
2.0576 0.0554064
2.0582 0.0553556
2.05868 0.0551861
2.05892 0.0550378
2.0594 0.0549081
2.06023 0.0549196
2.06203 0.0550547
2.06274 0.0549228
2.06298 0.0548075
2.06848 0.0553315
2.06872 0.0551651
2.0692 0.0551445
2.06968 0.0550014
2.07003 0.0550012
2.07051 0.0548761
2.07553 0.0553916
2.07613 0.0553426
2.07661 0.0551748
2.07709 0.0551529
2.07756 0.0550088
2.07804 0.0550077
2.0784 0.0548818
2.07924 0.0548965
2.07996 0.0547845
2.08031 0.0546864
2.08091 0.0546006
2.08151 0.0545255
2.08976 0.0554598
2.09047 0.0554024
2.09095 0.0552271
2.09119 0.0550737
2.09155 0.0549395
2.09203 0.054947
2.09239 0.0548287
2.09262 0.0547251
2.09298 0.0546344
2.09382 0.0545551
2.09442 0.0544857
2.09478 0.054425
2.09525 0.0544969
2.09573 0.0544348
2.10637 0.0557554
2.10685 0.055536
2.10721 0.055344
2.10768 0.055176
2.11139 0.055529
2.11199 0.0553379
2.11246 0.0551706
2.1127 0.0550243
2.11318 0.0550213
2.11402 0.0550186
2.11581 0.0550163
2.11653 0.0548893
2.11677 0.0547781
2.12227 0.0554308
2.1225 0.055252
2.12298 0.0550955
2.12346 0.0549585
2.12382 0.0548387
2.1243 0.0547339
2.12932 0.0552671
2.12991 0.0551088
2.13039 0.0549702
2.13087 0.0548489
2.13135 0.0547428
2.13183 0.0546499
2.13219 0.0545687
2.13302 0.0546226
2.13374 0.0545448
2.1341 0.0546017
2.1347 0.0545265
2.13529 0.0545857
2.14354 0.0555125
2.14426 0.0554484
2.14473 0.0552673
2.14497 0.0551089
2.14533 0.0549703
2.14581 0.054849
2.14617 0.0547429
2.14641 0.05465
2.14677 0.0545688
2.1476 0.0546227
2.1482 0.0546698
2.14856 0.0545861
2.14904 0.0546378
2.14952 0.0545581
2.16015 0.0558634
2.16063 0.0556304
2.16099 0.0554266
2.16147 0.0552483
2.16517 0.0555923
2.16577 0.0553932
2.16625 0.0553441
2.16649 0.0551761
2.16697 0.0550291
2.1678 0.0549004
2.1696 0.0549129
2.17031 0.0549238
2.17055 0.0548083
2.17605 0.0554573
2.17629 0.0552751
2.17677 0.0551157
2.17724 0.0551012
2.1776 0.0549636
2.17808 0.0549681
2.1831 0.0554721
2.1837 0.0552881
2.18418 0.0552521
2.18465 0.0550956
2.18513 0.0550836
2.18561 0.0549482
2.18597 0.0548297
2.18681 0.0547259
2.18752 0.0546352
2.18788 0.0545558
2.18848 0.0544863
2.18908 0.0545505
2.19732 0.0554817
2.19804 0.0554215
2.19852 0.0552438
2.19876 0.0550883
2.19912 0.0550773
2.19959 0.0549426
2.19995 0.0548248
2.20019 0.0547217
2.20055 0.0546315
2.20139 0.0546776
2.20198 0.0545929
2.20234 0.0545187
2.20282 0.0544539
2.2033 0.0543972
2.21394 0.0555975
2.21442 0.0553978
2.21477 0.0552231
2.21525 0.0551952
2.21896 0.0554208
2.21955 0.0552432
2.22003 0.0552128
2.22027 0.0550612
2.22075 0.0549286
2.22159 0.0549375
2.22338 0.0550703
2.2241 0.0550615
2.22434 0.0549288
2.22983 0.0554377
2.23007 0.055258
2.23055 0.0551008
2.23103 0.0550882
2.23139 0.0549521
2.23186 0.0548331
2.23688 0.055229
2.23748 0.0550754
2.23796 0.0549409
2.23844 0.0548233
2.23892 0.0547204
2.23939 0.0546304
2.23975 0.0545516
2.24059 0.0546076
2.24131 0.0546567
2.24167 0.0545746
2.24226 0.0546278
2.24286 0.0545493
2.25111 0.0554806
2.25182 0.0552955
2.2523 0.0551336
2.25254 0.0549919
2.2529 0.0548679
2.25338 0.0547594
2.25374 0.0546645
2.25398 0.0545814
2.25433 0.0545088
2.25517 0.0545702
2.25577 0.0544989
2.25613 0.0545615
2.25661 0.0544913
2.25708 0.0545549
2.26772 0.0557356
2.2682 0.0556436
2.26856 0.0554382
2.26904 0.0553834
2.27274 0.0555855
2.27334 0.0555123
2.27382 0.0553232
2.27406 0.0551578
2.27453 0.0550131
2.27537 0.0550115
2.27716 0.055135
2.27788 0.0549932
2.27812 0.054869
2.28362 0.0553854
2.28386 0.0552122
2.28433 0.0550607
2.28481 0.0549281
2.28517 0.0548121
2.28565 0.0547106
2.29067 0.0552468
2.29127 0.0552159
2.29174 0.0550639
2.29222 0.0550559
2.2927 0.0549239
2.29318 0.0549334
2.29354 0.0548168
2.29437 0.0548397
2.29509 0.0548597
2.29545 0.0547522
2.29605 0.0547832
2.29664 0.0546853
2.30489 0.0555996
2.30561 0.0553997
2.30609 0.0553497
2.30633 0.055181
2.30668 0.0550334
2.30716 0.0550292
2.30752 0.0549006
2.30776 0.054788
2.30812 0.0548145
2.30896 0.0547127
2.30955 0.0546236
2.30991 0.0545456
2.31039 0.0544774
2.31087 0.0544178
2.3215 0.0556155
2.32198 0.0554136
2.32234 0.0552369
2.32282 0.0550823
2.32652 0.055322
2.32712 0.0552817
2.3276 0.0551215
2.32784 0.0549813
2.32832 0.0548587
2.32915 0.0548763
2.33095 0.0548918
2.33166 0.0547803
2.3319 0.0546828
2.3374 0.0552224
2.33764 0.0550696
2.33812 0.0550609
2.3386 0.0549283
2.33895 0.0548123
2.33943 0.0547107
2.34445 0.0552469
2.34505 0.055216
2.34553 0.055064
2.34601 0.055056
2.34648 0.054924
2.34696 0.0548085
2.34732 0.0547074
2.34816 0.054744
2.34888 0.054651
2.34923 0.0545696
2.34983 0.0544984
2.35043 0.0544361
2.35868 0.0553816
2.35939 0.0553339
2.35987 0.0551672
2.36011 0.0550213
2.36047 0.0548936
2.36095 0.0547819
2.36131 0.0546842
2.36154 0.0545987
2.3619 0.0545238
2.36274 0.0544583
2.36334 0.054526
2.3637 0.0544603
2.36417 0.0545278
2.36465 0.0544618
2.37529 0.0557791
2.37577 0.0555567
2.37613 0.0554871
2.3766 0.0553012
2.38031 0.0556386
2.38091 0.0554337
2.38138 0.0552545
2.38162 0.0550977
2.3821 0.0550855
2.38294 0.0549498
2.38473 0.0549561
2.38545 0.0549616
2.38569 0.0548414
2.39119 0.0554862
2.39142 0.0553004
2.3919 0.0551379
2.39238 0.0549956
2.39274 0.0548712
2.39322 0.0548873
2.39824 0.0554014
2.39883 0.0552262
2.39931 0.0550729
2.39979 0.0549388
2.40027 0.0548215
2.40075 0.0547188
2.40111 0.0547539
2.40194 0.0546597
2.40266 0.0545772
2.40302 0.0546301
2.40362 0.0545513
2.40421 0.0546074
2.41246 0.0555315
2.41318 0.055465
2.41365 0.0552819
2.41389 0.0551217
2.41425 0.0549815
2.41473 0.0548588
2.41509 0.0548764
2.41533 0.0547669
2.41569 0.054671
2.41652 0.0547121
2.41712 0.0547481
2.41748 0.0546546
2.41796 0.0545728
2.41844 0.0545012
2.42907 0.0558135
2.42955 0.0555868
2.42991 0.0553885
2.43039 0.0552149
2.43409 0.0555631
2.43469 0.0553677
2.43517 0.0553217
2.43541 0.0551565
2.43589 0.0550119
2.43672 0.0548854
2.43852 0.0550248
2.43923 0.0550217
2.43947 0.054894
2.44497 0.0554072
2.44521 0.0552313
2.44569 0.0550774
2.44616 0.0550677
2.44652 0.0549343
2.447 0.0549425
2.45202 0.0554497
2.45262 0.0552685
2.4531 0.0552349
2.45357 0.0550805
2.45405 0.0550705
2.45453 0.0549367
2.45489 0.0548196
2.45573 0.0547171
2.45644 0.0547525
2.4568 0.0546584
2.4574 0.0545761
2.458 0.0545041
2.46624 0.0554411
2.46696 0.055261
2.46744 0.0551033
2.46768 0.0549654
2.46804 0.0549697
2.46851 0.0548485
2.46887 0.0547425
2.46911 0.0546496
2.46947 0.0545684
2.47031 0.0546224
2.4709 0.0545446
2.47126 0.0544765
2.47174 0.0544169
2.47222 0.0544898
2.48286 0.0556786
2.48334 0.0554688
2.48369 0.0552852
2.48417 0.0552495
2.48788 0.0554683
2.48847 0.0552848
2.48895 0.0551242
2.48919 0.0549837
2.48967 0.0548607
2.49051 0.0548781
2.4923 0.0550184
2.49302 0.0550161
2.49326 0.0548891
2.49875 0.0554029
2.49899 0.0552276
2.49947 0.0550741
2.49995 0.0549398
2.50031 0.0548224
2.50078 0.0547196
2.5058 0.0551296
2.5064 0.0549884
2.50688 0.0548649
2.50736 0.0547568
2.50784 0.0546622
2.50831 0.0545794
2.50867 0.054507
2.50951 0.0545686
2.51023 0.0546225
2.51059 0.0545447
2.51118 0.0546016
2.51178 0.0545264
2.52003 0.0555856
2.52074 0.0553874
2.52122 0.055339
2.52146 0.0551716
2.52182 0.0550252
2.5223 0.054897
2.52266 0.0547849
2.5229 0.0546868
2.52325 0.0546009
2.52409 0.0546508
2.52469 0.0545695
2.52505 0.0546233
2.52553 0.0545454
2.526 0.0546022
2.53664 0.0557769
2.53712 0.0556798
2.53748 0.0554698
2.53796 0.0552861
2.54166 0.0555003
2.54226 0.0554378
2.54274 0.0552581
2.54298 0.0551008
2.54345 0.0549632
2.54429 0.0549678
2.54608 0.0550968
2.5468 0.0549597
2.54704 0.0548398
2.55254 0.0553598
2.55278 0.0551898
2.55325 0.0551661
2.55373 0.0550203
2.55409 0.0550178
2.55457 0.0548906
2.55959 0.0554042
2.56019 0.0553537
2.56066 0.0551845
2.56114 0.0551614
2.56162 0.0550163
2.5621 0.0550142
2.56246 0.0548874
2.56329 0.0549015
2.56401 0.0549138
2.56437 0.0547996
2.56497 0.0546996
2.56556 0.0546122
2.57381 0.0555357
2.57453 0.0553437
2.57501 0.0553007
2.57525 0.0551381
2.5756 0.0549959
2.57608 0.0549964
2.57644 0.0548718
2.57668 0.0547629
2.57704 0.0547925
2.57788 0.0546934
2.57847 0.0546068
2.57883 0.0545309
2.57931 0.0544646
2.57979 0.0544065
2.59042 0.0556057
2.5909 0.055405
2.59126 0.0552293
2.59174 0.0550757
2.59544 0.0554412
2.59604 0.0553861
2.59652 0.0552128
2.59676 0.0550612
2.59724 0.0550536
2.59807 0.0550469
2.59987 0.055041
2.60058 0.0549109
2.60082 0.054797
2.60632 0.0553224
2.60656 0.0551571
2.60704 0.0551375
2.60752 0.0549953
2.60787 0.0548709
2.60835 0.054762
2.61337 0.0552918
2.61397 0.0551303
2.61445 0.054989
2.61493 0.0548654
2.6154 0.0547572
2.61588 0.0546625
2.61624 0.0545797
2.61708 0.0546323
2.6178 0.0545532
2.61815 0.0544841
2.61875 0.0544236
2.61935 0.0544956
2.6276 0.0554337
2.62831 0.0553795
2.62879 0.055207
2.62903 0.0550561
2.62939 0.0549241
2.62987 0.0548086
2.63023 0.0547075
2.63046 0.0546191
2.63082 0.0545417
2.63166 0.054474
2.63226 0.0545397
2.63262 0.0544723
2.63309 0.0545382
2.63357 0.054471
2.64421 0.0557871
2.64469 0.0555637
2.64505 0.0554932
2.64552 0.0553066
2.64923 0.0556433
2.64983 0.0554379
2.6503 0.0552581
2.65054 0.0551009
2.65102 0.0550882
2.65186 0.0549522
2.65365 0.0549582
2.65437 0.0549634
2.65461 0.054843
2.66011 0.0554876
2.66034 0.0553017
2.66082 0.055139
2.6613 0.0549966
2.66166 0.054872
2.66214 0.054888
2.66716 0.055402
2.66775 0.0552268
2.66823 0.0551984
2.66871 0.0550486
2.66919 0.0550425
2.66967 0.0549122
2.67003 0.0549232
2.67086 0.0548078
2.67158 0.0547068
2.67194 0.0546185
2.67254 0.0545412
2.67313 0.0545985
2.68138 0.0555237
2.6821 0.0554582
2.68257 0.055276
2.68281 0.0551165
2.68317 0.0549769
2.68365 0.0548548
2.68401 0.0548729
2.68425 0.0547638
2.68461 0.0546683
2.68544 0.0547098
2.68604 0.0547461
2.6864 0.0546528
2.68688 0.0545712
2.68736 0.0544998
2.69799 0.0556873
2.69847 0.0554764
2.69883 0.0552919
2.69931 0.0551304
2.70301 0.0554891
2.70361 0.0553029
2.70409 0.0552651
2.70433 0.0551069
2.70481 0.0549686
2.70564 0.0548475
2.70744 0.0549916
2.70815 0.0549926
2.70839 0.0548685
2.71389 0.055385
2.71413 0.0552119
2.71461 0.0550604
2.71508 0.0550528
2.71544 0.0549212
2.71592 0.0548061
2.72094 0.0552053
2.72154 0.0550546
2.72202 0.0550478
2.72249 0.0549168
2.72297 0.0548022
2.72345 0.054702
2.72381 0.0546142
2.72465 0.0545374
2.72536 0.0545953
2.72572 0.0545208
2.72632 0.0545807
2.72692 0.0545081
2.73516 0.0554446
2.73588 0.055264
2.73636 0.055106
2.7366 0.0549678
2.73696 0.0548468
2.73743 0.054741
2.73779 0.0546483
2.73803 0.0545673
2.73839 0.0544964
2.73923 0.0545593
2.73982 0.0544894
2.74018 0.0544282
2.74066 0.0543747
2.74114 0.0544529
2.75178 0.0556463
2.75226 0.0555655
2.75261 0.0553698
2.75309 0.0553236
2.7568 0.0555331
2.75739 0.0553415
2.75787 0.0551738
2.75811 0.0550271
2.75859 0.0548987
2.75943 0.0549113
2.76122 0.0550474
2.76194 0.0549165
2.76218 0.0548019
2.76767 0.0553267
2.76791 0.0551609
2.76839 0.0550158
2.76887 0.0548888
2.76923 0.0547777
2.7697 0.0546805
2.77472 0.0552204
2.77532 0.0551929
2.7758 0.0550438
2.77628 0.0549133
2.77676 0.0547991
2.77723 0.0548242
2.77759 0.0547212
2.77843 0.0547561
2.77915 0.0547865
2.77951 0.0546882
2.7801 0.0547272
2.7807 0.0546363
2.78895 0.0555568
2.78966 0.0553622
2.79014 0.0553169
2.79038 0.0551523
2.79074 0.0550082
2.79122 0.0550072
2.79158 0.0548813
2.79182 0.0547711
2.79217 0.0546748
2.79301 0.0547154
2.79361 0.054626
2.79397 0.0545477
2.79445 0.0544793
2.79492 0.0544194
2.80556 0.0556169
2.80604 0.0555398
2.8064 0.0553473
2.80688 0.0551789
2.81058 0.0554066
2.81118 0.0553557
2.81166 0.0551863
2.8119 0.055038
2.81237 0.0549082
2.81321 0.0549197
2.815 0.0550547
2.81572 0.0549229
2.81596 0.0548075
2.82146 0.0553316
2.8217 0.0551651
2.82217 0.0551445
2.82265 0.0550014
2.82301 0.0550013
2.82349 0.0548761
2.82851 0.0553916
2.82911 0.0553426
2.82958 0.0551748
2.83006 0.055153
2.83054 0.0550088
2.83102 0.0550077
2.83138 0.0548818
2.83221 0.0548965
2.83293 0.0547845
2.83329 0.0546864
2.83389 0.0546006
2.83448 0.0545255
2.84273 0.0554598
2.84345 0.0554024
2.84393 0.0552271
2.84417 0.0550737
2.84452 0.0549395
2.845 0.054947
2.84536 0.0548287
2.8456 0.0547251
2.84596 0.0546344
2.8468 0.0545551
2.84739 0.0544857
2.84775 0.054425
2.84823 0.0544969
2.84871 0.0544348
2.85934 0.0557554
2.85982 0.055536
2.86018 0.055344
2.86066 0.055176
2.86436 0.055529
2.86496 0.0553379
2.86544 0.0551706
2.86568 0.0550243
2.86616 0.0550213
2.86699 0.0548936
2.86879 0.0549069
2.8695 0.0547935
2.86974 0.0546944
2.87524 0.0553576
2.87548 0.0551879
2.87596 0.0550394
2.87644 0.0549095
2.87679 0.0547958
2.87727 0.0546963
2.88229 0.0552343
2.88289 0.05508
2.88337 0.054945
2.88385 0.0548269
2.88432 0.0547235
2.8848 0.0546331
2.88516 0.0545539
2.886 0.0544847
2.88672 0.0544241
2.88707 0.0544961
2.88767 0.0544341
2.88827 0.0545048
2.89652 0.0554417
2.89723 0.0553865
2.89771 0.0552132
2.89795 0.0550615
2.89831 0.0549288
2.89879 0.0548127
2.89915 0.0547111
2.89938 0.0546223
2.89974 0.0545445
2.90058 0.0546014
2.90118 0.0546512
2.90154 0.0545698
2.90201 0.0546236
2.90249 0.0545456
2.91313 0.0558524
2.91361 0.0556209
2.91397 0.0554183
2.91444 0.055241
2.91815 0.0555859
2.91875 0.0553876
2.91922 0.0553392
2.91946 0.0551718
2.91994 0.0550253
2.92078 0.0548971
2.92257 0.055035
2.92329 0.0550306
2.92353 0.0549018
2.92903 0.0555391
2.92926 0.0553467
2.92974 0.0551784
2.93022 0.0551561
2.93058 0.0550115
2.93106 0.0550101
2.93608 0.0555088
2.93667 0.0553202
2.93715 0.0552802
2.93763 0.0551202
2.93811 0.0551052
2.93859 0.054967
2.93895 0.0548461
2.93978 0.0547404
2.9405 0.0547728
2.94086 0.0546762
2.94146 0.0545917
2.94205 0.0546427
2.9503 0.0555624
2.95102 0.0554921
2.95149 0.0553056
2.95173 0.0551424
2.95209 0.0551246
2.95257 0.054984
2.95293 0.054861
2.95317 0.0547534
2.95353 0.0546592
2.95436 0.0547018
2.95496 0.0546141
2.95532 0.0545373
2.9558 0.0544702
2.95628 0.0544114
2.96691 0.05561
2.96739 0.0554087
2.96775 0.0552326
2.96823 0.0552035
2.97193 0.0554281
2.97253 0.0552496
2.97301 0.0552184
2.97325 0.0550661
2.97373 0.0549328
2.97456 0.0549412
2.97636 0.0550736
2.97707 0.0550644
2.97731 0.0549313
2.98281 0.0554399
2.98305 0.0552599
2.98353 0.0551024
2.984 0.0550896
2.98436 0.0549534
2.98484 0.0548342
2.98986 0.05523
2.99046 0.0550762
2.99094 0.0549417
2.99141 0.054824
2.99189 0.054721
2.99237 0.0546309
2.99273 0.054552
2.99357 0.054608
2.99428 0.054657
2.99464 0.0545749
2.99524 0.054628
2.99584 0.0545495
3.00408 0.0554808
3.0048 0.0552957
3.00528 0.0551338
3.00552 0.054992
3.00588 0.054868
3.00635 0.0547595
3.00671 0.0546646
3.00695 0.0545815
3.00731 0.0545088
3.00815 0.0545702
3.00874 0.0544989
3.0091 0.0545616
3.00958 0.0544914
3.01006 0.054555
3.0207 0.0557356
3.02118 0.0556436
3.02153 0.0554382
3.02201 0.0553834
3.02572 0.0555855
3.02631 0.0555123
3.02679 0.0553233
3.02703 0.0551579
3.02751 0.0550131
3.02835 0.0550115
3.03014 0.055135
3.03086 0.0549932
3.0311 0.054869
3.03659 0.0553854
3.03683 0.0552122
3.03731 0.0550607
3.03779 0.0549281
3.03815 0.0548121
3.03862 0.0547106
3.04364 0.0552468
3.04424 0.0552159
3.04472 0.0550639
3.0452 0.0550559
3.04568 0.0549239
3.04615 0.0549334
3.04651 0.0548168
3.04735 0.0548397
3.04807 0.0548597
3.04843 0.0547522
3.04902 0.0547832
3.04962 0.0546853
3.05787 0.0555996
3.05858 0.0553997
3.05906 0.0553497
3.0593 0.055181
3.05966 0.0550334
3.06014 0.0550292
3.0605 0.0549006
3.06074 0.054788
3.06109 0.0548145
3.06193 0.0547127
3.06253 0.0546236
3.06289 0.0545456
3.06337 0.0544774
3.06384 0.0544178
3.07448 0.0556155
3.07496 0.0554136
3.07532 0.0552369
3.0758 0.0550823
3.0795 0.055322
3.0801 0.0552817
3.08058 0.0551215
3.08082 0.0549813
3.08129 0.0548587
3.08213 0.0548763
3.08392 0.0548918
3.08464 0.0547803
3.08488 0.0546828
3.09038 0.0552224
3.09062 0.0550696
3.09109 0.0550609
3.09157 0.0549283
3.09193 0.0548123
3.09241 0.0547107
3.09743 0.0552469
3.09803 0.055216
3.0985 0.055064
3.09898 0.054931
3.09946 0.0548146
3.09994 0.0547128
3.1003 0.0546237
3.10113 0.0546707
3.10185 0.0545869
3.10221 0.0545135
3.10281 0.0544493
3.1034 0.0543932
3.11165 0.055344
3.11237 0.055301
3.11285 0.0551384
3.11309 0.0549961
3.11344 0.0548716
3.11392 0.0547626
3.11428 0.0546673
3.11452 0.0545839
3.11488 0.0545109
3.11572 0.054447
3.11631 0.0545162
3.11667 0.0544516
3.11715 0.0545202
3.11763 0.0544552
3.12826 0.0557733
3.12874 0.0555516
3.1291 0.0554827
3.12958 0.0552973
3.13328 0.0556352
3.13388 0.0554308
3.13436 0.0552519
3.1346 0.0550954
3.13508 0.0550835
3.13591 0.0549481
3.13771 0.0549546
3.13842 0.0549602
3.13866 0.0548402
3.14416 0.0554852
3.1444 0.0552995
3.14488 0.0551371
3.14536 0.054995
3.14571 0.0548706
3.14619 0.0548868
3.15121 0.0554009
3.15181 0.0552258
3.15229 0.0550726
3.15277 0.0549385
3.15324 0.0549462
3.15372 0.0548279
3.15408 0.0548494
3.15492 0.0547432
3.15564 0.0546503
3.15599 0.054569
3.15659 0.0544979
3.15719 0.0545607
3.16544 0.0554906
3.16615 0.0554293
3.16663 0.0552506
3.16687 0.0550943
3.16723 0.0549575
3.16771 0.0548378
3.16807 0.0548581
3.1683 0.0547508
3.16866 0.054657
3.1695 0.0546998
3.1701 0.0547374
3.17046 0.0546452
3.17093 0.0545645
3.17141 0.054494
3.18205 0.0558072
3.18253 0.0555813
3.18289 0.0553837
3.18336 0.0552107
3.18707 0.0555594
3.18767 0.0553644
3.18814 0.0553189
3.18838 0.055154
3.18886 0.0550098
3.1897 0.0548835
3.19149 0.0550231
3.19221 0.0550202
3.19245 0.0548927
3.19795 0.0554061
3.19818 0.0552303
3.19866 0.0550765
3.19914 0.055067
3.1995 0.0549336
3.19998 0.0548169
3.205 0.0552148
3.20559 0.0550629
3.20607 0.0550551
3.20655 0.0549232
3.20703 0.0549328
3.20751 0.0548162
3.20787 0.0547142
3.2087 0.0546249
3.20942 0.0546718
3.20978 0.0545878
3.21038 0.0546393
3.21097 0.0545594
3.21922 0.0554895
3.21994 0.0553033
3.22041 0.0551404
3.22065 0.0549978
3.22101 0.0549981
3.22149 0.0548733
3.22185 0.0547642
3.22209 0.0546687
3.22245 0.0545851
3.22328 0.0546369
3.22388 0.0545573
3.22424 0.0544877
3.22472 0.0544267
3.2252 0.0544984
3.23583 0.0556861
3.23631 0.0554753
3.23667 0.0552909
3.23715 0.0552545
3.24085 0.0554727
3.24145 0.0552886
3.24193 0.0551275
3.24217 0.0549866
3.24265 0.0548633
3.24348 0.0548804
3.24528 0.0550203
3.24599 0.0548928
3.24623 0.0547812
3.25173 0.0553085
3.25197 0.055145
3.25245 0.0550018
3.25292 0.0548766
3.25328 0.054767
3.25376 0.0546712
3.25878 0.0552123
3.25938 0.0551857
3.25986 0.0550375
3.26033 0.0549078
3.26081 0.0547943
3.26129 0.0546951
3.26165 0.0546082
3.26249 0.0546571
3.2632 0.0547
3.26356 0.0546125
3.26416 0.0546609
3.26476 0.0545783
3.273 0.055631
3.27372 0.0554272
3.2742 0.0553738
3.27444 0.055202
3.2748 0.0550518
3.27527 0.0549203
3.27563 0.0548053
3.27587 0.0547046
3.27623 0.0546165
3.27707 0.0546645
3.27766 0.0545814
3.27802 0.0546337
3.2785 0.0545545
3.27898 0.0544852
3.28962 0.0556746
3.2901 0.0555902
3.29045 0.0553915
3.29093 0.0552175
3.29464 0.0554403
3.29523 0.0553853
3.29571 0.0552121
3.29595 0.0550606
3.29643 0.054928
3.29727 0.054937
3.29906 0.0550699
3.29978 0.0549362
3.30002 0.0549441
3.30551 0.0554511
3.30575 0.0552697
3.30623 0.055236
3.30671 0.0550815
3.30707 0.0550713
3.30754 0.0549374
3.31256 0.0554452
3.31316 0.0553896
3.31364 0.0552159
3.31412 0.0551889
3.3146 0.0550403
3.31507 0.0550352
3.31543 0.0549058
3.31627 0.0549176
3.31699 0.0548029
3.31735 0.0547025
3.31794 0.0546147
3.31854 0.0545379
3.32679 0.0554706
3.3275 0.0552868
3.32798 0.055126
3.32822 0.0549852
3.32858 0.0548621
3.32906 0.0548793
3.32942 0.0547694
3.32966 0.0546732
3.33001 0.0547141
3.33085 0.0546248
3.33145 0.0545467
3.33181 0.0544784
3.33229 0.0544186
3.33276 0.0543662
3.3434 0.0556955
3.34388 0.0554835
3.34424 0.0552981
3.34472 0.0551358
3.34842 0.0554938
3.34902 0.0554321
3.3495 0.0552531
3.34974 0.0550965
3.35021 0.0550844
3.35105 0.0550739
3.35284 0.0550646
3.35356 0.0549315
3.3538 0.0548151
3.3593 0.0553382
3.35954 0.0551709
3.36001 0.0551496
3.36049 0.0550059
3.36085 0.0548801
3.36133 0.0547701
3.36635 0.0552989
3.36695 0.0551365
3.36742 0.0549944
3.3679 0.0548701
3.36838 0.0547614
3.36886 0.0546662
3.36922 0.0545829
3.37005 0.0546351
3.37077 0.0545557
3.37113 0.0546112
3.37173 0.0545348
3.37232 0.054593
3.38057 0.0555188
3.38129 0.055454
3.38177 0.0552722
3.38201 0.0552382
3.38236 0.0550834
3.38284 0.054948
3.3832 0.0548295
3.38344 0.0547258
3.3838 0.0546351
3.38464 0.0545557
3.38523 0.0546112
3.38559 0.0545348
3.38607 0.054593
3.38655 0.0545189
3.39718 0.055829
3.39766 0.0556004
3.39802 0.0555253
3.3985 0.0553347
3.4022 0.0556678
3.4028 0.0554593
3.40328 0.0552769
3.40352 0.0551173
3.404 0.0549776
3.40483 0.0548554
3.40663 0.0548735
3.40734 0.0548893
3.40758 0.0547782
3.41308 0.0554309
3.41332 0.055252
3.4138 0.0550955
3.41428 0.0549586
3.41463 0.0548388
3.41511 0.0548589
3.42013 0.0553765
3.42073 0.0552045
3.42121 0.0551789
3.42169 0.0550316
3.42216 0.0550276
3.42264 0.0548992
3.423 0.0549118
3.42384 0.0547978
3.42456 0.0546981
3.42491 0.0546108
3.42551 0.0545345
3.42611 0.0545926
3.43436 0.0555186
3.43507 0.0554537
3.43555 0.055272
3.43579 0.055113
3.43615 0.0549739
3.43663 0.0548522
3.43699 0.0547456
3.43722 0.0546524
3.43758 0.0545709
3.43842 0.0546245
3.43902 0.0546715
3.43938 0.0545875
3.43985 0.0545141
3.44033 0.0544498
3.45097 0.0556436
3.45145 0.0554381
3.45181 0.0552584
3.45228 0.0551011
3.45599 0.0553384
3.45659 0.0551711
3.45706 0.0551497
3.4573 0.055006
3.45778 0.0548803
3.45862 0.0548952
3.46041 0.0550333
3.46113 0.0550292
3.46137 0.0549005
3.46687 0.055413
3.4671 0.0552363
3.46758 0.0550818
3.46806 0.0550716
3.46842 0.0549376
3.4689 0.0548204
3.47392 0.0552179
3.47451 0.0550656
3.47499 0.0549324
3.47547 0.0548159
3.47595 0.0547139
3.47643 0.0546247
3.47679 0.0545466
3.47762 0.0544782
3.47834 0.0545435
3.4787 0.0544755
3.4793 0.0545411
3.47989 0.0544735
3.48814 0.0554143
3.48886 0.0552375
3.48933 0.0550828
3.48957 0.0549475
3.48993 0.054829
3.49041 0.0547254
3.49077 0.0546347
3.49101 0.0546804
3.49137 0.0545953
3.4922 0.0546459
3.4928 0.0545652
3.49316 0.0544945
3.49364 0.0544327
3.49412 0.0545036
3.50475 0.0556907
3.50523 0.0556043
3.50559 0.0554038
3.50607 0.0553533
3.50977 0.0555592
3.51037 0.0554893
3.51085 0.0553031
3.51109 0.0551402
3.51157 0.0549977
3.5124 0.054998
3.5142 0.0551232
3.51491 0.0549828
3.51515 0.05486
3.52065 0.0553775
3.52089 0.0552053
3.52137 0.0550546
3.52184 0.0549228
3.5222 0.0548074
3.52268 0.0547065
3.5277 0.0552432
3.5283 0.0552128
3.52878 0.0550612
3.52925 0.0550535
3.52973 0.0549219
3.53021 0.0549316
3.53057 0.0548152
3.53141 0.0548383
3.53212 0.0548585
3.53248 0.0547512
3.53308 0.0547823
3.53368 0.0546845
3.54192 0.0555989
3.54264 0.0553991
3.54312 0.0553492
3.54336 0.0551805
3.54372 0.055033
3.54419 0.0550288
3.54455 0.0549002
3.54479 0.0547877
3.54515 0.0546892
3.54599 0.0546031
3.54658 0.0545277
3.54694 0.0544617
3.54742 0.054404
3.5479 0.0543535
3.55854 0.0555593
3.55902 0.0554894
3.55937 0.0553032
3.55985 0.0551403
3.56356 0.0553728
3.56415 0.0553262
3.56463 0.0551604
3.56487 0.0550154
3.56535 0.0548884
3.56619 0.0549024
3.56798 0.0549146
3.5687 0.0548003
3.56894 0.0547002
3.57443 0.0552377
3.57467 0.055083
3.57515 0.0550726
3.57563 0.0549385
3.57599 0.0548212
3.57646 0.0547186
3.58148 0.0552537
3.58208 0.055222
3.58256 0.0550693
3.58304 0.0550606
3.58352 0.054928
3.58399 0.054812
3.58435 0.0547105
3.58519 0.0547467
3.58591 0.0546534
3.58627 0.0545717
3.58686 0.0545002
3.58746 0.0544377
3.59571 0.055383
3.59642 0.0553351
3.5969 0.0551682
3.59714 0.0550222
3.5975 0.0548944
3.59798 0.0547826
3.59834 0.0546848
3.59858 0.0545992
3.59893 0.0545243
3.59977 0.0544588
3.60037 0.0545264
3.60073 0.0544606
3.60121 0.054528
3.60168 0.054462
3.61232 0.0557793
3.6128 0.0555569
3.61316 0.0553623
3.61364 0.055192
3.61734 0.055543
3.61794 0.0553501
3.61842 0.0551813
3.61866 0.0550337
3.61913 0.0550295
3.61997 0.0549008
3.62176 0.0549132
3.62248 0.054924
3.62272 0.0548085
3.62822 0.0554575
3.62846 0.0552753
3.62893 0.0551159
3.62941 0.0549764
3.62977 0.0548543
3.63025 0.0548725
3.63527 0.0553885
3.63587 0.0552149
3.63634 0.0550631
3.63682 0.0549302
3.6373 0.0548139
3.63778 0.0547122
3.63814 0.0547481
3.63897 0.0546546
3.63969 0.0545728
3.64005 0.0546262
3.64065 0.0545479
3.64124 0.0546044
3.64949 0.0555289
3.65021 0.0554628
3.65069 0.0552799
3.65093 0.0551199
3.65128 0.0549799
3.65176 0.0548574
3.65212 0.0548753
3.65236 0.0547659
3.65272 0.0546701
3.65356 0.0547114
3.65415 0.0547474
3.65451 0.054654
3.65499 0.0545723
3.65547 0.0545007
3.6661 0.0558131
3.66658 0.0555865
3.66694 0.0553882
3.66742 0.0552147
3.67112 0.0555628
3.67172 0.0553675
3.6722 0.0553215
3.67244 0.0551563
3.67292 0.0550118
3.67375 0.0548853
3.67555 0.0550247
3.67626 0.0550216
3.6765 0.0548939
3.682 0.0555321
3.68224 0.0553406
3.68272 0.055173
3.6832 0.0551514
3.68355 0.0550075
3.68403 0.0550066
3.68905 0.0555057
3.68965 0.0553175
3.69013 0.0552778
3.69061 0.0551181
3.69108 0.0551033
3.69156 0.0549654
3.69192 0.0548447
3.69276 0.0547391
3.69348 0.0547718
3.69383 0.0546753
3.69443 0.0545909
3.69503 0.054642
3.70328 0.0555618
3.70399 0.0553665
3.70447 0.0551957
3.70471 0.0550463
3.70507 0.0550405
3.70555 0.0549104
3.70591 0.0547966
3.70614 0.054697
3.7065 0.0546099
3.70734 0.0546587
3.70794 0.0545763
3.7083 0.0545043
3.70877 0.0544413
3.70925 0.0545111
3.71989 0.0556972
3.72037 0.0554851
3.72073 0.0552994
3.7212 0.055262
3.72491 0.0554792
3.72551 0.0552943
3.72598 0.0551325
3.72622 0.054991
3.7267 0.0548671
3.72754 0.0548837
3.72933 0.0550233
3.73005 0.0550203
3.73029 0.0548928
3.73579 0.0554062
3.73602 0.0552304
3.7365 0.0550766
3.73698 0.054942
3.73734 0.0548243
3.73782 0.0547213
3.74284 0.0551311
3.74343 0.0549897
3.74391 0.054866
3.74439 0.0547577
3.74487 0.054663
3.74535 0.0545801
3.74571 0.0545076
3.74654 0.0545692
3.74726 0.054623
3.74762 0.0545451
3.74822 0.054602
3.74881 0.0545268
3.75706 0.0554609
3.75778 0.0552783
3.75825 0.0552435
3.75849 0.0550881
3.75885 0.0549521
3.75933 0.0548331
3.75969 0.0547289
3.75993 0.0546378
3.76029 0.0545581
3.76112 0.0546133
3.76172 0.0545367
3.76208 0.0545946
3.76256 0.0545202
3.76304 0.0545802
3.77367 0.0557577
3.77415 0.055663
3.77451 0.0554551
3.77499 0.0552732
3.77869 0.0554891
3.77929 0.0554279
3.77977 0.0552494
3.78001 0.0552183
3.78049 0.055066
3.78132 0.0550577
3.78312 0.0551755
3.78383 0.0550286
3.78407 0.0549
3.78957 0.0554125
3.78981 0.0552359
3.79029 0.0550814
3.79076 0.0549463
3.79112 0.054953
3.7916 0.0548339
3.79662 0.0553546
3.79722 0.0553103
3.7977 0.0551465
3.79817 0.0551282
3.79865 0.0549872
3.79913 0.0549888
3.79949 0.0548652
3.80033 0.054882
3.80104 0.0548968
3.8014 0.0547847
3.802 0.0546866
3.8026 0.0546008
3.81084 0.0555257
3.81156 0.055335
3.81204 0.0552931
3.81228 0.0551315
3.81264 0.05499
3.81311 0.0549913
3.81347 0.0548674
3.81371 0.0547589
3.81407 0.0547891
3.81491 0.0546904
3.8155 0.0546041
3.81586 0.0545286
3.81634 0.0544625
3.81682 0.0544047
3.82746 0.0556041
3.82794 0.0554036
3.82829 0.0552282
3.82877 0.0550746
3.83248 0.0554403
3.83307 0.0553853
3.83355 0.0552121
3.83379 0.0550606
3.83427 0.054928
3.83511 0.054937
3.8369 0.0549449
3.83762 0.0548268
3.83786 0.0547234
3.84335 0.055258
3.84359 0.0551008
3.84407 0.0550882
3.84455 0.0549521
3.84491 0.0548331
3.84538 0.054729
3.8504 0.0552629
3.851 0.05523
3.85148 0.0550762
3.85196 0.0549417
3.85244 0.054824
3.85291 0.054721
3.85327 0.0546309
3.85411 0.054677
3.85483 0.0545924
3.85519 0.0545183
3.85578 0.0544535
3.85638 0.0545219
3.86463 0.0554566
3.86534 0.0553995
3.86582 0.0552246
3.86606 0.0550715
3.86642 0.0549376
3.8669 0.0548204
3.86726 0.0547178
3.8675 0.0546281
3.86785 0.0545496
3.86869 0.0544809
3.86929 0.0545458
3.86965 0.0544776
3.87013 0.0545429
3.8706 0.054475
3.88124 0.0557906
3.88172 0.0555668
3.88208 0.055496
3.88256 0.055309
3.88626 0.0556453
3.88686 0.0554397
3.88734 0.0552597
3.88758 0.0551022
3.88805 0.0550895
3.88889 0.0549533
3.89068 0.0549591
3.8914 0.0549642
3.89164 0.0548437
3.89714 0.0554882
3.89738 0.0553022
3.89785 0.0551394
3.89833 0.054997
3.89869 0.0548724
3.89917 0.0548883
3.90419 0.0554023
3.90479 0.055227
3.90526 0.0550736
3.90574 0.0549394
3.90622 0.054947
3.9067 0.0548286
3.90706 0.05485
3.90789 0.0547438
3.90861 0.0546508
3.90897 0.0545695
3.90957 0.0544983
3.91016 0.054561
3.91841 0.0554909
3.91913 0.0554295
3.91961 0.0552508
3.91985 0.0550945
3.9202 0.0549577
3.92068 0.0548379
3.92104 0.0548582
3.92128 0.0547509
3.92164 0.0546571
3.92248 0.0546999
3.92307 0.0547374
3.92343 0.0546453
3.92391 0.0545646
3.92439 0.054494
3.93502 0.0558073
3.9355 0.0555814
3.93586 0.0553837
3.93634 0.0552107
3.94004 0.0555594
3.94064 0.0553645
3.94112 0.0553189
3.94136 0.055154
3.94184 0.0550098
3.94267 0.0548836
3.94447 0.0550231
3.94518 0.0550202
3.94542 0.0548927
3.95092 0.0554061
3.95116 0.0552303
3.95164 0.0550766
3.95212 0.055067
3.95247 0.0549336
3.95295 0.0548169
3.95797 0.0552148
3.95857 0.0550629
3.95905 0.0550551
3.95953 0.0549232
3.96 0.0549328
3.96048 0.0548162
3.96084 0.0547142
3.96168 0.0546249
3.9624 0.0546718
3.96275 0.0545878
3.96335 0.0546393
3.96395 0.0545594
3.9722 0.0554895
3.97291 0.0553033
3.97339 0.0551404
3.97363 0.0549978
3.97399 0.0548731
3.97447 0.054764
3.97483 0.0546685
3.97506 0.0545849
3.97542 0.0545118
3.97626 0.0545728
3.97686 0.0545012
3.97722 0.0544386
3.97769 0.0543837
3.97817 0.0544608
