0.0 0
0.0200186 4294967295
0.0402706 4294967295
0.0414658 4294967295
0.042661 4294967295
0.0438562 4294967295
0.0450514 4294967295
0.0605182 4294967295
0.0617134 4294967295
0.062311 4294967295
0.0637453 4294967295
0.065299 4294967295
0.0658966 4294967295
0.0673309 4294967295
0.0807659 4294967295
0.081244 4294967295
0.0827977 4294967295
0.0835149 4294967295
0.0841125 4294967295
0.0862638 4294967295
0.0879371 4294967295
0.0884152 4294967295
0.0892518 4294967295
0.0915227 4294967295
0.0918813 4294967295
0.101253 4294967295
0.101731 4294967295
0.102328 4294967295
0.104838 4294967295
0.105436 4294967295
0.105914 4294967295
0.106512 4294967295
0.109858 4294967295
0.110217 4294967295
0.112009 4294967295
0.112488 4294967295
0.113085 4294967295
0.11428 4294967295
0.117149 4294967295
0.117507 4294967295
0.117985 4294967295
0.1215 4294967295
0.121978 4294967295
0.122337 4294967295
0.122935 4294967295
0.123532 4294967295
0.127118 4294967295
0.127596 4294967295
0.128074 4294967295
0.128432 4294967295
0.12903 4294967295
0.129628 4294967295
0.134169 4294967295
0.134408 4294967295
0.134887 4294967295
0.137875 4294967295
0.138353 4294967295
0.138592 4294967295
0.139428 4294967295
0.140863 4294967295
0.14146 4294967295
0.144926 4294967295
0.145404 4294967295
0.145763 4294967295
0.146241 4294967295
0.150185 4294967295
0.150663 4294967295
0.151141 4294967295
0.151619 4294967295
0.151858 4294967295
0.152695 4294967295
0.153173 4294967295
0.15389 4294967295
0.159388 4294967295
0.159866 4294967295
0.160105 4294967295
0.160583 4294967295
0.160942 4294967295
0.161181 4294967295
0.162018 4294967295
0.162496 4294967295
0.162974 4294967295
0.169906 4294967295
0.170264 4294967295
0.170623 4294967295
0.171101 4294967295
0.175165 4294967295
0.175762 4294967295
0.176121 4294967295
0.17648 4294967295
0.176958 4294967295
0.177794 4294967295
0.179348 4294967295
0.180065 4294967295
0.180543 4294967295
0.185922 4294967295
0.18628 4294967295
0.186758 4294967295
0.187117 4294967295
0.187595 4294967295
0.188073 4294967295
0.193093 4294967295
0.19369 4294967295
0.194168 4294967295
0.194647 4294967295
0.195125 4294967295
0.195483 4294967295
0.195842 4294967295
0.196559 4294967295
0.197276 4294967295
0.197874 4294967295
0.198352 4294967295
0.198949 4294967295
0.207316 4294967295
0.208033 4294967295
0.208391 4294967295
0.20863 4294967295
0.208989 4294967295
0.209467 4294967295
0.209706 4294967295
0.209945 4294967295
0.210423 4294967295
0.21114 4294967295
0.211738 4294967295
0.212096 4294967295
0.212575 4294967295
0.213053 4294967295
0.22357 4294967295
0.224048 4294967295
0.224288 4294967295
0.224885 4294967295
0.228949 4294967295
0.229546 4294967295
0.230024 4294967295
0.230264 4294967295
0.230742 4294967295
0.231578 4294967295
0.233252 4294967295
0.233969 4294967295
0.234327 4294967295
0.239825 4294967295
0.240064 4294967295
0.240542 4294967295
0.24102 4294967295
0.241379 4294967295
0.241857 4294967295
0.246877 4294967295
0.247474 4294967295
0.247952 4294967295
0.248431 4294967295
0.248909 4294967295
0.249387 4294967295
0.249745 4294967295
0.250462 4294967295
0.25118 4294967295
0.251658 4294967295
0.252255 4294967295
0.252853 4294967295
0.2611 4294967295
0.261817 4294967295
0.262295 4294967295
0.262534 4294967295
0.262892 4294967295
0.263371 4294967295
0.263729 4294967295
0.263968 4294967295
0.264327 4294967295
0.265163 4294967295
0.265761 4294967295
0.26612 4294967295
0.266598 4294967295
0.267076 4294967295
0.277713 4294967295
0.278191 4294967295
0.27855 4294967295
0.279028 4294967295
0.282733 4294967295
0.28333 4294967295
0.283808 4294967295
0.284048 4294967295
0.284526 4294967295
0.285362 4294967295
0.287155 4294967295
0.287872 4294967295
0.288111 4294967295
0.293609 4294967295
0.293848 4294967295
0.294326 4294967295
0.294804 4294967295
0.295163 4294967295
0.295641 4294967295
0.300661 4294967295
0.301258 4294967295
0.301736 4294967295
0.302215 4294967295
0.302693 4294967295
0.303171 4294967295
0.303529 4294967295
0.304366 4294967295
0.305083 4294967295
0.305442 4294967295
0.306039 4294967295
0.306637 4294967295
0.314884 4294967295
0.315601 4294967295
0.316079 4294967295
0.316318 4294967295
0.316676 4294967295
0.317155 4294967295
0.317513 4294967295
0.317752 4294967295
0.318111 4294967295
0.318947 4294967295
0.319545 4294967295
0.319904 4294967295
0.320382 4294967295
0.32086 4294967295
0.331497 4294967295
0.331975 4294967295
0.332334 4294967295
0.332812 4294967295
0.336517 4294967295
0.337114 4294967295
0.337592 4294967295
0.337832 4294967295
0.33831 4294967295
0.339146 4294967295
0.340939 4294967295
0.341656 4294967295
0.341895 4294967295
0.347393 4294967295
0.347632 4294967295
0.34811 4294967295
0.348588 4294967295
0.348947 4294967295
0.349425 4294967295
0.354445 4294967295
0.355042 4294967295
0.35552 4294967295
0.355999 4294967295
0.356477 4294967295
0.356955 4294967295
0.357313 4294967295
0.35815 4294967295
0.358867 4294967295
0.359226 4294967295
0.359823 4294967295
0.360421 4294967295
0.368668 4294967295
0.369385 4294967295
0.369863 4294967295
0.370102 4294967295
0.37046 4294967295
0.370939 4294967295
0.371297 4294967295
0.371536 4294967295
0.371895 4294967295
0.372731 4294967295
0.373329 4294967295
0.373688 4294967295
0.374166 4294967295
0.374644 4294967295
0.385281 4294967295
0.385759 4294967295
0.386118 4294967295
0.386596 4294967295
0.390301 4294967295
0.390898 4294967295
0.391376 4294967295
0.391616 4294967295
0.392094 4294967295
0.39293 4294967295
0.394723 4294967295
0.39544 4294967295
0.395679 4294967295
0.401177 4294967295
0.401416 4294967295
0.401894 4294967295
0.402372 4294967295
0.402731 4294967295
0.403209 4294967295
0.408229 4294967295
0.408826 4294967295
0.409304 4294967295
0.409783 4294967295
0.410261 4294967295
0.410739 4294967295
0.411097 4294967295
0.411934 4294967295
0.412651 4294967295
0.41301 4294967295
0.413607 4294967295
0.414205 4294967295
0.422452 4294967295
0.423169 4294967295
0.423647 4294967295
0.423886 4294967295
0.424244 4294967295
0.424723 4294967295
0.425081 4294967295
0.42532 4294967295
0.425679 4294967295
0.426515 4294967295
0.427113 4294967295
0.427472 4294967295
0.42795 4294967295
0.428428 4294967295
0.439065 4294967295
0.439543 4294967295
0.439902 4294967295
0.44038 4294967295
0.444085 4294967295
0.444682 4294967295
0.44516 4294967295
0.4454 4294967295
0.445878 4294967295
0.446714 4294967295
0.448507 4294967295
0.449224 4294967295
0.449463 4294967295
0.454961 4294967295
0.4552 4294967295
0.455678 4294967295
0.456156 4294967295
0.456515 4294967295
0.456993 4294967295
0.462013 4294967295
0.46261 4294967295
0.463088 4294967295
0.463567 4294967295
0.464045 4294967295
0.464523 4294967295
0.464881 4294967295
0.465718 4294967295
0.466435 4294967295
0.466794 4294967295
0.467391 4294967295
0.467989 4294967295
0.476236 4294967295
0.476953 4294967295
0.477431 4294967295
0.47767 4294967295
0.478028 4294967295
0.478507 4294967295
0.478865 4294967295
0.479104 4294967295
0.479463 4294967295
0.480299 4294967295
0.480897 4294967295
0.481256 4294967295
0.481734 4294967295
0.482212 4294967295
0.492849 4294967295
0.493327 4294967295
0.493686 4294967295
0.494164 4294967295
0.497869 4294967295
0.498466 4294967295
0.498944 4294967295
0.499184 4294967295
0.499662 4294967295
0.500498 4294967295
0.502291 4294967295
0.503008 4294967295
0.503247 4294967295
0.508745 4294967295
0.508984 4294967295
0.509462 4294967295
0.50994 4294967295
0.510299 4294967295
0.510777 4294967295
0.515797 4294967295
0.516394 4294967295
0.516872 4294967295
0.517351 4294967295
0.517829 4294967295
0.518307 4294967295
0.518665 4294967295
0.519502 4294967295
0.520219 4294967295
0.520578 4294967295
0.521175 4294967295
0.521773 4294967295
0.53002 4294967295
0.530737 4294967295
0.531215 4294967295
0.531454 4294967295
0.531812 4294967295
0.532291 4294967295
0.532649 4294967295
0.532888 4294967295
0.533247 4294967295
0.534083 4294967295
0.534681 4294967295
0.53504 4294967295
0.535518 4294967295
0.535996 4294967295
0.546633 4294967295
0.547111 4294967295
0.54747 4294967295
0.547948 4294967295
0.551653 4294967295
0.55225 4294967295
0.552728 4294967295
0.552968 4294967295
0.553446 4294967295
0.554282 4294967295
0.556075 4294967295
0.556792 4294967295
0.557031 4294967295
0.562529 4294967295
0.562768 4294967295
0.563246 4294967295
0.563724 4294967295
0.564083 4294967295
0.564561 4294967295
0.569581 4294967295
0.570178 4294967295
0.570656 4294967295
0.571135 4294967295
0.571613 4294967295
0.572091 4294967295
0.572449 4294967295
0.573286 4294967295
0.574003 4294967295
0.574362 4294967295
0.574959 4294967295
0.575557 4294967295
0.583804 4294967295
0.584521 4294967295
0.584999 4294967295
0.585238 4294967295
0.585596 4294967295
0.586075 4294967295
0.586433 4294967295
0.586672 4294967295
0.587031 4294967295
0.587867 4294967295
0.588465 4294967295
0.588824 4294967295
0.589302 4294967295
0.58978 4294967295
0.600417 4294967295
0.600895 4294967295
0.601254 4294967295
0.601732 4294967295
0.605437 4294967295
0.606034 4294967295
0.606512 4294967295
0.606752 4294967295
0.60723 4294967295
0.608066 4294967295
0.609859 4294967295
0.610576 4294967295
0.610815 4294967295
0.616313 4294967295
0.616552 4294967295
0.61703 4294967295
0.617508 4294967295
0.617867 4294967295
0.618345 4294967295
0.623365 4294967295
0.623962 4294967295
0.62444 4294967295
0.624919 4294967295
0.625397 4294967295
0.625875 4294967295
0.626233 4294967295
0.62707 4294967295
0.627787 4294967295
0.628146 4294967295
0.628743 4294967295
0.629341 4294967295
0.637588 4294967295
0.638305 4294967295
0.638783 4294967295
0.639022 4294967295
0.63938 4294967295
0.639859 4294967295
0.640217 4294967295
0.640456 4294967295
0.640815 4294967295
0.641651 4294967295
0.642249 4294967295
0.642608 4294967295
0.643086 4294967295
0.643564 4294967295
0.654201 4294967295
0.654679 4294967295
0.655038 4294967295
0.655516 4294967295
0.659221 4294967295
0.659818 4294967295
0.660296 4294967295
0.660536 4294967295
0.661014 4294967295
0.66185 4294967295
0.663643 4294967295
0.66436 4294967295
0.664599 4294967295
0.670097 4294967295
0.670336 4294967295
0.670814 4294967295
0.671292 4294967295
0.671651 4294967295
0.672129 4294967295
0.677149 4294967295
0.677746 4294967295
0.678224 4294967295
0.678703 4294967295
0.679181 4294967295
0.679659 4294967295
0.680017 4294967295
0.680854 4294967295
0.681571 4294967295
0.68193 4294967295
0.682527 4294967295
0.683125 4294967295
0.691372 4294967295
0.692089 4294967295
0.692567 4294967295
0.692806 4294967295
0.693164 4294967295
0.693643 4294967295
0.694001 4294967295
0.69424 4294967295
0.694599 4294967295
0.695435 4294967295
0.696033 4294967295
0.696392 4294967295
0.69687 4294967295
0.697348 4294967295
0.707985 4294967295
0.708463 4294967295
0.708822 4294967295
0.7093 4294967295
0.713005 4294967295
0.713602 4294967295
0.71408 4294967295
0.71432 4294967295
0.714798 4294967295
0.715634 4294967295
0.717427 4294967295
0.718144 4294967295
0.718383 4294967295
0.723881 4294967295
0.72412 4294967295
0.724598 4294967295
0.725076 4294967295
0.725435 4294967295
0.725913 4294967295
0.730933 4294967295
0.73153 4294967295
0.732008 4294967295
0.732487 4294967295
0.732965 4294967295
0.733443 4294967295
0.733801 4294967295
0.734638 4294967295
0.735355 4294967295
0.735714 4294967295
0.736311 4294967295
0.736909 4294967295
0.745156 4294967295
0.745873 4294967295
0.746351 4294967295
0.74659 4294967295
0.746948 4294967295
0.747427 4294967295
0.747785 4294967295
0.748024 4294967295
0.748383 4294967295
0.749219 4294967295
0.749817 4294967295
0.750176 4294967295
0.750654 4294967295
0.751132 4294967295
0.761769 4294967295
0.762247 4294967295
0.762606 4294967295
0.763084 4294967295
0.766789 4294967295
0.767386 4294967295
0.767864 4294967295
0.768104 4294967295
0.768582 4294967295
0.769418 4294967295
0.771211 4294967295
0.771928 4294967295
0.772167 4294967295
0.777665 4294967295
0.777904 4294967295
0.778382 4294967295
0.77886 4294967295
0.779219 4294967295
0.779697 4294967295
0.784717 4294967295
0.785314 4294967295
0.785792 4294967295
0.786271 4294967295
0.786749 4294967295
0.787227 4294967295
0.787585 4294967295
0.788422 4294967295
0.789139 4294967295
0.789498 4294967295
0.790095 4294967295
0.790693 4294967295
0.79894 4294967295
0.799657 4294967295
0.800135 4294967295
0.800374 4294967295
0.800732 4294967295
0.801211 4294967295
0.801569 4294967295
0.801808 4294967295
0.802167 4294967295
0.803003 4294967295
0.803601 4294967295
0.80396 4294967295
0.804438 4294967295
0.804916 4294967295
0.815553 4294967295
0.816031 4294967295
0.81639 4294967295
0.816868 4294967295
0.820573 4294967295
0.82117 4294967295
0.821648 4294967295
0.821888 4294967295
0.822366 4294967295
0.823202 4294967295
0.824995 4294967295
0.825712 4294967295
0.825951 4294967295
0.831449 4294967295
0.831688 4294967295
0.832166 4294967295
0.832644 4294967295
0.833003 4294967295
0.833481 4294967295
0.838501 4294967295
0.839098 4294967295
0.839576 4294967295
0.840055 4294967295
0.840533 4294967295
0.841011 4294967295
0.841369 4294967295
0.842206 4294967295
0.842923 4294967295
0.843282 4294967295
0.843879 4294967295
0.844477 4294967295
0.852724 4294967295
0.853441 4294967295
0.853919 4294967295
0.854158 4294967295
0.854516 4294967295
0.854995 4294967295
0.855353 4294967295
0.855592 4294967295
0.855951 4294967295
0.856787 4294967295
0.857385 4294967295
0.857744 4294967295
0.858222 4294967295
0.8587 4294967295
0.869337 4294967295
0.869815 4294967295
0.870174 4294967295
0.870652 4294967295
0.874357 4294967295
0.874954 4294967295
0.875432 4294967295
0.875672 4294967295
0.87615 4294967295
0.876986 4294967295
0.878779 4294967295
0.879496 4294967295
0.879735 4294967295
0.885233 4294967295
0.885472 4294967295
0.88595 4294967295
0.886428 4294967295
0.886787 4294967295
0.887265 4294967295
0.892285 4294967295
0.892882 4294967295
0.89336 4294967295
0.893839 4294967295
0.894317 4294967295
0.894795 4294967295
0.895153 4294967295
0.89599 4294967295
0.896707 4294967295
0.897066 4294967295
0.897663 4294967295
0.898261 4294967295
0.906508 4294967295
0.907225 4294967295
0.907703 4294967295
0.907942 4294967295
0.9083 4294967295
0.908779 4294967295
0.909137 4294967295
0.909376 4294967295
0.909735 4294967295
0.910571 4294967295
0.911169 4294967295
0.911528 4294967295
0.912006 4294967295
0.912484 4294967295
0.923121 4294967295
0.923599 4294967295
0.923958 4294967295
0.924436 4294967295
0.928141 4294967295
0.928738 4294967295
0.929216 4294967295
0.929456 4294967295
0.929934 4294967295
0.93077 4294967295
0.932563 4294967295
0.93328 4294967295
0.933519 4294967295
0.939017 4294967295
0.939256 4294967295
0.939734 4294967295
0.940212 4294967295
0.940571 4294967295
0.941049 4294967295
0.946069 4294967295
0.946666 4294967295
0.947144 4294967295
0.947623 4294967295
0.948101 4294967295
0.948579 4294967295
0.948937 4294967295
0.949774 4294967295
0.950491 4294967295
0.95085 4294967295
0.951447 4294967295
0.952045 4294967295
0.960292 4294967295
0.961009 4294967295
0.961487 4294967295
0.961726 4294967295
0.962084 4294967295
0.962563 4294967295
0.962921 4294967295
0.96316 4294967295
0.963519 4294967295
0.964355 4294967295
0.964953 4294967295
0.965312 4294967295
0.96579 4294967295
0.966268 4294967295
0.976905 4294967295
0.977383 4294967295
0.977742 4294967295
0.97822 4294967295
0.981925 4294967295
0.982522 4294967295
0.983 4294967295
0.98324 4294967295
0.983718 4294967295
0.984554 4294967295
0.986347 4294967295
0.987064 4294967295
0.987303 4294967295
0.992801 4294967295
0.99304 4294967295
0.993518 4294967295
0.993996 4294967295
0.994355 4294967295
0.994833 4294967295
0.999853 4294967295
1.00045 4294967295
1.00093 4294967295
1.00141 4294967295
1.00188 4294967295
1.00236 4294967295
1.00272 4294967295
1.00356 4294967295
1.00428 4294967295
1.00463 4294967295
1.00523 4294967295
1.00583 4294967295
1.01408 4294967295
1.01479 4294967295
1.01527 4294967295
1.01551 4294967295
1.01587 4294967295
1.01635 4294967295
1.01671 4294967295
1.01694 4294967295
1.0173 4294967295
1.01814 4294967295
1.01874 4294967295
1.0191 4294967295
1.01957 4294967295
1.02005 4294967295
1.03069 4294967295
1.03117 4294967295
1.03153 4294967295
1.032 4294967295
1.03571 4294967295
1.03631 4294967295
1.03678 4294967295
1.03702 4294967295
1.0375 4294967295
1.03834 4294967295
1.04013 4294967295
1.04085 4294967295
1.04109 4294967295
1.04659 4294967295
1.04682 4294967295
1.0473 4294967295
1.04778 4294967295
1.04814 4294967295
1.04862 4294967295
1.05364 4294967295
1.05423 4294967295
1.05471 4294967295
1.05519 4294967295
1.05567 4294967295
1.05615 4294967295
1.05651 4294967295
1.05734 4294967295
1.05806 4294967295
1.05842 4294967295
1.05902 4294967295
1.05961 4294967295
1.06786 4294967295
1.06858 4294967295
1.06905 4294967295
1.06929 4294967295
1.06965 4294967295
1.07013 4294967295
1.07049 4294967295
1.07073 4294967295
1.07109 4294967295
1.07192 4294967295
1.07252 4294967295
1.07288 4294967295
1.07336 4294967295
1.07384 4294967295
1.08447 4294967295
1.08495 4294967295
1.08531 4294967295
1.08579 4294967295
1.08949 4294967295
1.09009 4294967295
1.09057 4294967295
1.09081 4294967295
1.09129 4294967295
1.09212 4294967295
1.09392 4294967295
1.09463 4294967295
1.09487 4294967295
1.10037 4294967295
1.10061 4294967295
1.10109 4294967295
1.10156 4294967295
1.10192 4294967295
1.1024 4294967295
1.10742 4294967295
1.10802 4294967295
1.1085 4294967295
1.10897 4294967295
1.10945 4294967295
1.10993 4294967295
1.11029 4294967295
1.11113 4294967295
1.11184 4294967295
1.1122 4294967295
1.1128 4294967295
1.1134 4294967295
1.12164 4294967295
1.12236 4294967295
1.12284 4294967295
1.12308 4294967295
1.12344 4294967295
1.12391 4294967295
1.12427 4294967295
1.12451 4294967295
1.12487 4294967295
1.12571 4294967295
1.1263 4294967295
1.12666 4294967295
1.12714 4294967295
1.12762 4294967295
1.13826 4294967295
1.13874 4294967295
1.13909 4294967295
1.13957 4294967295
1.14328 4294967295
1.14387 4294967295
1.14435 4294967295
1.14459 4294967295
1.14507 4294967295
1.14591 4294967295
1.1477 4294967295
1.14842 4294967295
1.14866 4294967295
1.15415 4294967295
1.15439 4294967295
1.15487 4294967295
1.15535 4294967295
1.15571 4294967295
1.15618 4294967295
1.1612 4294967295
1.1618 4294967295
1.16228 4294967295
1.16276 4294967295
1.16324 4294967295
1.16371 4294967295
1.16407 4294967295
1.16491 4294967295
1.16563 4294967295
1.16599 4294967295
1.16658 4294967295
1.16718 4294967295
1.17543 4294967295
1.17614 4294967295
1.17662 4294967295
1.17686 4294967295
1.17722 4294967295
1.1777 4294967295
1.17806 4294967295
1.1783 4294967295
1.17865 4294967295
1.17949 4294967295
1.18009 4294967295
1.18045 4294967295
1.18093 4294967295
1.1814 4294967295
1.19204 4294967295
1.19252 4294967295
1.19288 4294967295
1.19336 4294967295
1.19706 4294967295
1.19766 4294967295
1.19814 4294967295
1.19838 4294967295
1.19885 4294967295
1.19969 4294967295
1.20148 4294967295
1.2022 4294967295
1.20244 4294967295
1.20794 4294967295
1.20818 4294967295
1.20865 4294967295
1.20913 4294967295
1.20949 4294967295
1.20997 4294967295
1.21499 4294967295
1.21559 4294967295
1.21606 4294967295
1.21654 4294967295
1.21702 4294967295
1.2175 4294967295
1.21786 4294967295
1.21869 4294967295
1.21941 4294967295
1.21977 4294967295
1.22037 4294967295
1.22096 4294967295
1.22921 4294967295
1.22993 4294967295
1.23041 4294967295
1.23065 4294967295
1.231 4294967295
1.23148 4294967295
1.23184 4294967295
1.23208 4294967295
1.23244 4294967295
1.23328 4294967295
1.23387 4294967295
1.23423 4294967295
1.23471 4294967295
1.23519 4294967295
1.24582 4294967295
1.2463 4294967295
1.24666 4294967295
1.24714 4294967295
1.25084 4294967295
1.25144 4294967295
1.25192 4294967295
1.25216 4294967295
1.25264 4294967295
1.25347 4294967295
1.25527 4294967295
1.25598 4294967295
1.25622 4294967295
1.26172 4294967295
1.26196 4294967295
1.26244 4294967295
1.26292 4294967295
1.26327 4294967295
1.26375 4294967295
1.26877 4294967295
1.26937 4294967295
1.26985 4294967295
1.27033 4294967295
1.2708 4294967295
1.27128 4294967295
1.27164 4294967295
1.27248 4294967295
1.2732 4294967295
1.27355 4294967295
1.27415 4294967295
1.27475 4294967295
1.283 4294967295
1.28371 4294967295
1.28419 4294967295
1.28443 4294967295
1.28479 4294967295
1.28527 4294967295
1.28563 4294967295
1.28586 4294967295
1.28622 4294967295
1.28706 4294967295
1.28766 4294967295
1.28802 4294967295
1.28849 4294967295
1.28897 4294967295
1.29961 4294967295
1.30009 4294967295
1.30045 4294967295
1.30092 4294967295
1.30463 4294967295
1.30523 4294967295
1.3057 4294967295
1.30594 4294967295
1.30642 4294967295
1.30726 4294967295
1.30905 4294967295
1.30977 4294967295
1.31001 4294967295
1.31551 4294967295
1.31574 4294967295
1.31622 4294967295
1.3167 4294967295
1.31706 4294967295
1.31754 4294967295
1.32256 4294967295
1.32315 4294967295
1.32363 4294967295
1.32411 4294967295
1.32459 4294967295
1.32507 4294967295
1.32543 4294967295
1.32626 4294967295
1.32698 4294967295
1.32734 4294967295
1.32794 4294967295
1.32853 4294967295
1.33678 4294967295
1.3375 4294967295
1.33797 4294967295
1.33821 4294967295
1.33857 4294967295
1.33905 4294967295
1.33941 4294967295
1.33965 4294967295
1.34001 4294967295
1.34084 4294967295
1.34144 4294967295
1.3418 4294967295
1.34228 4294967295
1.34276 4294967295
1.35339 4294967295
1.35387 4294967295
1.35423 4294967295
1.35471 4294967295
1.35841 4294967295
1.35901 4294967295
1.35949 4294967295
1.35973 4294967295
1.36021 4294967295
1.36104 4294967295
1.36284 4294967295
1.36355 4294967295
1.36379 4294967295
1.36929 4294967295
1.36953 4294967295
1.37001 4294967295
1.37048 4294967295
1.37084 4294967295
1.37132 4294967295
1.37634 4294967295
1.37694 4294967295
1.37742 4294967295
1.37789 4294967295
1.37837 4294967295
1.37885 4294967295
1.37921 4294967295
1.38005 4294967295
1.38076 4294967295
1.38112 4294967295
1.38172 4294967295
1.38232 4294967295
1.39056 4294967295
1.39128 4294967295
1.39176 4294967295
1.392 4294967295
1.39236 4294967295
1.39283 4294967295
1.39319 4294967295
1.39343 4294967295
1.39379 4294967295
1.39463 4294967295
1.39522 4294967295
1.39558 4294967295
1.39606 4294967295
1.39654 4294967295
1.40718 4294967295
1.40766 4294967295
1.40801 4294967295
1.40849 4294967295
1.4122 4294967295
1.41279 4294967295
1.41327 4294967295
1.41351 4294967295
1.41399 4294967295
1.41483 4294967295
1.41662 4294967295
1.41734 4294967295
1.41758 4294967295
1.42307 4294967295
1.42331 4294967295
1.42379 4294967295
1.42427 4294967295
1.42463 4294967295
1.4251 4294967295
1.43012 4294967295
1.43072 4294967295
1.4312 4294967295
1.43168 4294967295
1.43216 4294967295
1.43263 4294967295
1.43299 4294967295
1.43383 4294967295
1.43455 4294967295
1.43491 4294967295
1.4355 4294967295
1.4361 4294967295
1.44435 4294967295
1.44506 4294967295
1.44554 4294967295
1.44578 4294967295
1.44614 4294967295
1.44662 4294967295
1.44698 4294967295
1.44722 4294967295
1.44757 4294967295
1.44841 4294967295
1.44901 4294967295
1.44937 4294967295
1.44985 4294967295
1.45032 4294967295
1.46096 4294967295
1.46144 4294967295
1.4618 4294967295
1.46228 4294967295
1.46598 4294967295
1.46658 4294967295
1.46706 4294967295
1.4673 4294967295
1.46777 4294967295
1.46861 4294967295
1.4704 4294967295
1.47112 4294967295
1.47136 4294967295
1.47686 4294967295
1.4771 4294967295
1.47757 4294967295
1.47805 4294967295
1.47841 4294967295
1.47889 4294967295
1.48391 4294967295
1.48451 4294967295
1.48498 4294967295
1.48546 4294967295
1.48594 4294967295
1.48642 4294967295
1.48678 4294967295
1.48761 4294967295
1.48833 4294967295
1.48869 4294967295
1.48929 4294967295
1.48988 4294967295
1.49813 4294967295
1.49885 4294967295
1.49933 4294967295
1.49957 4294967295
1.49992 4294967295
1.5004 4294967295
1.50076 4294967295
1.501 4294967295
1.50136 4294967295
1.5022 4294967295
1.50279 4294967295
1.50315 4294967295
1.50363 4294967295
1.50411 4294967295
1.51474 4294967295
1.51522 4294967295
1.51558 4294967295
1.51606 4294967295
1.51976 4294967295
1.52036 4294967295
1.52084 4294967295
1.52108 4294967295
1.52156 4294967295
1.52239 4294967295
1.52419 4294967295
1.5249 4294967295
1.52514 4294967295
1.53064 4294967295
1.53088 4294967295
1.53136 4294967295
1.53184 4294967295
1.53219 4294967295
1.53267 4294967295
1.53769 4294967295
1.53829 4294967295
1.53877 4294967295
1.53925 4294967295
1.53972 4294967295
1.5402 4294967295
1.54056 4294967295
1.5414 4294967295
1.54212 4294967295
1.54247 4294967295
1.54307 4294967295
1.54367 4294967295
1.55192 4294967295
1.55263 4294967295
1.55311 4294967295
1.55335 4294967295
1.55371 4294967295
1.55419 4294967295
1.55455 4294967295
1.55478 4294967295
1.55514 4294967295
1.55598 4294967295
1.55658 4294967295
1.55694 4294967295
1.55741 4294967295
1.55789 4294967295
1.56853 4294967295
1.56901 4294967295
1.56937 4294967295
1.56984 4294967295
1.57355 4294967295
1.57415 4294967295
1.57462 4294967295
1.57486 4294967295
1.57534 4294967295
1.57618 4294967295
1.57797 4294967295
1.57869 4294967295
1.57893 4294967295
1.58443 4294967295
1.58466 4294967295
1.58514 4294967295
1.58562 4294967295
1.58598 4294967295
1.58646 4294967295
1.59148 4294967295
1.59207 4294967295
1.59255 4294967295
1.59303 4294967295
1.59351 4294967295
1.59399 4294967295
1.59435 4294967295
1.59518 4294967295
1.5959 4294967295
1.59626 4294967295
1.59686 4294967295
1.59745 4294967295
1.6057 4294967295
1.60642 4294967295
1.60689 4294967295
1.60713 4294967295
1.60749 4294967295
1.60797 4294967295
1.60833 4294967295
1.60857 4294967295
1.60893 4294967295
1.60976 4294967295
1.61036 4294967295
1.61072 4294967295
1.6112 4294967295
1.61168 4294967295
1.62231 4294967295
1.62279 4294967295
1.62315 4294967295
1.62363 4294967295
1.62733 4294967295
1.62793 4294967295
1.62841 4294967295
1.62865 4294967295
1.62913 4294967295
1.62996 4294967295
1.63176 4294967295
1.63247 4294967295
1.63271 4294967295
1.63821 4294967295
1.63845 4294967295
1.63893 4294967295
1.6394 4294967295
1.63976 4294967295
1.64024 4294967295
1.64526 4294967295
1.64586 4294967295
1.64634 4294967295
1.64681 4294967295
1.64729 4294967295
1.64777 4294967295
1.64813 4294967295
1.64897 4294967295
1.64968 4294967295
1.65004 4294967295
1.65064 4294967295
1.65124 4294967295
1.65948 4294967295
1.6602 4294967295
1.66068 4294967295
1.66092 4294967295
1.66128 4294967295
1.66175 4294967295
1.66211 4294967295
1.66235 4294967295
1.66271 4294967295
1.66355 4294967295
1.66414 4294967295
1.6645 4294967295
1.66498 4294967295
1.66546 4294967295
1.6761 4294967295
1.67658 4294967295
1.67693 4294967295
1.67741 4294967295
1.68112 4294967295
1.68171 4294967295
1.68219 4294967295
1.68243 4294967295
1.68291 4294967295
1.68375 4294967295
1.68554 4294967295
1.68626 4294967295
1.6865 4294967295
1.69199 4294967295
1.69223 4294967295
1.69271 4294967295
1.69319 4294967295
1.69355 4294967295
1.69402 4294967295
1.69904 4294967295
1.69964 4294967295
1.70012 4294967295
1.7006 4294967295
1.70108 4294967295
1.70155 4294967295
1.70191 4294967295
1.70275 4294967295
1.70347 4294967295
1.70383 4294967295
1.70442 4294967295
1.70502 4294967295
1.71327 4294967295
1.71398 4294967295
1.71446 4294967295
1.7147 4294967295
1.71506 4294967295
1.71554 4294967295
1.7159 4294967295
1.71614 4294967295
1.71649 4294967295
1.71733 4294967295
1.71793 4294967295
1.71829 4294967295
1.71877 4294967295
1.71924 4294967295
1.72988 4294967295
1.73036 4294967295
1.73072 4294967295
1.7312 4294967295
1.7349 4294967295
1.7355 4294967295
1.73598 4294967295
1.73622 4294967295
1.73669 4294967295
1.73753 4294967295
1.73932 4294967295
1.74004 4294967295
1.74028 4294967295
1.74578 4294967295
1.74602 4294967295
1.74649 4294967295
1.74697 4294967295
1.74733 4294967295
1.74781 4294967295
1.75283 4294967295
1.75343 4294967295
1.7539 4294967295
1.75438 4294967295
1.75486 4294967295
1.75534 4294967295
1.7557 4294967295
1.75653 4294967295
1.75725 4294967295
1.75761 4294967295
1.75821 4294967295
1.7588 4294967295
1.76705 4294967295
1.76777 4294967295
1.76825 4294967295
1.76849 4294967295
1.76884 4294967295
1.76932 4294967295
1.76968 4294967295
1.76992 4294967295
1.77028 4294967295
1.77112 4294967295
1.77171 4294967295
1.77207 4294967295
1.77255 4294967295
1.77303 4294967295
1.78366 4294967295
1.78414 4294967295
1.7845 4294967295
1.78498 4294967295
1.78868 4294967295
1.78928 4294967295
1.78976 4294967295
1.79 4294967295
1.79048 4294967295
1.79131 4294967295
1.79311 4294967295
1.79382 4294967295
1.79406 4294967295
1.79956 4294967295
1.7998 4294967295
1.80028 4294967295
1.80076 4294967295
1.80111 4294967295
1.80159 4294967295
1.80661 4294967295
1.80721 4294967295
1.80769 4294967295
1.80817 4294967295
1.80864 4294967295
1.80912 4294967295
1.80948 4294967295
1.81032 4294967295
1.81104 4294967295
1.81139 4294967295
1.81199 4294967295
1.81259 4294967295
1.82084 4294967295
1.82155 4294967295
1.82203 4294967295
1.82227 4294967295
1.82263 4294967295
1.82311 4294967295
1.82347 4294967295
1.8237 4294967295
1.82406 4294967295
1.8249 4294967295
1.8255 4294967295
1.82586 4294967295
1.82633 4294967295
1.82681 4294967295
1.83745 4294967295
1.83793 4294967295
1.83829 4294967295
1.83876 4294967295
1.84247 4294967295
1.84307 4294967295
1.84354 4294967295
1.84378 4294967295
1.84426 4294967295
1.8451 4294967295
1.84689 4294967295
1.84761 4294967295
1.84785 4294967295
1.85335 4294967295
1.85358 4294967295
1.85406 4294967295
1.85454 4294967295
1.8549 4294967295
1.85538 4294967295
1.8604 4294967295
1.86099 4294967295
1.86147 4294967295
1.86195 4294967295
1.86243 4294967295
1.86291 4294967295
1.86327 4294967295
1.8641 4294967295
1.86482 4294967295
1.86518 4294967295
1.86578 4294967295
1.86637 4294967295
1.87462 4294967295
1.87534 4294967295
1.87581 4294967295
1.87605 4294967295
1.87641 4294967295
1.87689 4294967295
1.87725 4294967295
1.87749 4294967295
1.87785 4294967295
1.87868 4294967295
1.87928 4294967295
1.87964 4294967295
1.88012 4294967295
1.8806 4294967295
1.89123 4294967295
1.89171 4294967295
1.89207 4294967295
1.89255 4294967295
1.89625 4294967295
1.89685 4294967295
1.89733 4294967295
1.89757 4294967295
1.89805 4294967295
1.89888 4294967295
1.90068 4294967295
1.90139 4294967295
1.90163 4294967295
1.90713 4294967295
1.90737 4294967295
1.90785 4294967295
1.90832 4294967295
1.90868 4294967295
1.90916 4294967295
1.91418 4294967295
1.91478 4294967295
1.91526 4294967295
1.91573 4294967295
1.91621 4294967295
1.91669 4294967295
1.91705 4294967295
1.91789 4294967295
1.9186 4294967295
1.91896 4294967295
1.91956 4294967295
1.92016 4294967295
1.9284 4294967295
1.92912 4294967295
1.9296 4294967295
1.92984 4294967295
1.9302 4294967295
1.93067 4294967295
1.93103 4294967295
1.93127 4294967295
1.93163 4294967295
1.93247 4294967295
1.93306 4294967295
1.93342 4294967295
1.9339 4294967295
1.93438 4294967295
1.94502 4294967295
1.9455 4294967295
1.94585 4294967295
1.94633 4294967295
1.95004 4294967295
1.95063 4294967295
1.95111 4294967295
1.95135 4294967295
1.95183 4294967295
1.95267 4294967295
1.95446 4294967295
1.95518 4294967295
1.95542 4294967295
1.96091 4294967295
1.96115 4294967295
1.96163 4294967295
1.96211 4294967295
1.96247 4294967295
1.96294 4294967295
1.96796 4294967295
1.96856 4294967295
1.96904 4294967295
1.96952 4294967295
1.97 4294967295
1.97047 4294967295
1.97083 4294967295
1.97167 4294967295
1.97239 4294967295
1.97275 4294967295
1.97334 4294967295
1.97394 4294967295
1.98219 4294967295
1.9829 4294967295
1.98338 4294967295
1.98362 4294967295
1.98398 4294967295
1.98446 4294967295
1.98482 4294967295
1.98506 4294967295
1.98541 4294967295
1.98625 4294967295
1.98685 4294967295
1.98721 4294967295
1.98769 4294967295
1.98816 4294967295
1.9988 4294967295
1.99928 4294967295
1.99964 4294967295
2.00012 4294967295
2.00382 4294967295
2.00442 4294967295
2.0049 4294967295
2.00514 4294967295
2.00561 4294967295
2.00645 4294967295
2.00824 4294967295
2.00896 4294967295
2.0092 4294967295
2.0147 4294967295
2.01494 4294967295
2.01541 4294967295
2.01589 4294967295
2.01625 4294967295
2.01673 4294967295
2.02175 4294967295
2.02235 4294967295
2.02282 4294967295
2.0233 4294967295
2.02378 4294967295
2.02426 4294967295
2.02462 4294967295
2.02545 4294967295
2.02617 4294967295
2.02653 4294967295
2.02713 4294967295
2.02772 4294967295
2.03597 4294967295
2.03669 4294967295
2.03717 4294967295
2.03741 4294967295
2.03776 4294967295
2.03824 4294967295
2.0386 4294967295
2.03884 4294967295
2.0392 4294967295
2.04004 4294967295
2.04063 4294967295
2.04099 4294967295
2.04147 4294967295
2.04195 4294967295
2.05258 4294967295
2.05306 4294967295
2.05342 4294967295
2.0539 4294967295
2.0576 4294967295
2.0582 4294967295
2.05868 4294967295
2.05892 4294967295
2.0594 4294967295
2.06023 4294967295
2.06203 4294967295
2.06274 4294967295
2.06298 4294967295
2.06848 4294967295
2.06872 4294967295
2.0692 4294967295
2.06968 4294967295
2.07003 4294967295
2.07051 4294967295
2.07553 4294967295
2.07613 4294967295
2.07661 4294967295
2.07709 4294967295
2.07756 4294967295
2.07804 4294967295
2.0784 4294967295
2.07924 4294967295
2.07996 4294967295
2.08031 4294967295
2.08091 4294967295
2.08151 4294967295
2.08976 4294967295
2.09047 4294967295
2.09095 4294967295
2.09119 4294967295
2.09155 4294967295
2.09203 4294967295
2.09239 4294967295
2.09262 4294967295
2.09298 4294967295
2.09382 4294967295
2.09442 4294967295
2.09478 4294967295
2.09525 4294967295
2.09573 4294967295
2.10637 4294967295
2.10685 4294967295
2.10721 4294967295
2.10768 4294967295
2.11139 4294967295
2.11199 4294967295
2.11246 4294967295
2.1127 4294967295
2.11318 4294967295
2.11402 4294967295
2.11581 4294967295
2.11653 4294967295
2.11677 4294967295
2.12227 4294967295
2.1225 4294967295
2.12298 4294967295
2.12346 4294967295
2.12382 4294967295
2.1243 4294967295
2.12932 4294967295
2.12991 4294967295
2.13039 4294967295
2.13087 4294967295
2.13135 4294967295
2.13183 4294967295
2.13219 4294967295
2.13302 4294967295
2.13374 4294967295
2.1341 4294967295
2.1347 4294967295
2.13529 4294967295
2.14354 4294967295
2.14426 4294967295
2.14473 4294967295
2.14497 4294967295
2.14533 4294967295
2.14581 4294967295
2.14617 4294967295
2.14641 4294967295
2.14677 4294967295
2.1476 4294967295
2.1482 4294967295
2.14856 4294967295
2.14904 4294967295
2.14952 4294967295
2.16015 4294967295
2.16063 4294967295
2.16099 4294967295
2.16147 4294967295
2.16517 4294967295
2.16577 4294967295
2.16625 4294967295
2.16649 4294967295
2.16697 4294967295
2.1678 4294967295
2.1696 4294967295
2.17031 4294967295
2.17055 4294967295
2.17605 4294967295
2.17629 4294967295
2.17677 4294967295
2.17724 4294967295
2.1776 4294967295
2.17808 4294967295
2.1831 4294967295
2.1837 4294967295
2.18418 4294967295
2.18465 4294967295
2.18513 4294967295
2.18561 4294967295
2.18597 4294967295
2.18681 4294967295
2.18752 4294967295
2.18788 4294967295
2.18848 4294967295
2.18908 4294967295
2.19732 4294967295
2.19804 4294967295
2.19852 4294967295
2.19876 4294967295
2.19912 4294967295
2.19959 4294967295
2.19995 4294967295
2.20019 4294967295
2.20055 4294967295
2.20139 4294967295
2.20198 4294967295
2.20234 4294967295
2.20282 4294967295
2.2033 4294967295
2.21394 4294967295
2.21442 4294967295
2.21477 4294967295
2.21525 4294967295
2.21896 4294967295
2.21955 4294967295
2.22003 4294967295
2.22027 4294967295
2.22075 4294967295
2.22159 4294967295
2.22338 4294967295
2.2241 4294967295
2.22434 4294967295
2.22983 4294967295
2.23007 4294967295
2.23055 4294967295
2.23103 4294967295
2.23139 4294967295
2.23186 4294967295
2.23688 4294967295
2.23748 4294967295
2.23796 4294967295
2.23844 4294967295
2.23892 4294967295
2.23939 4294967295
2.23975 4294967295
2.24059 4294967295
2.24131 4294967295
2.24167 4294967295
2.24226 4294967295
2.24286 4294967295
2.25111 4294967295
2.25182 4294967295
2.2523 4294967295
2.25254 4294967295
2.2529 4294967295
2.25338 4294967295
2.25374 4294967295
2.25398 4294967295
2.25433 4294967295
2.25517 4294967295
2.25577 4294967295
2.25613 4294967295
2.25661 4294967295
2.25708 4294967295
2.26772 4294967295
2.2682 4294967295
2.26856 4294967295
2.26904 4294967295
2.27274 4294967295
2.27334 4294967295
2.27382 4294967295
2.27406 4294967295
2.27453 4294967295
2.27537 4294967295
2.27716 4294967295
2.27788 4294967295
2.27812 4294967295
2.28362 4294967295
2.28386 4294967295
2.28433 4294967295
2.28481 4294967295
2.28517 4294967295
2.28565 4294967295
2.29067 4294967295
2.29127 4294967295
2.29174 4294967295
2.29222 4294967295
2.2927 4294967295
2.29318 4294967295
2.29354 4294967295
2.29437 4294967295
2.29509 4294967295
2.29545 4294967295
2.29605 4294967295
2.29664 4294967295
2.30489 4294967295
2.30561 4294967295
2.30609 4294967295
2.30633 4294967295
2.30668 4294967295
2.30716 4294967295
2.30752 4294967295
2.30776 4294967295
2.30812 4294967295
2.30896 4294967295
2.30955 4294967295
2.30991 4294967295
2.31039 4294967295
2.31087 4294967295
2.3215 4294967295
2.32198 4294967295
2.32234 4294967295
2.32282 4294967295
2.32652 4294967295
2.32712 4294967295
2.3276 4294967295
2.32784 4294967295
2.32832 4294967295
2.32915 4294967295
2.33095 4294967295
2.33166 4294967295
2.3319 4294967295
2.3374 4294967295
2.33764 4294967295
2.33812 4294967295
2.3386 4294967295
2.33895 4294967295
2.33943 4294967295
2.34445 4294967295
2.34505 4294967295
2.34553 4294967295
2.34601 4294967295
2.34648 4294967295
2.34696 4294967295
2.34732 4294967295
2.34816 4294967295
2.34888 4294967295
2.34923 4294967295
2.34983 4294967295
2.35043 4294967295
2.35868 4294967295
2.35939 4294967295
2.35987 4294967295
2.36011 4294967295
2.36047 4294967295
2.36095 4294967295
2.36131 4294967295
2.36154 4294967295
2.3619 4294967295
2.36274 4294967295
2.36334 4294967295
2.3637 4294967295
2.36417 4294967295
2.36465 4294967295
2.37529 4294967295
2.37577 4294967295
2.37613 4294967295
2.3766 4294967295
2.38031 4294967295
2.38091 4294967295
2.38138 4294967295
2.38162 4294967295
2.3821 4294967295
2.38294 4294967295
2.38473 4294967295
2.38545 4294967295
2.38569 4294967295
2.39119 4294967295
2.39142 4294967295
2.3919 4294967295
2.39238 4294967295
2.39274 4294967295
2.39322 4294967295
2.39824 4294967295
2.39883 4294967295
2.39931 4294967295
2.39979 4294967295
2.40027 4294967295
2.40075 4294967295
2.40111 4294967295
2.40194 4294967295
2.40266 4294967295
2.40302 4294967295
2.40362 4294967295
2.40421 4294967295
2.41246 4294967295
2.41318 4294967295
2.41365 4294967295
2.41389 4294967295
2.41425 4294967295
2.41473 4294967295
2.41509 4294967295
2.41533 4294967295
2.41569 4294967295
2.41652 4294967295
2.41712 4294967295
2.41748 4294967295
2.41796 4294967295
2.41844 4294967295
2.42907 4294967295
2.42955 4294967295
2.42991 4294967295
2.43039 4294967295
2.43409 4294967295
2.43469 4294967295
2.43517 4294967295
2.43541 4294967295
2.43589 4294967295
2.43672 4294967295
2.43852 4294967295
2.43923 4294967295
2.43947 4294967295
2.44497 4294967295
2.44521 4294967295
2.44569 4294967295
2.44616 4294967295
2.44652 4294967295
2.447 4294967295
2.45202 4294967295
2.45262 4294967295
2.4531 4294967295
2.45357 4294967295
2.45405 4294967295
2.45453 4294967295
2.45489 4294967295
2.45573 4294967295
2.45644 4294967295
2.4568 4294967295
2.4574 4294967295
2.458 4294967295
2.46624 4294967295
2.46696 4294967295
2.46744 4294967295
2.46768 4294967295
2.46804 4294967295
2.46851 4294967295
2.46887 4294967295
2.46911 4294967295
2.46947 4294967295
2.47031 4294967295
2.4709 4294967295
2.47126 4294967295
2.47174 4294967295
2.47222 4294967295
2.48286 4294967295
2.48334 4294967295
2.48369 4294967295
2.48417 4294967295
2.48788 4294967295
2.48847 4294967295
2.48895 4294967295
2.48919 4294967295
2.48967 4294967295
2.49051 4294967295
2.4923 4294967295
2.49302 4294967295
2.49326 4294967295
2.49875 4294967295
2.49899 4294967295
2.49947 4294967295
2.49995 4294967295
2.50031 4294967295
2.50078 4294967295
2.5058 4294967295
2.5064 4294967295
2.50688 4294967295
2.50736 4294967295
2.50784 4294967295
2.50831 4294967295
2.50867 4294967295
2.50951 4294967295
2.51023 4294967295
2.51059 4294967295
2.51118 4294967295
2.51178 4294967295
2.52003 4294967295
2.52074 4294967295
2.52122 4294967295
2.52146 4294967295
2.52182 4294967295
2.5223 4294967295
2.52266 4294967295
2.5229 4294967295
2.52325 4294967295
2.52409 4294967295
2.52469 4294967295
2.52505 4294967295
2.52553 4294967295
2.526 4294967295
2.53664 4294967295
2.53712 4294967295
2.53748 4294967295
2.53796 4294967295
2.54166 4294967295
2.54226 4294967295
2.54274 4294967295
2.54298 4294967295
2.54345 4294967295
2.54429 4294967295
2.54608 4294967295
2.5468 4294967295
2.54704 4294967295
2.55254 4294967295
2.55278 4294967295
2.55325 4294967295
2.55373 4294967295
2.55409 4294967295
2.55457 4294967295
2.55959 4294967295
2.56019 4294967295
2.56066 4294967295
2.56114 4294967295
2.56162 4294967295
2.5621 4294967295
2.56246 4294967295
2.56329 4294967295
2.56401 4294967295
2.56437 4294967295
2.56497 4294967295
2.56556 4294967295
2.57381 4294967295
2.57453 4294967295
2.57501 4294967295
2.57525 4294967295
2.5756 4294967295
2.57608 4294967295
2.57644 4294967295
2.57668 4294967295
2.57704 4294967295
2.57788 4294967295
2.57847 4294967295
2.57883 4294967295
2.57931 4294967295
2.57979 4294967295
2.59042 4294967295
2.5909 4294967295
2.59126 4294967295
2.59174 4294967295
2.59544 4294967295
2.59604 4294967295
2.59652 4294967295
2.59676 4294967295
2.59724 4294967295
2.59807 4294967295
2.59987 4294967295
2.60058 4294967295
2.60082 4294967295
2.60632 4294967295
2.60656 4294967295
2.60704 4294967295
2.60752 4294967295
2.60787 4294967295
2.60835 4294967295
2.61337 4294967295
2.61397 4294967295
2.61445 4294967295
2.61493 4294967295
2.6154 4294967295
2.61588 4294967295
2.61624 4294967295
2.61708 4294967295
2.6178 4294967295
2.61815 4294967295
2.61875 4294967295
2.61935 4294967295
2.6276 4294967295
2.62831 4294967295
2.62879 4294967295
2.62903 4294967295
2.62939 4294967295
2.62987 4294967295
2.63023 4294967295
2.63046 4294967295
2.63082 4294967295
2.63166 4294967295
2.63226 4294967295
2.63262 4294967295
2.63309 4294967295
2.63357 4294967295
2.64421 4294967295
2.64469 4294967295
2.64505 4294967295
2.64552 4294967295
2.64923 4294967295
2.64983 4294967295
2.6503 4294967295
2.65054 4294967295
2.65102 4294967295
2.65186 4294967295
2.65365 4294967295
2.65437 4294967295
2.65461 4294967295
2.66011 4294967295
2.66034 4294967295
2.66082 4294967295
2.6613 4294967295
2.66166 4294967295
2.66214 4294967295
2.66716 4294967295
2.66775 4294967295
2.66823 4294967295
2.66871 4294967295
2.66919 4294967295
2.66967 4294967295
2.67003 4294967295
2.67086 4294967295
2.67158 4294967295
2.67194 4294967295
2.67254 4294967295
2.67313 4294967295
2.68138 4294967295
2.6821 4294967295
2.68257 4294967295
2.68281 4294967295
2.68317 4294967295
2.68365 4294967295
2.68401 4294967295
2.68425 4294967295
2.68461 4294967295
2.68544 4294967295
2.68604 4294967295
2.6864 4294967295
2.68688 4294967295
2.68736 4294967295
2.69799 4294967295
2.69847 4294967295
2.69883 4294967295
2.69931 4294967295
2.70301 4294967295
2.70361 4294967295
2.70409 4294967295
2.70433 4294967295
2.70481 4294967295
2.70564 4294967295
2.70744 4294967295
2.70815 4294967295
2.70839 4294967295
2.71389 4294967295
2.71413 4294967295
2.71461 4294967295
2.71508 4294967295
2.71544 4294967295
2.71592 4294967295
2.72094 4294967295
2.72154 4294967295
2.72202 4294967295
2.72249 4294967295
2.72297 4294967295
2.72345 4294967295
2.72381 4294967295
2.72465 4294967295
2.72536 4294967295
2.72572 4294967295
2.72632 4294967295
2.72692 4294967295
2.73516 4294967295
2.73588 4294967295
2.73636 4294967295
2.7366 4294967295
2.73696 4294967295
2.73743 4294967295
2.73779 4294967295
2.73803 4294967295
2.73839 4294967295
2.73923 4294967295
2.73982 4294967295
2.74018 4294967295
2.74066 4294967295
2.74114 4294967295
2.75178 4294967295
2.75226 4294967295
2.75261 4294967295
2.75309 4294967295
2.7568 4294967295
2.75739 4294967295
2.75787 4294967295
2.75811 4294967295
2.75859 4294967295
2.75943 4294967295
2.76122 4294967295
2.76194 4294967295
2.76218 4294967295
2.76767 4294967295
2.76791 4294967295
2.76839 4294967295
2.76887 4294967295
2.76923 4294967295
2.7697 4294967295
2.77472 4294967295
2.77532 4294967295
2.7758 4294967295
2.77628 4294967295
2.77676 4294967295
2.77723 4294967295
2.77759 4294967295
2.77843 4294967295
2.77915 4294967295
2.77951 4294967295
2.7801 4294967295
2.7807 4294967295
2.78895 4294967295
2.78966 4294967295
2.79014 4294967295
2.79038 4294967295
2.79074 4294967295
2.79122 4294967295
2.79158 4294967295
2.79182 4294967295
2.79217 4294967295
2.79301 4294967295
2.79361 4294967295
2.79397 4294967295
2.79445 4294967295
2.79492 4294967295
2.80556 4294967295
2.80604 4294967295
2.8064 4294967295
2.80688 4294967295
2.81058 4294967295
2.81118 4294967295
2.81166 4294967295
2.8119 4294967295
2.81237 4294967295
2.81321 4294967295
2.815 4294967295
2.81572 4294967295
2.81596 4294967295
2.82146 4294967295
2.8217 4294967295
2.82217 4294967295
2.82265 4294967295
2.82301 4294967295
2.82349 4294967295
2.82851 4294967295
2.82911 4294967295
2.82958 4294967295
2.83006 4294967295
2.83054 4294967295
2.83102 4294967295
2.83138 4294967295
2.83221 4294967295
2.83293 4294967295
2.83329 4294967295
2.83389 4294967295
2.83448 4294967295
2.84273 4294967295
2.84345 4294967295
2.84393 4294967295
2.84417 4294967295
2.84452 4294967295
2.845 4294967295
2.84536 4294967295
2.8456 4294967295
2.84596 4294967295
2.8468 4294967295
2.84739 4294967295
2.84775 4294967295
2.84823 4294967295
2.84871 4294967295
2.85934 4294967295
2.85982 4294967295
2.86018 4294967295
2.86066 4294967295
2.86436 4294967295
2.86496 4294967295
2.86544 4294967295
2.86568 4294967295
2.86616 4294967295
2.86699 4294967295
2.86879 4294967295
2.8695 4294967295
2.86974 4294967295
2.87524 4294967295
2.87548 4294967295
2.87596 4294967295
2.87644 4294967295
2.87679 4294967295
2.87727 4294967295
2.88229 4294967295
2.88289 4294967295
2.88337 4294967295
2.88385 4294967295
2.88432 4294967295
2.8848 4294967295
2.88516 4294967295
2.886 4294967295
2.88672 4294967295
2.88707 4294967295
2.88767 4294967295
2.88827 4294967295
2.89652 4294967295
2.89723 4294967295
2.89771 4294967295
2.89795 4294967295
2.89831 4294967295
2.89879 4294967295
2.89915 4294967295
2.89938 4294967295
2.89974 4294967295
2.90058 4294967295
2.90118 4294967295
2.90154 4294967295
2.90201 4294967295
2.90249 4294967295
2.91313 4294967295
2.91361 4294967295
2.91397 4294967295
2.91444 4294967295
2.91815 4294967295
2.91875 4294967295
2.91922 4294967295
2.91946 4294967295
2.91994 4294967295
2.92078 4294967295
2.92257 4294967295
2.92329 4294967295
2.92353 4294967295
2.92903 4294967295
2.92926 4294967295
2.92974 4294967295
2.93022 4294967295
2.93058 4294967295
2.93106 4294967295
2.93608 4294967295
2.93667 4294967295
2.93715 4294967295
2.93763 4294967295
2.93811 4294967295
2.93859 4294967295
2.93895 4294967295
2.93978 4294967295
2.9405 4294967295
2.94086 4294967295
2.94146 4294967295
2.94205 4294967295
2.9503 4294967295
2.95102 4294967295
2.95149 4294967295
2.95173 4294967295
2.95209 4294967295
2.95257 4294967295
2.95293 4294967295
2.95317 4294967295
2.95353 4294967295
2.95436 4294967295
2.95496 4294967295
2.95532 4294967295
2.9558 4294967295
2.95628 4294967295
2.96691 4294967295
2.96739 4294967295
2.96775 4294967295
2.96823 4294967295
2.97193 4294967295
2.97253 4294967295
2.97301 4294967295
2.97325 4294967295
2.97373 4294967295
2.97456 4294967295
2.97636 4294967295
2.97707 4294967295
2.97731 4294967295
2.98281 4294967295
2.98305 4294967295
2.98353 4294967295
2.984 4294967295
2.98436 4294967295
2.98484 4294967295
2.98986 4294967295
2.99046 4294967295
2.99094 4294967295
2.99141 4294967295
2.99189 4294967295
2.99237 4294967295
2.99273 4294967295
2.99357 4294967295
2.99428 4294967295
2.99464 4294967295
2.99524 4294967295
2.99584 4294967295
3.00408 4294967295
3.0048 4294967295
3.00528 4294967295
3.00552 4294967295
3.00588 4294967295
3.00635 4294967295
3.00671 4294967295
3.00695 4294967295
3.00731 4294967295
3.00815 4294967295
3.00874 4294967295
3.0091 4294967295
3.00958 4294967295
3.01006 4294967295
3.0207 4294967295
3.02118 4294967295
3.02153 4294967295
3.02201 4294967295
3.02572 4294967295
3.02631 4294967295
3.02679 4294967295
3.02703 4294967295
3.02751 4294967295
3.02835 4294967295
3.03014 4294967295
3.03086 4294967295
3.0311 4294967295
3.03659 4294967295
3.03683 4294967295
3.03731 4294967295
3.03779 4294967295
3.03815 4294967295
3.03862 4294967295
3.04364 4294967295
3.04424 4294967295
3.04472 4294967295
3.0452 4294967295
3.04568 4294967295
3.04615 4294967295
3.04651 4294967295
3.04735 4294967295
3.04807 4294967295
3.04843 4294967295
3.04902 4294967295
3.04962 4294967295
3.05787 4294967295
3.05858 4294967295
3.05906 4294967295
3.0593 4294967295
3.05966 4294967295
3.06014 4294967295
3.0605 4294967295
3.06074 4294967295
3.06109 4294967295
3.06193 4294967295
3.06253 4294967295
3.06289 4294967295
3.06337 4294967295
3.06384 4294967295
3.07448 4294967295
3.07496 4294967295
3.07532 4294967295
3.0758 4294967295
3.0795 4294967295
3.0801 4294967295
3.08058 4294967295
3.08082 4294967295
3.08129 4294967295
3.08213 4294967295
3.08392 4294967295
3.08464 4294967295
3.08488 4294967295
3.09038 4294967295
3.09062 4294967295
3.09109 4294967295
3.09157 4294967295
3.09193 4294967295
3.09241 4294967295
3.09743 4294967295
3.09803 4294967295
3.0985 4294967295
3.09898 4294967295
3.09946 4294967295
3.09994 4294967295
3.1003 4294967295
3.10113 4294967295
3.10185 4294967295
3.10221 4294967295
3.10281 4294967295
3.1034 4294967295
3.11165 4294967295
3.11237 4294967295
3.11285 4294967295
3.11309 4294967295
3.11344 4294967295
3.11392 4294967295
3.11428 4294967295
3.11452 4294967295
3.11488 4294967295
3.11572 4294967295
3.11631 4294967295
3.11667 4294967295
3.11715 4294967295
3.11763 4294967295
3.12826 4294967295
3.12874 4294967295
3.1291 4294967295
3.12958 4294967295
3.13328 4294967295
3.13388 4294967295
3.13436 4294967295
3.1346 4294967295
3.13508 4294967295
3.13591 4294967295
3.13771 4294967295
3.13842 4294967295
3.13866 4294967295
3.14416 4294967295
3.1444 4294967295
3.14488 4294967295
3.14536 4294967295
3.14571 4294967295
3.14619 4294967295
3.15121 4294967295
3.15181 4294967295
3.15229 4294967295
3.15277 4294967295
3.15324 4294967295
3.15372 4294967295
3.15408 4294967295
3.15492 4294967295
3.15564 4294967295
3.15599 4294967295
3.15659 4294967295
3.15719 4294967295
3.16544 4294967295
3.16615 4294967295
3.16663 4294967295
3.16687 4294967295
3.16723 4294967295
3.16771 4294967295
3.16807 4294967295
3.1683 4294967295
3.16866 4294967295
3.1695 4294967295
3.1701 4294967295
3.17046 4294967295
3.17093 4294967295
3.17141 4294967295
3.18205 4294967295
3.18253 4294967295
3.18289 4294967295
3.18336 4294967295
3.18707 4294967295
3.18767 4294967295
3.18814 4294967295
3.18838 4294967295
3.18886 4294967295
3.1897 4294967295
3.19149 4294967295
3.19221 4294967295
3.19245 4294967295
3.19795 4294967295
3.19818 4294967295
3.19866 4294967295
3.19914 4294967295
3.1995 4294967295
3.19998 4294967295
3.205 4294967295
3.20559 4294967295
3.20607 4294967295
3.20655 4294967295
3.20703 4294967295
3.20751 4294967295
3.20787 4294967295
3.2087 4294967295
3.20942 4294967295
3.20978 4294967295
3.21038 4294967295
3.21097 4294967295
3.21922 4294967295
3.21994 4294967295
3.22041 4294967295
3.22065 4294967295
3.22101 4294967295
3.22149 4294967295
3.22185 4294967295
3.22209 4294967295
3.22245 4294967295
3.22328 4294967295
3.22388 4294967295
3.22424 4294967295
3.22472 4294967295
3.2252 4294967295
3.23583 4294967295
3.23631 4294967295
3.23667 4294967295
3.23715 4294967295
3.24085 4294967295
3.24145 4294967295
3.24193 4294967295
3.24217 4294967295
3.24265 4294967295
3.24348 4294967295
3.24528 4294967295
3.24599 4294967295
3.24623 4294967295
3.25173 4294967295
3.25197 4294967295
3.25245 4294967295
3.25292 4294967295
3.25328 4294967295
3.25376 4294967295
3.25878 4294967295
3.25938 4294967295
3.25986 4294967295
3.26033 4294967295
3.26081 4294967295
3.26129 4294967295
3.26165 4294967295
3.26249 4294967295
3.2632 4294967295
3.26356 4294967295
3.26416 4294967295
3.26476 4294967295
3.273 4294967295
3.27372 4294967295
3.2742 4294967295
3.27444 4294967295
3.2748 4294967295
3.27527 4294967295
3.27563 4294967295
3.27587 4294967295
3.27623 4294967295
3.27707 4294967295
3.27766 4294967295
3.27802 4294967295
3.2785 4294967295
3.27898 4294967295
3.28962 4294967295
3.2901 4294967295
3.29045 4294967295
3.29093 4294967295
3.29464 4294967295
3.29523 4294967295
3.29571 4294967295
3.29595 4294967295
3.29643 4294967295
3.29727 4294967295
3.29906 4294967295
3.29978 4294967295
3.30002 4294967295
3.30551 4294967295
3.30575 4294967295
3.30623 4294967295
3.30671 4294967295
3.30707 4294967295
3.30754 4294967295
3.31256 4294967295
3.31316 4294967295
3.31364 4294967295
3.31412 4294967295
3.3146 4294967295
3.31507 4294967295
3.31543 4294967295
3.31627 4294967295
3.31699 4294967295
3.31735 4294967295
3.31794 4294967295
3.31854 4294967295
3.32679 4294967295
3.3275 4294967295
3.32798 4294967295
3.32822 4294967295
3.32858 4294967295
3.32906 4294967295
3.32942 4294967295
3.32966 4294967295
3.33001 4294967295
3.33085 4294967295
3.33145 4294967295
3.33181 4294967295
3.33229 4294967295
3.33276 4294967295
3.3434 4294967295
3.34388 4294967295
3.34424 4294967295
3.34472 4294967295
3.34842 4294967295
3.34902 4294967295
3.3495 4294967295
3.34974 4294967295
3.35021 4294967295
3.35105 4294967295
3.35284 4294967295
3.35356 4294967295
3.3538 4294967295
3.3593 4294967295
3.35954 4294967295
3.36001 4294967295
3.36049 4294967295
3.36085 4294967295
3.36133 4294967295
3.36635 4294967295
3.36695 4294967295
3.36742 4294967295
3.3679 4294967295
3.36838 4294967295
3.36886 4294967295
3.36922 4294967295
3.37005 4294967295
3.37077 4294967295
3.37113 4294967295
3.37173 4294967295
3.37232 4294967295
3.38057 4294967295
3.38129 4294967295
3.38177 4294967295
3.38201 4294967295
3.38236 4294967295
3.38284 4294967295
3.3832 4294967295
3.38344 4294967295
3.3838 4294967295
3.38464 4294967295
3.38523 4294967295
3.38559 4294967295
3.38607 4294967295
3.38655 4294967295
3.39718 4294967295
3.39766 4294967295
3.39802 4294967295
3.3985 4294967295
3.4022 4294967295
3.4028 4294967295
3.40328 4294967295
3.40352 4294967295
3.404 4294967295
3.40483 4294967295
3.40663 4294967295
3.40734 4294967295
3.40758 4294967295
3.41308 4294967295
3.41332 4294967295
3.4138 4294967295
3.41428 4294967295
3.41463 4294967295
3.41511 4294967295
3.42013 4294967295
3.42073 4294967295
3.42121 4294967295
3.42169 4294967295
3.42216 4294967295
3.42264 4294967295
3.423 4294967295
3.42384 4294967295
3.42456 4294967295
3.42491 4294967295
3.42551 4294967295
3.42611 4294967295
3.43436 4294967295
3.43507 4294967295
3.43555 4294967295
3.43579 4294967295
3.43615 4294967295
3.43663 4294967295
3.43699 4294967295
3.43722 4294967295
3.43758 4294967295
3.43842 4294967295
3.43902 4294967295
3.43938 4294967295
3.43985 4294967295
3.44033 4294967295
3.45097 4294967295
3.45145 4294967295
3.45181 4294967295
3.45228 4294967295
3.45599 4294967295
3.45659 4294967295
3.45706 4294967295
3.4573 4294967295
3.45778 4294967295
3.45862 4294967295
3.46041 4294967295
3.46113 4294967295
3.46137 4294967295
3.46687 4294967295
3.4671 4294967295
3.46758 4294967295
3.46806 4294967295
3.46842 4294967295
3.4689 4294967295
3.47392 4294967295
3.47451 4294967295
3.47499 4294967295
3.47547 4294967295
3.47595 4294967295
3.47643 4294967295
3.47679 4294967295
3.47762 4294967295
3.47834 4294967295
3.4787 4294967295
3.4793 4294967295
3.47989 4294967295
3.48814 4294967295
3.48886 4294967295
3.48933 4294967295
3.48957 4294967295
3.48993 4294967295
3.49041 4294967295
3.49077 4294967295
3.49101 4294967295
3.49137 4294967295
3.4922 4294967295
3.4928 4294967295
3.49316 4294967295
3.49364 4294967295
3.49412 4294967295
3.50475 4294967295
3.50523 4294967295
3.50559 4294967295
3.50607 4294967295
3.50977 4294967295
3.51037 4294967295
3.51085 4294967295
3.51109 4294967295
3.51157 4294967295
3.5124 4294967295
3.5142 4294967295
3.51491 4294967295
3.51515 4294967295
3.52065 4294967295
3.52089 4294967295
3.52137 4294967295
3.52184 4294967295
3.5222 4294967295
3.52268 4294967295
3.5277 4294967295
3.5283 4294967295
3.52878 4294967295
3.52925 4294967295
3.52973 4294967295
3.53021 4294967295
3.53057 4294967295
3.53141 4294967295
3.53212 4294967295
3.53248 4294967295
3.53308 4294967295
3.53368 4294967295
3.54192 4294967295
3.54264 4294967295
3.54312 4294967295
3.54336 4294967295
3.54372 4294967295
3.54419 4294967295
3.54455 4294967295
3.54479 4294967295
3.54515 4294967295
3.54599 4294967295
3.54658 4294967295
3.54694 4294967295
3.54742 4294967295
3.5479 4294967295
3.55854 4294967295
3.55902 4294967295
3.55937 4294967295
3.55985 4294967295
3.56356 4294967295
3.56415 4294967295
3.56463 4294967295
3.56487 4294967295
3.56535 4294967295
3.56619 4294967295
3.56798 4294967295
3.5687 4294967295
3.56894 4294967295
3.57443 4294967295
3.57467 4294967295
3.57515 4294967295
3.57563 4294967295
3.57599 4294967295
3.57646 4294967295
3.58148 4294967295
3.58208 4294967295
3.58256 4294967295
3.58304 4294967295
3.58352 4294967295
3.58399 4294967295
3.58435 4294967295
3.58519 4294967295
3.58591 4294967295
3.58627 4294967295
3.58686 4294967295
3.58746 4294967295
3.59571 4294967295
3.59642 4294967295
3.5969 4294967295
3.59714 4294967295
3.5975 4294967295
3.59798 4294967295
3.59834 4294967295
3.59858 4294967295
3.59893 4294967295
3.59977 4294967295
3.60037 4294967295
3.60073 4294967295
3.60121 4294967295
3.60168 4294967295
3.61232 4294967295
3.6128 4294967295
3.61316 4294967295
3.61364 4294967295
3.61734 4294967295
3.61794 4294967295
3.61842 4294967295
3.61866 4294967295
3.61913 4294967295
3.61997 4294967295
3.62176 4294967295
3.62248 4294967295
3.62272 4294967295
3.62822 4294967295
3.62846 4294967295
3.62893 4294967295
3.62941 4294967295
3.62977 4294967295
3.63025 4294967295
3.63527 4294967295
3.63587 4294967295
3.63634 4294967295
3.63682 4294967295
3.6373 4294967295
3.63778 4294967295
3.63814 4294967295
3.63897 4294967295
3.63969 4294967295
3.64005 4294967295
3.64065 4294967295
3.64124 4294967295
3.64949 4294967295
3.65021 4294967295
3.65069 4294967295
3.65093 4294967295
3.65128 4294967295
3.65176 4294967295
3.65212 4294967295
3.65236 4294967295
3.65272 4294967295
3.65356 4294967295
3.65415 4294967295
3.65451 4294967295
3.65499 4294967295
3.65547 4294967295
3.6661 4294967295
3.66658 4294967295
3.66694 4294967295
3.66742 4294967295
3.67112 4294967295
3.67172 4294967295
3.6722 4294967295
3.67244 4294967295
3.67292 4294967295
3.67375 4294967295
3.67555 4294967295
3.67626 4294967295
3.6765 4294967295
3.682 4294967295
3.68224 4294967295
3.68272 4294967295
3.6832 4294967295
3.68355 4294967295
3.68403 4294967295
3.68905 4294967295
3.68965 4294967295
3.69013 4294967295
3.69061 4294967295
3.69108 4294967295
3.69156 4294967295
3.69192 4294967295
3.69276 4294967295
3.69348 4294967295
3.69383 4294967295
3.69443 4294967295
3.69503 4294967295
3.70328 4294967295
3.70399 4294967295
3.70447 4294967295
3.70471 4294967295
3.70507 4294967295
3.70555 4294967295
3.70591 4294967295
3.70614 4294967295
3.7065 4294967295
3.70734 4294967295
3.70794 4294967295
3.7083 4294967295
3.70877 4294967295
3.70925 4294967295
3.71989 4294967295
3.72037 4294967295
3.72073 4294967295
3.7212 4294967295
3.72491 4294967295
3.72551 4294967295
3.72598 4294967295
3.72622 4294967295
3.7267 4294967295
3.72754 4294967295
3.72933 4294967295
3.73005 4294967295
3.73029 4294967295
3.73579 4294967295
3.73602 4294967295
3.7365 4294967295
3.73698 4294967295
3.73734 4294967295
3.73782 4294967295
3.74284 4294967295
3.74343 4294967295
3.74391 4294967295
3.74439 4294967295
3.74487 4294967295
3.74535 4294967295
3.74571 4294967295
3.74654 4294967295
3.74726 4294967295
3.74762 4294967295
3.74822 4294967295
3.74881 4294967295
3.75706 4294967295
3.75778 4294967295
3.75825 4294967295
3.75849 4294967295
3.75885 4294967295
3.75933 4294967295
3.75969 4294967295
3.75993 4294967295
3.76029 4294967295
3.76112 4294967295
3.76172 4294967295
3.76208 4294967295
3.76256 4294967295
3.76304 4294967295
3.77367 4294967295
3.77415 4294967295
3.77451 4294967295
3.77499 4294967295
3.77869 4294967295
3.77929 4294967295
3.77977 4294967295
3.78001 4294967295
3.78049 4294967295
3.78132 4294967295
3.78312 4294967295
3.78383 4294967295
3.78407 4294967295
3.78957 4294967295
3.78981 4294967295
3.79029 4294967295
3.79076 4294967295
3.79112 4294967295
3.7916 4294967295
3.79662 4294967295
3.79722 4294967295
3.7977 4294967295
3.79817 4294967295
3.79865 4294967295
3.79913 4294967295
3.79949 4294967295
3.80033 4294967295
3.80104 4294967295
3.8014 4294967295
3.802 4294967295
3.8026 4294967295
3.81084 4294967295
3.81156 4294967295
3.81204 4294967295
3.81228 4294967295
3.81264 4294967295
3.81311 4294967295
3.81347 4294967295
3.81371 4294967295
3.81407 4294967295
3.81491 4294967295
3.8155 4294967295
3.81586 4294967295
3.81634 4294967295
3.81682 4294967295
3.82746 4294967295
3.82794 4294967295
3.82829 4294967295
3.82877 4294967295
3.83248 4294967295
3.83307 4294967295
3.83355 4294967295
3.83379 4294967295
3.83427 4294967295
3.83511 4294967295
3.8369 4294967295
3.83762 4294967295
3.83786 4294967295
3.84335 4294967295
3.84359 4294967295
3.84407 4294967295
3.84455 4294967295
3.84491 4294967295
3.84538 4294967295
3.8504 4294967295
3.851 4294967295
3.85148 4294967295
3.85196 4294967295
3.85244 4294967295
3.85291 4294967295
3.85327 4294967295
3.85411 4294967295
3.85483 4294967295
3.85519 4294967295
3.85578 4294967295
3.85638 4294967295
3.86463 4294967295
3.86534 4294967295
3.86582 4294967295
3.86606 4294967295
3.86642 4294967295
3.8669 4294967295
3.86726 4294967295
3.8675 4294967295
3.86785 4294967295
3.86869 4294967295
3.86929 4294967295
3.86965 4294967295
3.87013 4294967295
3.8706 4294967295
3.88124 4294967295
3.88172 4294967295
3.88208 4294967295
3.88256 4294967295
3.88626 4294967295
3.88686 4294967295
3.88734 4294967295
3.88758 4294967295
3.88805 4294967295
3.88889 4294967295
3.89068 4294967295
3.8914 4294967295
3.89164 4294967295
3.89714 4294967295
3.89738 4294967295
3.89785 4294967295
3.89833 4294967295
3.89869 4294967295
3.89917 4294967295
3.90419 4294967295
3.90479 4294967295
3.90526 4294967295
3.90574 4294967295
3.90622 4294967295
3.9067 4294967295
3.90706 4294967295
3.90789 4294967295
3.90861 4294967295
3.90897 4294967295
3.90957 4294967295
3.91016 4294967295
3.91841 4294967295
3.91913 4294967295
3.91961 4294967295
3.91985 4294967295
3.9202 4294967295
3.92068 4294967295
3.92104 4294967295
3.92128 4294967295
3.92164 4294967295
3.92248 4294967295
3.92307 4294967295
3.92343 4294967295
3.92391 4294967295
3.92439 4294967295
3.93502 4294967295
3.9355 4294967295
3.93586 4294967295
3.93634 4294967295
3.94004 4294967295
3.94064 4294967295
3.94112 4294967295
3.94136 4294967295
3.94184 4294967295
3.94267 4294967295
3.94447 4294967295
3.94518 4294967295
3.94542 4294967295
3.95092 4294967295
3.95116 4294967295
3.95164 4294967295
3.95212 4294967295
3.95247 4294967295
3.95295 4294967295
3.95797 4294967295
3.95857 4294967295
3.95905 4294967295
3.95953 4294967295
3.96 4294967295
3.96048 4294967295
3.96084 4294967295
3.96168 4294967295
3.9624 4294967295
3.96275 4294967295
3.96335 4294967295
3.96395 4294967295
3.9722 4294967295
3.97291 4294967295
3.97339 4294967295
3.97363 4294967295
3.97399 4294967295
3.97447 4294967295
3.97483 4294967295
3.97506 4294967295
3.97542 4294967295
3.97626 4294967295
3.97686 4294967295
3.97722 4294967295
3.97769 4294967295
3.97817 4294967295
