0.0 0
4.56e-05 4.56e-05
0.000230131 6.2966e-05
0.000830931 0.000130195
0.000842947 0.000190522
0.00202052 0.000315404
0.00204455 0.00042768
0.00205656 0.000525922
0.0020806 0.000614887
0.00439968 0.000835422
0.00442371 0.00103139
0.00444775 0.00120287
0.00447178 0.00135591
0.00448379 0.00148983
0.00450783 0.00161001
0.00453186 0.00171516
0.00455589 0.00181018
0.00686296 0.00189182
0.00687498 0.00196475
0.00688699 0.00202707
0.00691103 0.00208159
0.00693506 0.0021293
0.00694707 0.00217105
0.0136881 0.00206486
0.0137121 0.00197195
0.0137601 0.00189065
0.0153342 0.0018616
0.0153463 0.00183617
0.0153703 0.00181393
0.0154184 0.00179446
0.0174491 0.0018345
0.0174611 0.00186954
0.0174731 0.0019017
0.0174971 0.00192984
0.0175332 0.00195297
0.019672 0.00198672
0.019684 0.00201624
0.0196961 0.00204208
0.0197321 0.00206619
0.0197561 0.00208579
0.0221353 0.00213298
0.0221473 0.00217426
0.0221593 0.00221039
0.0221713 0.0022435
0.0221954 0.00227098
0.0244544 0.00227699
0.0244664 0.00228225
0.0244784 0.00228686
0.0244904 0.00229239
0.0245025 0.00229723
0.0245265 0.00230146
0.0267735 0.00230216
0.0267855 0.00230277
0.0267975 0.00230331
0.0268095 0.00230528
0.0268215 0.00230701
0.0268336 0.00230702
0.0290805 0.00230552
0.0290926 0.00230421
0.0291046 0.00230307
0.0291166 0.00230206
0.0291286 0.00230269
0.0291406 0.00230324
0.0313756 0.00230071
0.0313876 0.0022985
0.0313996 0.00229657
0.0314117 0.00229488
0.0314237 0.0022934
0.0334303 0.00226206
0.0334424 0.00223615
0.0334544 0.00221347
0.0334664 0.00219363
0.0334784 0.00217627
0.0353649 0.00214455
0.0353769 0.0021168
0.0353889 0.00209252
0.035401 0.00207278
0.035413 0.0020555
0.0372034 0.00202687
0.0372154 0.00200181
0.0372274 0.00197989
0.0372394 0.00196071
0.0388976 0.0019259
0.0389096 0.00189694
0.0389217 0.00187161
0.0389337 0.00184944
0.0408923 0.00186759
0.0409043 0.00188197
0.0409163 0.00189455
0.0409283 0.00190706
0.0427908 0.001906
0.0428028 0.00190356
0.0428148 0.00190143
0.0445331 0.00188154
0.0445451 0.00186414
0.0445572 0.00184891
0.0461673 0.00182207
0.0461793 0.00179708
0.0461913 0.00177671
0.0480298 0.00178743
0.0480418 0.00179682
0.0480538 0.00180502
0.0480658 0.00181371
0.0499644 0.00182881
0.0499764 0.00184053
0.0499884 0.00185079
0.0500004 0.00186126
0.0517067 0.00184639
0.0517187 0.00183188
0.0517307 0.00181918
0.053461 0.00181108
0.053473 0.00180549
0.053485 0.00180059
0.0534971 0.00179631
0.0554196 0.0018166
0.0554316 0.00183285
0.0554437 0.00184707
0.0554557 0.00186101
0.057222 0.00185368
0.057234 0.00184577
0.0572461 0.00183884
0.0588322 0.00181026
0.0588442 0.00178524
0.0588562 0.00176335
0.0607908 0.00178776
0.0608028 0.00180912
0.0608148 0.0018293
0.0608268 0.00184697
0.0627013 0.00185491
0.0627133 0.00186037
0.0627253 0.00186514
0.0627374 0.00187081
0.0643836 0.00184724
0.0643956 0.00182511
0.0644076 0.00180575
0.0661739 0.00180383
0.066186 0.00180365
0.066198 0.00180349
0.06621 0.00180336
0.0681806 0.00182877
0.0681926 0.00184951
0.0682046 0.00186765
0.0682167 0.00188503
0.0698749 0.00186118
0.0698869 0.00183881
0.0698989 0.00181924
0.0716653 0.00181563
0.0716773 0.00181398
0.0716893 0.00181253
0.0717013 0.00181126
0.073696 0.00183869
0.073708 0.00186119
0.07372 0.00188088
0.073732 0.00189961
0.0754022 0.00187544
0.0754142 0.00185279
0.0754263 0.00183297
0.0771445 0.00182164
0.0771566 0.00181323
0.0771686 0.00180587
0.0771806 0.00179942
0.0791993 0.00183134
0.0792113 0.00185776
0.0792233 0.00188088
0.0792353 0.00190261
0.0809176 0.00187957
0.0809296 0.00185791
0.0809416 0.00183895
0.0826959 0.00183138
0.082708 0.00182625
0.08272 0.00182177
0.082732 0.00181785
0.0847627 0.00184896
0.0847747 0.00187468
0.0847867 0.00189719
0.0847987 0.00191838
0.086481 0.00189337
0.086493 0.00186998
0.086505 0.00184952
0.0882593 0.00184062
0.0882714 0.00183434
0.0882834 0.00182885
0.0882954 0.00182404
0.0902901 0.00184987
0.0903021 0.00187097
0.0903141 0.00188944
0.0903261 0.0019071
0.0920083 0.0018835
0.0920204 0.00186134
0.0920324 0.00184196
0.0937747 0.00183251
0.0937867 0.00182574
0.0937987 0.00181982
0.0938107 0.00181463
0.0958054 0.00184164
0.0958174 0.00186377
0.0958294 0.00188314
0.0958414 0.00190158
0.0975237 0.00187867
0.0975357 0.00185712
0.0975477 0.00183826
0.099278 0.00182777
0.09929 0.00182009
0.0993021 0.00181338
0.0993141 0.0018075
0.101321 0.0018369
0.101333 0.00186112
0.101345 0.00188232
0.101357 0.00190237
0.103015 0.00187636
0.103027 0.00185209
0.103039 0.00183086
0.104805 0.0018258
0.104817 0.00182287
0.104829 0.00182031
0.104841 0.00181807
0.106836 0.00184465
0.106848 0.00186641
0.10686 0.00188544
0.106872 0.0019036
0.108554 0.00188043
0.108566 0.00185866
0.108578 0.00183961
0.110345 0.00183346
0.110357 0.00182958
0.110369 0.00182618
0.110381 0.00182321
0.112363 0.00184764
0.112375 0.00186752
0.112387 0.00188491
0.112399 0.00190163
0.114058 0.00187571
0.11407 0.00185153
0.114082 0.00183037
0.115812 0.00182086
0.115824 0.00181405
0.115836 0.00180809
0.115848 0.00180287
0.117867 0.00183435
0.117879 0.0018604
0.117891 0.00188319
0.117903 0.00190463
0.119597 0.00188284
0.119609 0.00186227
0.119621 0.00184427
0.121351 0.00183303
0.121363 0.00182469
0.121375 0.0018174
0.121387 0.00181102
0.123346 0.00183397
0.123358 0.00185256
0.12337 0.00186882
0.123382 0.00188455
0.125076 0.00186527
0.125088 0.00184689
0.1251 0.00183082
0.126759 0.00181224
0.126771 0.0017975
0.126783 0.00178459
0.126795 0.0017733
0.128837 0.00181148
0.128849 0.00184339
0.128861 0.00187131
0.128873 0.00189724
0.130652 0.00188689
0.130664 0.00187633
0.130676 0.00186709
0.132322 0.00184248
0.132334 0.00182245
0.132346 0.00180492
0.132358 0.00178959
0.134377 0.00182273
0.134389 0.00185023
0.134401 0.00187429
0.134413 0.00189684
0.136179 0.00188504
0.136191 0.00187321
0.136203 0.00186285
0.137837 0.00183727
0.137849 0.00181639
0.137861 0.00179812
0.137873 0.00178213
0.139904 0.00181771
0.139916 0.00184734
0.139928 0.00187326
0.13994 0.00189745
0.141731 0.00188857
0.141743 0.0018793
0.141755 0.00187119
0.143389 0.00184457
0.143401 0.00182277
0.143413 0.00180371
0.143425 0.00178702
0.145456 0.00182198
0.145468 0.00185108
0.14548 0.00187653
0.145492 0.00190031
0.14727 0.00188957
0.147282 0.00187868
0.147294 0.00186914
0.148916 0.00184127
0.148928 0.00181839
0.14894 0.00179837
0.148952 0.00178085
0.150983 0.00181658
0.150995 0.00184635
0.151007 0.0018724
0.151019 0.00189669
0.152809 0.00188791
0.152821 0.00187872
0.152833 0.00187068
0.154455 0.00184262
0.154468 0.00181957
0.15448 0.0017994
0.154492 0.00178175
0.156534 0.00181888
0.156546 0.00184986
0.156558 0.00187697
0.15657 0.0019022
0.158373 0.00189423
0.158385 0.00188575
0.158397 0.00187834
0.160019 0.00184932
0.160031 0.00182543
0.160043 0.00180453
0.160055 0.00178624
0.162098 0.0018228
0.16211 0.0018533
0.162122 0.00187998
0.162134 0.00190482
0.163924 0.00189503
0.163936 0.00188495
0.163948 0.00187613
0.165582 0.00184889
0.165594 0.00182656
0.165606 0.00180701
0.165618 0.00178991
0.167661 0.00182602
0.167673 0.00185611
0.167685 0.00188244
0.167697 0.00190698
0.169488 0.00189691
0.1695 0.0018866
0.169512 0.00187758
0.171146 0.00185016
0.171158 0.00182766
0.17117 0.00180798
0.171182 0.00179076
0.173164 0.00181925
0.173176 0.00184268
0.173188 0.00186318
0.1732 0.00188262
0.174991 0.00187559
0.175003 0.00186794
0.175015 0.00186125
0.176601 0.00182986
0.176613 0.0018039
0.176625 0.00178118
0.176637 0.0017613
0.178656 0.00179798
0.178668 0.00183008
0.17868 0.00185816
0.178692 0.00188423
0.178704 0.00190705
0.180518 0.00190148
0.18053 0.0018951
0.180542 0.00188952
0.180554 0.00188464
0.182116 0.00184882
0.182128 0.00181899
0.18214 0.00179288
0.182152 0.00177004
0.182164 0.00175005
0.184183 0.00178964
0.184195 0.00182428
0.184207 0.00185459
0.184219 0.00188261
0.184231 0.00190713
0.184243 0.00192858
0.186082 0.00192483
0.186094 0.00192004
0.186106 0.00191585
0.186118 0.00191218
0.18613 0.00190897
0.18768 0.00187011
0.187692 0.00183461
0.187704 0.00180355
0.187716 0.00177637
0.187728 0.00175409
0.189614 0.00177665
0.189626 0.00179639
0.189638 0.00181366
0.18965 0.00182878
0.189662 0.001842
0.189674 0.00185507
0.191513 0.0018605
0.191525 0.00186225
0.191537 0.00186528
0.191549 0.00186794
0.191561 0.00187026
0.193099 0.00183474
0.193111 0.00180216
0.193123 0.00177365
0.193135 0.00174871
0.195022 0.00177044
0.195034 0.00179095
0.195046 0.00180891
0.195058 0.00182461
0.19507 0.00183836
0.196992 0.00185489
0.197004 0.00186786
0.197016 0.0018792
0.197028 0.00188913
0.19704 0.00189931
0.198638 0.00186767
0.19865 0.00183848
0.198662 0.00181295
0.198674 0.0017906
0.200561 0.00180709
0.200573 0.00182153
0.200585 0.00183566
0.200597 0.00184802
0.200609 0.00185884
0.202519 0.00187131
0.202532 0.00188072
0.202544 0.00188895
0.202556 0.00189616
0.204142 0.00186191
0.204154 0.00183044
0.204166 0.0018044
0.204178 0.00178162
0.206052 0.00179774
0.206064 0.00181184
0.206076 0.00182417
0.206088 0.00183497
0.2061 0.00184592
0.208011 0.00186001
0.208023 0.00187083
0.208035 0.0018803
0.208047 0.00188858
0.209657 0.00185828
0.209669 0.00183027
0.209681 0.00180576
0.209693 0.00178581
0.21158 0.00180291
0.211592 0.00181786
0.211604 0.00183095
0.211616 0.0018424
0.211628 0.00185392
0.213526 0.0018655
0.213538 0.00187414
0.21355 0.00188169
0.213562 0.0018883
0.21516 0.00185654
0.215172 0.00182724
0.215184 0.0018016
0.215196 0.00178068
0.217071 0.00179691
0.217083 0.00181111
0.217095 0.00182354
0.217107 0.00183442
0.217119 0.00184543
0.219041 0.00186108
0.219054 0.00187327
0.219066 0.00188394
0.219078 0.00189327
0.220688 0.00186239
0.2207 0.00183386
0.220712 0.0018089
0.220724 0.00178856
0.222574 0.0018008
0.222586 0.00181152
0.222598 0.00182089
0.22261 0.00182909
0.222622 0.00183777
0.224557 0.00185588
0.224569 0.00187022
0.224581 0.00188277
0.224593 0.00189375
0.226191 0.00186131
0.226203 0.00183141
0.226215 0.00180525
0.226227 0.00178387
0.228078 0.0017967
0.22809 0.00180793
0.228102 0.00181775
0.228114 0.00182634
0.228126 0.00183537
0.230072 0.00185528
0.230084 0.0018712
0.230096 0.00188513
0.230108 0.00189732
0.231682 0.00186142
0.231694 0.00182851
0.231706 0.00179971
0.231718 0.00177601
0.233569 0.00178983
0.233581 0.00180191
0.233593 0.00181249
0.233605 0.00182174
0.233617 0.00183134
0.2356 0.00185626
0.235612 0.00187656
0.235624 0.00189433
0.235636 0.00190987
0.237234 0.00187541
0.237246 0.00184375
0.237258 0.00181605
0.23727 0.00179332
0.239108 0.00180346
0.23912 0.00181234
0.239132 0.00182011
0.239144 0.00182691
0.239156 0.00183436
0.241127 0.0018574
0.241139 0.00187606
0.241151 0.00189238
0.241163 0.00190667
0.242761 0.00187261
0.242773 0.0018413
0.242785 0.00181391
0.242797 0.00179144
0.244612 0.00179882
0.244624 0.00180527
0.244636 0.00181092
0.244648 0.00181586
0.246678 0.00184723
0.24669 0.00187316
0.246702 0.00189736
0.246714 0.00191853
0.248324 0.00188449
0.248336 0.0018532
0.248349 0.00182582
0.250163 0.0018274
0.250175 0.00183028
0.250187 0.0018328
0.250199 0.00183501
0.252206 0.00186097
0.252218 0.00188219
0.25223 0.00190076
0.252242 0.0019185
0.253852 0.00188446
0.253864 0.00185317
0.253876 0.0018258
0.255654 0.00182287
0.255666 0.00182182
0.255678 0.00182089
0.25569 0.00182008
0.257733 0.00185242
0.257745 0.00187921
0.257757 0.00190265
0.257769 0.00192466
0.259427 0.00189586
0.259439 0.00186916
0.259451 0.00184579
0.261194 0.00183586
0.261206 0.00182868
0.261218 0.00182239
0.26123 0.00181688
0.263296 0.00185262
0.263308 0.00188239
0.26332 0.00190844
0.263332 0.00193274
0.265003 0.00190443
0.265015 0.00187816
0.265027 0.00185517
0.266781 0.00184557
0.266793 0.00183867
0.266805 0.00183263
0.266817 0.00182735
0.268872 0.00186028
0.268884 0.00188759
0.268896 0.00191149
0.268908 0.0019339
0.270566 0.00190394
0.270578 0.00187623
0.27059 0.00185198
0.272344 0.00184278
0.272356 0.00183623
0.272368 0.0018305
0.272381 0.00182548
0.274435 0.00185865
0.274447 0.00188616
0.274459 0.00191024
0.274471 0.0019328
0.276142 0.00190449
0.276154 0.00187821
0.276166 0.00185521
0.27792 0.00184561
0.277932 0.0018387
0.277944 0.00183266
0.277956 0.00182738
0.280011 0.0018603
0.280023 0.00188761
0.280035 0.00191151
0.280047 0.00193392
0.281717 0.00190546
0.281729 0.00187906
0.281741 0.00185596
0.283495 0.00184626
0.283507 0.00183927
0.283519 0.00183316
0.283531 0.00182781
0.285562 0.00185768
0.285574 0.00188231
0.285586 0.00190387
0.285598 0.00192422
0.287268 0.00189698
0.28728 0.00187164
0.287292 0.00184947
0.289035 0.00183908
0.289047 0.00183149
0.289059 0.00182485
0.289071 0.00181904
0.291101 0.00185
0.291113 0.00187559
0.291125 0.00189799
0.291137 0.00191908
0.29282 0.00189398
0.292832 0.00187052
0.292844 0.00184999
0.294562 0.00183653
0.294574 0.00182625
0.294586 0.00181726
0.294598 0.0018094
0.296641 0.00184307
0.296653 0.00187103
0.296665 0.00189549
0.296677 0.0019184
0.298407 0.00189939
0.298419 0.00188126
0.298431 0.0018654
0.300041 0.00183649
0.300053 0.0018127
0.300065 0.00179189
0.300077 0.00177368
0.30206 0.0018043
0.302072 0.0018296
0.302084 0.00185173
0.302096 0.0018726
0.303826 0.00185932
0.303838 0.0018462
0.30385 0.00183471
0.305412 0.00180364
0.305425 0.00177795
0.305437 0.00175547
0.305449 0.0017358
0.307479 0.00177717
0.307491 0.00181337
0.307503 0.00184504
0.307515 0.00187426
0.307527 0.00189982
0.309306 0.00189065
0.309318 0.00188112
0.30933 0.00187278
0.309342 0.00186548
0.310928 0.00183507
0.31094 0.00180695
0.310952 0.00178385
0.310964 0.00176364
0.313007 0.00180303
0.313019 0.0018375
0.313031 0.00186766
0.313043 0.00189405
0.313055 0.00191864
0.314833 0.00190711
0.314845 0.00189552
0.314857 0.00188538
0.314869 0.00187651
0.316443 0.00184322
0.316455 0.00181258
0.316467 0.00178577
0.316479 0.00176382
0.318486 0.00179868
0.318498 0.00182919
0.31851 0.00185588
0.318522 0.00187923
0.318534 0.00190117
0.320336 0.00189483
0.320348 0.00188778
0.32036 0.00188161
0.320372 0.00187622
0.321934 0.00184146
0.321947 0.00180954
0.321959 0.00178161
0.321971 0.00175867
0.323953 0.00179117
0.323965 0.00181961
0.323977 0.0018445
0.323989 0.00186627
0.324001 0.00188682
0.32584 0.00188678
0.325852 0.00188525
0.325864 0.0018839
0.325876 0.00188273
0.327462 0.00185016
0.327474 0.00182015
0.327486 0.0017939
0.327498 0.00177243
0.329493 0.00180472
0.329505 0.00183297
0.329517 0.00185768
0.329529 0.00187931
0.329541 0.00189974
0.331367 0.00189658
0.331379 0.00189232
0.331391 0.00188859
0.331403 0.00188532
0.332977 0.00185093
0.332989 0.00181933
0.333001 0.00179168
0.333013 0.00176898
0.335008 0.0018017
0.33502 0.00183032
0.335032 0.00185537
0.335044 0.00187729
0.335056 0.00189797
0.336918 0.00189954
0.33693 0.00189941
0.336942 0.0018993
0.336954 0.0018992
0.338541 0.00186457
0.338553 0.00183277
0.338565 0.00180494
0.338577 0.00178209
0.340535 0.00180866
0.340547 0.00183191
0.340559 0.00185225
0.340571 0.00187005
0.340583 0.00188713
0.34247 0.00189306
0.342482 0.00189675
0.342494 0.00189997
0.342506 0.0019028
0.344104 0.00186922
0.344116 0.00183834
0.344128 0.00181131
0.34414 0.00178917
0.346087 0.00181335
0.346099 0.00183451
0.346111 0.00185303
0.346123 0.00186923
0.346135 0.00188491
0.348045 0.00189412
0.348057 0.00190068
0.348069 0.00190642
0.348081 0.00191144
0.349679 0.00187678
0.349691 0.00184495
0.349703 0.0018171
0.349715 0.00179424
0.351662 0.00181779
0.351674 0.00183839
0.351686 0.00185642
0.351698 0.0018722
0.353609 0.0018815
0.353621 0.00188813
0.353633 0.00189544
0.353645 0.00190183
0.355243 0.00186838
0.355255 0.0018376
0.355267 0.00181067
0.357213 0.00183066
0.357225 0.00184966
0.357238 0.00186628
0.35725 0.00188083
0.359184 0.00189205
0.359196 0.00190037
0.359208 0.00190765
0.35922 0.00191552
0.360818 0.00188035
0.36083 0.00184808
0.360842 0.00181984
0.362741 0.00183268
0.362753 0.00184541
0.362765 0.00185656
0.362777 0.00186631
0.364711 0.00187935
0.364723 0.00188926
0.364735 0.00189793
0.364748 0.00190701
0.366346 0.00187291
0.366358 0.00184156
0.36637 0.00181414
0.368244 0.00182469
0.368256 0.00183542
0.368268 0.00184481
0.36828 0.00185302
0.370251 0.00187223
0.370263 0.00188753
0.370275 0.00190092
0.370287 0.00191414
0.371885 0.00187915
0.371897 0.00184702
0.371909 0.00181891
0.373796 0.00183037
0.373808 0.00184189
0.37382 0.00185197
0.373832 0.0018608
0.375814 0.00188053
0.375826 0.0018963
0.375838 0.00191009
0.37585 0.00192367
0.37746 0.00188898
0.377472 0.00185713
0.377484 0.00182926
0.379371 0.00183942
0.379383 0.00184981
0.379395 0.00185891
0.379407 0.00186686
0.38139 0.00188584
0.381402 0.00190095
0.381414 0.00191416
0.381426 0.00192723
0.383048 0.0018936
0.38306 0.00186267
0.383072 0.00183561
0.384934 0.00184197
0.384946 0.00184904
0.384958 0.00185523
0.38497 0.00186064
0.386953 0.0018804
0.386965 0.00189618
0.386977 0.00190999
0.386989 0.00192358
0.388635 0.00189341
0.388647 0.00186551
0.388659 0.0018411
0.390522 0.00184678
0.390534 0.00185324
0.390546 0.00185891
0.390558 0.00186386
0.392528 0.00188171
0.392541 0.00189583
0.392553 0.00190818
0.392565 0.00192049
0.394199 0.00188921
0.394211 0.00186033
0.394223 0.00183506
0.396073 0.00183999
0.396085 0.00184581
0.396097 0.00185089
0.396109 0.00185535
0.39808 0.00187426
0.398092 0.00188931
0.398104 0.00190248
0.398116 0.0019155
0.399774 0.00188785
0.399786 0.00186215
0.399798 0.00183966
0.401577 0.001835
0.401589 0.00183243
0.401601 0.00183017
0.401613 0.0018282
0.403583 0.00185051
0.403595 0.00186853
0.403607 0.0018843
0.403619 0.00189959
0.405289 0.00187543
0.405302 0.00185278
0.405314 0.00183296
0.40708 0.00182764
0.407092 0.00182449
0.407104 0.00182172
0.407116 0.00181931
0.409087 0.00184273
0.409099 0.00186172
0.409111 0.00187834
0.409123 0.00189438
0.410793 0.00187086
0.410805 0.00184879
0.410817 0.00182947
0.412571 0.00182308
0.412583 0.00181899
0.412595 0.00181542
0.412607 0.00181229
0.414578 0.00183659
0.41459 0.00185634
0.414602 0.00187363
0.414614 0.00189026
0.416296 0.00186877
0.416308 0.00184845
0.41632 0.00183068
0.418062 0.00182264
0.418075 0.0018171
0.418087 0.00181226
0.418099 0.00180802
0.420093 0.00183586
0.420105 0.00185871
0.420117 0.00187871
0.420129 0.00189771
0.421824 0.00187678
0.421836 0.00185697
0.421848 0.00183963
0.423578 0.00182897
0.42359 0.00182114
0.423602 0.00181429
0.423614 0.0018083
0.425597 0.0018346
0.425609 0.00185611
0.425621 0.00187493
0.425633 0.0018929
0.427339 0.00187408
0.427351 0.0018561
0.427363 0.00184038
0.429069 0.00182662
0.429081 0.00181608
0.429093 0.00180686
0.429105 0.00179879
0.431076 0.00182478
0.431088 0.00184601
0.4311 0.00186459
0.431112 0.00188235
0.432842 0.00186785
0.432854 0.00185366
0.432866 0.00184125
0.434536 0.00182287
0.434548 0.0018083
0.43456 0.00179554
0.434572 0.00178438
0.436615 0.00182118
0.436627 0.00185188
0.436639 0.00187874
0.436651 0.00190374
0.438406 0.00188957
0.438418 0.00187567
0.43843 0.00186351
0.440124 0.00184535
0.440136 0.00183097
0.440148 0.00181839
0.44016 0.00180738
0.442179 0.0018383
0.442191 0.00186385
0.442203 0.00188621
0.442215 0.00190727
0.443981 0.00189416
0.443993 0.00188119
0.444005 0.00186984
0.445687 0.00184939
0.445699 0.001833
0.445711 0.00181866
0.445723 0.00180612
0.44773 0.00183569
0.447742 0.00186007
0.447754 0.0018814
0.447766 0.00190156
0.449532 0.00188917
0.449544 0.00187682
0.449556 0.00186601
0.451191 0.00184004
0.451203 0.00181881
0.451215 0.00180024
0.451227 0.00178398
0.453257 0.00181933
0.453269 0.00184876
0.453281 0.0018745
0.453293 0.00189853
0.45512 0.00189403
0.455132 0.00188858
0.455144 0.00188382
0.456754 0.00185261
0.456766 0.00182681
0.456778 0.00180423
0.45679 0.00178447
0.458833 0.00182126
0.458845 0.00185195
0.458857 0.0018788
0.458869 0.00190379
0.460695 0.00189863
0.460707 0.00189261
0.460719 0.00188734
0.462317 0.00185419
0.462329 0.00182669
0.462341 0.00180262
0.462353 0.00178157
0.46442 0.00182172
0.464432 0.00185686
0.464444 0.0018861
0.466271 0.00188164
0.466283 0.00187925
0.466295 0.00187715
0.467905 0.00184678
0.467917 0.0018202
0.467929 0.00179695
0.467941 0.0017781
0.469996 0.00181719
0.470008 0.00184988
0.47002 0.00187849
0.471846 0.00187499
0.471858 0.00187192
0.47187 0.00186924
0.47348 0.00183986
0.473492 0.00181415
0.473504 0.00179165
0.473516 0.00177347
0.475571 0.00181313
0.475583 0.00184633
0.475595 0.00187539
0.477434 0.00187378
0.477446 0.00187236
0.477458 0.00187113
0.479056 0.00184001
0.479068 0.00181277
0.47908 0.00179045
0.479092 0.00177092
0.481146 0.0018109
0.481159 0.00184588
0.481171 0.00187499
0.483021 0.00187493
0.483033 0.00187638
0.483045 0.00187764
0.484631 0.00184421
0.484643 0.00181495
0.484655 0.00178935
0.484667 0.00176845
0.486674 0.00180273
0.486686 0.00183273
0.486698 0.00185898
0.48671 0.00188194
0.488548 0.00188101
0.48856 0.0018802
0.488572 0.00187948
0.488584 0.00187886
0.490158 0.00184527
0.490171 0.00181438
0.490183 0.00178735
0.490195 0.0017652
0.492189 0.00179838
0.492201 0.00182742
0.492213 0.00185283
0.492225 0.00187507
0.492237 0.00189602
0.494076 0.00189483
0.494088 0.00189229
0.4941 0.00189007
0.494112 0.00188812
0.495662 0.00185037
0.495674 0.00181583
0.495686 0.00178712
0.495698 0.00176199
0.497693 0.00179558
0.497705 0.00182497
0.497717 0.00185069
0.497729 0.00187319
0.497741 0.00189438
0.499603 0.0018964
0.499615 0.00189667
0.499627 0.0018969
0.499639 0.0018971
0.501201 0.00185973
0.501213 0.00182553
0.501225 0.0017971
0.501237 0.00177223
0.503208 0.00180153
0.50322 0.00182718
0.503232 0.00184961
0.503244 0.00186924
0.503256 0.00188792
0.505142 0.00189376
0.505154 0.00189736
0.505166 0.00190051
0.505178 0.00190326
0.506729 0.00186362
0.506741 0.00182743
0.506753 0.00179726
0.506765 0.00177087
0.508699 0.00179584
0.508711 0.00181768
0.508723 0.0018368
0.508735 0.00185353
0.508747 0.00186967
0.51067 0.00188229
0.510682 0.00189183
0.510694 0.00190017
0.510706 0.00190748
0.512292 0.00187181
0.512304 0.0018391
0.512316 0.00181048
0.512328 0.00178694
0.51419 0.00180089
0.514203 0.00181309
0.514215 0.00182377
0.514227 0.00183312
0.514239 0.00184279
0.516161 0.00185877
0.516173 0.00187125
0.516185 0.00188217
0.516197 0.00189172
0.517783 0.00185803
0.517795 0.00182704
0.517807 0.00179993
0.517819 0.00177771
0.519694 0.00179431
0.519706 0.00180884
0.519718 0.00182155
0.51973 0.00183268
0.519742 0.00184391
0.521688 0.00186275
0.5217 0.00187774
0.521713 0.00189085
0.521725 0.00190232
0.523323 0.0018688
0.523335 0.00183797
0.523347 0.001811
0.523359 0.00178889
0.525233 0.0018041
0.525245 0.00181741
0.525257 0.00182905
0.525269 0.00183923
0.525281 0.00184965
0.527228 0.00186777
0.52724 0.00188213
0.527252 0.0018947
0.527264 0.00190569
0.528862 0.00187175
0.528874 0.00184055
0.528886 0.00181325
0.528898 0.00179087
0.530761 0.00180432
0.530773 0.0018161
0.530785 0.0018264
0.530797 0.00183542
0.530809 0.00184481
0.532743 0.00186204
0.532755 0.00187561
0.532767 0.00188748
0.532779 0.00189788
0.534377 0.00186491
0.534389 0.00183457
0.534401 0.00180802
0.534413 0.00178629
0.536264 0.00179881
0.536276 0.00180978
0.536288 0.00181937
0.5363 0.00182776
0.536312 0.00183661
0.538259 0.00185636
0.538271 0.00187215
0.538283 0.00188596
0.538295 0.00189804
0.539893 0.00186506
0.539905 0.00183469
0.539917 0.00180813
0.539929 0.00178638
0.541779 0.0017989
0.541791 0.00180985
0.541803 0.00181943
0.541815 0.00182782
0.541827 0.00183665
0.543786 0.00185791
0.543798 0.001875
0.54381 0.00188996
0.543822 0.00190304
0.545432 0.00187094
0.545444 0.00184134
0.545456 0.00181544
0.545468 0.00179429
0.547307 0.00180431
0.547319 0.00181309
0.547331 0.00182076
0.547343 0.00182748
0.547355 0.00183486
0.549313 0.00185633
0.549325 0.00187362
0.549337 0.00188875
0.549349 0.00190199
0.550935 0.00186701
0.550947 0.0018349
0.550959 0.00180681
0.550971 0.00178373
0.55281 0.00179507
0.552822 0.001805
0.552834 0.00181369
0.552846 0.00182129
0.552858 0.00182944
0.554793 0.00184859
0.554805 0.00186384
0.554817 0.00187719
0.554829 0.00188887
0.556415 0.00185553
0.556427 0.00182486
0.556439 0.00179802
0.556451 0.00177603
0.558253 0.00178384
0.558265 0.00179066
0.558277 0.00179663
0.558289 0.00180186
0.560284 0.00183046
0.560296 0.00185399
0.560308 0.00187608
0.56032 0.00189541
0.561954 0.00186726
0.561966 0.00184113
0.561978 0.00181826
0.563769 0.00181778
0.563781 0.00181886
0.563793 0.00181981
0.563805 0.00182064
0.565811 0.0018484
0.565823 0.00187118
0.565835 0.00189112
0.565847 0.00191007
0.567505 0.00188309
0.567518 0.00185799
0.56753 0.00183602
0.569284 0.00182881
0.569296 0.00182401
0.569308 0.0018198
0.56932 0.00181613
0.571363 0.00184896
0.571375 0.00187618
0.571387 0.0019
0.571399 0.00192235
0.573093 0.00189834
0.573105 0.00187583
0.573117 0.00185614
0.574847 0.00184341
0.574859 0.00183378
0.574871 0.00182535
0.574883 0.00181798
0.576938 0.00185208
0.57695 0.00188041
0.576962 0.00190521
0.576974 0.0019284
0.57868 0.00190514
0.578692 0.00188329
0.578704 0.00186417
0.580423 0.00184893
0.580435 0.00183711
0.580447 0.00182676
0.580459 0.00181771
0.582513 0.00185184
0.582525 0.00188021
0.582538 0.00190503
0.58255 0.00192825
0.58428 0.00190801
0.584292 0.0018888
0.584304 0.00187199
0.586022 0.00185578
0.586034 0.0018431
0.586046 0.00183201
0.586058 0.0018223
0.588113 0.00185586
0.588125 0.00188372
0.588137 0.0019081
0.588149 0.00193094
0.589879 0.00191036
0.589891 0.00189086
0.589903 0.00187379
0.591622 0.00185736
0.591634 0.00184448
0.591646 0.00183321
0.591658 0.00182335
0.593712 0.00185678
0.593724 0.00188453
0.593736 0.00190881
0.593748 0.00193155
0.595479 0.0019109
0.595491 0.00189133
0.595503 0.00187421
0.597221 0.00185772
0.597233 0.0018448
0.597245 0.00183349
0.597257 0.00182359
0.5993 0.00185549
0.599312 0.0018819
0.599324 0.001905
0.599336 0.00192672
0.601078 0.00190818
0.60109 0.00189045
0.601102 0.00187494
0.602833 0.00185986
0.602845 0.00184817
0.602857 0.00183794
0.602869 0.00182899
0.604887 0.00185721
0.604899 0.0018804
0.604911 0.00190069
0.604923 0.00191994
0.606642 0.00189924
0.606654 0.00187963
0.606666 0.00186246
0.608372 0.00184594
0.608384 0.00183299
0.608396 0.00182166
0.608408 0.00181174
0.610439 0.00184362
0.610451 0.00187001
0.610463 0.0018931
0.610475 0.0019148
0.612217 0.00189775
0.612229 0.00188132
0.612241 0.00186695
0.613923 0.00184687
0.613935 0.00183079
0.613947 0.00181673
0.613959 0.00180442
0.615966 0.00183421
0.615978 0.00185877
0.61599 0.00188026
0.616002 0.00190057
0.617768 0.0018883
0.61778 0.00187606
0.617792 0.00186535
0.619427 0.00183945
0.619439 0.0018183
0.619451 0.00179979
0.619463 0.00178359
0.621493 0.00181899
0.621505 0.00184846
0.621517 0.00187424
0.621529 0.0018983
0.623344 0.00189232
0.623356 0.00188559
0.623368 0.0018797
0.624942 0.0018445
0.624954 0.0018137
0.624966 0.00178676
0.626949 0.00181424
0.626961 0.0018383
0.626973 0.00185934
0.626985 0.00187926
0.628787 0.00187416
0.628799 0.00186819
0.628811 0.00186297
0.630361 0.00182686
0.630373 0.00179527
0.630385 0.00176762
0.632404 0.00180201
0.632416 0.0018321
0.632428 0.00185993
0.63244 0.00188428
0.63429 0.00188456
0.634302 0.0018833
0.634314 0.0018822
0.634326 0.00188274
0.635925 0.00185167
0.635937 0.00182298
0.635949 0.00179787
0.637955 0.00182698
0.637967 0.00185394
0.637979 0.00187754
0.637991 0.00189819
0.639854 0.00189823
0.639866 0.00189676
0.639878 0.00189548
0.63989 0.00189586
0.641476 0.00186165
0.641488 0.00183021
0.6415 0.0018027
0.643459 0.00182519
0.643471 0.00184638
0.643483 0.00186491
0.643495 0.00188113
0.645393 0.00188781
0.645405 0.00189215
0.645417 0.00189595
0.645429 0.00190078
0.647051 0.00187046
0.647063 0.00184242
0.647075 0.00181789
0.649034 0.00183849
0.649046 0.00185801
0.649058 0.00187509
0.64907 0.00189003
0.650981 0.0018971
0.650993 0.00190179
0.651005 0.00190588
0.651017 0.00191097
0.652627 0.00187787
0.652639 0.00184741
0.652651 0.00182076
0.654609 0.00184099
0.654621 0.0018602
0.654634 0.00187701
0.654646 0.00189171
0.656556 0.00189857
0.656568 0.00190307
0.65658 0.00190701
0.656592 0.00191196
0.658202 0.00187874
0.658214 0.00184817
0.658226 0.00182142
0.660173 0.00184007
0.660185 0.00185789
0.660197 0.00187348
0.660209 0.00188713
0.662119 0.00189456
0.662131 0.00189956
0.662144 0.00190394
0.662156 0.00190927
0.663754 0.00187488
0.663766 0.00184329
0.663778 0.00181565
0.6657 0.00183202
0.665712 0.00184784
0.665724 0.00186169
0.665736 0.0018738
0.667671 0.0018859
0.667683 0.00189499
0.667695 0.00190294
0.667707 0.0019114
0.669293 0.00187525
0.669305 0.00184211
0.669317 0.00181311
0.671216 0.00182679
0.671228 0.00184026
0.67124 0.00185205
0.671252 0.00186237
0.673222 0.00188041
0.673234 0.00189469
0.673246 0.00190718
0.673258 0.00191962
0.674844 0.00188244
0.674856 0.0018484
0.674868 0.00181862
0.676731 0.0018271
0.676743 0.00183603
0.676755 0.00184384
0.676767 0.00185068
0.67875 0.00187168
0.678762 0.00188855
0.678774 0.00190332
0.678786 0.00191774
0.680372 0.00188079
0.680384 0.00184696
0.680396 0.00181736
0.682246 0.0018245
0.682258 0.00183225
0.68227 0.00183903
0.682282 0.00184497
0.684301 0.00187119
0.684313 0.00189263
0.684325 0.00191139
0.684337 0.00192931
0.685947 0.00189392
0.685959 0.00186145
0.685971 0.00183304
0.687822 0.00183822
0.687834 0.00184426
0.687846 0.00184954
0.687858 0.00185416
0.689852 0.00187623
0.689864 0.00189404
0.689876 0.00190962
0.689888 0.00192475
0.691511 0.00189143
0.691523 0.00186078
0.691535 0.00183395
0.693349 0.00183452
0.693361 0.00183651
0.693373 0.00183825
0.693385 0.00183978
0.695392 0.00186514
0.695404 0.00188584
0.695416 0.00190395
0.695428 0.00192129
0.697086 0.00189291
0.697098 0.00186658
0.69711 0.00184353
0.6989 0.0018399
0.698912 0.00183821
0.698924 0.00183674
0.698936 0.00183545
0.700967 0.00186436
0.700979 0.00188816
0.700991 0.00190898
0.701003 0.0019287
0.702685 0.0019024
0.702698 0.00187788
0.70271 0.00185643
0.7045 0.00185118
0.704512 0.00184808
0.704524 0.00184538
0.704536 0.00184301
0.706567 0.00187098
0.706579 0.00189395
0.706591 0.00191404
0.706603 0.00193313
0.708285 0.00190628
0.708297 0.00188127
0.708309 0.0018594
0.710099 0.00185378
0.710111 0.00185036
0.710123 0.00184737
0.710135 0.00184475
0.712166 0.0018725
0.712178 0.00189528
0.71219 0.00191521
0.712202 0.00193415
0.713884 0.00190717
0.713896 0.00188206
0.713908 0.00186008
0.715699 0.00185437
0.715711 0.00185088
0.715723 0.00184782
0.715735 0.00184515
0.717766 0.00187285
0.717778 0.00189558
0.71779 0.00191548
0.717802 0.00193439
0.719484 0.00190737
0.719496 0.00188224
0.719508 0.00186024
0.721298 0.00185451
0.72131 0.001851
0.721322 0.00184793
0.721334 0.00184524
0.723353 0.00187143
0.723365 0.00189284
0.723377 0.00191157
0.723389 0.00192947
0.725071 0.00190307
0.725083 0.00187847
0.725095 0.00185695
0.726886 0.00185163
0.726898 0.00184848
0.72691 0.00184572
0.726922 0.00184331
0.728928 0.00186824
0.72894 0.00188854
0.728952 0.00190631
0.728964 0.00192336
0.730647 0.00189773
0.730659 0.0018738
0.730671 0.00185286
0.732437 0.00184505
0.732449 0.00183972
0.732461 0.00183505
0.732473 0.00183097
0.73448 0.00185744
0.734492 0.00187909
0.734504 0.00189805
0.734516 0.00191613
0.736222 0.0018944
0.736234 0.00187389
0.736246 0.00185594
0.737952 0.00184024
0.737964 0.001828
0.737976 0.00181729
0.737988 0.00180791
0.739959 0.00183276
0.739971 0.001853
0.739983 0.0018707
0.739995 0.0018877
0.741725 0.00187253
0.741737 0.00185775
0.74175 0.00184483
0.743408 0.0018245
0.74342 0.00180822
0.743432 0.00179398
0.743444 0.00178151
0.74545 0.00181416
0.745462 0.00184123
0.745474 0.00186491
0.745486 0.00188714
0.747289 0.00188105
0.747301 0.00187422
0.747313 0.00186825
0.748935 0.00184049
0.748947 0.0018177
0.748959 0.00179777
0.748971 0.00178032
0.750966 0.00181162
0.750978 0.0018375
0.75099 0.00186015
0.751002 0.00188147
0.752804 0.00187609
0.752816 0.00186988
0.752828 0.00186445
0.754414 0.00183266
0.754426 0.00180635
0.754438 0.00178333
0.75445 0.00176318
0.756469 0.00179962
0.756481 0.00183151
0.756493 0.00185941
0.756505 0.00188533
0.756517 0.00190801
0.758344 0.00190382
0.758356 0.00189865
0.758368 0.00189413
0.75838 0.00189017
0.75993 0.00185216
0.759942 0.00181741
0.759954 0.00178849
0.759966 0.00176319
0.761984 0.00179964
0.761996 0.00183152
0.762008 0.00185943
0.76202 0.00188384
0.762033 0.0019067
0.763907 0.00190868
0.763919 0.00190892
0.763931 0.00190912
0.763943 0.0019093
0.765529 0.0018734
0.765541 0.0018405
0.765553 0.0018132
0.765565 0.00178932
0.767584 0.0018225
0.767596 0.00185153
0.767608 0.00187693
0.76762 0.00189915
0.767632 0.0019201
0.769518 0.00192191
0.76953 0.00192199
0.769543 0.00192206
0.769555 0.00192213
0.771141 0.00188463
0.771153 0.00185032
0.771165 0.0018203
0.771177 0.00179553
0.773171 0.00182493
0.773183 0.00185065
0.773195 0.00187315
0.773207 0.00189285
0.773219 0.00191158
0.775106 0.00191446
0.775118 0.00191547
0.77513 0.00191635
0.775142 0.00191713
0.776728 0.00188026
0.77674 0.00184649
0.776752 0.00181695
0.776764 0.0017926
0.778759 0.00182236
0.778771 0.0018484
0.778783 0.00187119
0.778795 0.00189113
0.778807 0.00191008
0.780705 0.00191464
0.780717 0.00191713
0.780729 0.00191931
0.780741 0.00192122
0.78234 0.00188534
0.782352 0.00185244
0.782364 0.00182365
0.782376 0.00179997
0.784358 0.00182731
0.78437 0.00185123
0.784382 0.00187216
0.784394 0.00189048
0.784406 0.00190801
0.786305 0.00191283
0.786317 0.00191555
0.786329 0.00191793
0.786341 0.00192001
0.787927 0.00188277
0.787939 0.0018487
0.787951 0.00181888
0.787963 0.00179429
0.78991 0.00181783
0.789922 0.00183843
0.789934 0.00185646
0.789946 0.00187223
0.789958 0.00188753
0.791856 0.00189492
0.791868 0.00189987
0.79188 0.00190421
0.791892 0.001908
0.793454 0.00186927
0.793466 0.00183388
0.793478 0.0018029
0.79349 0.00177731
0.795425 0.00180147
0.795437 0.00182262
0.795449 0.00184112
0.795461 0.0018573
0.795473 0.00187297
0.797408 0.00188668
0.79742 0.00189717
0.797432 0.00190635
0.797444 0.00191439
0.79903 0.00187786
0.799042 0.00184439
0.799054 0.00181511
0.799066 0.00179099
0.800976 0.00181044
0.800988 0.00182746
0.801 0.00184235
0.801012 0.00185538
0.801024 0.00186828
0.802971 0.00188408
0.802983 0.0018964
0.802995 0.00190718
0.803007 0.00191661
0.804593 0.00187981
0.804605 0.0018461
0.804617 0.0018166
0.804629 0.0017923
0.806504 0.00180708
0.806516 0.00182001
0.806528 0.00183133
0.80654 0.00184123
0.806552 0.00185139
0.808498 0.0018693
0.80851 0.00188347
0.808522 0.00189586
0.808534 0.00190671
0.810109 0.00186964
0.810121 0.0018357
0.810133 0.001806
0.810145 0.00178152
0.811971 0.00179164
0.811983 0.0018005
0.811995 0.00180824
0.812007 0.00181502
0.812019 0.00182246
0.814026 0.00185149
0.814038 0.00187539
0.81405 0.00189631
0.814062 0.00191461
0.815696 0.00188406
0.815708 0.00185583
0.81572 0.00183113
0.815732 0.00181101
0.817534 0.00181444
0.817546 0.00181744
0.817558 0.00182007
0.81757 0.00182236
0.819577 0.00184991
0.819589 0.00187251
0.819601 0.00189378
0.819613 0.0019124
0.821235 0.00188063
0.821247 0.00185132
0.821259 0.00182568
0.821271 0.00180474
0.82305 0.00180595
0.823062 0.00180701
0.823074 0.00180794
0.823086 0.00180875
0.825104 0.00183949
0.825117 0.0018649
0.825129 0.00188863
0.825141 0.00190939
0.826787 0.00188099
0.826799 0.00185465
0.826811 0.0018316
0.828589 0.00182795
0.828601 0.00182625
0.828613 0.00182477
0.828625 0.00182348
0.830668 0.00185539
0.83068 0.00188181
0.830692 0.00190493
0.830704 0.00192666
0.832398 0.00190211
0.83241 0.00187913
0.832422 0.00185903
0.834177 0.00184894
0.834189 0.00184162
0.834201 0.00183522
0.834213 0.00182961
0.836255 0.00186076
0.836267 0.00188651
0.836279 0.00190904
0.836291 0.00193025
0.837974 0.00190376
0.837986 0.00187907
0.837998 0.00185747
0.839728 0.00184458
0.83974 0.0018348
0.839752 0.00182624
0.839764 0.00181876
0.841795 0.00184976
0.841807 0.00187538
0.841819 0.0018978
0.841831 0.00191892
0.843561 0.00189985
0.843573 0.00188166
0.843585 0.00186574
0.845267 0.00184581
0.845279 0.00182987
0.845291 0.00181592
0.845303 0.00180372
0.847334 0.00183659
0.847346 0.00186386
0.847358 0.00188772
0.84737 0.0019101
0.849124 0.00189513
0.849136 0.00188054
0.849149 0.00186777
0.850807 0.00184457
0.850819 0.00182578
0.850831 0.00180934
0.850843 0.00179496
0.852873 0.00182893
0.852885 0.00185716
0.852898 0.00188185
0.85291 0.00190497
0.854712 0.00189665
0.854724 0.00188787
0.854736 0.00188019
0.856346 0.00184944
0.856358 0.00182403
0.85637 0.0018018
0.856382 0.00178235
0.858365 0.00181189
0.858377 0.00183624
0.858389 0.00185754
0.858401 0.00187769
0.860215 0.00187428
0.860227 0.0018698
0.860239 0.00186588
0.861789 0.00182941
0.861801 0.001799
0.861813 0.00177239
0.861825 0.0017491
0.863844 0.0017873
0.863856 0.00182073
0.863868 0.00184998
0.86388 0.00187708
0.863892 0.00190079
0.865767 0.00190351
0.865779 0.00190439
0.865791 0.00190516
0.865803 0.00190583
0.867389 0.00187037
0.867401 0.00183784
0.867413 0.00181088
0.867425 0.00178729
0.869432 0.00181922
0.869444 0.00184716
0.869456 0.0018716
0.869468 0.00189299
0.86948 0.00191321
0.871366 0.00191588
0.871378 0.00191671
0.87139 0.00191744
0.871402 0.00191808
0.872976 0.00187959
0.872988 0.00184441
0.873 0.00181362
0.873012 0.00178819
0.874995 0.001817
0.875007 0.00184221
0.875019 0.00186427
0.875031 0.00188357
0.875043 0.00190196
0.876942 0.00190754
0.876954 0.00191092
0.876966 0.00191388
0.876978 0.00191646
0.878564 0.00187967
0.878576 0.00184598
0.878588 0.0018165
0.8786 0.00179221
0.880582 0.00182052
0.880594 0.00184529
0.880606 0.00186696
0.880618 0.00188593
0.88063 0.00190402
0.882541 0.00191085
0.882553 0.00191531
0.882565 0.00191922
0.882577 0.00192264
0.884175 0.00188659
0.884187 0.00185353
0.884199 0.00182461
0.884211 0.0018008
0.886146 0.00182203
0.886158 0.00184061
0.88617 0.00185686
0.886182 0.00187108
0.886194 0.00188502
0.888092 0.00189272
0.888104 0.00189795
0.888116 0.00190253
0.888128 0.00190653
0.889703 0.00186948
0.889715 0.00183556
0.889727 0.00180588
0.889739 0.00178142
0.891637 0.00180056
0.891649 0.00181731
0.891661 0.00183197
0.891673 0.00184479
0.891685 0.00185752
0.89362 0.00187316
0.893632 0.00188534
0.893644 0.001896
0.893656 0.00190533
0.895254 0.00187143
0.895266 0.00184027
0.895278 0.00181301
0.89529 0.00179065
0.897152 0.00180414
0.897164 0.00181594
0.897176 0.00182626
0.897188 0.00183529
0.8972 0.0018447
0.899171 0.00186645
0.899183 0.00188397
0.899195 0.00189931
0.899207 0.00191273
0.900829 0.00188092
0.900841 0.00185158
0.900853 0.0018259
0.900865 0.00180494
0.902728 0.00181664
0.90274 0.00182687
0.902752 0.00183583
0.902764 0.00184367
0.902776 0.00185203
0.904747 0.00187286
0.904759 0.00188958
0.904771 0.00190422
0.904783 0.00191703
0.906393 0.00188317
0.906405 0.00185205
0.906417 0.00182481
0.906429 0.00180248
0.908267 0.00181149
0.908279 0.00181936
0.908291 0.00182625
0.908303 0.00183228
0.91025 0.00185108
0.910262 0.00186602
0.910274 0.0018806
0.910286 0.00189335
0.911908 0.00186396
0.91192 0.00183674
0.911932 0.00181292
0.913722 0.0018131
0.913735 0.00181477
0.913747 0.00181623
0.913759 0.0018175
0.915789 0.00184866
0.915801 0.00187442
0.915813 0.00189696
0.915825 0.00191818
0.91752 0.0018947
0.917532 0.00187264
0.917544 0.00185335
0.919322 0.00184698
0.919334 0.00184291
0.919346 0.00183935
0.919358 0.00183623
0.921377 0.00186354
0.921389 0.00188594
0.921401 0.00190554
0.921413 0.00192419
0.923095 0.00189845
0.923107 0.00187443
0.923119 0.00185341
0.924849 0.00184102
0.924861 0.00183169
0.924873 0.00182352
0.924885 0.00181637
0.92694 0.00185067
0.926952 0.00187919
0.926964 0.00190413
0.926976 0.00192746
0.92867 0.00190282
0.928682 0.00187975
0.928694 0.00185957
0.930437 0.00184792
0.930449 0.00183922
0.930461 0.00183161
0.930473 0.00182496
0.93254 0.00185969
0.932552 0.00188857
0.932564 0.00191385
0.932576 0.00193747
0.93427 0.00191157
0.934282 0.00188741
0.934294 0.00186627
0.936036 0.00185378
0.936048 0.00184435
0.93606 0.0018361
0.936072 0.00182889
0.938127 0.00186162
0.938139 0.00188877
0.938151 0.00191252
0.938163 0.0019348
0.939857 0.00190924
0.939869 0.00188537
0.939881 0.00186448
0.941612 0.00185071
0.941624 0.00184017
0.941636 0.00183094
0.941648 0.00182287
0.943702 0.00185636
0.943714 0.00188416
0.943726 0.00190848
0.943738 0.00193127
0.945457 0.00190915
0.945469 0.0018883
0.945481 0.00187005
0.947199 0.00185408
0.947211 0.00184161
0.947223 0.0018307
0.947235 0.00182116
0.949278 0.00185336
0.94929 0.00188003
0.949302 0.00190337
0.949314 0.0019253
0.951056 0.00190693
0.951068 0.00188936
0.95108 0.00187398
0.952787 0.00185602
0.952799 0.00184181
0.952811 0.00182937
0.952823 0.00181849
0.954877 0.00185253
0.954889 0.00188081
0.954901 0.00190555
0.954913 0.0019287
0.956656 0.00190991
0.956668 0.00189197
0.95668 0.00187627
0.958386 0.00185802
0.958398 0.00184356
0.95841 0.0018309
0.958422 0.00181983
0.960393 0.00184318
0.960405 0.00186212
0.960417 0.00187868
0.960429 0.00189468
0.962159 0.00187864
0.962171 0.0018631
0.962183 0.00184951
0.963805 0.00182409
0.963817 0.00180335
0.963829 0.00178521
0.963841 0.00176933
0.96586 0.00180501
0.965872 0.00183472
0.965884 0.00186072
0.965896 0.00188497
0.967722 0.00188216
0.967734 0.0018782
0.967746 0.00187473
0.969321 0.00184016
0.969333 0.0018099
0.969345 0.00178343
0.971351 0.00181434
0.971363 0.00184138
0.971375 0.00186505
0.971387 0.00188726
0.973202 0.00188266
0.973214 0.00187713
0.973226 0.00187229
0.9748 0.00183802
0.974812 0.00180804
0.974824 0.0017818
0.976867 0.00181742
0.976879 0.00184858
0.976891 0.00187736
0.976903 0.00190253
0.978741 0.00189903
0.978753 0.00189446
0.978765 0.00189046
0.978777 0.00188846
0.980375 0.00185668
0.980387 0.00182736
0.980399 0.00180171
0.982442 0.00183484
0.982454 0.00186533
0.982466 0.00189201
0.982478 0.00191536
0.984329 0.00191175
0.984341 0.00190709
0.984353 0.00190302
0.984365 0.00190095
0.985963 0.00186761
0.985975 0.00183692
0.985987 0.00181008
0.987969 0.00183465
0.987981 0.00185766
0.987993 0.00187778
0.988005 0.0018954
0.98988 0.00189729
0.989892 0.00189744
0.989904 0.00189758
0.989916 0.0018992
0.99155 0.00187058
0.991562 0.00184403
0.991574 0.0018208
0.993557 0.00184403
0.993569 0.00186587
0.993581 0.00188497
0.993593 0.00190168
0.995455 0.00190129
0.995467 0.00189944
0.995479 0.00189782
0.995491 0.00189791
0.997102 0.00186645
0.997114 0.00183741
0.997126 0.00181201
0.999096 0.00183484
0.999108 0.00185632
0.99912 0.00187511
0.999132 0.00189156
1.00099 0.00189243
1.00101 0.00189169
1.00102 0.00189104
1.00103 0.00189198
1.00262 0.00185825
1.00263 0.00182723
1.00264 0.0018001
1.00461 0.00182442
1.00462 0.0018472
1.00464 0.00186713
1.00465 0.00188457
1.00653 0.00188932
1.00655 0.00189197
1.00656 0.0018943
1.00657 0.00189783
1.00818 0.00186637
1.00819 0.00183735
1.0082 0.00181195
1.01011 0.00182728
1.01013 0.00184219
1.01014 0.00185524
1.01015 0.00186666
1.01205 0.00187515
1.01206 0.00188107
1.01207 0.00188626
1.01209 0.0018923
1.01364 0.00185403
1.01365 0.00181903
1.01366 0.00178842
1.01556 0.00180518
1.01557 0.00182136
1.01558 0.00183551
1.01559 0.00184789
1.01758 0.00186924
1.01759 0.00188642
1.0176 0.00190145
1.01761 0.0019161
1.01921 0.00188086
1.01922 0.00184852
1.01923 0.00182023
1.02111 0.00183002
1.02112 0.00184008
1.02113 0.00184889
1.02115 0.00185659
1.02314 0.00187836
1.02315 0.0018959
1.02316 0.00191125
1.02318 0.00192618
1.02476 0.00188818
1.02477 0.00185342
1.02479 0.00182301
1.02666 0.00183245
1.02667 0.00184221
1.02668 0.00185075
1.0267 0.00185823
1.02872 0.00188279
1.02873 0.00190278
1.02874 0.00192027
1.02875 0.00193708
1.03036 0.00190072
1.03037 0.0018674
1.03039 0.00183825
1.03224 0.00184278
1.03225 0.00184824
1.03226 0.00185303
1.03227 0.00185721
1.03429 0.0018819
1.0343 0.001902
1.03432 0.00191959
1.03433 0.00193648
1.03594 0.0019002
1.03595 0.00186695
1.03596 0.00183785
1.0378 0.00184093
1.03781 0.00184512
1.03782 0.00184879
1.03784 0.00185201
1.03985 0.00187735
1.03987 0.00189802
1.03988 0.0019161
1.03989 0.00193343
1.04151 0.00189903
1.04152 0.00186742
1.04154 0.00183977
1.04335 0.0018396
1.04336 0.00184096
1.04338 0.00184215
1.04339 0.00184319
1.04542 0.00187113
1.04543 0.00189408
1.04544 0.00191416
1.04545 0.00193324
1.04711 0.00190336
1.04712 0.00187572
1.04714 0.00185154
1.04895 0.0018499
1.04896 0.00184997
1.04897 0.00185003
1.04899 0.00185009
1.05102 0.00187717
1.05103 0.00189936
1.05104 0.00191878
1.05105 0.00193728
1.05271 0.0019069
1.05272 0.00187882
1.05274 0.00185425
1.05455 0.00185227
1.05456 0.00185205
1.05457 0.00185185
1.05459 0.00185167
1.0566 0.00187706
1.05662 0.00189776
1.05663 0.00191588
1.05664 0.00193324
1.0583 0.00190337
1.05831 0.00187572
1.05832 0.00185154
1.06014 0.0018499
1.06015 0.00184997
1.06016 0.00185003
1.06017 0.00185009
1.06217 0.00187266
1.06218 0.00189092
1.06219 0.00190689
1.0622 0.00192236
1.06386 0.00189385
1.06387 0.0018674
1.06389 0.00184425
1.06566 0.00183902
1.06568 0.00183594
1.06569 0.00183325
1.0657 0.0018309
1.06768 0.00185437
1.0677 0.00187341
1.06771 0.00189007
1.06772 0.00190614
1.06941 0.00188416
1.06943 0.00186343
1.06944 0.00184528
1.07116 0.00183241
1.07117 0.00182265
1.07118 0.00181411
1.07119 0.00180664
1.07317 0.00183315
1.07319 0.00185484
1.0732 0.00187382
1.07321 0.00189192
1.07495 0.00187773
1.07497 0.00186381
1.07498 0.00185162
1.07661 0.00182745
1.07662 0.00180779
1.07664 0.0017906
1.07665 0.00177555
1.07864 0.00180744
1.07865 0.00183385
1.07867 0.00185695
1.07868 0.00187867
1.08048 0.00187364
1.08049 0.00186774
1.0805 0.00186258
1.08211 0.00183403
1.08213 0.00181055
1.08214 0.00179
1.08215 0.00177202
1.08421 0.00181187
1.08422 0.00184673
1.08423 0.00187574
1.08606 0.00187258
1.08607 0.00187131
1.08608 0.00187021
1.08768 0.0018392
1.08769 0.00181207
1.0877 0.00178833
1.08771 0.00176906
1.08976 0.00180777
1.08977 0.00184165
1.08978 0.00186979
1.09163 0.00187037
1.09164 0.00187239
1.09166 0.00187416
1.09323 0.00183965
1.09324 0.00180946
1.09325 0.00178304
1.09327 0.00176143
1.0953 0.0017996
1.09531 0.00183299
1.09532 0.00186221
1.09533 0.00188778
1.09721 0.00189062
1.09722 0.00189161
1.09723 0.00189398
1.09724 0.00189605
1.0988 0.00185881
1.09882 0.00182472
1.09883 0.00179489
1.09884 0.0017703
1.10082 0.00180135
1.10084 0.00182851
1.10085 0.00185228
1.10086 0.00187308
1.10276 0.00188077
1.10277 0.00188599
1.10278 0.00189207
1.10279 0.00189738
1.10438 0.00186298
1.10439 0.00183137
1.1044 0.00180372
1.10442 0.00178102
1.1064 0.00181073
1.10641 0.00183672
1.10642 0.00185947
1.10644 0.00187937
1.10833 0.00188627
1.10835 0.00189081
1.10836 0.00189628
1.10837 0.00190106
1.10997 0.0018677
1.10998 0.00183701
1.10999 0.00181015
1.11 0.00178816
1.11197 0.00181547
1.11199 0.00183937
1.112 0.00186028
1.11201 0.00187858
1.11391 0.00188558
1.11392 0.0018902
1.11393 0.00189575
1.11395 0.0019006
1.11553 0.00186579
1.11554 0.00183384
1.11556 0.00180588
1.11749 0.00182497
1.1175 0.00184317
1.11751 0.00185911
1.11753 0.00187304
1.11944 0.00188224
1.11945 0.00188878
1.11946 0.0018945
1.11947 0.00190101
1.12105 0.00186466
1.12106 0.00183134
1.12107 0.00180219
1.12296 0.00181573
1.12297 0.00182908
1.12298 0.00184077
1.12299 0.00185099
1.12495 0.00186895
1.12496 0.00188316
1.12498 0.00189559
1.12499 0.00190798
1.12655 0.00186924
1.12656 0.00183385
1.12657 0.00180288
1.12845 0.00181484
1.12846 0.0018268
1.12847 0.00183727
1.12848 0.00184643
1.13049 0.00187097
1.1305 0.00189093
1.13052 0.0019084
1.13053 0.00192519
1.13213 0.00188881
1.13214 0.00185548
1.13215 0.00182632
1.13401 0.00183384
1.13402 0.00184193
1.13404 0.001849
1.13405 0.00185519
1.13607 0.00188013
1.13608 0.00190046
1.13609 0.00191824
1.1361 0.0019353
1.1377 0.00189766
1.13771 0.00186322
1.13772 0.00183309
1.13959 0.00183977
1.1396 0.00184711
1.13961 0.00185354
1.13962 0.00185916
1.14164 0.00188361
1.14165 0.0019035
1.14167 0.0019209
1.14168 0.00193763
1.14329 0.0019012
1.1433 0.00186782
1.14331 0.00183861
1.14515 0.0018416
1.14516 0.00184571
1.14517 0.00184931
1.14519 0.00185246
1.14721 0.00187774
1.14722 0.00189836
1.14723 0.00191641
1.14724 0.0019337
1.14885 0.00189776
1.14886 0.00186481
1.14888 0.00183598
1.1507 0.00183779
1.15071 0.00184088
1.15073 0.00184358
1.15074 0.00184594
1.15279 0.00187654
1.1528 0.00190182
1.15282 0.00192394
1.15283 0.0019448
1.15446 0.00191047
1.15448 0.00187894
1.15449 0.00185135
1.1563 0.00184973
1.15631 0.00184983
1.15633 0.0018499
1.15634 0.00184997
1.15836 0.00187557
1.15837 0.00189646
1.15838 0.00191474
1.15839 0.00193224
1.16001 0.00189799
1.16003 0.00186651
1.16004 0.00183897
1.16184 0.0018374
1.16185 0.00183753
1.16186 0.00183765
1.16188 0.00183775
1.16392 0.00186787
1.16393 0.00189273
1.16394 0.00191449
1.16396 0.00193502
1.16561 0.00190493
1.16563 0.00187709
1.16564 0.00185273
1.16744 0.00184944
1.16745 0.00184807
1.16746 0.00184687
1.16748 0.00184581
1.1695 0.00187193
1.16951 0.00189328
1.16952 0.00191196
1.16953 0.0019298
1.17119 0.00190036
1.1712 0.00187309
1.17121 0.00184924
1.17297 0.00184038
1.17298 0.00183413
1.17299 0.00182866
1.173 0.00182387
1.17501 0.00185123
1.17502 0.00187366
1.17503 0.00189329
1.17505 0.00191197
1.17674 0.00188926
1.17675 0.00186789
1.17676 0.00184919
1.17847 0.00183433
1.17848 0.00182283
1.1785 0.00181276
1.17851 0.00180396
1.18055 0.00183831
1.18056 0.00186686
1.18057 0.00189185
1.18059 0.00191521
1.18233 0.00189811
1.18234 0.00188164
1.18235 0.00186723
1.18402 0.0018456
1.18403 0.00182819
1.18405 0.00181295
1.18406 0.00179961
1.18607 0.00183
1.18608 0.00185509
1.18609 0.00187704
1.1861 0.00189775
1.18786 0.00188433
1.18787 0.00187108
1.18788 0.00185949
1.18951 0.00183433
1.18953 0.00181382
1.18954 0.00179587
1.18955 0.00178016
1.19159 0.00181749
1.1916 0.00184864
1.19162 0.00187591
1.19163 0.00190127
1.19344 0.00189491
1.19345 0.00188785
1.19347 0.00188168
1.19508 0.00185074
1.19509 0.00182517
1.1951 0.0018028
1.19511 0.00178322
1.19714 0.00181866
1.19716 0.00184817
1.19717 0.00187399
1.19718 0.00189809
1.19898 0.00189063
1.19899 0.00188261
1.19901 0.00187558
